hpoID,class,type,content,system,round,similarity_BioBERT_cosine,similarity_BioBERT_euclidean,similarity_BioBERT_manhattan,similarity_BioBERT_angular,similarity_BioClinicalBERT_cosine,similarity_BioClinicalBERT_euclidean,similarity_BioClinicalBERT_manhattan,similarity_BioClinicalBERT_angular,similarity_BioLinkBERT_cosine,similarity_BioLinkBERT_euclidean,similarity_BioLinkBERT_manhattan,similarity_BioLinkBERT_angular,similarity_ClinicalBERT_cosine,similarity_ClinicalBERT_euclidean,similarity_ClinicalBERT_manhattan,similarity_ClinicalBERT_angular,similarity_PubMedBERT_cosine,similarity_PubMedBERT_euclidean,similarity_PubMedBERT_manhattan,similarity_PubMedBERT_angular,similarity_SapBERT_cosine,similarity_SapBERT_euclidean,similarity_SapBERT_manhattan,similarity_SapBERT_angular,similarity_SapUMLSBERT_cosine,similarity_SapUMLSBERT_euclidean,similarity_SapUMLSBERT_manhattan,similarity_SapUMLSBERT_angular,similarity_SciBERT_cosine,similarity_SciBERT_euclidean,similarity_SciBERT_manhattan,similarity_SciBERT_angular,similarity_UMLSBERT_cosine,similarity_UMLSBERT_euclidean,similarity_UMLSBERT_manhattan,similarity_UMLSBERT_angular,similarity_medCPT_cosine,similarity_medCPT_euclidean,similarity_medCPT_manhattan,similarity_medCPT_angular,answer,confidence
CHEBI:11851,related,direct,2-Oxo-3-methylbutanoate,Mistral-Small-3.1-24B-Instruct-2503,-1,0.888509339918656,0.8359391568823343,0.6393808931206848,0.9986710371462848,1.0664449302555117,1.6073621998289025,1.403264338580908,1.3236114088901207,1.41391472450988,3.158876690077992,0.3787545846367007,1.9683170192467696,1.4792921616202024,3.180256632319077,3.4314318513995383,2.020575662286085,1.374382974611272,4.667222428358893,5.786096104084147,2.1741656012945447,1.1827538338327868,1.7443119205363145,1.5445519988908885,1.4733985293532634,1.2446010478717624,2.330036057834082,2.2961878898942323,1.653605116282159,1.3844990844483276,3.707955864360199,3.874406133199501,1.86082910549463,1.1989779174889867,2.4298801758875106,2.72879859330816,1.5578986923490528,1.1771327771082918,2.7223279833817604,2.642323910765658,1.6814923455076554,exact,9
CHEBI:11851,related,direct,2-Oxoisopentanoate,Mistral-Small-3.1-24B-Instruct-2503,-1,0.1482550483789078,-0.327787111710362,-0.3429292975194999,-0.0256329541227349,0.4411685533990021,0.0428231789879717,-0.056277442774352,0.3209315113757035,0.3965968383834597,-0.0015885662886905,-0.028818538303778,0.2896302372926321,0.4605850272474314,-0.1438404632188882,-0.152878743723017,0.331710295563093,0.2386254425374741,-0.179533796401665,-0.2036855997887789,0.0748090599786005,-0.4020679897612385,-0.5925410638126691,-0.543883811671277,-0.5433852577826119,-0.2732608359182156,-0.5513443958895713,-0.5025693198642632,-0.4274913582642803,0.4090781183403162,0.2978076643389833,0.3637267642623824,0.2798455797561192,-0.0165559788462222,-0.2634191419610632,-0.3623124147536459,-0.1895863018902095,0.105597225762151,-0.411217015927622,-0.3971414849317642,-0.1027939963310061,exact,9
CHEBI:11851,related,direct,2-Oxoisovalerate,Mistral-Small-3.1-24B-Instruct-2503,-1,0.0141025038152583,-0.4300392960122524,-0.4355524135529007,-0.169574356867664,0.2230713529885356,-0.2058779678105019,-0.2220478628717236,0.0629782031060327,0.8148690676204752,0.5273718684960994,0.0249399103644888,0.8186765703397152,0.3806240647584938,-0.1921555639922864,-0.2493538795815508,0.2433750522447396,0.1699204539010628,-0.2402962822306694,-0.2418436502718557,-1.4564311673371553e-05,0.1865437481213552,-0.3244600819029187,-0.351891797028106,0.0078669747869236,-0.5507565984528483,-0.6637205043766119,-0.5837324385968131,-0.6714290781439306,0.4260518339307817,0.3459566818901382,0.3279970188884902,0.2991529976806913,-0.0994138420456973,-0.3336344029366039,-0.4398270528987632,-0.2712277814401799,0.2965036047175419,-0.2987723076615042,-0.3175840532155586,0.0979627104730297,exact,9
CHEBI:11851,related,direct,3-methyl-2-oxobutyrate,Mistral-Small-3.1-24B-Instruct-2503,-1,0.9350104012517844,1.008663197445088,0.8127577196671437,1.088541103173574,1.1797933189567238,2.503652065234866,2.469686099526148,1.6142201896381851,1.3074821517465185,2.153499822225296,0.3209945149616537,1.6848451415341337,1.3244920434097576,1.7552537035193423,1.608947003024419,1.6086053116405674,1.105334714503364,1.557828519193228,1.1910183542789636,1.335079275224069,1.0335639857876662,0.8906770557802476,0.6895834041962751,1.138236130818379,1.0014994536608643,0.7361782387813662,0.6044906814787822,1.0998567679555968,1.326265784751452,2.978467257549592,2.920327458389248,1.7028676661531352,1.1539177662169164,2.052415510120223,1.869292371724818,1.4451563482356766,0.6947879816264316,0.0776920307188762,-0.0776970256849058,0.5949437946065638,exact,9
CHEBI:11851,related,direct,alpha-keto-isovalerate,Mistral-Small-3.1-24B-Instruct-2503,-1,-0.1717689488805317,-0.5683315434669127,-0.5238748517172761,-0.357454818015591,-0.0398152462087455,-0.4164955441729179,-0.4066115891227372,-0.2175320260108914,0.6251682102784347,0.1417758483573416,-0.007174997249953,0.5653232390095116,-0.1044973688267942,-0.6251862173896227,-0.5754011284600759,-0.2449316345380364,0.0320891061994275,-0.3560770317610869,-0.2764867139321844,-0.1442479132633704,0.0288860289692152,-0.4145203458105071,-0.4127258241658583,-0.1499816439029205,-0.8043116060652509,-0.7453530305909537,-0.6605073964534497,-0.8817019657436302,0.4846287231943045,0.4534454804734978,0.3885630971037574,0.3668525730651595,-0.3605020751294773,-0.5107184586942002,-0.5508930181927149,-0.5155434555979967,-0.4095845092442729,-0.6423584615108149,-0.5209867225698182,-0.5760679554881696,exact,9
CHEBI:133608,exact,direct,2-azaniumyl-3-(1-methyl-1H-imidazol-4-yl)propanoate,Mistral-Small-3.1-24B-Instruct-2503,-1,-1.1035456802956,-0.9471927724019268,-0.7592105743513972,-1.164472372301952,0.2867279472419045,-0.1281831156704193,-0.1976036455366741,0.1355350684778973,0.4893498194617482,-0.0769867479624037,-0.037963064081848,0.3982495899391242,0.1825642148008762,-0.2598285271982716,-0.2989906298193183,0.0351835577116331,-0.5664362552561191,-0.703381222403538,-0.4860736768900017,-0.7013130792003323,-1.6398991519919457,-0.8735550488788125,-0.7550405055077545,-1.492972402776405,-1.2499948720895078,-0.8235693330380086,-0.7041154260350796,-1.2287794656775344,-1.3455086791409123,-0.5661172967887413,-0.4113158369373654,-1.295464187689741,-1.5396415638421914,-0.8843140077378356,-0.8084585106484156,-1.4551556058044344,-1.1076620529442966,-0.8003653158570733,-0.6048595604852178,-1.1199436833167895,exact,9
CHEBI:134251,related,direct,1-hydroxy-2-methoxybenzenes,Mistral-Small-3.1-24B-Instruct-2503,-1,-1.917885748637844,-1.1757730481626276,-0.9327573261416016,-1.7577472976196449,-2.3051553596428604,-1.238167434149147,-0.9863670791461504,-2.007807736535634,0.2197796971995623,-0.11538191962393,-0.0468968960927496,0.0927778709100311,-2.2108518692753973,-1.2416313903684255,-1.0478879163954131,-1.899714305395196,-0.9674318031802416,-0.9088027420479494,-0.6986594592149055,-1.029259142955808,-1.1303893326746808,-0.7814098841347739,-0.6670153638246868,-1.125199690450296,-1.5929930652491928,-0.8628176830073918,-0.7311447507645445,-1.480638034889487,-2.4626385922225293,-0.960616237739544,-0.8233134148853053,-2.086260943023069,-1.2622462627506186,-0.9073952951821144,-0.8778067242660006,-1.2521090181663674,-1.8455328939181248,-0.9042686099510826,-0.6647331036414968,-1.623404750112477,exact,9
CHEBI:134251,related,direct,2-methoxyphenol,Mistral-Small-3.1-24B-Instruct-2503,-1,-0.9442591744220118,-0.9014132053613724,-0.7631264089180091,-1.0384576803401326,-2.094104624974225,-1.1957002667685137,-0.9630342644839828,-1.8678682328765333,-0.1560390382022556,-0.3132714432479284,-0.0618166373111537,-0.2910809692512917,-2.236678168304467,-1.215586501264319,-1.0409303514278985,-1.9175335221964347,-1.2246125433135884,-0.9927080843486494,-0.7369743035041776,-1.225651579178972,-1.072201907222593,-0.7614822337087244,-0.6694574336339276,-1.0814802383644524,-1.1218404599028993,-0.7643065061882094,-0.660449086977299,-1.131523911874342,-1.6190245466012445,-0.8345463554306758,-0.7428618569259217,-1.4982990124784417,-1.7063745607586591,-0.9933649465393076,-0.8952706651413899,-1.5732130839183158,-2.041643769888488,-0.956146053851929,-0.6835264036900619,-1.7486935421721237,exact,9
CHEBI:134251,related,direct,2-methoxyphenol derivative,Mistral-Small-3.1-24B-Instruct-2503,-1,-0.7711281671082201,-0.8460194998363586,-0.7119812778823532,-0.8967748431734622,-2.020216910360638,-1.1870417259849075,-0.9563474327067368,-1.818019144599456,0.0956319666121581,-0.2075603048754103,-0.0562772480323741,-0.0386456572020404,-2.099082545503394,-1.156112979256973,-0.9892489221888998,-1.82216047834312,-0.944118133659932,-0.900189649147203,-0.6893634308828311,-1.010961439706597,-1.2333854340201644,-0.7972843607516741,-0.6974993736011754,-1.2016407811238643,-1.264673196547506,-0.8012752651378611,-0.6931019032114939,-1.2398012174731967,-1.671000899452857,-0.8495727469553503,-0.762757081305812,-1.5360692116454078,-1.1652138107800016,-0.8941637223974928,-0.8697956518699493,-1.178915063960567,-1.7828198917153095,-0.9008069206183376,-0.6541619391518756,-1.582682421131398,exact,9
CHEBI:134251,related,direct,2-methoxyphenol derivatives,Mistral-Small-3.1-24B-Instruct-2503,-1,-0.7308329019813518,-0.8278655914340796,-0.7053047617218952,-0.8630276346206303,-2.0168979116191146,-1.1827336520336145,-0.9475229083414192,-1.81576903558478,0.0687719372838053,-0.2502681182052464,-0.0584449537089657,-0.0664319646312452,-2.108636070728394,-1.1723332007684215,-0.9909480740170198,-1.8288178526797167,-0.8154791439283957,-0.8508223666064062,-0.6613553471906252,-0.9083886821842796,-1.216600672890716,-0.7979473630813321,-0.6982683836056465,-1.189263195299599,-1.248474034583165,-0.7991434743536324,-0.6936753218441433,-1.2276361479044742,-1.619497654283342,-0.8433252412905984,-0.750384883698081,-1.498643869106585,-1.0981626014194772,-0.8796888115728142,-0.8457851872207309,-1.1276197986247904,-1.781302816440273,-0.9017298776647698,-0.6547027367768343,-1.5816931774629617,exact,9
CHEBI:134251,related,direct,2-methoxyphenols,Mistral-Small-3.1-24B-Instruct-2503,-1,-0.6943879280700637,-0.8147296953315649,-0.6987700467299265,-0.8322378081362077,-1.8373473793255728,-1.1380609124378231,-0.9158296234316036,-1.692584782386236,0.0675527237106358,-0.2099703633394981,-0.0557020912219996,-0.0676880557102346,-2.12983263486202,-1.2031521770389937,-1.0355378100890258,-1.8435694089973755,-0.7496200263419657,-0.8240672679725435,-0.6527403979653771,-0.8547668837709027,-0.8254672496871949,-0.7075007236803313,-0.6265684545997331,-0.8913569881829717,-1.1182830048780092,-0.7526976941146489,-0.656846799364634,-1.128797023169456,-1.5510954719069991,-0.8261214274006111,-0.7375796466886156,-1.4485778732095471,-1.124467229643349,-0.8720055105326271,-0.8265186730322399,-1.1478151239628458,-1.8108094145277327,-0.9066167113965432,-0.6569782268817791,-1.6008983146695188,exact,9
CHEBI:134251,related,direct,a guaiacol,Mistral-Small-3.1-24B-Instruct-2503,-1,0.9285883824799688,1.0033806744208495,0.8095228870379177,1.0757719598566038,0.6410733851810949,0.2405110840639628,0.0863541737500616,0.585783065794517,0.865907857033408,0.5182137570698363,0.0176161397884071,0.8918177808068605,0.7452372402359853,0.40887977142227,0.2897014503332871,0.6721066176522793,0.8214239630653339,0.5606764074847149,0.3369594731874773,0.8256701471736074,0.6495551964348099,0.1067173312369233,0.0123530056171151,0.5406481092725081,0.816418014182554,0.4730152812358827,0.3403550105561993,0.7960437488569367,0.8407634633789727,0.3503702022218997,0.2489891632710055,0.8235475552255366,0.7256433039551746,0.1156445380131544,0.2670675583262867,0.6815255869871557,0.8031283127559627,0.4106775778477279,0.1523529646574416,0.7602813009898853,exact,9
CHEBI:134251,related,direct,catechol monomethyl ether,Mistral-Small-3.1-24B-Instruct-2503,-1,-0.6898500351910294,-0.8029530967424067,-0.6684984565255317,-0.8283859049903679,-1.657307616988242,-1.1121620650780402,-0.8839379648444519,-1.5660076871711692,-0.4062125808912897,-0.4646628213485512,-0.0764793464727814,-0.5269263809782109,-2.101133152130975,-1.2495923407700458,-1.0587404138099157,-1.823589900987608,-0.8109953303910297,-0.8636570329637787,-0.6738499963121242,-0.9047625244777516,-1.8465740021560604,-0.9052632733962542,-0.7649307692224319,-1.6356697108020744,-1.1177305290546595,-0.7897932519434369,-0.6946148485176931,-1.1283733993537124,-1.1021773750469763,-0.8661020916878064,-0.7840594530808245,-1.108573662233986,-1.3955058410358605,-0.9599111643051692,-0.9502731684605285,-1.350747117278544,-1.574426382149133,-0.8556350434468659,-0.6262775860702736,-1.444864315832005,exact,9
CHEBI:134251,related,direct,catechol monomethyl ethers,Mistral-Small-3.1-24B-Instruct-2503,-1,-0.6892124914848743,-0.8060580306339667,-0.6875488837966434,-0.8278444126352731,-1.6628374695943224,-1.1165115257313023,-0.8867754034538213,-1.5699438611932917,-0.0868444345444217,-0.3845264879827194,-0.0630685799065183,-0.2233511350585922,-1.577833862640003,-1.0931892978247328,-0.9489752656239824,-1.4498100549299706,-0.5676960447945694,-0.7516082761318447,-0.6012611370924991,-0.702391381472723,-1.4604161092540364,-0.8468229232368565,-0.7347483215484518,-1.366235946100703,-1.2083312635779493,-0.8215482614253331,-0.7287963553109491,-1.197365820402191,-1.1531576602786353,-0.8764801647696562,-0.8016577196353908,-1.148279725610772,-1.1923412628729266,-0.916191328173562,-0.9084283839484472,-1.1994991335599134,-1.4156138854407372,-0.8182446733971409,-0.6054644924310868,-1.3370267948680004,exact,9
CHEBI:134251,related,direct,o-methoxyphenol,Mistral-Small-3.1-24B-Instruct-2503,-1,-1.024904629378896,-0.9295740929775634,-0.7657147886099968,-1.1027467846145045,-1.8726589167084824,-1.1481945020298028,-0.926871932627476,-1.7170427586069996,0.113519538476851,-0.1914571928210137,-0.0552395077414084,-0.0200183793296608,-2.367382532383953,-1.2832452297221055,-1.0863195396765652,-2.00716228416104,-1.3031149346383937,-1.0203963670148744,-0.7599165539208368,-1.2837442322882977,-0.9629619584040544,-0.7429611154933388,-0.6481186224994453,-0.99829012236784,-1.19318364046853,-0.7969052978466432,-0.6865084557146287,-1.1858967069330026,-1.4013803504081432,-0.7952927889045571,-0.7109203822591014,-1.3374837559235513,-1.765070998131674,-1.0019034731950147,-0.8922209794514747,-1.6141244831710653,-1.903609528316109,-0.934001958410583,-0.6724078302749061,-1.6608252454157693,exact,9
CHEBI:134251,related,direct,o-methoxyphenols,Mistral-Small-3.1-24B-Instruct-2503,-1,-0.72248712810056,-0.8274011414450567,-0.6912659576071203,-0.8559995631649389,-1.5810840230544627,-1.0781660435460871,-0.8749387721174591,-1.5114243332881685,0.2001956943277572,-0.1843010446821765,-0.0526540613959023,0.0717025762096008,-2.261393773270426,-1.2687179127269874,-1.073411195429714,-1.934551984454166,-0.7459551840482921,-0.8234074083992166,-0.6414300268430275,-0.8517599666795687,-0.7926260115013212,-0.7034035059871694,-0.6301806488713636,-0.865421434579226,-1.2783228150997397,-0.8116170355387848,-0.6945032082665322,-1.2500296084216216,-1.3768808991886072,-0.794178740969701,-0.6992379796865767,-1.3190971911923843,-1.273509870813868,-0.9046229299659068,-0.8350999473729885,-1.2605287675464585,-1.7089398738570307,-0.8909682972473529,-0.645734370477601,-1.534274144743996,exact,9
CHEBI:134251,related,direct,ortho-methoxyphenol,Mistral-Small-3.1-24B-Instruct-2503,-1,-1.0689465935597118,-0.9437663212148552,-0.7806969109156036,-1.1374295829579577,-1.3293386674099743,-1.011055758416257,-0.8353297036554862,-1.3265392121703066,-0.2580977592424253,-0.3617707123816504,-0.0679385695289607,-0.3889147550334411,-2.0758828823053586,-1.1833806213780806,-1.0126450388577428,-1.8059710953518928,-1.518703172136935,-1.082071893667599,-0.8009489668203986,-1.439265412111067,-1.1477867651574667,-0.7829058333597557,-0.6814354448059994,-1.138194922036063,-1.1752304187314584,-0.7988029073464391,-0.6969368743791872,-1.1722695579629483,-1.5133382531414077,-0.812217406874281,-0.7056831275006987,-1.4207603612670974,-1.5856982541876414,-0.9721918380848636,-0.9230698687753532,-1.4880482185365964,-1.90350219782046,-0.9338355129450872,-0.6726184053805662,-1.6607563417162203,exact,9
CHEBI:134251,related,direct,ortho-methoxyphenols,Mistral-Small-3.1-24B-Instruct-2503,-1,-0.8354039747789295,-0.8676375633810344,-0.725549377278327,-0.9499864480755384,-1.173394649562753,-0.96569129358568,-0.8030460158324381,-1.208113821291099,0.0902182427062945,-0.2141740033889607,-0.0577088354408391,-0.0442637442304394,-1.9416553819139568,-1.1588417628552832,-0.9959124473497084,-1.7116515879519263,-1.045419906494496,-0.937017205013943,-0.7050122085111001,-1.0898484834702988,-0.952205031508247,-0.743458647699821,-0.6642879248344995,-0.9900163469783516,-1.244198972584773,-0.8099101336178461,-0.7109780251120438,-1.2244209351002373,-1.451921251542482,-0.8027956737372548,-0.6923040716981074,-1.3752266017619712,-1.3011320180565626,-0.91253286422292,-0.8754288045693204,-1.281111141162456,-1.7146660590022955,-0.8907122242385491,-0.6481856892628897,-1.5380433400570346,exact,9
CHEBI:138675,related,direct,gas molecular entities,Mistral-Small-3.1-24B-Instruct-2503,-1,0.6889998748565205,0.2899729947999762,0.1438765533522617,0.6642841643275657,1.1425372862886547,1.996930826561097,1.864855429674726,1.5095508605074794,-0.7648907436536427,-0.5841406089324659,-0.0795569383310352,-0.8447052814449211,1.4629675799993982,3.635929919179241,4.27476359618694,1.9677608520667949,0.7222592946107483,0.3699261424416108,0.1552629348520146,0.6780724575051315,1.198651723704642,1.8874222533572416,1.773975125825198,1.5172302575849403,1.1369004730861396,1.295676393374849,1.0834666669849375,1.3731225794154314,1.1330819399694494,0.790178930859794,0.6426045482892269,1.292060851022713,1.0521077886886263,0.9886266895652012,1.028845147690289,1.2245295208063756,1.0756115445364498,1.4786087527265197,1.0589860799349202,1.3150142493181327,exact,9
CHEBI:138675,related,direct,gaseous molecular entities,Mistral-Small-3.1-24B-Instruct-2503,-1,-0.1554841220220025,-0.5937178834846115,-0.5587026145085895,-0.3414689859184415,-0.400170448130306,-0.7165465920998242,-0.6091737336113231,-0.5635750557379671,0.938301741762504,0.9316565539113452,0.0672769213446555,1.0000301165773413,0.3380548308691403,-0.0452026811977541,-0.110366504064636,0.1974178888238293,-0.1132361525130922,-0.5069061110279495,-0.4493376988130961,-0.288885766534408,0.1090467166516708,-0.3853379641847148,-0.3660320573102471,-0.0708533967306271,1.0254418395080342,0.7743975409048789,0.6447668264522401,1.1441076807451322,0.6764181710578935,-0.0154202991950779,-0.075115137760272,0.6017897366448863,0.5033557557686357,-0.108677629199922,-0.0945712815296076,0.3858792095620842,0.7073172689574382,0.2542368864763297,0.0310713510447038,0.6131487349013612,exact,9
CHEBI:138675,related,direct,gaseous molecular entity,Mistral-Small-3.1-24B-Instruct-2503,-1,0.2068193821716844,-0.3362315408379763,-0.3555196549597176,0.0397727179634608,-0.216044450093888,-0.6277120358877301,-0.5379367760971336,-0.3914795977310569,1.034750848837232,1.126355468119196,0.0855161951396685,1.153899497327476,0.3731915884099149,-0.0328900886639414,-0.1107995715629167,0.2352994756565175,0.285207403224221,-0.1960018957343018,-0.2155044802662011,0.1267667942356668,0.3087216730047822,-0.2562169905190678,-0.2550117499665999,0.1370013829793684,1.2056757623340906,1.7113211077616373,1.5678395005619314,1.542263221419905,1.0489308435019558,0.5875376117771165,0.4561500880125979,1.1440801872895243,0.8246631150534784,0.3337668063734444,0.1657678954988064,0.8286703652220868,0.9311637898370552,0.744940208048222,0.4095491133870643,0.986186865253922,exact,9
CHEBI:139589,related,direct,retinoate,Mistral-Small-3.1-24B-Instruct-2503,-1,0.2106738448837062,-0.2653077801785883,-0.3141045825571626,0.0441372599097872,-0.3576858664386812,-0.622292380700036,-0.566443903147787,-0.5246539509835283,0.174926646347726,-0.3482579246024364,-0.0582568180703761,0.0447052340554192,-1.0691675169277697,-0.9195650612508922,-0.8235105502632336,-1.065133443921667,-0.9119794547484886,-0.9224014806662008,-0.7083321681898322,-0.9855936775185212,-0.4505949076295436,-0.6105593580716928,-0.5570854941658696,-0.5849168689840151,-0.4515820915211478,-0.6539141544743834,-0.5945990485490661,-0.5860780236622121,0.1908747948865542,-0.4146873507657013,-0.3846005081250658,0.0425427186714412,-0.2262588255637688,-0.7148440312485091,-0.6260012175441254,-0.392210973028687,-0.6376979333379295,-0.715261794480551,-0.5491290468368875,-0.7633884425532199,exact,9
CHEBI:139589,related,direct,retinoates,Mistral-Small-3.1-24B-Instruct-2503,-1,0.1930124241994549,-0.2954323018097476,-0.3169342481876733,0.0242005316652615,-0.3859291945222578,-0.633474036081656,-0.5757029041728368,-0.5505782432902869,-0.542775276963819,-0.6874413061284004,-0.0946157706050391,-0.6504490444200798,-0.7055544575646286,-0.702988908566006,-0.6595929865587018,-0.772903135519152,-0.8179166097935278,-0.8850815421206921,-0.6747689932578315,-0.9103584343736124,-0.3963322297668045,-0.5907515338464712,-0.5375568807646629,-0.5384443626065707,-0.6650534491574016,-0.7355170734042562,-0.6680884963062371,-0.7675458977858183,0.0343035219781257,-0.5048820296194,-0.4837667710218851,-0.1170885488018797,-0.167588838653964,-0.6901360069147652,-0.6548853347817668,-0.336823283479567,-0.4342400785356046,-0.630225154417325,-0.499078231828072,-0.5968556916348672,exact,9
CHEBI:139589,related,direct,retinoid anions,Mistral-Small-3.1-24B-Instruct-2503,-1,1.0756252890528513,1.8498356285492603,1.661727141764681,1.408037283260312,0.8915583910461045,0.8841594313172755,0.6633447467856787,0.9779949069455608,0.6453552774397463,0.0345138663794735,-0.0233142650683449,0.5910782899667038,1.193073018142908,1.3777771448877896,1.2703059233304022,1.34549834329007,0.6010472287962852,0.1426664362503362,0.0231659735706547,0.5112061616400411,1.0037906680284665,0.8320074595059914,0.659053455299977,1.0819920506008731,1.1452116665792462,1.5628583534022755,1.4265539693101146,1.3921424379985845,0.7795732406689867,0.0861568083184824,0.024908945830927,0.7383612318647816,1.1870887917146848,1.5132712432373825,1.2615820720834945,1.5269740824022702,1.1489750343844185,2.14614118574588,1.860592362512582,1.5539892047211823,exact,9
CHEBI:139589,related,direct,retinoid carboxylate anion,Mistral-Small-3.1-24B-Instruct-2503,-1,0.570505042186349,0.1851889642801034,0.0490316862464276,0.4925849073418414,0.5433104678749164,0.159284859365743,0.0268405247837301,0.4521931806504266,0.3565756140502926,-0.1141013897185217,-0.0405305383378425,0.2439692863255614,0.6296431480807232,0.186925637463415,0.0723071514061058,0.5283621415390951,-0.1994658292401245,-0.5927544961203648,-0.5136739827401454,-0.3715383208467115,0.4239852727019736,-0.1193672689261492,-0.1793490725375869,0.2654026141099693,0.1959301744567604,-0.2528817932862292,-0.2460408653020591,0.0303380959226339,0.7048764778817593,0.0298009933152041,-0.0253842960115668,0.6386597415359234,0.568656230415597,-0.183391637225441,-0.1029195776262911,0.4685871149499223,0.9829863588155016,0.8511568920592125,0.5272729011027394,1.0917484880070918,exact,9
CHEBI:139589,related,direct,retinoid carboxylate anions,Mistral-Small-3.1-24B-Instruct-2503,-1,0.4196755500986616,-0.0215381516051533,-0.1385211768214368,0.2935073145489902,0.1972174865632808,-0.2395910059103249,-0.2899424180126105,0.0340795638414544,0.2187494463361233,-0.1968704265760844,-0.0536583306570551,0.0916658073240532,0.3448996058974519,-0.0920452789677319,-0.1413511307974509,0.204759695888006,-0.7871954642220901,-0.8736621573348788,-0.6718898562691371,-0.8854556032344232,0.2116054672483414,-0.2798154750610447,-0.290352395466978,0.0338302086544697,0.1724733965104092,-0.2616963043526736,-0.2552326589711515,0.0057010438945332,0.6392753080323811,-0.0591383799553546,-0.1160485506747881,0.5545174519781466,0.5239370756557232,-0.2284733861654053,-0.1938471195773228,0.4116205154287089,0.9443618287178736,0.7064241204913067,0.3994844672296088,1.0121038785523826,exact,9
CHEBI:139589,related,direct,retinoid carboxylic acid anion,Mistral-Small-3.1-24B-Instruct-2503,-1,0.3937093752486275,-0.0736310645342432,-0.1520097180584136,0.261026015211961,0.3867568538620197,-0.0639289574502974,-0.139275766711324,0.2539711626577174,-0.4992688259517934,-0.5706597389419239,-0.0860008951111089,-0.6114591419231185,0.417262225114669,-0.0683776676346428,-0.1422891802396977,0.283513263321757,-0.4214675407525946,-0.7064478813629452,-0.5631466259177872,-0.5749198955689667,0.7169646378068705,0.2069777759026445,0.0848366992285401,0.6308871114272596,0.388027445294759,-0.0938103916888848,-0.1245557417371216,0.2412012666770245,0.6377469942700676,-0.0171032346457122,-0.0267530439466257,0.5525921497815635,0.7739876019296167,0.0812915228092379,0.241530740255967,0.7519238233193056,0.974100632204574,0.8174287441639673,0.4750736249381697,1.0728811218945569,exact,9
CHEBI:139589,related,direct,retinoid carboxylic acid anions,Mistral-Small-3.1-24B-Instruct-2503,-1,0.3096530267013432,-0.1623369909091621,-0.2181874586583867,0.1589537813918253,0.1932523935417041,-0.2619927325458418,-0.2925786455469981,0.029675398700676,-0.0683641894149936,-0.3824764107332433,-0.0709175242448942,-0.2050588695737801,0.2099891842854605,-0.2260664791193878,-0.2660633936220981,0.0631983117402423,-0.6166960234805031,-0.8000830859494042,-0.6407706014863198,-0.7440773645921683,0.4683657251665316,-0.0866521597499087,-0.1360510270865358,0.3168124301056684,0.3141387986293702,-0.1528709810969548,-0.1646536201656332,0.1580439632992087,0.5068227519588253,-0.147713401343981,-0.1705913336877935,0.3929566646029387,0.670679956281721,-0.0611194350161339,-0.0311092914657548,0.6044483961377922,0.9470435430730996,0.7195067853695872,0.3940118379096635,1.0174452712855893,exact,9
CHEBI:140325,related,direct,secondary carboxamides,Mistral-Small-3.1-24B-Instruct-2503,-1,1.180935411969996,3.093854293615822,3.2171495694290217,1.7416691022571291,1.11595501068709,1.9354666807341487,1.8003630838813016,1.440994599859963,0.7075070754192334,0.2988018300903226,-0.0021668755529655,0.6720597645826796,1.31487995282671,2.320038765715941,2.281196358312369,1.587505698477743,1.1002026387678248,1.4753827774895678,1.169904521950918,1.3241632352506556,1.017094497502362,0.8771950527324898,0.6848009021811139,1.1068100411178434,1.0185617826495823,1.0502085682189493,0.847052449153685,1.1312442562723004,0.7253139477522107,0.1022960319135489,0.0443231102944406,0.6655047311988896,1.0512577994789791,0.766620145519529,0.6993904295877963,1.222837945483655,1.0811762179262432,1.475318965277258,1.0809578877584385,1.3305008082850278,exact,9
CHEBI:15681,exact,direct,"(2S,3R,4E)-2-(acylamino)-3-hydroxyoctadec-4-en-1-yl 5-acetamido-3,5-dideoxy-D-glycero-alpha-D-galacto-non-2-ulopyranonosyl-(2->3)-beta-D-galactopyranosyl-(1->4)-beta-D-glucopyranoside",Mistral-Small-3.1-24B-Instruct-2503,-1,0.1140988355152343,-0.355110532935857,-0.3569713938369194,-0.0630264827517994,0.7925599737404492,0.7014683077412079,0.5014084056022496,0.8125053339353997,0.6107027492384336,0.587060364480194,0.0269748334617166,0.5470243396175173,0.7996776312467795,0.2100493464652741,0.0502389100950673,0.7429462992546304,0.441959363616544,0.0454214128165702,-0.102798504875642,0.3098411102238215,-1.309422474598811,-0.8072281539157059,-0.683345528559915,-1.2573402556168216,0.0376134364339052,-0.4650337165129053,-0.4555573235988557,-0.1319358379159036,0.4242522652474308,0.4077243301446983,0.3153221672959121,0.2970995962951989,-0.8522197605943926,-0.4967489974911239,-0.5514050881811294,-0.9339911092601236,-0.4762940243740121,-0.5840416541984691,-0.4863365894107558,-0.631994566848511,related,9
CHEBI:15681,related,direct,(Gal)1 (Glc)1 (Neu5Ac)1 (Cer)1,Mistral-Small-3.1-24B-Instruct-2503,-1,-0.6636433040461974,-0.8105269633790779,-0.6782771663525111,-0.8060607614939217,-0.4039903252499957,-0.6896762258306252,-0.6094522822676262,-0.5670526953758214,0.5547878752383613,0.0891063923911736,0.0183547619941003,0.4774611251001151,-0.2503124143784628,-0.7674898748174869,-0.6891309422319507,-0.3793563127608496,0.062814573518853,-0.3355712376502209,-0.3383546608982056,-0.1127287498963226,-0.148107917550449,-0.4936424139381232,-0.4618954787733508,-0.3174702214929677,-0.4419486256331165,-0.6207129354055037,-0.571071007143655,-0.5776843448160687,-1.1606550485465883,-0.3932499332945568,-0.363426808259824,-1.1540935064218842,-0.2793449052266809,-0.4635349686756109,-0.2367874368869825,-0.4415284594916559,-0.2494050967523493,-0.6018135027277253,-0.5044694866874032,-0.4374011674911808,related,9
CHEBI:15681,related,direct,(N-Acetylneuraminyl)-D-galactosyl-D-glucosylceramide,Mistral-Small-3.1-24B-Instruct-2503,-1,0.439451919478795,-0.0453685372444794,-0.0799805732530578,0.3185698714879815,0.570873533230937,0.2900972019255487,0.139276840311511,0.4890025467069372,0.8344257459456593,0.8336020130041346,0.0551689895954874,0.8464172946376404,0.6687099278300587,0.028318215492655,-0.0613682699117102,0.5760035287278239,0.4367084398113395,0.0271443746336129,-0.0422739817688584,0.3034829165688479,0.7651933965559846,0.2511225307300051,0.141470013315166,0.6983294014749333,0.9677686640563844,0.7170986674892846,0.6191612298223848,1.03979793995313,0.4687566447065748,0.4764904758390214,0.4198624787759221,0.3483402247138474,0.202327323237423,0.0809722343020351,-0.0099051625767154,0.0376969505763111,0.5508794594652727,-0.0671269561504757,-0.1784538924680423,0.3993249878459629,exact,9
CHEBI:15681,related,direct,(Neu5Ac)GM3,Mistral-Small-3.1-24B-Instruct-2503,-1,-1.2411543096611,-0.9979387969119876,-0.8090946277628981,-1.270336004941928,-0.6214010504879056,-0.7659013519043687,-0.6443134803592614,-0.7594790913824335,-0.2861604534748673,-0.4268180584387256,-0.0494167354239853,-0.4154103508761348,-1.403647791819905,-1.0717219204022332,-0.9047034199249592,-1.3207949885670378,-0.7471825604768337,-0.7963297143929589,-0.6027556705721284,-0.8527672750761326,-0.4828622655719747,-0.615717083109887,-0.5601058587098361,-0.6122721061689067,-0.978966542403563,-0.8040139205579289,-0.7079904958235631,-1.020778132481233,-2.0482905909928104,-0.6906571113577507,-0.5565446743703205,-1.8037225565095805,-0.7796404044229323,-0.671389403420372,-0.5940038886669015,-0.8750566886508537,-1.0480079698674736,-0.8365859403656355,-0.627589762641491,-1.0765259902659123,related,9
CHEBI:15681,related,direct,GM3,Mistral-Small-3.1-24B-Instruct-2503,-1,-4.132332282395127,-1.4800550882910162,-1.1266535196721097,-3.112875819414634,-1.7177220915069686,-1.0804363224616786,-0.8813392776198193,-1.6088411613760465,-2.6899167911060946,-0.8846357992797155,-0.115627594253442,-2.315865860541033,-2.472110907655584,-1.3030798311726632,-1.0843332321208767,-2.078344530952472,-3.004500682484432,-1.386185413726653,-0.9266855654963524,-2.389375643364469,-0.8954718923722125,-0.7237869126362093,-0.6393757630936705,-0.9461254134393297,-2.3905489986273167,-1.0748891019111722,-0.9119528030813456,-2.0295380043693605,-3.453587314130215,-1.1278603531332638,-0.96195067181309,-2.7257170402666384,-2.038377915463808,-0.9561892917834788,-0.9001375473319223,-1.8005317088530923,-1.5215103837462642,-0.8783785606081347,-0.6488212002133269,-1.409217380331347,related,9
CHEBI:15681,related,direct,GM3 (NeuAc),Mistral-Small-3.1-24B-Instruct-2503,-1,-1.492245023472804,-1.0630788230394017,-0.8467744926485701,-1.4571301370984324,-0.6647507151458517,-0.7763477253005596,-0.6746049648595688,-0.7966450324067026,-0.4884302174097562,-0.4675887355662601,-0.0593180107340697,-0.6016942088685068,-1.4462211211888425,-1.0782564937738033,-0.9212726827749694,-1.352568695953098,-1.3588244270754222,-1.036009995128914,-0.717876999453801,-1.324482347539992,-0.4437216553831966,-0.5981647902737953,-0.5380996006731228,-0.579063389171133,-1.2411324259667562,-0.8374006070646357,-0.7478188594391552,-1.2221133950840208,-2.189027907726736,-0.736129777898744,-0.590864885142703,-1.9009112814060785,-1.391353118311856,-0.9218798786888956,-0.7169782336968792,-1.3477047383510627,-1.190242549106109,-0.8444922437811997,-0.6368497182437791,-1.1792785558410703,exact,9
CHEBI:15681,related,direct,Hematoside,Mistral-Small-3.1-24B-Instruct-2503,-1,-3.3970469383667097,-1.3724637483447455,-1.0670456567574684,-2.692016615596151,-2.2509742971265223,-1.2325011293521744,-0.988159630826184,-1.9722161043020847,-1.2147990250861302,-0.6368255425083034,-0.0855052537602954,-1.2175200110405295,-2.635410784194131,-1.3218262408833612,-1.1008362213656886,-2.18829373277939,-3.669503171488667,-1.4914023189022574,-0.9848887320014024,-2.764730621465634,-1.2120693388280133,-0.7937198941422553,-0.6980706472712959,-1.1859164395912016,-1.8444331709459387,-0.9949206945735096,-0.8497996138845414,-1.6585748280017072,-3.319371845443719,-1.1045900692195298,-0.927622574448535,-2.641538073486017,-3.0324170626314,-1.1607052430903588,-1.0193178022411034,-2.4321371042824,-2.08290460528549,-0.956570388091488,-0.6829222064281573,-1.7746785737339243,related,9
CHEBI:15681,related,direct,"N-Acetylneuraminyl-2,3-alpha-D-galactosyl-1,4-beta-D-glucosylceramide",Mistral-Small-3.1-24B-Instruct-2503,-1,0.6987333665535451,0.336966521330627,0.2387883235727793,0.6791244453133619,0.8226856726591809,0.7931048516454646,0.610087034831488,0.8611621238240473,1.019605352953863,1.3028739823416038,0.1225716858330048,1.1289031147616504,1.1359873568689736,0.9135892683157448,0.7735170273341071,1.2444622147107516,0.808480327841805,0.6098500476594649,0.3421919045675862,0.8057467595097522,1.0690525270713551,1.0665320770859397,0.9155173009301182,1.208897002518145,0.9988247367596292,0.8011316098878355,0.7183334836307934,1.095000345391845,0.8561013407339206,1.116049660613334,0.9469807696232648,0.8454495377736215,0.466297941933733,0.3996644247649978,0.3220951493304837,0.3402444372206972,0.7407966434199,0.1833472570570908,-0.0154341429027939,0.6628914545794511,exact,9
CHEBI:15681,related,direct,Neu5Ac-alpha2->3Gal-beta1->4Glc-beta1->1'Cer,Mistral-Small-3.1-24B-Instruct-2503,-1,0.0311875627411643,-0.4656039194507237,-0.4553393812741659,-0.1516636143416546,0.2930786191436777,-0.1372589551448849,-0.2225309039002769,0.1428882188087298,0.949461702366914,1.062251714832907,0.0835212937034858,1.0172278770769685,0.5783968215972909,-0.1882923171735485,-0.2290149086183809,0.4671943721160567,0.6168367350697954,0.2727459672923594,0.1604869230297475,0.5322125525519197,0.483920199624319,-0.0821735585801304,-0.1440902657627805,0.3351164692628953,0.0823468534133598,-0.3816683863744085,-0.3548139561058984,-0.0870028561880736,-0.0496012456962095,0.0204351264452321,0.086568283318899,-0.1995593888467229,0.1752141686921791,-0.0332830947315925,-0.0910081718552995,0.0085274113454691,0.2407825650918504,-0.2748028033679129,-0.3114477980935226,0.0374949993771913,exact,9
CHEBI:15681,related,direct,Neu5Acalpha2->3Galbeta1->4Glcbeta-Cer,Mistral-Small-3.1-24B-Instruct-2503,-1,-0.1983233047288289,-0.5864479149247017,-0.5330651624519529,-0.3833409327704737,-0.1092253410882134,-0.4555445659982699,-0.4501746748657546,-0.2872302181569377,0.650779007517612,0.6421853307469788,0.0471878727848173,0.5980423077839696,-0.0738640006363047,-0.6505942201750224,-0.6339347412087789,-0.21607374962155,0.3288657013972059,-0.0883617581542909,-0.1184008090804727,0.1764279268434459,0.1178344242628223,-0.3541487803286228,-0.3522369145017708,-0.0620409494282084,-0.1898153768369651,-0.526448554162189,-0.4759167928988044,-0.350751586481516,-1.2422661237084398,-0.616997796168635,-0.5413599976568019,-1.2169661447387443,0.0327126555858094,-0.1862228913441006,-0.1705632803313555,-0.1399696814182826,-0.0276231398779774,-0.4432426233083736,-0.4069633658994421,-0.2334446501540106,exact,9
CHEBI:15681,related,direct,NeuAc-GM3,Mistral-Small-3.1-24B-Instruct-2503,-1,-1.5091771275291852,-1.0618755522602554,-0.8531920279912822,-1.4694539655222938,-0.4911221960490484,-0.7013751784015996,-0.6172003126819234,-0.6454373626593819,-0.1303097063101313,-0.3041767634429686,-0.0463488473429436,-0.2660337741525188,-1.6971343638185534,-1.225968040861706,-1.0313467565944203,-1.5367420881148544,-1.1171738883363165,-0.941562953571478,-0.653496928369527,-1.144781676323515,-0.2653688791022199,-0.5317470715018436,-0.4941068003040996,-0.4236793445378742,-1.4181342632934084,-0.8665501258998196,-0.752115575216519,-1.3536791539418909,-2.707628216941835,-0.9690581599289488,-0.8159280932444014,-2.248607125863526,-1.0445918348901724,-0.7534652617297282,-0.6931816096207424,-1.0861966429147158,-1.0685689839522017,-0.8072336967816703,-0.6173792429470898,-1.0915449530133092,related,9
CHEBI:15681,related,direct,NeuAcalpha2-3Galbeta1-4Glcbeta1-1'Cer,Mistral-Small-3.1-24B-Instruct-2503,-1,-0.5272666566297778,-0.7652606836927083,-0.6529788664487551,-0.6875762742324389,0.0481141472172479,-0.3448362281972482,-0.3632239751779181,-0.1268006938321696,0.4356459246213536,0.3090628267230569,0.0017435770061819,0.3348656802834633,-0.1863954931588429,-0.7260570534853322,-0.6853731572098071,-0.3210096581354664,-0.0168676550066279,-0.3934420869109186,-0.3642528696236504,-0.1937691125688186,0.1942000483605771,-0.309159476018162,-0.3179842992188308,0.0157714417623067,-0.3132645705723152,-0.5784790655983209,-0.5216095092932723,-0.4636832860429876,-0.9603046976255376,-0.3493234724275252,-0.2950090340676311,-0.9964100430340808,0.174414220899416,-0.0453328795709021,-0.1429188508557056,0.0076714998153593,0.0763001285460055,-0.3763922863476043,-0.3659329346066691,-0.1321243830885519,exact,9
CHEBI:15681,related,direct,NeuAcalpha2->3Galbeta1->4Glc-Cer,Mistral-Small-3.1-24B-Instruct-2503,-1,-0.2942990091085268,-0.6511200137619654,-0.5765864059913549,-0.4751215653836094,0.1146346786158527,-0.2879877970124371,-0.3252247497342266,-0.0561878241565746,0.6363181647108426,0.5831727259875291,0.0362402651610612,0.5795166772666738,0.0328539586171085,-0.5542248838925823,-0.569714300248404,-0.1137094060933332,0.2363630074658489,-0.1784782452224116,-0.160979045039077,0.0723114992366169,0.1196017015930261,-0.3539081150663611,-0.3490342250722877,-0.0602652776141523,-0.1512635731105024,-0.5177405860453104,-0.4692778456647001,-0.3146975498757987,-1.077122217800018,-0.6060681944349534,-0.5222608471334531,-1.088946330475296,0.0488524422857322,-0.177116788283438,-0.2070912954957942,-0.1235325143578911,0.0002244796349104,-0.4171989934893463,-0.3809860403655343,-0.2066919961501426,exact,9
CHEBI:15681,related,direct,"alpha-N-Acetylneuraminyl-2,3-beta-D-galactosyl-1,4-beta-D-glucosylceramide",Mistral-Small-3.1-24B-Instruct-2503,-1,0.7374650157642271,0.4220980550403292,0.3087191565689787,0.7394527466808769,0.8706193451718796,0.9127195029691674,0.730518942836949,0.9415830194359932,1.0348763108400263,1.3589708552524795,0.1267135962944144,1.1541079771088951,1.169319236557192,0.9876269591989252,0.8230381466932875,1.3026692979995425,0.8278374370792628,0.6501724638710431,0.3706124576698139,0.835621638777189,1.0794934205130202,1.1114413846773754,0.9672536614763227,1.2305393202449486,1.0535475689952216,0.9973225319038598,0.8843567568344542,1.197988995417372,0.931418324232493,1.2631636886557291,1.080094485988636,0.9565747277881654,0.5205764370732572,0.4709770256527672,0.3847374547404585,0.4073973749876323,0.753475574230417,0.2174485337031013,0.0047727115774825,0.6821724056436685,exact,9
CHEBI:15681,related,direct,alpha-N-acetylneuraminosyl-(2->3)-beta-D-galactosyl-(1->4)-beta-D-glucosylceramide,Mistral-Small-3.1-24B-Instruct-2503,-1,1.042047523695744,1.5233765942657949,1.3962957149605426,1.3231619132134516,1.1940508802328984,2.793595751983838,2.803229787560308,1.6575951192053284,1.293871833559921,2.5201089610198726,0.3517650944932356,1.653163098207212,1.414459081617699,2.33859390912458,2.303903863081807,1.827206926030005,1.195084454966478,2.0410285251497067,1.7866562592989057,1.5429561477635956,1.0750427111100989,1.0975398209482772,0.9698225664551956,1.2212625642945805,1.1459476214583209,1.4592905889889485,1.2768694776865916,1.3938428983953168,1.3609468260881978,3.470592175046918,3.4839820710798106,1.7939651273281074,0.9222688986861116,1.281942310331512,1.0562848365398538,0.9866355761285268,0.742293078215004,0.1956931722778586,-0.0142877027058181,0.6651539595001248,exact,9
CHEBI:15681,related,direct,alpha-N-acetylneuraminosyl-(2->3)-beta-D-galactosyl-(1->4)-beta-D-glucosylceramides,Mistral-Small-3.1-24B-Instruct-2503,-1,1.0154855201039703,1.369380156341291,1.1982623176345548,1.2604659858960534,1.1657601822561927,2.481433915581682,2.4271428359311784,1.5734491827297254,1.3138056675990275,2.6626042258856883,0.3573281981913845,1.6998433018040997,1.4229846414671792,2.43615961748669,2.417762383853146,1.8504422179368456,1.2152648571956162,2.1868945041465824,1.8537462902861408,1.5952313778118028,0.875706986816067,0.4699716497008991,0.3298431234557444,0.8639319248215048,0.8813280113232322,0.4966962640258235,0.363988875002703,0.8960934930941375,1.2685046152414634,2.6603113499888464,2.624117761643052,1.5658650190686276,0.7150159367637385,0.7619318626780895,0.5558265414524831,0.6663877397634259,0.7270934287927343,0.1778660595638374,-0.0259468071204269,0.6423321199971431,exact,9
CHEBI:15681,related,direct,alpha-Neu5Ac-(2->3)-beta-D-Gal-(1->4)-beta-D-Glc-(1<->1')-Cer,Mistral-Small-3.1-24B-Instruct-2503,-1,0.5755581148759187,0.0432101761466893,-0.0508439931669582,0.4996006096707749,0.792073073363534,0.6525709831464228,0.4982584380223637,0.8117299891124348,1.3559224152610798,2.8725334068382504,0.3048706885068856,1.804858035573586,1.250277038776813,1.2416814784433547,1.0649704367446575,1.453948173121939,1.1989783499035065,2.05163319894915,1.6854641595079771,1.552851870976253,0.6321372274820797,0.0792701695405611,0.0001015621497297,0.5180175581302955,0.2482416841688917,-0.2979745904984205,-0.3116326199035945,0.0860963601093803,0.8895003971015112,1.141317776048366,1.1357764276711575,0.8939669793834164,0.622085451222858,0.468388611363811,0.3996419144568629,0.5386491823715568,0.4302260500320276,-0.1454860585004661,-0.2402920855737793,0.2505859515746119,exact,9
CHEBI:15681,related,direct,alpha-Neu5Ac-(2->3)-beta-D-Galp-(1->4)-beta-D-Glcp-(1<->1')-Cer,Mistral-Small-3.1-24B-Instruct-2503,-1,0.538400510322527,-0.0131373875743982,-0.1019517892978984,0.4485784240523117,0.7303982490653284,0.5215704956182107,0.3777642713504051,0.7161332716322286,1.3254651670979998,2.655735863159844,0.2722969064675236,1.7279900852904957,1.21748289555794,1.124561157061862,0.9596851724288364,1.3907999634284731,1.2003829179995489,2.0609602767194164,1.6971211498644798,1.5564429987105353,0.5863743663462734,0.0256209423755841,-0.0343456607102886,0.4597783905759088,0.0748327744845695,-0.4229206541363382,-0.4043553454221147,-0.0945985204380179,0.8442198864448764,1.0758400259379388,1.0509068674486466,0.828463099341222,0.6562444372653973,0.5266853051189059,0.5270039009865517,0.5846831905800118,0.2986156418266317,-0.2515630813690797,-0.2957927646650786,0.1002881857314177,exact,9
CHEBI:15681,related,direct,ganglioside GM3,Mistral-Small-3.1-24B-Instruct-2503,-1,-2.2724128882150154,-1.214018413451322,-0.9433789500430562,-1.995369685559046,-1.0723344770725527,-0.8878344642486268,-0.7568295439286586,-1.1296044762745854,-1.13626827809764,-0.7069319338587291,-0.0774459049186355,-1.154171602415668,-1.5061908191856497,-1.076632499801336,-0.914485291690503,-1.3970577567627684,-2.4469174005915235,-1.2849915393791325,-0.8860154037817892,-2.0537532034994705,-0.7264035020310393,-0.6903566011891215,-0.6219725444656871,-0.8126321842992059,-1.0214566221283536,-0.8492637774900821,-0.7293354257304508,-1.0539828772594333,-2.524093716134682,-0.965176846381662,-0.809478467225009,-2.1272885910344663,-2.009394641681863,-0.9212464169437974,-0.8558270073131777,-1.7810670462172176,-0.7111506932616061,-0.7179851169733954,-0.5602306784487096,-0.8215051050609377,related,9
CHEBI:15681,related,direct,monosialoganglioside GM3,Mistral-Small-3.1-24B-Instruct-2503,-1,-1.7719424693820631,-1.111086780896248,-0.8763811881737695,-1.6567237643282662,-0.5810240407627044,-0.678998785244876,-0.5835325059515444,-0.724519539344642,-1.380996154100958,-0.6638243341902428,-0.1000636814515557,-1.349495806985227,-1.588978891231246,-1.1186418766303377,-0.9527527466047818,-1.457978659654422,-1.8001829403318148,-1.144609401882105,-0.7830505053728541,-1.6343068113964074,-0.6253442940452992,-0.6630849864621532,-0.606826474595442,-0.7307349185851512,-0.7775782999148865,-0.7827600294559899,-0.6732704249429405,-0.8600239811817724,-2.789923538751348,-0.9336958226394928,-0.7824901293985378,-2.302447106141643,-1.8234764804093768,-0.8363406809808578,-0.7982016994108441,-1.654513769772946,-0.6421258322954422,-0.6942080663313924,-0.5464267631080078,-0.7669201746423642,related,9
CHEBI:15756,related,direct,1-Pentadecanecarboxylic acid,Mistral-Small-3.1-24B-Instruct-2503,-1,-0.2901177791752478,-0.633243490018682,-0.5640070515173764,-0.471178868370702,0.4094245125576371,0.004749121016133,-0.0699284123268904,0.281634956520678,-0.4263265260264327,-0.5012331224546972,-0.0763946571672357,-0.5453335143868244,0.1496791519352441,-0.3327737605895888,-0.344890035027428,0.0019060947228473,-0.4140298124655517,-0.6221299865628523,-0.5398543379658275,-0.5683066074510601,0.1341122388286466,-0.3661566197546236,-0.3601868596862075,-0.0456420503615814,0.0708129522392527,-0.2567374269986338,-0.2588387985061252,-0.0986539138549604,-0.3950588056917183,-0.5825064868266531,-0.5310983419080304,-0.5204549798403946,-0.1084498921802158,-0.3532790172790077,-0.3886395231053177,-0.2800012774193521,0.6140950573544434,0.0523794782609795,-0.0796918643602761,0.4824475942564958,related,9
CHEBI:15756,related,direct,1-hexyldecanoic acid,Mistral-Small-3.1-24B-Instruct-2503,-1,0.4057942004398905,-0.1018796229653659,-0.2043710158455924,0.2760841169290095,0.5905165077669302,0.2734066265651221,0.1585458928458765,0.5156304629058471,-0.5313670863232052,-0.5053577960162673,-0.0825565021211486,-0.6402568321432036,0.6954308843741974,0.2210350858637454,0.120591475986794,0.6091259972916807,0.3226445451687351,-0.0900688475125222,-0.1344273380569166,0.1692921981134988,0.5351959620251641,-0.0628026418580627,-0.1233499007375967,0.3965797243325976,0.6268674326380183,0.1837684161425067,0.1077921473213703,0.5320869801014873,-0.1630317449647632,-0.4940638526978664,-0.4577035940808338,-0.3080316063900539,0.3046891861062074,-0.0672388055035811,-0.181630278686425,0.1507813828761227,0.4360734979968959,-0.1843008711584229,-0.2331663183088711,0.2575312783679813,related,9
CHEBI:15756,related,direct,16:00,Mistral-Small-3.1-24B-Instruct-2503,-1,-2.1642591952235257,-1.2352151321854974,-0.9678596669827068,-1.9239738328861151,-4.65254867008811,-1.5450252143411554,-1.1906336842521068,-3.390282787896643,-0.6247974082754767,-0.6667723652339583,-0.0993960635286547,-0.7230878506554963,-2.170648389167594,-1.1813014519606166,-1.0068995183186131,-1.8719009430025373,-1.5412778227513269,-1.0557469057921045,-0.7888719752377431,-1.455228715568806,-2.199847492254828,-0.9650973647861524,-0.8132983147891151,-1.872705316012648,-2.6147222818527736,-1.0977052559879883,-0.9236108006364137,-2.176775387416968,-3.0733680694430574,-1.1950798492332595,-1.033255131772541,-2.485461678767705,-2.094964749676462,-1.0023396313741375,-0.9739436413015042,-1.838338055647669,-1.294581207188733,-0.78920083902727,-0.5914670773889984,-1.2530399473419438,related,9
CHEBI:15756,related,direct,C16,Mistral-Small-3.1-24B-Instruct-2503,-1,-1.871653053575791,-1.194156719002066,-0.9505945789844588,-1.7259607719267556,-3.18723635204115,-1.4101809250390829,-1.1026122550266215,-2.559494593808433,-2.08562251214886,-0.9010317880900174,-0.1150316728789109,-1.8831017961981704,-1.5889797103271628,-1.0716463411555164,-0.905008762738946,-1.4579792596331689,-1.7584413373914294,-1.1553833518660694,-0.8208937659540517,-1.605913614041227,-0.5906213067245324,-0.6621644246707687,-0.5586180687300659,-0.7022012023098506,-2.0507539420493552,-0.9527150066146888,-0.8173861600808111,-1.8009983714066546,-1.178921990301135,-0.9093061427152024,-0.8113967433950952,-1.1682314292803009,-0.5053669728675495,-0.66164497400348,-0.6493580602136579,-0.6438399116676883,-0.9481962850460384,-0.8007947766584578,-0.6079539217815788,-1.0027764809850748,related,9
CHEBI:15756,related,direct,C16 fatty acid,Mistral-Small-3.1-24B-Instruct-2503,-1,-1.1001653776791045,-0.986713726750048,-0.8123167049271033,-1.1618380843458638,-1.6745168661952845,-1.106327898472138,-0.9320839837551298,-1.5782469353435309,-0.8772662128806672,-0.6591772534306408,-0.0966849997345815,-0.9402083479783562,-0.6581423190674976,-0.7439294620291728,-0.6855700517105032,-0.7334998803716442,-0.0803779025616763,-0.4490700854944677,-0.4322065205625396,-0.2567929552003799,0.3606291220089129,-0.2202724598339944,-0.2327317710362242,0.1939633651056412,-0.206879744481858,-0.411210613526608,-0.3869167829958005,-0.3665865078938591,0.0341153541500187,-0.4706471536869758,-0.4498790293437126,-0.1172757690836818,-0.2416315488305952,-0.4632338235861108,-0.5167529036039906,-0.4065685983991801,0.3361379702958658,-0.2373343935959893,-0.2823255000236633,0.1420327000923708,related,8
CHEBI:15756,related,direct,C16:0,Mistral-Small-3.1-24B-Instruct-2503,-1,-1.664374176391209,-1.1060265909842486,-0.8817773496484279,-1.580936427711132,-2.4827606200956165,-1.27473849739989,-1.0236598045516798,-2.1229529416103543,-1.92097114428196,-0.8588430762295659,-0.1159678405002919,-1.7616504623873208,-1.4555813397774895,-1.0164525354838976,-0.879239914312137,-1.3595330889859378,-0.2207936555600295,-0.5279682208407039,-0.457143396251059,-0.391646493991389,0.1747333763784068,-0.3467381906622725,-0.3397106908626546,-0.004279993484642,-0.4292612527953517,-0.56219770286213,-0.5214143217126959,-0.5666009513929675,-1.705015777803343,-0.9774605286689808,-0.8623169135056373,-1.5606620853733977,-0.1911819369600964,-0.4146321134151402,-0.4789051559644203,-0.3592110555603942,-0.1126608851757502,-0.4899393283974222,-0.4287623491061029,-0.31347513652975,related,9
CHEBI:15756,related,direct,CH3-[CH2]14-COOH,Mistral-Small-3.1-24B-Instruct-2503,-1,-1.465108743870906,-1.0903099143281385,-0.8780684268174451,-1.4373106934422988,-1.8612940251356709,-1.1690336009018436,-0.9506155237389928,-1.709183755431272,-0.9433650608621827,-0.6803129870541774,-0.1012333184625894,-0.9955941377314304,-1.8627924175014208,-1.2298262172055796,-1.0429385284309731,-1.6556934571922997,-1.2818648997822697,-1.0000916745773714,-0.7549894428271539,-1.2680994439327749,-2.816466601633913,-1.0304832718152137,-0.8651376868814783,-2.2700314978222056,-2.205065332285734,-1.0150857568975795,-0.8643087084659162,-1.9056501705202564,-1.2131553388312677,-0.833852111224374,-0.7440264469403486,-1.1946248834782642,-2.450920786011925,-1.0795945692755995,-1.020447440926324,-2.0705933587579133,-1.9441376266755088,-0.974680940282964,-0.6932583946689981,-1.6867777217140485,related,9
CHEBI:15756,related,direct,FA 16:0,Mistral-Small-3.1-24B-Instruct-2503,-1,-1.5741606990961496,-1.1120642841480262,-0.8992391293599219,-1.5164523523420392,-2.2977974950953794,-1.2412163350687762,-1.0025575040803916,-2.002987451900603,-0.9810229043390262,-0.7580703112800256,-0.1027843096137517,-1.0269005040644654,-1.896636846459545,-1.105508920004161,-0.9315992215686222,-1.6797590509256175,-0.5390126033993902,-0.7036669768900761,-0.5556116718579319,-0.6777570588489036,-0.1454081323627759,-0.5043945789417823,-0.4516010389619424,-0.3149830812499163,-1.131448238723129,-0.77600755855335,-0.682533320903099,-1.13888101002794,-4.010352946361476,-1.222977438531097,-1.024998608606251,-3.0685902007866126,-0.2078014063847235,-0.4252226256088189,-0.4902484192307731,-0.3748883762224517,-0.9835498150863682,-0.7450178178921095,-0.5793424337440959,-1.0290616086667546,related,9
CHEBI:15756,related,direct,Hexadecanoate,Mistral-Small-3.1-24B-Instruct-2503,-1,0.5842953141728122,0.1344904607747847,0.0483845465798105,0.5117906260335824,1.0335640119790528,1.4850962782160797,1.2651426761928384,1.2515611286538542,0.6263735691519092,0.1578932289363157,-0.0214873429171703,0.5668538580583379,0.8938535938229347,0.47243315594163,0.3478672375468707,0.8710859882481761,0.771112333865096,0.5230871259635804,0.2477158109144381,0.7493791901971328,0.3574182069026269,-0.2168391430705965,-0.2513158403499644,0.1904002542659983,0.5241330242940182,0.0502680895485627,-0.0228447466901857,0.4023198526480601,1.3515535858586158,2.0088259417897545,1.833924497466888,1.7685018419205707,0.6973627546417608,0.3563647494610912,0.2006220637999018,0.6414957001745653,0.8768008937909202,0.5105814605350392,0.2298960432352824,0.885198865104635,related,9
CHEBI:15756,related,direct,Hexadecylic acid,Mistral-Small-3.1-24B-Instruct-2503,-1,0.3919045077882364,-0.126890699706526,-0.1473317386965649,0.2587857485630843,0.9836415805105652,1.232860802191888,1.015390429660403,1.1492764552883807,-0.7224437923155237,-0.5803661403761093,-0.0813434276264948,-0.8081677872816243,1.114564312714366,1.0098088522881703,0.8818539985700988,1.208117602745614,0.6210266697439896,0.2734254003810887,0.0765068263558581,0.5378211959351397,1.1022554353112477,1.1926896459347436,1.0000217514082452,1.279251535411075,0.7497498799567957,0.4393455103641856,0.3541707192844027,0.6989394789106408,1.0981135150406856,0.7523457779539848,0.6476454135048174,1.2289271225498752,0.4149625969843838,0.0167563415364485,-0.1085056456245366,0.2784553135526018,0.939329679710338,0.702378034112479,0.3940704273406721,1.0021505957038543,exact,9
CHEBI:15756,related,direct,Hexaectylic acid,Mistral-Small-3.1-24B-Instruct-2503,-1,-0.079174242366736,-0.5116931333847354,-0.4778141348123602,-0.2653879167702019,0.778463936034288,0.6265140236616469,0.4205973456669424,0.7901952042055213,0.190465846614098,-0.3203021276872833,-0.0619424701220224,0.0612814112691343,0.7864226115739916,0.380622174979025,0.2840575315653804,0.7254952095379146,0.1860405738956415,-0.2219833747179403,-0.2738384417365088,0.0173553945144472,-0.1818729165788157,-0.5138574109128778,-0.4691295449093886,-0.348412140136196,0.5217897928867927,0.1289318682752971,0.0785565787920472,0.3994484462139736,1.0119174985918935,0.5571391208589733,0.4236251652817446,1.082898632328014,-1.370601657607362,-0.8942624075703227,-0.8634910359625909,-1.3324720729685486,0.04155342861569,-0.4028637041178489,-0.3520767167591027,-0.1664598553727903,related,9
CHEBI:15756,related,direct,PALMITIC ACID,Mistral-Small-3.1-24B-Instruct-2503,-1,-2.108213750032058,-1.1867176918060438,-0.9338417915384728,-1.8866101800747863,-0.5417303261344675,-0.6787110048937076,-0.6211128354459545,-0.6901704157881279,-0.7949169567150972,-0.6021337824503596,-0.0931339721960155,-0.8703946097320433,-0.4269049890019686,-0.6122085230007946,-0.5416043861127896,-0.5362986076073398,-0.0982872262232135,-0.4683815006219549,-0.4176525151276177,-0.2743273337633745,0.2234572922361772,-0.319103133440188,-0.3317998674775151,0.0461990237876672,-0.5415190395939481,-0.5933296564005901,-0.5503431520743327,-0.6635583722235421,1.086354736400615,0.6800258438772726,0.5253733466813101,1.208243484452305,-0.0015664298572519,-0.3719114005872178,-0.4469372460407084,-0.1745784708927268,-0.1567458542395126,-0.550341054386139,-0.4774730146634123,-0.3540380191329417,exact,9
CHEBI:15756,related,direct,Palmitate,Mistral-Small-3.1-24B-Instruct-2503,-1,-1.3152804109291982,-1.027591120232863,-0.8429853098270403,-1.3262995477773531,-1.8692622624044524,-1.1362803667216566,-0.9248992825627624,-1.714695175248458,-1.2465659272231673,-0.8151147424865821,-0.1034109928972058,-1.242960016909548,-1.3217308282817712,-0.8863788803095846,-0.7805602904175838,-1.2591962527001488,-1.4795502962412552,-1.081800835050434,-0.7640565252277352,-1.4114390013081983,-0.6005274913376485,-0.6680339600456559,-0.5921220285667823,-0.710362952507535,-0.8924027548374578,-0.776904985873123,-0.6731430212497954,-0.9523853434280536,-0.1034020933590519,-0.603293774038956,-0.5705794620076928,-0.2514220202196381,-0.8237175992919201,-0.7572264965398604,-0.7391118143918939,-0.9109510827146308,-0.9389865029001708,-0.818920833932711,-0.6142419809897677,-0.9958989351383116,related,9
CHEBI:15756,related,direct,Palmitic acid,Mistral-Small-3.1-24B-Instruct-2503,-1,-1.245336234843786,-1.0123555826670625,-0.8383796499166137,-1.2735124673353209,-0.5417303261344675,-0.6787110048937076,-0.6211128354459545,-0.6901704157881279,-0.7949169567150972,-0.6021337824503596,-0.0931339721960155,-0.8703946097320433,-0.4269049890019686,-0.6122085230007946,-0.5416043861127896,-0.5362986076073398,-0.0982872262232135,-0.4683815006219549,-0.4176525151276177,-0.2743273337633745,0.2234572922361772,-0.319103133440188,-0.3317998674775151,0.0461990237876672,0.2319063399720793,-0.2047418380060454,-0.1961571669139673,0.0685606604892048,1.086354736400615,0.6800258438772726,0.5253733466813101,1.208243484452305,-0.0015664298572519,-0.3719114005872178,-0.4469372460407084,-0.1745784708927268,-0.1567458542395126,-0.550341054386139,-0.4774730146634123,-0.3540380191329417,exact,9
CHEBI:15756,related,direct,Palmitinic acid,Mistral-Small-3.1-24B-Instruct-2503,-1,-1.22539509135421,-0.9839791179843392,-0.814280383442331,-1.2583447603543991,-0.0093253427018588,-0.3416887187689978,-0.3654360311853148,-0.1863906994070576,-0.5064451755410903,-0.5999924209436399,-0.0821709542704468,-0.6179131819880456,-0.3789289029661561,-0.6313768704142324,-0.5701904931172334,-0.4942464744808077,0.331396084844076,-0.092296838029848,-0.150618325325945,0.1793360495662219,0.3469400435710631,-0.2304026901239179,-0.2538006428634213,0.1788097592921876,-0.0255999910381693,-0.3826926525477109,-0.3575747619508171,-0.1943039399638431,1.0667217450887718,0.6867686843647439,0.5696480518153428,1.1742773339526045,0.0238067131351898,-0.3481093860520503,-0.4485219320803578,-0.1490003842664091,0.089420249615079,-0.4285779341953866,-0.3950887032744636,-0.1190332784129547,exact,9
CHEBI:15756,related,direct,Palmitinsaeure,Mistral-Small-3.1-24B-Instruct-2503,-1,-1.7930307743930742,-1.1357359212857303,-0.9189370271443736,-1.671446550749395,-1.3512499609267794,-0.9932514324185794,-0.8141922551683524,-1.3429291031854445,-1.1908704193016009,-0.7212236266178045,-0.1012726718750613,-1.1982875118816971,-1.6940869174602895,-1.0872338929975929,-0.9342557148452292,-1.5345351239379028,-1.8724296014442467,-1.164657353519844,-0.8625597520219093,-1.6830380489117966,-0.1578342178990533,-0.5129414133583798,-0.4787360725468866,-0.3264142429648937,-0.632829226466041,-0.6179395593712307,-0.5556565789482887,-0.7406787378591186,-1.293073392287761,-0.8848648563546262,-0.8006959275518257,-1.255737457340659,-0.9971818816566967,-0.8488455437514528,-0.6591365313803483,-1.0491988420142628,-0.9429990121990428,-0.7576628969180838,-0.582565437237641,-0.9988968843846332,related,9
CHEBI:15756,related,direct,Pentadecanecarboxylic acid,Mistral-Small-3.1-24B-Instruct-2503,-1,-0.1897766037694343,-0.5832487441499885,-0.5170447247426304,-0.3750334588929546,0.6525136026495374,0.3627332431338401,0.2229251904884861,0.6019999003228649,-0.4381030207672748,-0.5241151950726797,-0.087533870303971,-0.5560754076351059,0.003572508237213,-0.4919222855169139,-0.4800151602731319,-0.1420898390232448,-0.3352745988834588,-0.5825431451703426,-0.5230292853386639,-0.4974610947360627,0.3425285055830354,-0.2324915384933921,-0.274225975168836,0.1739466828324921,0.0241301722255289,-0.2971085010275439,-0.2900289244160473,-0.1453470493417365,1.1741797486184478,1.0141545983647466,0.8426036298556631,1.3697189924286552,-0.0033836481675325,-0.3205828356997021,-0.371117678214286,-0.1764019316531193,0.6960098980384337,0.1659592639053908,-0.0055573427191124,0.5967098185420651,related,9
CHEBI:15756,related,direct,cetylic acid,Mistral-Small-3.1-24B-Instruct-2503,-1,-0.5000733665765116,-0.7411591261731325,-0.6396200974299381,-0.6634625602731771,-0.6763858480761852,-0.7591319971514499,-0.6502837679803585,-0.8065572885702142,-1.2827120690221665,-0.7286599427258224,-0.1018104917516852,-1.2717813146580468,-0.0782633648051627,-0.4788015317223473,-0.4802816665745998,-0.2202320356749191,-0.6957861725316523,-0.7761012440716167,-0.6160566285298523,-0.8103463263187776,-0.3585325750043873,-0.5788839995012743,-0.536724668559431,-0.5057090582030374,0.0708635109123858,-0.2526030196527709,-0.2284681700216599,-0.0986029425790598,0.8917843146618857,0.2928046329611766,0.2369549763134995,0.8973276405368719,-1.0777199677448972,-0.8281266795429303,-0.8033866811600504,-1.111859745513531,-0.6670559199698757,-0.6865179921475048,-0.5401654406115033,-0.7867359558780754,exact,9
CHEBI:15756,related,direct,hexadecoic acid,Mistral-Small-3.1-24B-Instruct-2503,-1,0.9127665917264554,0.9034319964297658,0.7170977352390625,1.044819055780033,1.040531269047127,1.5071211205128328,1.3333608263319745,1.2664877582922596,-1.0113254416888442,-0.6479383489841223,-0.0890727795977346,-1.0519654661432043,1.3830008838390433,2.3103054240825545,2.259947537111218,1.7457710151870325,0.9140865616722404,0.8623955345110325,0.5583600880803529,0.975080072789416,1.2164104459364475,2.087948013848218,1.9747758056008693,1.5692055844305943,1.0575739149402974,1.2394346741883877,1.075521552227798,1.2058938641120338,1.129824437178973,0.8490571680950656,0.7070155493097416,1.2860715545920658,0.6711624985159614,0.3311223888506774,0.1309589432655983,0.6051124000560377,1.089229617183894,1.4347608637865223,0.9797688839912874,1.3534883790504295,related,9
CHEBI:15756,related,direct,n-hexadecanoic acid,Mistral-Small-3.1-24B-Instruct-2503,-1,1.0065098502605,1.2854595427720668,1.0550614488455978,1.240040367102626,0.9509260685822452,1.1344939989848948,0.9085288103882996,1.086128306763199,-0.5954408390326192,-0.5098796897161721,-0.0782211038511647,-0.6972167599468168,1.2335707584588038,1.445893929693058,1.345429291343047,1.4214329122042295,1.075408770561686,1.4052133855749664,1.1560091282041325,1.2726261811953503,1.1748773369991623,1.6621651834289788,1.476902625752442,1.4524991738265527,1.165078371001912,1.9286503373308617,1.726676524884874,1.4390339084832002,-0.054042495187141,-0.4476404982206936,-0.4266852095752815,-0.2038699026766868,0.9263651460967754,0.9077966875215668,0.7098117193291885,0.9936023770235272,1.1014353649919593,1.579956918840809,1.1692860464319013,1.3897629374656892,exact,9
CHEBI:15756,related,direct,n-hexadecoic acid,Mistral-Small-3.1-24B-Instruct-2503,-1,0.7773855414607599,0.4886050625790969,0.3127219910396537,0.8039528253421792,0.7250042936936341,0.5088039715594905,0.3275425208279241,0.7080050787409917,-1.639203113496539,-0.7723305671426988,-0.0978998949781515,-1.5494785978291608,1.032767346728036,0.7779630929270202,0.622869174618073,1.0760083043262805,0.6990752775300735,0.4028160199264011,0.2118108794525878,0.6451033919672009,1.06718637044142,1.0197847508142746,0.8544237539770707,1.2050721629334702,0.8350142280771331,0.6279684526008499,0.5280545259653698,0.8241078119192388,-0.012452028951826,-0.4286529811389143,-0.4299320059393388,-0.163291199123382,0.300145425453122,-0.0801815803111236,-0.1873311169141448,0.1456567559714523,0.9957994527455796,0.8928525246091608,0.4935692143461464,1.119592568874633,exact,9
CHEBI:15756,related,direct,palmitic acid,Mistral-Small-3.1-24B-Instruct-2503,-1,-0.8038702426781972,-0.8778488944362087,-0.7443564245719021,-0.9239741776820573,-0.5417303261344675,-0.6787110048937076,-0.6211128354459545,-0.6901704157881279,-0.7949169567150972,-0.6021337824503596,-0.0931339721960155,-0.8703946097320433,-0.4269049890019686,-0.6122085230007946,-0.5416043861127896,-0.5362986076073398,-0.0982872262232135,-0.4683815006219549,-0.4176525151276177,-0.2743273337633745,0.2234572922361772,-0.319103133440188,-0.3317998674775151,0.0461990237876672,0.4937880348645163,0.0089777975446375,-0.0213053154296219,0.3654156807321832,1.086354736400615,0.6800258438772726,0.5253733466813101,1.208243484452305,-0.0015664298572519,-0.3719114005872178,-0.4469372460407084,-0.1745784708927268,-0.1567458542395126,-0.550341054386139,-0.4774730146634123,-0.3540380191329417,exact,9
CHEBI:16015,exact,direct,(2S)-2-aminopentanedioic acid,Mistral-Small-3.1-24B-Instruct-2503,-1,-0.7652581763655073,-0.8494654407147938,-0.7146570182750365,-0.8918776906806609,0.0468996142196478,-0.348554792796993,-0.3682495555788775,-0.1280736066291769,0.4097707335296613,0.1215513513506276,-0.0207752848352731,0.3048139234265338,-0.1375614041502359,-0.4418543191748156,-0.4447066042529823,-0.2758302819091475,-0.4712843298082268,-0.6594917959193742,-0.5393702487518689,-0.6188829058478514,-0.3839327655804548,-0.6106427523380773,-0.5359096813188899,-0.5277396450402666,-0.969544281295233,-0.7898625403592615,-0.7005201371925078,-1.013382874709535,-0.0855417896122587,-0.1086235939364856,-0.1215483852540142,-0.2342899597222803,-1.1578434249503429,-0.733657884964949,-0.7500825825600858,-1.173305883115637,-0.8499037395476327,-0.7339745344274328,-0.5629140875075861,-0.9287101562886416,related,9
CHEBI:16015,related,direct,(S)-2-aminopentanedioic acid,Mistral-Small-3.1-24B-Instruct-2503,-1,-0.483064089835961,-0.7344981553420933,-0.6370063797721983,-0.6482926824817177,0.0621107858034009,-0.317741386003553,-0.3170019809274596,-0.1120898799916518,0.538278076287793,0.2499006667705098,-0.0067278753256221,0.4572608333138169,-0.0039553927856671,-0.3777950217286188,-0.3765621281681406,-0.1493493906833952,-0.4219861505111333,-0.6323242369205335,-0.5335454323832953,-0.5753805331808741,-0.1801421485285128,-0.5339736605292406,-0.4776835787877811,-0.346833358538562,-0.8261753780766743,-0.7606686294657597,-0.6803113051158041,-0.8993511858066614,0.0417412830382111,-0.0326386676517768,-0.0530991447546329,-0.1096798158846431,-1.0793684749925396,-0.7138008744248188,-0.7285582132340755,-1.1131327826575028,-0.5960722774581206,-0.6567615416077933,-0.5191223142392104,-0.7300038488211082,exact,9
CHEBI:16015,related,direct,(S)-glutamic acid,Mistral-Small-3.1-24B-Instruct-2503,-1,0.833630523232017,0.6805361422395548,0.4452003882429295,0.8994109942734722,0.7088907644735566,0.4704432994855564,0.3101260012938445,0.683930856541223,0.9306043015235632,0.6775170057776124,0.0606744517748484,0.9882526854232032,0.8691078870820358,0.5617171669245932,0.4208802691852247,0.8366709209885629,0.577020470857985,0.2085782677541047,0.0398936730500792,0.4796229179647199,1.0948280786814042,1.120361280927733,0.915920155830472,1.2631138448289072,1.0509380890915774,0.8219316952758853,0.6289843643349433,1.1928917190526578,0.9168463143753208,0.9071855157866392,0.762149555666653,0.9345832526100356,0.5057377272123236,0.136165718403248,0.0524946937223343,0.3888435546617233,0.8591780520245788,0.4372355287762527,0.1773251154490855,0.8541967945867727,exact,9
CHEBI:16015,related,direct,E,Mistral-Small-3.1-24B-Instruct-2503,-1,-2.652007940408467,-1.3744021317601651,-1.0475308445525666,-2.239179167086514,-2.9689201629444155,-1.3844781540046611,-1.078580635002776,-2.427353449082881,-1.371864367590804,-0.7511829772601406,-0.0861943781792888,-1.3423143289892698,-1.865094077027485,-1.0530945884195948,-0.8981490920677995,-1.6573325478351126,-1.2924553432264292,-1.0246366235412403,-0.7543955974903053,-1.2759037561468072,-1.586827969690973,-0.8904097961416721,-0.7642066389688842,-1.4557855148692265,-3.1438463180490794,-1.2001450566337677,-0.9882470736838124,-2.515238768931618,-1.4454355708178577,-0.8160865474499891,-0.723415504701745,-1.370397176958444,-2.339914625815087,-1.1329066784346924,-1.0118146336099598,-1.999146958128359,-1.3509111409724324,-0.8003048334606532,-0.6022739438706403,-1.2923316306325114,related,9
CHEBI:16015,related,direct,GLUTAMIC ACID,Mistral-Small-3.1-24B-Instruct-2503,-1,-0.6958681140574183,-0.8068536096944565,-0.6936361224244016,-0.8334933579999733,0.8401705991131212,0.7497240446292963,0.5540795506296937,0.8900497560398694,0.8595196859156551,0.4810484408516112,0.0259077826369525,0.8825287877508404,1.16703969262088,1.2072887258962042,1.0894623291312855,1.2986203357643773,0.3291919933702865,-0.1244063864053944,-0.2055672315693074,0.1768027409302068,1.2135573978341905,2.019888925768491,1.8485024889168984,1.5606156573583287,-0.376909377690961,-0.6972865319546155,-0.6311198150421985,-0.5205129728009987,-0.0643316097775548,-0.4884439576567359,-0.4566161614145871,-0.2138356486541183,0.7318949066787794,0.3165570431177441,0.3763979644448942,0.6904854946681502,1.0640265591623537,1.2885253275924544,0.8783734790883438,1.2837235134994325,related,9
CHEBI:16015,related,direct,Glu,Mistral-Small-3.1-24B-Instruct-2503,-1,-0.7031021841365285,-0.8633310505092772,-0.7255991784818869,-0.8396233819820376,-1.1861984987088077,-0.9921914844814675,-0.8251328118579117,-1.217958651804376,-3.5879290679753586,-1.11241284661525,-0.1260287122011492,-2.93204199784686,-0.6638325784011518,-0.7161551491218876,-0.6476849477766411,-0.7382463498543955,-1.2467960757350824,-1.0208918367181574,-0.7581174752928913,-1.2421508353196042,0.0801549458800788,-0.4086845681177686,-0.3948616128878173,-0.0996302880155193,-1.104595059589691,-0.9103449267217484,-0.809483116665142,-1.1182906846055802,-1.883088035371732,-0.9921140524489608,-0.8840342364534067,-1.6878696796815027,-0.4455832069933791,-0.6271553973143719,-0.594467574883682,-0.5914588823930037,-0.1636335823929773,-0.5512328131321819,-0.4718138607762601,-0.3603213124777189,related,9
CHEBI:16015,related,direct,Glutamate,Mistral-Small-3.1-24B-Instruct-2503,-1,-0.0087781541668189,-0.4834550596009433,-0.4393414715160794,-0.1933807373803499,-0.0536744344492622,-0.4214431598263949,-0.4222332164041612,-0.2315792330600238,-3.587809186337719,-1.112403649492027,-0.1260276090352234,-2.9319612509914137,0.0494492514383982,-0.4415765854457914,-0.4291295233882039,-0.0975220632262815,-1.291383549725449,-1.031371004076315,-0.7613386821568344,-1.275114597518976,0.4179825385982642,-0.1774290549303002,-0.2260873991087055,0.2585383816181448,0.1348964781666986,-0.4721217444673409,-0.4444072542874013,-0.0333182804387926,-2.0312059296959024,-1.061755634156363,-0.931529312819259,-1.7918324645573338,-0.1454405075410169,-0.4974631418709688,-0.4991452543092143,-0.3156624268682503,0.5538093755916866,-0.0587921163583369,-0.1777185410082137,0.4030912492647343,related,9
CHEBI:16015,related,direct,L-Glu,Mistral-Small-3.1-24B-Instruct-2503,-1,0.3332192005986538,-0.2010304579117689,-0.2274883752469836,0.1871197649815965,0.2942985880306532,-0.1842363907837711,-0.2269117094099821,0.1443032263419633,0.0843584744408023,-0.2175803018033883,-0.0492093123586544,-0.0503346037742478,0.1728599759271944,-0.264446934488214,-0.2620754974928139,0.0253283102678269,0.419268025806481,-0.016196980877775,-0.1404832651269564,0.2824845021121472,0.42905321711822,-0.1745142471652792,-0.2141540564258003,0.2712140872045693,-0.6564890545673945,-0.758595413456178,-0.6835058795986625,-0.7604224992281803,0.2599612239105591,0.0201730937448092,-0.0418768678790229,0.1156383952189909,0.1682205232439201,-0.2200781159011276,-0.2749414912433671,0.0010534979353611,0.2830465278135708,-0.2840496963637788,-0.3116676104604292,0.0832045194969745,related,9
CHEBI:16015,related,direct,L-Glutaminic acid,Mistral-Small-3.1-24B-Instruct-2503,-1,1.0028785626081027,1.3144503183554177,1.0973388782233136,1.2318773984591904,1.2331683167342458,3.2162112272485377,3.4312586334450668,1.789584710851526,1.1507362370403706,1.1779169317264069,0.1331475297495956,1.3580016404979864,1.3712353900908631,2.3020645067571164,2.2039612352800484,1.7168394614313516,0.9128937592276012,0.8572399929518862,0.528242338766697,0.9730736877695924,0.3451689631908696,-0.2465481145404518,-0.2682466722462949,0.1768562149733696,0.5859348862307152,-0.0519577032202263,-0.1024579931073911,0.4794379996161606,1.3657697874590038,2.9454306966742507,2.886892954895353,1.8072917985329569,0.326402156892262,-0.0657545376063663,-0.1857624961706853,0.1754125057811707,0.6706448122494234,0.1159269396614231,-0.0562261375129781,0.5604524774205764,related,8
CHEBI:16015,related,direct,L-Glutaminsaeure,Mistral-Small-3.1-24B-Instruct-2503,-1,0.2880356368916583,-0.2209873246778778,-0.2855936031119677,0.1334086716583719,0.5929735297646326,0.2177681606650958,0.1315827300447905,0.5189851269645491,0.4401113713036408,0.0072796625527699,-0.0181080456402095,0.3400832375681951,0.570305792131646,0.0805479002291725,0.0016829286677678,0.4576675346314164,-0.3100507167525316,-0.6109337872720523,-0.4990571883057059,-0.474443587552015,0.2487228548426102,-0.3127946532446785,-0.3269303997486527,0.072766749089081,0.1486998113945062,-0.4125409317251938,-0.3862200817508614,-0.0190479505988879,0.6477345515879047,0.4363342042849768,0.3482299948620406,0.5652018813622115,-0.7271083547326667,-0.6913982621103868,-0.4809691717282534,-0.8318452671388004,0.2836239452396816,-0.2559665881067803,-0.292825556426108,0.0838356942370786,related,9
CHEBI:16015,related,direct,acide glutamique,Mistral-Small-3.1-24B-Instruct-2503,-1,0.1571486787923606,-0.3431318521151292,-0.3572985745132075,-0.0158074725330999,0.3589546093734794,-0.1053261509933277,-0.1451158305173071,0.2204729170188115,-0.0813791403674708,-0.3244837761534587,-0.0538197128381196,-0.2179505733548317,0.3847641850697008,-0.0742033658978107,-0.1465210809647931,0.2478830513557188,-0.7966298400795071,-0.8376583839665119,-0.6633726257232095,-0.8931209763269077,0.1161477715923996,-0.3862323091445616,-0.3645729402312825,-0.0637345425497002,0.4207181125188959,-0.2808875918276279,-0.3191590948400302,0.2789064642534707,-1.0124296297492137,-0.7736636309551619,-0.7121480793241134,-1.037913237707074,-0.9233278991094576,-0.7479881998804752,-0.6698791793215091,-0.9909067238208588,0.3764085786681081,-0.1780525445684198,-0.2216520653039419,0.1877839744064682,related,9
CHEBI:16015,related,direct,acido glutamico,Mistral-Small-3.1-24B-Instruct-2503,-1,-0.146198370943041,-0.557499722318803,-0.520354071395976,-0.3323152965990628,0.1076200516546499,-0.3340191301034634,-0.3271496624933725,-0.0637189617414035,-0.0035265039585021,-0.4001947893289999,-0.0577516467342481,-0.1401682564853176,0.4371089191774931,-0.1118873147979866,-0.1666235175483912,0.3054914639289922,-0.8221151879636974,-0.8372512723658622,-0.6783393729525412,-0.9137489300445554,1.074188165777418,1.0263685117601211,0.8285290904323305,1.2194901894731376,0.5043772227672573,-0.1591970241713756,-0.2033567095188641,0.378225363924584,-0.7143258477527553,-0.7141625025966581,-0.643361571968275,-0.795533480235025,0.4757479060736222,0.0276693122171777,0.0733631618456943,0.3517967360479908,0.7139516352197318,0.223237748697355,0.0095148835962575,0.6228765426653609,related,9
CHEBI:16015,related,direct,acidum glutamicum,Mistral-Small-3.1-24B-Instruct-2503,-1,-0.3931857227550421,-0.7026557529349358,-0.609739599908919,-0.5669784905231156,0.3584568372178134,-0.089156406618493,-0.131971450027399,0.2198773826342236,-0.1229636366495694,-0.2558882993807462,-0.0599573919453233,-0.2588529416576445,0.2632181324353833,-0.2971213499258967,-0.3291543916443013,0.1182833950664854,-1.0463598866818475,-0.9224535839288208,-0.7177659190751499,-1.0905730643450842,0.6305627647863525,0.0336951332289202,-0.0460262460663556,0.5159849218643497,0.3745608980670154,-0.2476246758340242,-0.2642386587719644,0.2258371653105585,-0.7175530481916923,-0.7021603206468758,-0.6471566851102419,-0.7982263656292347,-0.1337258118484255,-0.402923152223932,-0.4687371349370314,-0.3044125380213228,-0.7046107571950034,-0.716781465371576,-0.5517206305874154,-0.8163704852745354,related,9
CHEBI:16015,related,direct,glutamic acid,Mistral-Small-3.1-24B-Instruct-2503,-1,0.6992756610909507,0.3341830323079584,0.1814552048639776,0.6799549176188969,0.8401705991131212,0.7497240446292963,0.5540795506296937,0.8900497560398694,0.8595196859156551,0.4810484408516112,0.0259077826369525,0.8825287877508404,1.16703969262088,1.2072887258962042,1.0894623291312855,1.2986203357643773,0.3291919933702865,-0.1244063864053944,-0.2055672315693074,0.1768027409302068,1.2135573978341905,2.019888925768491,1.8485024889168984,1.5606156573583287,0.7765133582185458,0.1933060658436939,0.1104476708053288,0.7372958883670764,-0.0643316097775548,-0.4884439576567359,-0.4566161614145871,-0.2138356486541183,0.7318949066787794,0.3165570431177441,0.3763979644448942,0.6904854946681502,1.0640265591623537,1.2885253275924544,0.8783734790883438,1.2837235134994325,related,9
CHEBI:16113,exact,direct,cholest-5-en-3beta-ol,Mistral-Small-3.1-24B-Instruct-2503,-1,-1.758682672693088,-1.15178897805267,-0.9238232403132828,-1.647444168176609,-1.0569299431381587,-0.9459965577011716,-0.7845695686725478,-1.117508389453425,-0.0672800591638514,-0.5385849162304464,-0.0775817393895391,-0.2039830288944455,-0.9509039911798232,-1.0529417357580997,-0.8994450182752503,-0.9718904472426774,-3.3319119882938915,-1.4442231582867844,-0.9745976491824876,-2.5772358164581304,-0.5328138059664135,-0.641331162589089,-0.5885315841471984,-0.6542247746080336,-0.2694628194647085,-0.6674829415824657,-0.6143853504020967,-0.4240356508517509,-2.3048254116485944,-1.0628897654151177,-0.932157636231686,-1.9799100605065767,-1.2164169034132997,-0.8627701362782949,-0.7655679727196548,-1.2176880112885575,-0.5009841664692307,-0.6585566804306043,-0.5173039790395226,-0.6524434041950912,exact,9
CHEBI:16113,related,direct,"(3beta,14beta,17alpha)-cholest-5-en-3-ol",Mistral-Small-3.1-24B-Instruct-2503,-1,-2.406847008788472,-1.2710008236122476,-0.9970556476490944,-2.08287623910978,-1.509272041626672,-1.048032486611827,-0.8610703044402496,-1.4594263302865491,-1.1222554039143455,-0.6604259650053051,-0.0921521730144477,-1.1427972894586176,-1.260696715141149,-1.1301669752140984,-0.943360942647956,-1.212890102567358,-4.104752893964273,-1.53734676614511,-1.0036517030247831,-2.9981734866605656,-0.5961148124346238,-0.6582353942642115,-0.6001667391320288,-0.706729445750196,-0.6396000113535276,-0.791268788589379,-0.6985428772073542,-0.7463386403407201,-3.3522858198128778,-1.1643156426833885,-1.0006990375007336,-2.662242292235605,-1.9863105360731808,-1.0053249053371025,-0.8760111693307499,-1.7655145572178077,-1.418360101295752,-0.8833509241818603,-0.6454386562131624,-1.3389137575200245,related,9
CHEBI:16113,related,direct,Cholest-5-en-3beta-ol,Mistral-Small-3.1-24B-Instruct-2503,-1,-2.105789415350092,-1.22160768024711,-0.972890121213614,-1.8849881624583689,-1.0569299431381587,-0.9459965577011716,-0.7845695686725478,-1.117508389453425,-0.0672800591638514,-0.5385849162304464,-0.0775817393895391,-0.2039830288944455,-0.9509039911798232,-1.0529417357580997,-0.8994450182752503,-0.9718904472426774,-3.3319119882938915,-1.4442231582867844,-0.9745976491824876,-2.5772358164581304,-0.5328138059664135,-0.641331162589089,-0.5885315841471984,-0.6542247746080336,-0.2842797725425879,-0.6706007528876861,-0.6163702741262751,-0.4374977697689294,-2.3048254116485944,-1.0628897654151177,-0.932157636231686,-1.9799100605065767,-1.2164169034132997,-0.8627701362782949,-0.7655679727196548,-1.2176880112885575,-0.5009841664692307,-0.6585566804306043,-0.5173039790395226,-0.6524434041950912,exact,9
CHEBI:16113,related,direct,Cholesterin,Mistral-Small-3.1-24B-Instruct-2503,-1,-0.6880479487282659,-0.812367461434718,-0.6962534044399297,-0.8268551106311328,1.161548921101471,2.254375391640404,2.143725010527443,1.561548967186855,0.4035615189496369,-0.1004477635877822,-0.0375274091730115,0.2976477772246892,0.2275702590425574,-0.4497873246884052,-0.4412147221896431,0.0812867988760877,-0.095765486272319,-0.5205575719691359,-0.4762163211774798,-0.2718645484075559,-0.1443725618505862,-0.4967514387910681,-0.4627531089176094,-0.3140285550464056,0.3340581003813438,-0.3687920587509479,-0.3670896379122764,0.1801923594715039,-0.0864547701392819,-0.6375492214396722,-0.6081698174622191,-0.2351677339051631,0.0172091097577,-0.5126917262629156,-0.4088780563321847,-0.1556725880204464,-0.2743326043667912,-0.6013810992910881,-0.4983663124057281,-0.4594152080256589,exact,9
CHEBI:16134,exact,direct,azane,Mistral-Small-3.1-24B-Instruct-2503,-1,-0.8315168353447819,-0.906644520104784,-0.7581099372383618,-0.9467895051938509,-1.3670054980037023,-1.0621555355057668,-0.8727580085590321,-1.3546778427276724,-0.1354778941491761,-0.3773301023776681,-0.0604586453935821,-0.2710778025913892,-1.0422012411565649,-0.7418341005147647,-0.6855071890495419,-1.0440137974992971,-0.5668597865589257,-0.7798466240615763,-0.6501586935127468,-0.7016756330509809,-2.0889252642733545,-0.945798059346316,-0.79829171787886,-1.7991304064719382,-1.941702349816744,-1.0057365848238604,-0.8681613280926305,-1.726094864812434,-1.3454334120096696,-1.0081518888606391,-0.8941987767280608,-1.2954073673761568,-2.051571692464019,-1.1453520743813306,-1.0108611942424364,-1.8093696939419992,-2.351037855920209,-0.9978675353296868,-0.7048548848434805,-1.9406376323823848,exact,9
CHEBI:16134,related,direct,Ammoniak,Mistral-Small-3.1-24B-Instruct-2503,-1,-0.0402597425620314,-0.5460704934047435,-0.4928258859412515,-0.2258086603502422,0.6813502192306629,0.2815020045558778,0.1638848941954541,0.6434756903908697,0.6309313804988306,0.0655169173940616,-0.0251410459153127,0.572649773725465,0.908829534016812,0.7269533502316874,0.5888201231754377,0.8921920524783804,0.5078876291707792,0.0129439366152724,-0.1262737615119955,0.3911584434061058,0.4553513077968508,-0.1129035255226544,-0.1643727562803899,0.3016135754592424,0.1173717819575535,-0.4180306650616343,-0.4100674295878915,-0.0513331635712722,-0.2128331709720216,-0.6892345185467357,-0.6319391666058176,-0.3546435530908201,-0.1427161098303642,-0.6749508080720202,-0.3740193095983455,-0.3130497048556664,0.0193695567962714,-0.4723099481041572,-0.4073149335285574,-0.1881350579008892,related,9
CHEBI:16134,related,direct,NH3,Mistral-Small-3.1-24B-Instruct-2503,-1,-0.1369077531182309,-0.6122886520676873,-0.5444926928431466,-0.3231285229770135,-2.3134481971629186,-1.2937686649329423,-1.021760275848047,-2.013235648656289,0.22111128778137,-0.2218737688996491,-0.0142209795901378,0.094215761233361,-1.259296880219425,-1.000549243249477,-0.8613106877896052,-1.2118238187729835,1.1575414301962623,1.669330393570403,1.3158973555329847,1.451671281765326,0.609760461647807,0.0341663891967409,-0.0389007109735704,0.4893258266067727,-1.8974802278059093,-1.0530768684727538,-0.9011864156418372,-1.6954832424734396,-1.14815435104141,-0.9504739802998732,-0.8511845537880469,-1.1443963429318793,0.6920197610732962,0.139574607434914,-0.0189676397865993,0.6340226196658962,0.0976325805682098,-0.454732040168173,-0.4105160412039866,-0.1108029866564017,related,9
CHEBI:16134,related,direct,R-717,Mistral-Small-3.1-24B-Instruct-2503,-1,-1.59519477465342,-1.1297857834066138,-0.8986153662876777,-1.5315652442126877,-1.6104704410181336,-1.1206957940768845,-0.908663311114113,-1.5325407298012754,0.2047735180186826,-0.2647508099932331,-0.0537909111775438,0.076616982352918,-1.2993269167668573,-0.8866295316123636,-0.7883530474485856,-1.2422401868572897,-0.5430253464060836,-0.7604935270856037,-0.5745982125449478,-0.6812138567942612,-2.3254538667039504,-0.9720938942941716,-0.8275068538548089,-1.9551687558314623,-3.149030009104545,-1.1688263087440798,-0.9895974737205414,-2.51850026460261,-1.373500232001552,-0.984607713257806,-0.8666120419705109,-1.316555305500047,-2.5827012829895466,-1.156378789301402,-1.0791558489913966,-2.154335116364116,-2.9780373269127867,-1.0850369777987388,-0.7423581564319869,-2.3118838514114906,related,9
CHEBI:16134,related,direct,[NH3],Mistral-Small-3.1-24B-Instruct-2503,-1,-1.2940203793146756,-1.0433262899616784,-0.850134301137513,-1.31032173776516,-2.4426670531735635,-1.3218897217696195,-1.046713370818548,-2.097157803480389,0.5622932739454168,0.0399318039781019,-0.0291964640768237,0.4866941098770124,-1.6705305379905098,-1.053497197744652,-0.9167535419140924,-1.5174518583318537,-0.3920904588053698,-0.6882712757237298,-0.5382718721753265,-0.5487225173718927,0.1734475651768963,-0.3354330605574369,-0.3415763696913663,-0.0055990969649505,-2.1567408224545064,-1.0922799567737047,-0.9298384303220584,-1.8730389688724047,-1.252382221646516,-0.9658467867241968,-0.8586660288933671,-1.2247080270045896,-0.6872968332143649,-0.7839382467806916,-0.7411636887045568,-0.7987740254533102,0.0907912934945932,-0.4673891411040595,-0.4161843799473829,-0.1176611828594169,related,9
CHEBI:16134,related,direct,ammoniac,Mistral-Small-3.1-24B-Instruct-2503,-1,0.9128785268809712,0.8432205801798099,0.6559976276366883,1.0450355921071062,0.8091215755561885,0.5569870444088216,0.3939581556180863,0.8390849847055398,0.7659750626908989,0.266890356755764,-0.0043788887660368,0.7507679591077122,0.9249341883839692,0.7907597473035026,0.6263036170725415,0.9151327564830972,-0.008064254355433,-0.4656450529649716,-0.4358742357284317,-0.1849260595740792,1.1337526756307683,1.3996804659674242,1.22717038812918,1.3506224745853972,0.9288356316252486,0.5455066204177335,0.3963737077480945,0.97340921101685,-0.2226863226983536,-0.7113105153814995,-0.650517648515509,-0.363796320701485,0.3313498232673413,-0.3416076195396514,-0.0071156640217516,0.1810585619483819,-0.0307290160958155,-0.4841753280906819,-0.4119125924521245,-0.2364111787659138,related,9
CHEBI:16134,related,direct,amoniaco,Mistral-Small-3.1-24B-Instruct-2503,-1,-0.8301068695475272,-0.91179286370584,-0.7666447463523951,-0.945629230760244,-0.8416539693135497,-0.8860932763354976,-0.7595041445623685,-0.9446239309811834,0.4300797990188437,-0.0400027041337474,-0.0378100630358293,0.3283750922387352,-0.7011125004080997,-0.7257916051068929,-0.647730446676784,-0.769225385844696,-0.4092110634591294,-0.7024199310067715,-0.5862082685640683,-0.5640150081529223,-2.2731526118733885,-0.9604189320851582,-0.8118408072225509,-1.9209375836402736,0.4489482000327411,-0.1651725955209505,-0.1998900073331659,0.3119509653069295,-1.2617075259589374,-0.9709741779606048,-0.8644080689443727,-1.2318348587318153,-2.4013283121249143,-1.1572023113220125,-1.0459017378432525,-2.038779496250244,-1.663460124361832,-0.897621759171393,-0.6563341743514306,-1.504232359000391,related,9
CHEBI:16134,related,direct,spirit of hartshorn,Mistral-Small-3.1-24B-Instruct-2503,-1,-1.2724690381986492,-1.0297262801271356,-0.8160814967032765,-1.2940654334238344,-2.093921357846709,-1.2237520224034917,-0.979072158555134,-1.867745158085416,-1.50174409532429,-0.7914525359640582,-0.1007991736396004,-1.443735682017513,-1.7489835448967128,-0.970438598135476,-0.8582276500548698,-1.5741852935721397,-1.004132087092832,-0.9543174712325846,-0.7422873640207285,-1.057889100701134,-1.933436614682828,-0.9121036062646894,-0.7829766250289922,-1.6947078353093783,-2.284555798388024,-1.0899390070166988,-0.9131426192162776,-1.958986546522586,-1.171674840807184,-0.922589035012602,-0.8192972943938274,-1.16262697483573,-2.6450764793809345,-1.2036287748784265,-1.065734514197525,-2.193582812956431,-2.595337028364909,-1.0202069396068416,-0.7078725262259445,-2.0878567815163795,exact,8
CHEBI:16199,related,direct,1728,Mistral-Small-3.1-24B-Instruct-2503,-1,-1.752903064373276,-1.18893464794781,-0.9413144506735716,-1.6433940068609465,-3.9492486433589233,-1.494066696247624,-1.155273556787266,-3.0023602089118384,-0.7180264522293999,-0.5956561111196221,-0.0832626561432203,-0.8043502391375257,-0.8867569040075969,-0.7473981666106223,-0.6440987337457662,-0.9206180321821298,-0.7967486881491722,-0.8592353289761862,-0.648602893172912,-0.8932174386280032,-2.8415893597132342,-1.0359675405915116,-0.8546587546378394,-2.285860373851325,-2.5863800682493188,-1.1078904384997534,-0.9411912492986116,-2.158300118952417,-1.4676193358826637,-0.9821567045374272,-0.8566370086049302,-1.386899074694186,-2.283827490893891,-1.1365363034612268,-1.0685976358928315,-1.9627186510454988,-2.114378241110514,-0.9424989393157776,-0.6772532522532257,-1.7944163714240473,related,10
CHEBI:16199,related,direct,Carbamide,Mistral-Small-3.1-24B-Instruct-2503,-1,-1.0494983818996495,-0.9586650702225936,-0.7905965013338131,-1.1221504917394431,-2.2839639331904897,-1.2410901515403467,-0.9892990670470287,-1.9939137091335328,-1.2280445028474232,-0.7742835349382702,-0.0986812449682809,-1.2281401548104744,-1.5075140686391575,-0.9486557498638432,-0.8297161350585232,-1.398035960088646,-0.6575019679815249,-0.801232058430576,-0.6326737122796843,-0.7784215099721498,0.3013570666997686,-0.2590689377975547,-0.2759569239390396,0.1290268557920222,-1.3837119615144626,-0.8661871042471899,-0.7349000037742016,-1.3283443508570338,-1.2108782637373698,-0.932963107484408,-0.8424031200043405,-1.1928733705004004,-0.3402231483758471,-0.6987567029613135,-0.7321794059752562,-0.497200240611663,-1.204068574588873,-0.8216884393270294,-0.6144648465080822,-1.1891285072342672,exact,9
CHEBI:16199,related,direct,E927b,Mistral-Small-3.1-24B-Instruct-2503,-1,-1.0576237617184443,-0.9710134672426411,-0.8099356377086753,-1.1285409546308256,-2.56777637681637,-1.3427512001788922,-1.0560264869125142,-2.177281557672272,-0.849654950946624,-0.6136822419956207,-0.0715712882948341,-0.9169027605185478,-2.1413878257335752,-1.1817109647418147,-0.9793638376162211,-1.851600040100492,-1.2313587919225797,-1.006005298651767,-0.7525759025261197,-1.2306762085743033,-2.445735781015023,-0.9854065529930396,-0.8373818269311745,-2.033348465279998,-2.841661002179241,-1.1065470818480432,-0.9337132185409038,-2.323368107138126,-1.9894996302780903,-1.0259042239103504,-0.9122163340276808,-1.7627203708578911,-2.4434824868307805,-1.183302813240817,-1.1127489703918731,-2.065832304080337,-3.383004059199813,-1.1421509179490974,-0.7812598125170447,-2.541495145298467,related,9
CHEBI:16199,related,direct,H2NC(O)NH2,Mistral-Small-3.1-24B-Instruct-2503,-1,-1.377538604820996,-1.0695165918221334,-0.8536823138043752,-1.372760721085872,-2.915247744362494,-1.412826481312821,-1.1009675823777263,-2.394459545918135,-0.4818765596012006,-0.5202413322198474,-0.0663777726314239,-0.5957796233529191,-2.461431739866992,-1.3620939739117053,-1.133639782503361,-2.0711108004602243,-1.4989419794626158,-1.0902541428102914,-0.797834598726472,-1.4252432737103984,-2.299608338974092,-0.9708025674617629,-0.8072322657302055,-1.9382713422294984,-2.8420520164335525,-1.1072505332143132,-0.9337504435291156,-2.3236187272650004,-1.675742728721154,-0.9075860153672574,-0.7998668108153936,-1.5395034438750668,-1.7245231529077905,-1.034465730422369,-0.9871149449783528,-1.5858975943693234,-2.3721159140272454,-1.0252342087858537,-0.720102173840076,-1.9534822263032057,exact,9
CHEBI:16199,related,direct,Harnstoff,Mistral-Small-3.1-24B-Instruct-2503,-1,-1.44634535287667,-1.0731606525183588,-0.8751180878131926,-1.423556495332333,-2.1304241315584664,-1.2168765011514155,-0.9804121350871629,-1.8922041442532456,-1.6714995730441446,-0.896909203724614,-0.1155445383757625,-1.5740995565257565,-1.5751980119799052,-1.0004685794229138,-0.8673253739358776,-1.4478766778968792,-1.2968267913161118,-1.040778966056578,-0.7709550306041111,-1.2791208884683276,0.0442560555025032,-0.4199380624750111,-0.4154570805153104,-0.1349799655096535,0.3799718992859625,-0.230359981831009,-0.2342370146894654,0.2319990853917501,-1.511719032324476,-0.9304092851797764,-0.8318830671390861,-1.4195644564295469,-1.0035307077045337,-0.982571149398541,-0.8921682289436101,-1.054172153313331,-2.3843268219552938,-0.9791345123134608,-0.693406112397302,-1.9609105816848555,related,9
CHEBI:16199,related,direct,Karbamid,Mistral-Small-3.1-24B-Instruct-2503,-1,-1.7520013258924874,-1.1358958636215082,-0.9041934514507796,-1.6427618000140836,-1.7786125946238598,-1.145782484829322,-0.93338701452339,-1.6516414645378208,-0.4317829685896896,-0.5843812482072975,-0.0678920482878761,-0.5503138081442224,-1.286868877421066,-0.8704677497981897,-0.7744022273079972,-1.232790733530047,-0.8678198338089164,-0.8960260164377627,-0.6865141159670037,-0.9504598008738692,0.1296041033708811,-0.3684097252181237,-0.3700147941472333,-0.0501935942066212,-0.9792287135876324,-0.793950284583852,-0.6872546228758207,-1.0209837349847894,-1.3908307333440124,-0.954443929162598,-0.8553875251134401,-1.3295737504033698,-1.1105678686650706,-0.9143128607710528,-0.8975660911076643,-1.1371556107933154,-1.870575988220188,-0.934111091655549,-0.6809875148753506,-1.6395745383801597,related,9
CHEBI:16199,related,direct,carbamide,Mistral-Small-3.1-24B-Instruct-2503,-1,-0.9038074781785842,-0.9184386310909772,-0.7768797226614994,-1.005814718916795,-2.2839639331904897,-1.2410901515403467,-0.9892990670470287,-1.9939137091335328,-1.2280445028474232,-0.7742835349382702,-0.0986812449682809,-1.2281401548104744,-1.5075140686391575,-0.9486557498638432,-0.8297161350585232,-1.398035960088646,-0.6575019679815249,-0.801232058430576,-0.6326737122796843,-0.7784215099721498,0.3013570666997686,-0.2590689377975547,-0.2759569239390396,0.1290268557920222,-1.0667111196260672,-0.7758589297064162,-0.6815896680629082,-1.0890938318840528,-1.2108782637373698,-0.932963107484408,-0.8424031200043405,-1.1928733705004004,-0.3402231483758471,-0.6987567029613135,-0.7321794059752562,-0.497200240611663,-1.204068574588873,-0.8216884393270294,-0.6144648465080822,-1.1891285072342672,exact,9
CHEBI:16199,related,direct,carbonyldiamide,Mistral-Small-3.1-24B-Instruct-2503,-1,-0.99148051414072,-0.9483451032412976,-0.7755141426316187,-1.076226522897979,-2.7653725087251475,-1.309936722860593,-1.0343214570395085,-2.3017065289847705,-1.526117206057371,-0.7935717444496422,-0.1025772331834018,-1.4626010606982784,-1.933726533439828,-1.1259995696967966,-0.9579577999314224,-1.7060442320498492,-1.4964699396135812,-1.0859849474245868,-0.7969123720871121,-1.4234859651547762,0.1232126975582264,-0.3678620564944058,-0.3677331429585074,-0.056633548035285,-1.8674752862263515,-0.9930114193655456,-0.8491819142799961,-1.6746323387990705,-1.3187639214218343,-0.932913987722212,-0.8360637130133113,-1.2752373219620858,-0.8379207831584243,-0.8392104222154989,-0.8244092373379577,-0.9224489148118108,-1.540360818056589,-0.8724404352348677,-0.6456606766037426,-1.421947752290201,exact,9
CHEBI:16199,related,direct,ur,Mistral-Small-3.1-24B-Instruct-2503,-1,0.6101641541058761,0.0816635944991175,-0.0346526363111287,0.5483360418181045,0.0684288423689214,-0.4531682517615249,-0.4328043470715392,-0.1054242788613035,0.370911764559806,-0.106943540235458,-0.0276393755301839,0.2602464701190287,0.3414155814155608,-0.0469590562232993,-0.0892204042082917,0.2010204321678728,-0.0687502396004393,-0.5114072268484556,-0.4999610498984653,-0.2453537069354885,-1.7877111550258056,-0.9178848241123972,-0.7844253333329221,-1.5953573064061817,-0.096467756983855,-0.5718632715590821,-0.5036515565428433,-0.2627582583386819,-1.2428482221065578,-0.9027554500955106,-0.751949360909157,-1.2174119293074828,-0.4787492283494591,-0.75550303470023,-0.7730214259683001,-0.6206129574444116,-0.2735828389332443,-0.5589174053834093,-0.4685201874335954,-0.4587555194782457,related,9
CHEBI:16199,related,direct,uree,Mistral-Small-3.1-24B-Instruct-2503,-1,0.2673144235675067,-0.3515719975540801,-0.353343114414988,0.1091756174778562,-1.1115683969176595,-1.0201315670644853,-0.8274635687954727,-1.1602559486061543,-0.7129779536016101,-0.59396865571981,-0.0866858165533816,-0.7999836797134664,0.2570306818802627,-0.123756385668871,-0.1514418609336008,0.1118305503409793,-0.5885808919457226,-0.779034489366936,-0.6252447562543318,-0.7202193008833778,-1.2227996443738929,-0.8065469376000212,-0.7011873615804304,-1.1938380361389047,0.5906205335826962,-0.0404665039614718,-0.0637722498182476,0.4853986069404813,-0.5186014929175048,-0.7669875550891715,-0.6890564383328885,-0.6290401044723947,-0.0898444933826701,-0.6105356948832219,-0.5829833663606118,-0.2619093413725802,-0.2125391355449676,-0.5346924700102819,-0.4546900536064652,-0.4045298465273765,exact,9
CHEBI:16375,related,direct,(2S)-2-amino-3-mercaptopropanoic acid,Mistral-Small-3.1-24B-Instruct-2503,-1,-1.0955955033273514,-0.947897118003565,-0.783576543886059,-1.1582740975017718,-0.0344414812833028,-0.4051171706547456,-0.4050215093489162,-0.212067354558437,-1.6827638287490372,-0.7599547261504376,-0.1029965215699094,-1.582667497556537,-0.9242489718569828,-0.7809962141521907,-0.6780725568867849,-0.9506467191064344,-0.4663337674881759,-0.6464029589622947,-0.5257040340379521,-0.6145395389477978,0.1473369648627567,-0.3685731795889288,-0.3564270030922669,-0.0322457788187704,-1.3834497903303933,-0.8422090836347219,-0.7348072299631001,-1.328150941655004,-1.021218289190826,-0.4497329487018704,-0.3677355688866774,-1.044876804377009,-0.8098225275779457,-0.7024357276308798,-0.6549765297417509,-0.8996705644608479,-1.124988187811609,-0.8153127750651861,-0.6128771717747087,-1.132465388997683,related,9
CHEBI:16375,related,direct,(2S)-2-amino-3-sulfanylpropanoic acid,Mistral-Small-3.1-24B-Instruct-2503,-1,-0.9407572031593036,-0.8995333146138399,-0.7468158997169488,-1.0356423833495552,-0.0960518514646282,-0.445493070902032,-0.4346319079781288,-0.274125698544728,-1.6385861945073372,-0.760075442621265,-0.1030441074368585,-1.5490074892997798,-0.9696227901652844,-0.8642955657477579,-0.7395326181389137,-0.9867578365665156,-0.4846839094444711,-0.6597934993802601,-0.5387068761562797,-0.6306112789916436,-0.0404679118625683,-0.4585957661330087,-0.4446778901725676,-0.2167272778545569,-1.121453115229702,-0.8182353373135386,-0.7128110303011135,-1.1312270746534303,-0.9994245447151876,-0.4516145121266005,-0.3985938758844209,-1.0275909031970154,-1.283684720621194,-0.8275018173017721,-0.7924079208156698,-1.2681212661413674,-1.4464187697159496,-0.8761295790671686,-0.6524022411828727,-1.3581472529199088,related,9
CHEBI:16375,related,direct,(S)-2-amino-3-mercaptopropanoic acid,Mistral-Small-3.1-24B-Instruct-2503,-1,-0.8922371375484496,-0.8827206830893755,-0.7322070153758301,-0.9964277347203648,-0.0276737990108703,-0.3828799871484032,-0.3789710020221267,-0.2051707320425403,-1.5588985800943054,-0.7324161371851154,-0.0984084105448859,-1.487894526761105,-0.9035663904111164,-0.787392268042575,-0.6889797007830174,-0.9341029516857048,-0.5314063269408222,-0.677393585984406,-0.5476850689324642,-0.6711951165687609,0.0351698084671619,-0.4317655977689545,-0.4107994888252961,-0.1438579322020837,-1.3367657871229646,-0.8438587142181727,-0.735281419758126,-1.2936004577378468,-0.9291773401281846,-0.4198819372088104,-0.312543401830293,-0.9714567609887588,-0.7123725872150377,-0.672898931700554,-0.6386742204197247,-0.8196373801709356,-0.9469650804180664,-0.7704952310292416,-0.5894407718205175,-1.001857787820873,related,9
CHEBI:16375,related,direct,D-Amino-3-mercaptopropionic acid,Mistral-Small-3.1-24B-Instruct-2503,-1,-0.6086066657441852,-0.7749438530530812,-0.660424436632089,-0.7587210504688693,0.1705971597360878,-0.2482169707579756,-0.3001535696113931,0.004650412891856,-1.5785099075127311,-0.7499354290014806,-0.0997299706334841,-1.5029830099304515,-0.6753568484018495,-0.7374766408893129,-0.6569845665635383,-0.7478445384045537,-0.4584357730404299,-0.643658754057078,-0.5419069704452432,-0.6075987253893936,-0.1483497915297926,-0.5059967120198128,-0.4644536456234369,-0.3176929488984453,-1.5540559555057076,-0.8871961886046615,-0.7707453583370754,-1.4526094260252014,-0.2865793196666043,-0.1991924717150819,-0.1398500342059803,-0.4226120146051466,-0.2471875758595096,-0.4988992813953747,-0.5378757362630371,-0.4117423063365864,-0.5837246263505198,-0.6638216568407608,-0.541838185625817,-0.7200358737629193,exact,9
CHEBI:16375,related,direct,D-Cystein,Mistral-Small-3.1-24B-Instruct-2503,-1,0.6917773962372071,0.3464597155347416,0.2065466438974439,0.6685063507743034,0.8874240088982639,0.8130565990355146,0.6296088548644417,0.9707392827863496,0.7084041672244917,0.2145671205110975,0.0199937381272452,0.6732482036450523,1.160057719026513,1.2851990635072712,1.1465941481136843,1.2862828949651814,0.5597161919147429,0.167673623941514,0.0449259621461755,0.4571522588353232,0.1482721348552188,-0.3521967453074701,-0.3220605150267042,-0.0312959615921424,0.9054750782503442,0.6108367805193083,0.5341249116771529,0.9349186729603474,0.4795271756883792,0.2954585653028993,0.2060078041982547,0.3608883989396023,0.6359118947079625,0.187460724017641,0.0281749960194201,0.5571604127451376,0.5987725970765756,0.0045960456095542,-0.1251153490137305,0.4619283607357414,exact,9
CHEBI:16375,related,direct,D-Zystein,Mistral-Small-3.1-24B-Instruct-2503,-1,0.6584506159160016,0.2887749329296059,0.0954527394841842,0.6184862299546984,0.7346825064488063,0.4831200209806186,0.3421710462646083,0.7226145989306874,-0.1730606913360042,-0.4545749270642701,-0.0559693972645598,-0.3075643228035066,0.8379683176149955,0.520293159801542,0.3471862477894032,0.7941378675543624,-1.310956746362298,-1.0265143757712123,-0.7512774770092077,-1.2895027165466812,-1.0047460686406584,-0.7575685201028606,-0.6481860192183264,-1.0302869166795106,0.6000851987394605,0.0925444290231616,0.0375800618080473,0.4974899111805994,-0.3006689356371747,-0.2810987018966208,-0.2928980215768574,-0.4354602866398665,-1.107677619401316,-0.8573232627548517,-0.8410433702211244,-1.1349357750228355,-0.3669583060997377,-0.5939928193207935,-0.4941202006778638,-0.5397921491027567,exact,9
CHEBI:16375,related,direct,DCY,Mistral-Small-3.1-24B-Instruct-2503,-1,-1.6062367257342876,-1.1107684944753036,-0.8775752020807066,-1.5394796810706382,-1.1281004896196467,-0.9891522365259032,-0.828382341812124,-1.1731055103627566,-0.2709079685216302,-0.4412168176064071,-0.0699168233293017,-0.4010305489276734,-1.0252856818318263,-0.8372974984057093,-0.7505599747416076,-1.0307237981751507,-1.2506921315461046,-1.0127291102706262,-0.7168936412630154,-1.2450417381195105,-2.559057163082485,-1.0011696499441127,-0.8311667623330532,-2.1063486231726114,-1.381926506436641,-0.8768517073278094,-0.7614232387199724,-1.3270270470146983,-1.7640247199501038,-0.9786987413705404,-0.8529100190429371,-1.603097203005426,-1.5952318589814656,-1.0331684061062936,-0.9606622525021494,-1.4948295088274164,-2.274066926192043,-1.000226183990414,-0.711014140400971,-1.893491628829653,related,9
CHEBI:16831,exact,direct,3-hydroxy-3-methylpentanedioic acid,Mistral-Small-3.1-24B-Instruct-2503,-1,0.6968276879291491,0.3394312346171328,0.2029242635193257,0.6762091629806272,1.0630226496158544,1.590951825093185,1.4291795070395557,1.3159145009850015,1.1732874547635448,1.4654622330655276,0.1518959430247554,1.4007635371650131,1.3170612052530122,1.697243237919921,1.556118345608155,1.5922626271516438,0.253861765068543,-0.1454969475386622,-0.2148798743851019,0.0916906384340909,0.5113831645147885,-0.0651052210593911,-0.1257657809072039,0.3678156792406762,-0.0216270578848711,-0.4424158316906724,-0.42579319526409,-0.1904214692036565,1.0356002525626846,1.4795088470481357,1.3563562653566963,1.1217976006324737,-0.3275176326289486,-0.4208265091888508,-0.4603741321679898,-0.4856569792554521,-0.0065466298069357,-0.4760684351035705,-0.4152071005967522,-0.21322269627739,exact,9
CHEBI:16831,related,direct,(S)-3-Hydroxy-3-methylglutaric acid,Mistral-Small-3.1-24B-Instruct-2503,-1,0.9360136461459848,1.0389889942926347,0.8165780211068147,1.0905469851964185,1.1215229145187986,1.978201449587904,1.823611734458476,1.454993278839214,1.3632954246154934,2.671103796656745,0.2776872668281854,1.824277539123775,1.3529503023933207,1.912084346355372,1.869100821891717,1.6733037059645903,1.0755643534892476,1.4363410459528034,1.0643949595357054,1.2729436559193337,1.0248485361263189,0.8709808199979139,0.6726925777604188,1.1215057455040272,0.9940122849935804,0.6757311750008306,0.5536110730958618,1.086304677314235,1.2102498106499473,2.235668665345231,2.0825602220981043,1.4414402507104058,0.7980618127152215,0.7092051567460539,0.5124798686965095,0.7879835668574511,1.074081052949457,1.2644962906700157,0.8391863712497907,1.3108086679833837,exact,9
CHEBI:16831,related,direct,(S)-Meglutol,Mistral-Small-3.1-24B-Instruct-2503,-1,-0.5287350233772147,-0.7371531132977877,-0.6454354877389911,-0.6888735543371174,-1.2591613355729432,-0.94953214475399,-0.7961452132454817,-1.2736388224337436,-0.27049617605847,-0.3434588070551738,-0.0546641585114137,-0.4006416286894237,-0.881895979289651,-0.8522678540479474,-0.7300388997108179,-0.91671188096862,-1.3167392451700048,-0.9972169185041376,-0.7021087931269813,-1.2937438899708746,-1.2462218686503284,-0.8095741716440681,-0.6855153720120056,-1.2110863896285504,-0.6785375288282477,-0.7561359166085019,-0.6789006507730407,-0.7787362675144225,-0.4846437980368587,-0.2251171675104142,-0.2197540270731767,-0.5994794989742493,-1.6926460554751708,-0.8858703300666719,-0.8535146038025437,-1.5635968376709684,-2.091497237081376,-0.9800919395830888,-0.6990274723700473,-1.7800743069680214,related,9
CHEBI:16831,related,direct,3-HYDROXY-3-METHYL-GLUTARIC ACID,Mistral-Small-3.1-24B-Instruct-2503,-1,-0.4526608332708975,-0.6944464137596519,-0.6164357261122754,-0.6210070120638443,1.252921562168998,3.558524136252901,4.14663326818202,1.8661989944535773,1.402840586073026,3.094895925621446,0.3352899952600301,1.9349863087250685,1.3598229266828017,1.9564930891547605,1.814805759671824,1.6894733887540958,0.8305579774375973,0.6886140455727198,0.5129320864225384,0.8398592080240945,1.015372856772034,0.8380411486414474,0.6662316709837024,1.1035705998543317,-0.0157883466004673,-0.4923285417411026,-0.477389446217153,-0.1847068012253165,1.4283304584547354,4.350672957078356,4.722259921301951,1.999994094561544,0.7481926812805795,0.5930857492524503,0.4827136104148152,0.714040214292609,0.6186813719954378,-0.0068434383736824,-0.1479087014084708,0.4886382606920009,exact,9
CHEBI:16831,related,direct,3-Hydroxy-3-methylpentanedioic acid,Mistral-Small-3.1-24B-Instruct-2503,-1,0.615174816581623,0.1940505725222069,0.0620358732377357,0.5554954871525826,1.0630226496158544,1.590951825093185,1.4291795070395557,1.3159145009850015,1.1732874547635448,1.4654622330655276,0.1518959430247554,1.4007635371650131,1.3170612052530122,1.697243237919921,1.556118345608155,1.5922626271516438,0.253861765068543,-0.1454969475386622,-0.2148798743851019,0.0916906384340909,0.5113831645147885,-0.0651052210593911,-0.1257657809072039,0.3678156792406762,-0.0337024261389843,-0.450611700200295,-0.4390137140353331,-0.2022067839324554,1.0356002525626846,1.4795088470481357,1.3563562653566963,1.1217976006324737,-0.3275176326289486,-0.4208265091888508,-0.4603741321679898,-0.4856569792554521,-0.0065466298069357,-0.4760684351035705,-0.4152071005967522,-0.21322269627739,exact,9
CHEBI:16831,related,direct,Dicrotalic acid,Mistral-Small-3.1-24B-Instruct-2503,-1,-0.8462373510377179,-0.8628873198076965,-0.721010974816212,-0.958882209479952,-0.5786904911093872,-0.6977248057452767,-0.6030501974344981,-0.7224887635010622,-1.1156801943507086,-0.7721525747393491,-0.101087857023107,-1.1374526332290336,-0.4358618028516171,-0.7277168405977904,-0.6482007645844721,-0.5441035427851458,-1.878754479624425,-1.1458532983980143,-0.8042686641983446,-1.687279864213895,-2.117826352517421,-0.9492588342963127,-0.810816554718807,-1.8183714122091723,-1.152324077952282,-0.8560591881378496,-0.74732450994169,-1.1548289562463832,-1.514804495957826,-0.7709211468105069,-0.6582291903214789,-1.4218430707380203,-2.7539894785972447,-1.1185610961864103,-0.9652702343342162,-2.2615382707450165,-1.0336550961344333,-0.8065768589023723,-0.6004137381218716,-1.0660074519401972,related,9
CHEBI:16831,related,direct,beta-Hydroxy-beta-methylglutaric acid,Mistral-Small-3.1-24B-Instruct-2503,-1,0.9965323260216428,1.305865252475815,1.1351052824487649,1.2177454751386043,0.7196033493213141,0.4734122699020514,0.3239931004253755,0.6999015495792456,1.2812621325735258,2.000403178135438,0.191933967065416,1.6244967711510525,0.9783150788264487,0.3793205984082397,0.2368316196749069,0.9931009120139896,0.9621184688089018,1.0254603500083257,0.6838823130904417,1.0579372232380353,0.8034984766620302,0.3113142536872539,0.183086544787057,0.75384263321397,0.8111040529975238,0.2871504620815514,0.2056738434869567,0.7881069976073447,1.1109011073902764,1.6502037431093846,1.5290683023176166,1.2517244345997194,1.1200726113459794,1.8238830733560505,1.6668804887579232,1.3673602225751262,0.8801802563678636,0.4519469860271383,0.1836377980564901,0.8912333987454917,exact,9
CHEBI:16831,related,direct,beta-hydroxy-beta-methylglutaric acid,Mistral-Small-3.1-24B-Instruct-2503,-1,1.042477883078634,1.5666574132655862,1.3677782886688197,1.3242075925305192,0.7196033493213141,0.4734122699020514,0.3239931004253755,0.6999015495792456,1.2812621325735258,2.000403178135438,0.191933967065416,1.6244967711510525,0.9783150788264487,0.3793205984082397,0.2368316196749069,0.9931009120139896,0.9621184688089018,1.0254603500083257,0.6838823130904417,1.0579372232380353,0.8034984766620302,0.3113142536872539,0.183086544787057,0.75384263321397,0.9592682832702636,0.6300191686412966,0.5179321981006927,1.025048794862823,1.1109011073902764,1.6502037431093846,1.5290683023176166,1.2517244345997194,1.1200726113459794,1.8238830733560505,1.6668804887579232,1.3673602225751262,0.8801802563678636,0.4519469860271383,0.1836377980564901,0.8912333987454917,exact,9
CHEBI:16831,related,direct,meglutol,Mistral-Small-3.1-24B-Instruct-2503,-1,-1.2982189904831278,-1.0133676305969486,-0.8386044378601256,-1.3134817707935271,-1.4250941884253625,-1.0152214754968782,-0.8408328709223543,-1.3977345007485185,-0.0846769437476759,-0.2910256249908461,-0.0576051316809285,-0.2212102301878506,-1.5280496223679674,-1.068974310272824,-0.885993571175905,-1.413197890990306,-2.448434334135249,-1.2864732898000852,-0.9040148882356752,-2.054696127115564,-1.3970287735510605,-0.8426481973246626,-0.7190640588156476,-1.3207885084083075,-1.0104083288550654,-0.8418479428195311,-0.7341273262729385,-1.045371491618276,-2.544408021608554,-1.0142202277510264,-0.8574323014004441,-2.1408046109669217,-1.9986085717111648,-0.9814890949356164,-0.9406312494058392,-1.7738056409373282,-2.0777413892303827,-0.9762764463024196,-0.6948907678478143,-1.7714337536362026,related,9
CHEBI:16831,related,direct,meglutolum,Mistral-Small-3.1-24B-Instruct-2503,-1,-1.4538547417209249,-1.0552931061269628,-0.8559938979513696,-1.4290660775064536,-1.188277338117104,-0.9467942109273614,-0.7978544566669337,-1.2195549529016525,-1.7122806891703115,-0.8110177289279683,-0.1104160710777018,-1.6050723484961995,-1.5728226338213336,-1.1066379719325286,-0.9208508503687812,-1.4461338741005694,-2.4925701854608886,-1.296741480059479,-0.9029056036545824,-2.0820548891332344,-1.4061188236363913,-0.8442566582279246,-0.7279576522572924,-1.327329118557802,-1.2852142884327695,-0.9153475645690634,-0.7985651565137419,-1.2551861601387173,-2.267518329427644,-0.9775120831820044,-0.8413772122752764,-1.9545504743801008,-1.9620761927535468,-0.9687853501768612,-0.9420514404460822,-1.749139201238575,-2.23616842497604,-0.9944007290225064,-0.7043570199955058,-1.8701356999769745,related,9
CHEBI:17033,related,direct,"8,12-bis(2-carboxyethyl)-2,7,13,17-tetramethyl-3,18-divinylbilin-1(19)(21H,24H)-dione",Mistral-Small-3.1-24B-Instruct-2503,-1,-2.603845232992775,-1.2713050881511234,-0.9887558298217508,-2.2087908433792047,-1.4144740136969878,-1.010645036922237,-0.8255929839573977,-1.3898927068202542,-0.5809888478395439,-0.420076221567672,-0.0652124746315484,-0.6844291216841769,-2.467140224084793,-1.2029222042447605,-0.997894509670882,-2.074978232705865,-2.6338718967967454,-1.3066573967454038,-0.9095831448457604,-2.168679628662218,-1.140530926082158,-0.7690766388965601,-0.6832501839131259,-1.1327792886812096,-0.9922899759678412,-0.7952392639743108,-0.699507356409522,-1.0312153167169595,-2.829768442913717,-0.9993479469080064,-0.8331232929518775,-2.328396604289723,-2.3223829728484,-1.0299551656198649,-0.9734728520483378,-1.9877844402716232,-1.582171722243792,-0.8742327534425939,-0.637829700422109,-1.4500589395916252,related,9
CHEBI:17033,related,direct,BILIVERDINE IX ALPHA,Mistral-Small-3.1-24B-Instruct-2503,-1,-1.6495236490591771,-1.0931548234311328,-0.8706162863613414,-1.5703806322565377,0.0967863241293824,-0.3635653399542526,-0.3695736534756914,-0.0753102614063396,0.6677183021587286,0.2621325126476341,-0.0039725252245505,0.6199159911781906,0.0440395324562306,-0.2376914388909747,-0.2731839515611317,-0.1028070749453669,0.2057801578300216,-0.254309440288204,-0.2808524388855609,0.0387784566211195,0.5525952960329449,-0.0161308782347901,-0.0763984693404411,0.4178487813879429,-0.5059966789431223,-0.6091220907916943,-0.5532966573524214,-0.6331428283160042,0.0956433014553864,-0.4355553414200406,-0.4189848272630446,-0.055486220392785,0.6160368736763262,0.1503869903178454,0.2507586001547379,0.5306018912303719,0.1387804093375819,-0.3917556859352633,-0.3735869725989315,-0.0691340692168528,exact,9
CHEBI:17033,related,direct,Biliverdin IX alpha,Mistral-Small-3.1-24B-Instruct-2503,-1,-0.102666719826912,-0.5073157301877922,-0.4709188744568666,-0.289021112384995,0.6042731906649385,0.1924581832419553,0.0877282391745329,0.5344830755576875,0.6095882156185161,0.2190078777708698,-0.0079764800563602,0.5456197603431054,0.3998547986919228,0.064157629394854,-0.0536644026912275,0.2643737108017331,0.3952066938842781,-0.0645459720154568,-0.1449301192866855,0.2538094011220297,0.6406598625089505,0.0822531429715143,-0.0139675878888734,0.5290574954384637,0.2555364036932819,-0.2017148347629734,-0.2033715027169323,0.09396449324002,0.4510820650498612,-0.154968391798774,-0.1929784930332187,0.327874566478363,0.8877245937335639,0.6824080842509171,0.5084976779305914,0.9290332941966758,0.5703970972894148,-0.0496028594827741,-0.1657585822092887,0.424566683052241,exact,9
CHEBI:17033,related,direct,Biliverdin IXalpha,Mistral-Small-3.1-24B-Instruct-2503,-1,-0.3507386607137244,-0.6436575380484869,-0.5705535408536544,-0.5278689593000969,0.2833483771616261,-0.1958434739829637,-0.2098144306112597,0.1316307384426122,0.1255038537131198,-0.2369100361331375,-0.0351603476560081,-0.0074823857394459,-0.1101966382155326,-0.3092271940481635,-0.2997156549807495,-0.2502758835621348,0.2007345170542386,-0.2632578588316239,-0.2955649682159026,0.0332862716228778,0.7136343069309085,0.1771167265966616,0.0755849576324421,0.6263233330614608,0.36459064617892,-0.1178647319885053,-0.1394778828954891,0.2145233828270362,0.4253260437366546,-0.2061354007812487,-0.230916699938222,0.2983246489987414,0.8398842843148842,0.5719121459037634,0.3853276491521617,0.8523721411857901,0.5824815822778766,-0.0351541429825477,-0.1583829284804796,0.4403795173554549,exact,9
CHEBI:17033,related,direct,Biliverdine,Mistral-Small-3.1-24B-Instruct-2503,-1,-0.2756127907984603,-0.6102804981963418,-0.5498449534858301,-0.4574630052696167,0.3898646294735258,-0.0638246376305839,-0.135907087272155,0.2577448987370542,0.8532619798866978,0.5194033336993293,0.0279274260148853,0.8734678209985193,0.6790829585197659,0.377949649051115,0.2737757639996835,0.5888084196301702,0.8921385645160829,0.752155774189013,0.460560954969109,0.938532147045698,1.0868587874280318,1.1437416427588494,0.983292809187556,1.2460639630445838,0.8496505562179321,0.4790544147044906,0.3732102610347954,0.8465240714732654,1.2002871794599892,1.2154818639650011,1.0788892353864008,1.4212656758349154,1.0169615569787005,0.9960976099862796,1.404213239526541,1.1562476520509737,0.5993009933628467,-0.0166573413458606,-0.1370145259787915,0.4626318526912523,exact,9
CHEBI:17053,exact,direct,(2S)-2-aminobutanedioic acid,Mistral-Small-3.1-24B-Instruct-2503,-1,-1.0718325738478796,-0.9571704065683188,-0.7909509140490161,-1.1396920594204636,0.2282556383414627,-0.1932578042006994,-0.2284884067907971,0.0688115999494766,0.4757506620054607,0.1813232787912533,-0.0075954770118673,0.3820660797899563,-0.0675323891998362,-0.3400856437178501,-0.3531111581279169,-0.2100808168562345,-0.2433121234505797,-0.5258093764399228,-0.4452977485876004,-0.4127388577706763,-0.1923130494104827,-0.544117329047528,-0.4834983009718334,-0.3579190594149366,-0.9431538771134568,-0.7148661458648372,-0.6254243703388849,-0.9926067245844888,0.0030769487168618,-0.0320961024230689,-0.0475143326185441,-0.1480158088381921,-0.9718552056942188,-0.6942367023090404,-0.6799404819650758,-1.029300531758054,-0.6568197899593664,-0.6813130515813813,-0.5289911359315504,-0.7786137641704273,related,9
CHEBI:17053,related,direct,(S)-2-aminobutanedioic acid,Mistral-Small-3.1-24B-Instruct-2503,-1,-0.7721856414561611,-0.8569557854208236,-0.7275255630972604,-0.8976563816647172,0.1213285881039042,-0.2703535820315244,-0.2942602297251461,-0.0489817690523461,0.6141618059289791,0.3228206789666151,0.0070996458570448,0.5513883907709608,0.1421913866122847,-0.24219900848791,-0.2690843430176214,-0.005624228633133,-0.2142462073584781,-0.5067989556135186,-0.4281808820105202,-0.3854871513056421,-0.2402425081254092,-0.5630687838997094,-0.5036809917432297,-0.4012102260033443,-0.923221527961965,-0.7203223183099255,-0.637023036324077,-0.9768522684117802,0.1721288804786443,0.0796633413923114,0.0832074601258343,0.0230044598347155,-1.0182779132603077,-0.707818199381213,-0.6800890794269118,-1.0657017009331484,-0.4599632766514432,-0.6091016543768013,-0.5006641768922678,-0.6183959806000787,exact,9
CHEBI:17053,related,direct,(S)-2-aminosuccinic acid,Mistral-Small-3.1-24B-Instruct-2503,-1,-0.4174798227814087,-0.7029033538384079,-0.6242952817588518,-0.5891541465771257,-0.1238199275056657,-0.4364248621383443,-0.425817247794652,-0.3016827727124977,0.7679397360782191,0.5145936923373782,0.0183265347192151,0.7534585702671149,0.0306481333133039,-0.31109942899751,-0.3176904582378093,-0.1158553611302149,-0.3687076413172551,-0.5980889749523765,-0.4985789973085638,-0.5277220771540335,-0.1072403423613576,-0.5036848468253682,-0.4609122332115093,-0.2796085757353673,-0.4723270490238838,-0.6204240937082866,-0.5501284160436586,-0.6040898480583046,0.0998020548303546,0.0254316683191617,0.0322094274509753,-0.0512674515079968,-0.6546255070080543,-0.6004153464110308,-0.6255858713306712,-0.7714192351970622,-0.0268934989123646,-0.4414861635935231,-0.3989371560030367,-0.2327472493692473,exact,9
CHEBI:17053,related,direct,2-Aminosuccinic acid,Mistral-Small-3.1-24B-Instruct-2503,-1,-0.3255525556982661,-0.658749094835213,-0.5951299711666529,-0.5044379608177917,-0.1547237351607115,-0.4759011692485073,-0.4630811969631747,-0.3320628061698743,0.5507299876387717,0.2351428584820052,-0.008756240515914,0.4724822640110661,0.0811507207043283,-0.2988505069180485,-0.321278463416831,-0.0663877778919406,-0.4629368735697473,-0.6493397315112077,-0.5358920636493678,-0.6115560644546323,-0.4286231666191716,-0.6230892773630659,-0.5602715776718614,-0.5661717423685979,-0.3898625912939095,-0.5716865057010849,-0.510166043189755,-0.5319703314434104,0.4799553185907735,0.29438912876354,0.1812487772789006,0.3613884244334161,-0.4737493759253434,-0.546176938025067,-0.5941602547814864,-0.616233177681214,-0.0273398492909043,-0.4281306534415932,-0.3936090436875952,-0.2331738995784115,exact,9
CHEBI:17053,related,direct,ASPARTIC ACID,Mistral-Small-3.1-24B-Instruct-2503,-1,-1.3824053506695082,-1.02567057806153,-0.8386054605337143,-1.376372340608616,0.6947962798786456,0.4186457097533897,0.2659493159991625,0.6631206527944981,0.0156557126221448,-0.2427655069708718,-0.0480607378812581,-0.1207503603666202,1.0311111347843698,1.0242905741557276,0.8419766341430267,1.0734317134453562,0.5984152842717012,0.2224081353219063,0.0488859175167269,0.5077242318038871,1.2283242606391152,2.209416914304397,2.074497207287904,1.6061930720374673,-0.1363821984975018,-0.5142182744959122,-0.468278930829661,-0.3006740154924918,-0.0542375054817246,-0.4751789015676635,-0.4384391990428029,-0.204059049871439,0.7455955317442895,0.3323181865604205,0.2912550261294544,0.710267308848441,1.080324282117031,1.4345420104426017,0.9979006721319224,1.3281095132111107,related,9
CHEBI:17053,related,direct,Asp,Mistral-Small-3.1-24B-Instruct-2503,-1,-1.127045805499252,-1.0015683585121384,-0.7920201190280949,-1.182740232179364,-1.549585373790618,-1.1163971506738473,-0.898262537217758,-1.4886865200036723,0.0782908856798834,-0.2472609571175218,-0.0536395835157717,-0.0566097641932917,-0.5187891212030606,-0.5993061219553335,-0.5550606862348608,-0.6157055245293871,-1.6948273678846733,-1.1312885974682438,-0.831008948963026,-1.56229770471345,0.1209038659094922,-0.3783014096845997,-0.3779602239447548,-0.0589561917126932,-0.960737286620434,-0.8138682138208444,-0.7235568798368612,-1.0064598502159263,-0.8128280401597473,-0.6426240426518928,-0.586974352140548,-0.8770154501331712,-0.0675117239046354,-0.4980668922412444,-0.4828410595464259,-0.2400519715739013,-0.957757987374754,-0.750851157706999,-0.5733796216801268,-1.0099035672114598,related,9
CHEBI:17053,related,direct,D,Mistral-Small-3.1-24B-Instruct-2503,-1,-2.518469301071137,-1.3588965620756963,-1.0294305461345656,-2.1545471031447425,-2.9316920862788485,-1.3959501211242171,-1.0822274162342205,-2.4045553536343447,-3.556413955762642,-1.1147844789481551,-0.1256031995245346,-2.910803882380825,-1.609814234065586,-0.9787516133716724,-0.844501801903848,-1.4732229787456168,-1.808504466082368,-1.1661964783357788,-0.8260195530634606,-1.6399461769161434,-1.2601083253826424,-0.8336920206109862,-0.715266778512679,-1.2212849769192462,-2.8238749502484963,-1.1226473629978753,-0.9529649932954538,-2.3119613188546366,-2.091160598459253,-0.9976533871092598,-0.8682514997504203,-1.833468855715784,-1.789706387663766,-1.034835147398424,-0.959498317561278,-1.6311989414439123,-1.1587467247651575,-0.7546295978430709,-0.5795208896828825,-1.1567511777450477,related,9
CHEBI:17053,related,direct,L-Asparaginsaeure,Mistral-Small-3.1-24B-Instruct-2503,-1,0.2478328399359118,-0.2615943649477499,-0.2740398392195715,0.0866110923062222,0.0950095648592361,-0.3181312020372186,-0.3481326553957685,-0.0772066496827335,0.5064734585793637,-0.0118464650268885,-0.0071018253772527,0.4187602080245211,-0.161996673538687,-0.3993708187495255,-0.4033550190049785,-0.2985036790528338,-1.1337153787597076,-0.9596630253864656,-0.7301014364438432,-1.1573386700220103,-0.1249366945733323,-0.5173659653252182,-0.4825564653435654,-0.2960597075215098,0.1182904004298832,-0.3205001180978096,-0.3056403806720049,-0.0503916677370709,0.2955200559467341,0.0737056628380528,0.0123656727129862,0.153962190354636,-0.7692403682396273,-0.7331027643792546,-0.5413623476627931,-0.8665396767854691,-0.2246834779252337,-0.5064027429922134,-0.4345446430372073,-0.4154004234361311,related,9
CHEBI:17196,related,direct,"(2S)-2,4-diamino-4-oxobutanoic acid",Mistral-Small-3.1-24B-Instruct-2503,-1,-1.6176005772905635,-1.0895424871010055,-0.8743652965258645,-1.5476111840292128,-0.4619850524410231,-0.6383788381908153,-0.5763119552486212,-0.6194223117999097,-0.2583290557567797,-0.3217255964725202,-0.0546229066101941,-0.389133827885371,-1.644272370639334,-1.082766568942536,-0.9237968122659962,-1.498359230845392,-0.6799966662581421,-0.7558816810872948,-0.580143191379244,-0.7972139098194855,-0.8746616028286885,-0.7499360983524551,-0.6570127505390431,-0.929916209657873,-1.3527451819516705,-0.8141984929158814,-0.6976361379433894,-1.3054516420529556,-0.952450034857984,-0.4199198060877266,-0.3568501250588132,-0.9901254160991872,-1.779556558564882,-0.8723210777977649,-0.844364166438174,-1.624171048173775,-1.8602779367698816,-0.9400097238611156,-0.6820037534559226,-1.6329315585005444,related,9
CHEBI:17196,related,direct,(2S)-2-amino-3-carbamoylpropanoic acid,Mistral-Small-3.1-24B-Instruct-2503,-1,-0.9908276749476124,-0.9125319479277274,-0.7496679668400424,-1.0757067891423724,-0.3467783661290327,-0.5662242357279652,-0.5316904700107072,-0.5145881856582486,0.0606800229563234,-0.1843797696777286,-0.0508470708037415,-0.0747603449468805,-1.4003537975906997,-0.9732947037069134,-0.8389958548619746,-1.3183298554562617,-0.622400730824429,-0.7305391223453488,-0.579933095045302,-0.7488986975594815,-0.4434356660239727,-0.6275546545255322,-0.5661292963197952,-0.5788196269997966,-1.2109786624864434,-0.8142950522852795,-0.6985247444884987,-1.199367659725356,-0.5462582536683952,-0.3039457634349463,-0.2921126129560203,-0.652961923598006,-1.4478806177016328,-0.8180917985779381,-0.7983258449562659,-1.3889505677439151,-1.502827137323392,-0.8856399672477189,-0.6479361316879844,-1.3965647338133598,related,9
CHEBI:17196,related,direct,(S)-2-amino-3-carbamoylpropanoic acid,Mistral-Small-3.1-24B-Instruct-2503,-1,-0.782065830778048,-0.8416823849610359,-0.6971464013621999,-0.9058827829680336,-0.2331814796277997,-0.4826340594760885,-0.4747520819704856,-0.4078864672977801,0.2186974912122666,-0.0832279721044447,-0.0395842518743823,0.0916097363757328,-1.187030504772426,-0.9307333130392278,-0.7922643354819605,-1.1565112991397295,-0.6620462859907206,-0.7471384385042926,-0.5851100329535459,-0.7822258405469112,-0.3406875235378162,-0.58945973245327,-0.5426790241619327,-0.4901478326208471,-1.1477073371790067,-0.8128905755164176,-0.6929096789991446,-1.1513064393187316,-0.4533228964877386,-0.2619200314785801,-0.2439493810453803,-0.5720252064602456,-1.4710440746999454,-0.8231142459891593,-0.7914367232594536,-1.4057490587451218,-1.345533779938026,-0.8502827228628181,-0.6331863068767485,-1.2885962860571316,related,9
CHEBI:17196,related,direct,(S)-Asparagine,Mistral-Small-3.1-24B-Instruct-2503,-1,0.6098582443668267,0.218257414752217,0.0607543109280855,0.5478998110070764,0.670486982591643,0.456717390055782,0.2771618692679571,0.6277481147850376,0.6860784732241324,0.1876217523639755,0.0097134086798708,0.6438412423400331,0.6081275460875233,0.2727959887391041,0.2082006287205693,0.5025035693690878,0.0210470400905405,-0.3814417153465153,-0.3589589484391599,-0.1554912994349027,1.187678022959423,1.7516886345557916,1.6200162925553208,1.4867292576345978,1.0584692927322354,0.9834824264691386,0.8165355036638573,1.207658411743025,0.9930401110781116,1.134206146025048,0.978275519205675,1.0524894343989322,0.198015182856773,-0.1859843540966249,-0.1131047257740378,0.0330368187346882,0.730839159888479,0.1278378636959304,-0.0351386943670042,0.647923824539848,exact,9
CHEBI:17196,related,direct,2-Aminosuccinamic acid,Mistral-Small-3.1-24B-Instruct-2503,-1,-0.2123791619887395,-0.5838909522406716,-0.5346323131212749,-0.396954219203006,-0.4098113862154752,-0.5924302251335747,-0.5356420909973322,-0.5723454036142396,0.3603725714722909,-0.054069099848052,-0.0363371432602862,0.2482718601145864,-1.1211264568587735,-0.8462966978232388,-0.7624689247878749,-1.1056001533411974,-0.4640994237784716,-0.6565821183451057,-0.5607621830185459,-0.6125774214874963,-0.2685467076735958,-0.5653218500089934,-0.5227272139987053,-0.4265103262636933,-0.9923087316046484,-0.7440699257785193,-0.6436174632460854,-1.0312299929130777,0.142194067138645,0.0221956261044691,-0.0217354557599492,-0.0079457209156586,-0.6998343527760092,-0.6359374812215538,-0.6493893439056515,-0.8092195593196299,-0.9601801476948292,-0.7592237674162863,-0.5842408812398969,-1.011706859807839,related,9
CHEBI:17196,related,direct,ASPARAGINE,Mistral-Small-3.1-24B-Instruct-2503,-1,-1.3676417295133425,-0.9935399093791568,-0.7974989951010037,-1.3654072661879022,0.7114044750318888,0.5213082532284059,0.396683038489089,0.6876662959223839,-0.4254917803698024,-0.5482615416830399,-0.0866808464888817,-0.5445711200782172,0.8365201560341836,0.5619708221764824,0.4475023323046914,0.7921800217122645,-1.452424844995686,-1.0888590691403814,-0.7741389614360881,-1.3920547920552069,1.194657380300482,1.8226965971002007,1.668129695725023,1.5059962157535929,-0.2934288537235053,-0.5499623183197164,-0.5098693272552268,-0.4457843837703505,0.3473400095645952,-0.1749842956619339,-0.2017527296960738,0.2107213607914359,0.4347682749097663,-0.0772269362202416,-0.0623973260499329,0.3021049299011519,0.9887404086086756,0.789493170908892,0.434725181040699,1.104156441228687,related,9
CHEBI:17196,related,direct,Asn,Mistral-Small-3.1-24B-Instruct-2503,-1,-0.8074730251049101,-0.8942836393763812,-0.7292650473337741,-0.926955139324672,-1.8269834679534696,-1.1276657753839967,-0.9157731643997442,-1.6853841494771915,-1.0080534234441827,-0.6620546046270436,-0.0872213393039135,-1.0492643509771102,-1.835155711722357,-1.042338307077825,-0.9157632378328217,-1.635984031618637,-1.2166475617720311,-1.019473127385621,-0.7448395371546463,-1.2197112780605948,0.5688183466789178,-0.0440108205983973,-0.1056083802865505,0.4378788536047445,-0.7263130285516226,-0.7398547483696861,-0.6616670904211035,-0.8181438189520664,-1.608061937810489,-0.8603066388819229,-0.7662019418688043,-1.4903026612540375,0.0223254871954175,-0.4200843563850777,-0.3766002939052999,-0.1504996741161377,0.350807159383871,-0.2352010311068922,-0.281230995189567,0.1585810245890803,related,9
CHEBI:17196,related,direct,Aspartamic acid,Mistral-Small-3.1-24B-Instruct-2503,-1,0.2259255311235369,-0.2421946828529196,-0.2693219989123752,0.0614824448010575,0.1771916701041311,-0.2043407443044227,-0.2421159742795543,0.0119105253626635,-0.0813275700963834,-0.2967510311273913,-0.0556619588000084,-0.2178995774946031,-0.5164645269913275,-0.6788411636855449,-0.5845945783661698,-0.6137142571667852,-0.4605577513024509,-0.6701313025420254,-0.5325827236721198,-0.6094649306403519,-0.1794709102053344,-0.5282301527190016,-0.4844914500535507,-0.3462208553603271,-0.6399400592034713,-0.7384983072688687,-0.6431209859141485,-0.7466226886634708,-0.8663732728249274,-0.7536295684283596,-0.6794060750381954,-0.9207125641826792,-0.5594395833204644,-0.6448295565319044,-0.6625992870449635,-0.6905700020652223,-0.8816967867996118,-0.7614369972986461,-0.5811267975902247,-0.9528300358319052,exact,9
CHEBI:17196,related,direct,L-2-aminosuccinamic acid,Mistral-Small-3.1-24B-Instruct-2503,-1,0.2192135933490315,-0.2786889986035041,-0.3148385005438306,0.0538343281203073,-0.2084963294182662,-0.4888938817566152,-0.4627173950840535,-0.384226123381089,0.5680483622576572,0.1663852010053774,-0.0146121902943276,0.4937953432880312,-0.6798262452715895,-0.6934858352179994,-0.6450833152427707,-0.751561699792334,-0.2519361715602798,-0.540818004907203,-0.4637338012197361,-0.4207797054012852,-0.185389596904272,-0.5337595844977274,-0.4932714991231323,-0.351617614775971,-0.7177800292667063,-0.6589045662947508,-0.5648016542119689,-0.8111325835011911,0.3658156465466787,0.2274766280815094,0.1588642687352883,0.2312308956469413,-0.4325817320094798,-0.5158945717406115,-0.5462264767966754,-0.5799643261721321,-0.6702582904313982,-0.6837173386529838,-0.5478056913021627,-0.7892729967837228,related,9
CHEBI:17196,related,direct,L-Asparagin,Mistral-Small-3.1-24B-Instruct-2503,-1,1.02263824600247,1.4732154210227708,1.2727298007097094,1.2770070056483662,1.2070519745077193,2.8948330747942927,2.898289927624366,1.6991242056723492,0.8285998447238662,0.359827354686024,0.0261041784305134,0.8381173164155997,1.284720841172018,1.9334002640213803,1.863707547610045,1.5234841491478666,0.7152753498624269,0.423884256582424,0.1837831244955575,0.6680842584799601,0.6841127510810256,0.0855223113493686,0.0244791311334029,0.5863606938096295,1.1651697027985397,1.6690623613373592,1.484797072781205,1.4392544347232192,1.4288627045970954,3.943656264352943,4.055925120303763,2.001833395535967,0.0590887715480874,-0.3432127684352364,-0.4033220262969922,-0.1130593235136905,0.1066849790545921,-0.4020024505996414,-0.3699178553981337,-0.1016981124588798,exact,9
CHEBI:17196,related,direct,L-aspartic acid beta-amide,Mistral-Small-3.1-24B-Instruct-2503,-1,0.603677477139216,0.2061180177439482,0.0656195533885412,0.5391071221579377,0.5853182444127519,0.2342702034919652,0.1080565095865252,0.5085507935619146,0.8228805477191715,0.4995676425023813,0.019491110099603,0.8299991471837095,-0.0426818381815934,-0.3925233053100331,-0.3860023236162249,-0.1864639584315405,0.5272123252983284,0.1226443233040568,-0.0431464285190146,0.4155418523836157,-0.2326561840059974,-0.551324231418309,-0.5025165072036978,-0.3943961070785775,-0.1504648276212464,-0.4981847917048959,-0.4471458211780362,-0.3139463729631347,0.3452339961326128,0.1891291773652626,0.1399755287756591,0.2083928089065731,-0.288983596995962,-0.473957227049718,-0.5480706659883948,-0.4504045864367235,-0.2099487553134429,-0.5344655543418282,-0.4629938315507882,-0.4022057248254176,related,9
CHEBI:17196,related,direct,N,Mistral-Small-3.1-24B-Instruct-2503,-1,-2.240225621671769,-1.3054755102018192,-0.9838475092076082,-1.9742170557361776,-2.9764620711750367,-1.3578960642940088,-1.0528455473164204,-2.431962375336253,-0.9265246733827788,-0.6636809724887597,-0.0809495126127626,-0.9815365162754336,-1.4523774460991266,-0.9982028073151844,-0.8675254592554598,-1.35715011849032,-1.5887867983814616,-1.11177570252473,-0.8391720379922355,-1.4886345413366904,-1.2458868199462376,-0.8325295028229784,-0.7220910583670251,-1.2108400689695902,-2.5769673888250098,-1.1232418979360237,-0.942716460575095,-2.152155687838284,-2.5592534857509883,-1.1072541752061906,-0.9662268153950732,-2.1506677743868354,-1.498049282760196,-0.9032121327143154,-0.8753164876454441,-1.425259596558938,-1.0881542193481226,-0.7617984791400468,-0.5838976068123605,-1.1057979296543397,related,9
CHEBI:17196,related,direct,alpha-aminosuccinamic acid,Mistral-Small-3.1-24B-Instruct-2503,-1,0.1181354535718718,-0.356038926065817,-0.3543302929732534,-0.0586350161338795,-0.2839216241694796,-0.5243738665078175,-0.4838462729514362,-0.4559785463982746,0.3329783665001378,-0.0982489460034923,-0.0411195644170735,0.217364339149221,-0.8197753354154612,-0.8094991796043409,-0.71285075911619,-0.8665263212103977,-0.37029588370278,-0.6107733779360778,-0.536099714246746,-0.5291527274185258,-0.1627926344755969,-0.5247830909763624,-0.4956109217880733,-0.3309641588039013,-1.009406940942042,-0.7762231223104311,-0.6638510582412325,-1.044590201667882,0.2245724760410887,0.0738938770354138,0.0024230343029893,0.0779775022999244,-0.535109446431366,-0.5793431619554023,-0.6034186676195603,-0.6696178501323222,-0.7947281246041566,-0.7132107089322541,-0.564145115850007,-0.8864664299846935,related,9
CHEBI:17203,related,direct,(-)-(S)-proline,Mistral-Small-3.1-24B-Instruct-2503,-1,-0.6066544054095249,-0.828721515206298,-0.7049279402609417,-0.757030239985129,-0.1821314893917193,-0.5598296952495642,-0.5157247149584249,-0.3587588770012727,-0.4396751443299004,-0.5795777124826221,-0.0620387340610472,-0.5575074621664118,-0.5838564626377543,-0.7991323711101206,-0.7115783096657123,-0.6710858623444643,-0.3323314885037515,-0.6030966124995637,-0.4839853900996158,-0.4947837897227038,1.0104661616753503,0.8023627230614826,0.6184996696892698,1.0943838984736858,0.7203157621061596,0.0211506211586113,-0.0311190559694779,0.6576491579382,0.1088429080363908,-0.0265792117846346,-0.0838966009968894,-0.0420771349906651,0.1230138221081174,-0.1874595424063192,-0.2607350695134506,-0.0467775377418926,0.7197882469326355,0.1189496122463417,-0.0462369439503493,0.6314863531994525,related,9
CHEBI:17203,related,direct,(-)-2-pyrrolidinecarboxylic acid,Mistral-Small-3.1-24B-Instruct-2503,-1,-1.0715920175530815,-0.9504535568134868,-0.7905841355874454,-1.139503521793572,-1.0167097976492203,-0.904436562489664,-0.7621791828072502,-1.0857599934018622,-0.3731233246389084,-0.4608359597266098,-0.0691560665366043,-0.4964765378377394,-1.479150415233979,-0.9788293557229466,-0.8526715853950798,-1.3770358076508442,-0.7509424812262394,-0.7791042857362818,-0.6203254445090359,-0.855851321580991,-0.4310692883725332,-0.6059946893312345,-0.5506818011695171,-0.5682634562703371,-1.1579507689945148,-0.8359754656281014,-0.7466540697165468,-1.1591186883755615,-0.590432728493845,-0.3291104889656951,-0.2671756828814208,-0.690892285725183,-0.4533238993079809,-0.5017485236547438,-0.5292239693369964,-0.5982846700425982,-0.9870127716070382,-0.7844966727394912,-0.5911083814821785,-1.0316265435349214,exact,9
CHEBI:17203,related,direct,(-)-proline,Mistral-Small-3.1-24B-Instruct-2503,-1,0.3255339136544459,-0.2006947715884715,-0.2772476527216963,0.1778972227478487,0.3456048416230047,-0.1290442507564667,-0.2080780645281229,0.2045515511954809,-0.105041812888408,-0.3377547344380742,-0.0538347930620818,-0.2412783098620587,-0.0004115743018533,-0.3101826029118323,-0.3132014207573086,-0.1459337493094549,-0.1800006763029711,-0.5316698280200751,-0.4422345194778097,-0.3530728251733251,1.1056249376021032,1.2079313352151924,1.007128028036268,1.2866543628721334,0.9305803135795756,0.3763678310710998,0.2790592660003312,0.976322602605346,0.5107410415119009,0.3042462368507348,0.2674937629633284,0.3975922327947585,0.6597423323056029,0.3613174428452831,0.3105683468164688,0.5894551105490982,0.8268158435384617,0.1972766817470879,0.0038953058579541,0.7991589311156059,related,9
CHEBI:17203,related,direct,(2S)-pyrrolidine-2-carboxylic acid,Mistral-Small-3.1-24B-Instruct-2503,-1,-1.4006765050836374,-1.045483160855776,-0.8457471443297694,-1.3899056152943392,-0.963328587426698,-0.8848270645193531,-0.7547960761376231,-1.0432420173638428,-0.4575677192805943,-0.4568918120977215,-0.0734323138866948,-0.573773757460728,-1.6405540847252529,-1.00982874460023,-0.8902933559954183,-1.4956513143158612,-0.4958275366310719,-0.6651912690538364,-0.5428123728899064,-0.6403344675066326,-0.4516422675967012,-0.6073699807026546,-0.5602503350851087,-0.5858080072740957,-1.360911223125137,-0.8710507152639659,-0.7710666934917967,-1.3114979431726994,-0.7553156431809442,-0.3950048380005891,-0.3476076708438346,-0.8296177755455287,-0.5518776103518775,-0.5388311171554381,-0.5763696710521827,-0.6840707683858546,-0.9317530467078372,-0.7690353436363675,-0.5922819988948121,-0.990488395714298,exact,9
CHEBI:17203,related,direct,(S)-2-carboxypyrrolidine,Mistral-Small-3.1-24B-Instruct-2503,-1,-0.8423919265679862,-0.8749455481544659,-0.7311842287244825,-0.95572692373872,-0.6238976768224863,-0.7452385282687974,-0.6508625435904296,-0.7616297877914758,-0.1892118075055768,-0.3422425502903857,-0.0611421436722272,-0.3231417782783742,-1.5791034613109636,-1.0054341261274962,-0.8932416153632583,-1.4507410959166245,-0.1195502263233012,-0.4591487596781545,-0.4161568479475923,-0.2950139888887614,-1.4779439863514685,-0.8559410921945458,-0.7383892308453424,-1.3787373900713662,-0.7272928067091939,-0.7574282715064526,-0.6394835239561998,-0.8189481175765214,-0.5456619815897183,-0.2931138972188021,-0.2265123082196948,-0.6524476085017564,-0.7438243326041418,-0.6188270798007834,-0.6622814977841198,-0.8456473028169297,-1.6488533727256225,-0.9088822911751174,-0.6677792241857563,-1.4945436393879528,related,9
CHEBI:17203,related,direct,(S)-2-pyrrolidinecarboxylic acid,Mistral-Small-3.1-24B-Instruct-2503,-1,-1.0647973450991517,-0.9457253273654022,-0.7824589158463819,-1.1341745799144385,-0.9726915185980944,-0.8780220248793515,-0.7451071250776689,-1.0507315625253923,-0.3384126836694301,-0.3836480994520817,-0.0663849261546151,-0.4643037511858611,-1.5119846941527726,-0.9835714121887216,-0.8646706319548645,-1.4013397494767543,-0.6836161301979436,-0.7513926907516467,-0.6044728009203056,-0.8002285096083285,-0.2460193410597317,-0.5393475131151764,-0.4952712023274955,-0.4063896185383492,-1.168941164432441,-0.8321887676080127,-0.7421290213487471,-1.167487045282242,-0.6962524500499759,-0.3613600164502289,-0.2963858443681701,-0.7804224086437233,-0.5117594064358141,-0.5273514527089327,-0.5622436549956495,-0.6493957661149434,-0.8933395655175189,-0.7509472556748508,-0.5739472325952076,-0.961623354463336,exact,9
CHEBI:17203,related,direct,(S)-pyrrolidine-2-carboxylic acid,Mistral-Small-3.1-24B-Instruct-2503,-1,-1.2060414336134904,-0.9929501807731688,-0.8150477297946961,-1.2435726472530115,-0.995849960448752,-0.8855376520591679,-0.7617715375227909,-1.0691975897762047,-0.3447635240685601,-0.3974253978774222,-0.0659896918471415,-0.4702082365975394,-1.629647413045784,-1.0352178085073518,-0.9036045707841664,-1.4877020982997304,-0.4278118667987183,-0.6316713707287847,-0.5243010658119241,-0.5805506878397626,-0.465651562843682,-0.6112581609234133,-0.5560805059063875,-0.5977068300534507,-1.259951261115615,-0.8543147133725328,-0.7596687694805302,-1.2362581351742896,-0.6176139378246103,-0.3426777063537588,-0.2909623282820623,-0.7140654307451729,-0.4719057071518527,-0.5093275967079445,-0.5509197857340115,-0.6146167999808541,-0.8271806351899783,-0.7364383551372655,-0.5702463596989339,-0.9113727700150174,exact,9
CHEBI:17203,related,direct,2-Pyrrolidinecarboxylic acid,Mistral-Small-3.1-24B-Instruct-2503,-1,-1.209546185873826,-0.993766154891151,-0.8220877292017211,-1.246251500807206,-1.1108368815188496,-0.9316388853662548,-0.7709254369760139,-1.1596864803188065,-0.3875672339238283,-0.3934404435536791,-0.0698122754525707,-0.5097943598225284,-1.6524842167526996,-1.037505283867735,-0.9025694883808164,-1.5043358743811768,-0.9100022550440596,-0.8450369505934016,-0.6655375366017934,-0.9840275215716828,-0.8030885823279272,-0.7152169753534176,-0.6274560222623803,-0.8737011811330365,-1.2188760087760813,-0.8237767034815885,-0.7372626681915535,-1.2053345987396549,-0.1986756190842904,-0.2157062055785504,-0.2131331319561557,-0.3414526803692493,-0.5561861763456073,-0.5685943227191372,-0.614833705896348,-0.6877752313889576,-0.9573591101000593,-0.7668872404800283,-0.5842990628682119,-1.009606521516773,exact,9
CHEBI:17203,related,direct,L-(-)-proline,Mistral-Small-3.1-24B-Instruct-2503,-1,0.3853490011302902,-0.1750355489200629,-0.2290910375660008,0.2506675233973917,0.5712750124890951,0.1319113450927188,0.0172490890418591,0.489543433826914,0.1394982549634872,-0.2987461983144302,-0.0045434993067971,0.0072141144985078,0.4388134577802475,-0.0897165684696197,-0.1070432528603207,0.3073869867868807,0.7602777116596245,0.5035332608209495,0.3334879640942831,0.7333401501479028,1.2236324378668482,2.181018504529099,2.014161457753392,1.591402363585739,1.149487544040108,1.217602001543319,1.0974481877699291,1.4020600494052382,0.5508554899786879,0.3323019855063913,0.2419293503278617,0.4455312771356622,0.8313636607742729,0.6800764181353455,0.663208595127411,0.8390652983502935,1.1471839567382784,1.8854898931658373,1.5244050716015844,1.5468974027467008,exact,9
CHEBI:17203,related,direct,L-Prolin,Mistral-Small-3.1-24B-Instruct-2503,-1,0.8674891693495242,0.7591339771489275,0.5733866198488565,0.959857732853954,0.7732237386763563,0.5280292997340723,0.3889622630107583,0.7819723019695322,0.2639230795447936,-0.205184727266919,-0.0194214883520345,0.1407862599040338,0.6344950627435849,0.2944129229403793,0.1755579057363352,0.534229979502523,0.6269258557473676,0.2671621201853101,0.0344173145883387,0.5457426600075457,0.0025898398155792,-0.4313078458610404,-0.4057214267253781,-0.1754681812949196,0.9819764666692568,0.7203862462724253,0.563474755147528,1.0647884104137606,1.0830175677504466,1.35463967401759,1.2107940398792814,1.2024206963700967,0.1784339764299854,-0.1922300174624747,-0.2955974394976454,0.0119751757523928,0.2690466062873759,-0.2898338163658701,-0.3058645232212232,0.0679571930484014,exact,9
CHEBI:17203,related,direct,L-alpha-pyrrolidinecarboxylic acid,Mistral-Small-3.1-24B-Instruct-2503,-1,-0.5738956438537814,-0.7779477310192857,-0.6834814765589308,-0.7285373006461275,-0.6779746808850661,-0.7773378700437917,-0.6587560914490511,-0.8079088106856305,-0.3962348879941959,-0.3988676433459246,-0.0669159199684673,-0.5177668260697655,-1.157720386035444,-0.9233244096426806,-0.8055982948875327,-1.1339254924110822,-0.4120353257691715,-0.6267259282762334,-0.52039736691313,-0.5665309769339484,-0.3994480686233486,-0.6002581915083374,-0.5487411302466657,-0.541129258546873,-1.1408468514198322,-0.8179534605467182,-0.7304450228022946,-1.1460673577449667,0.0359642863415223,-0.0344466307845197,-0.0123057225140311,-0.1154356922285966,-0.1965949885121988,-0.3874471763057782,-0.4318208894634404,-0.3643256140932771,-0.5845677899557611,-0.6628162345221361,-0.5333411258543134,-0.7207174999512855,exact,9
CHEBI:17203,related,direct,L-pyrrolidine-2-carboxylic acid,Mistral-Small-3.1-24B-Instruct-2503,-1,-1.0248997626330474,-0.9546870603709002,-0.7987996876668785,-1.102742935734333,-0.6704312195431946,-0.7783142619270867,-0.6693973643365793,-0.8014876904847945,-0.3617401494282997,-0.3809129412598147,-0.068054599632494,-0.4859520239015132,-1.3700312763006164,-0.999394546152154,-0.8686576552903861,-1.2955912059632533,-0.1917536699558549,-0.5001818054346738,-0.4130782086669734,-0.3642353004016194,-0.5668975005839153,-0.6465003052297593,-0.5801779083097057,-0.6825847094002369,-1.156863349790918,-0.8151192660927465,-0.7318008409333366,-1.1582899385516108,-0.0736334542049134,-0.1034306025240125,-0.1040820400722591,-0.2228207086137412,-0.3022874651133188,-0.4346795261426374,-0.479201085728937,-0.4626173084782193,-0.4738682519699488,-0.6310072722834161,-0.5107268661766257,-0.6299783448167475,exact,9
CHEBI:17203,related,direct,P,Mistral-Small-3.1-24B-Instruct-2503,-1,-1.623393395349107,-1.2043936603042595,-0.9257912548981372,-1.5517509817854842,-2.232221255336853,-1.2733362261608687,-0.993568758480211,-1.9598446348911207,-0.4448044620392449,-0.4990773465056731,-0.0665097066225067,-0.5621765983942297,-1.4160267884097302,-0.9648322843620676,-0.8339205624465585,-1.3300503874206775,-1.4298112986494038,-1.0756072642599164,-0.7948944855300695,-1.3758275957969364,-1.621326957367348,-0.8911027517348215,-0.7644660383054378,-1.4799854243329282,-1.918648410330518,-1.006628378431265,-0.837193870790362,-1.710153886749498,-2.252477121869217,-1.081629162645657,-0.9435529031581116,-1.9443017369385047,-1.2084095618344437,-0.9226134156045008,-0.8198742761141969,-1.2116467786771494,-1.2200432740326068,-0.798032957860986,-0.599748804373063,-1.2004799189274389,related,9
CHEBI:17203,related,direct,PROLINE,Mistral-Small-3.1-24B-Instruct-2503,-1,-2.924784178471735,-1.329554708804696,-1.035156463225097,-2.408566262590889,0.262043573587996,-0.2352968236658904,-0.2582570499034954,0.1071552055708447,-0.3101252354197119,-0.4151929556455224,-0.069742735608614,-0.437904783158755,0.4422655375213855,0.0671030215149527,-0.0210518336145597,0.3112297339270556,-0.4676929572303461,-0.7087449977417412,-0.5486385233155646,-0.6157325744938368,1.0722250313727455,1.0430396380935734,0.8896563894759311,1.2154291052995947,0.4926382327819731,-0.1740857172323128,-0.2043176303612539,0.3640291027190019,-1.498052671780245,-0.9706453926912944,-0.8517430550516387,-1.4094611583962886,0.7479381849318542,0.3457517087020456,0.3584644431388472,0.7136701771247033,0.9113969182177286,0.5178098585320544,0.2410262788857058,0.9484524037484352,related,9
CHEBI:17203,related,direct,prolina,Mistral-Small-3.1-24B-Instruct-2503,-1,-0.5303076775356911,-0.8184289804631671,-0.7031403992185591,-0.6902624304155157,-0.6032521689745356,-0.7838784344520545,-0.6514014908574917,-0.7438067866559156,-0.261639559278372,-0.451441859971192,-0.071624874444754,-0.3922681056547592,-0.5813377426937517,-0.5929049556938154,-0.5469942574560752,-0.6689547288087081,-1.4633631891528651,-1.0669831752046774,-0.8132625867186475,-1.3998820030162415,-0.2749936380160998,-0.5532974459043143,-0.5221514326427006,-0.4322462550269845,0.6650282221101692,0.071833429720195,-0.0008299610786222,0.5824094456758588,-1.353836449590564,-0.8679847962041128,-0.7769047998677623,-1.3017473606061607,-0.2067076439871117,-0.490075687624852,-0.4802692414558431,-0.3738589540490684,-0.2258001278895802,-0.5475546802436587,-0.46982164030074,-0.416397856627364,related,9
CHEBI:17203,related,direct,proline,Mistral-Small-3.1-24B-Instruct-2503,-1,0.1421007006287604,-0.3932482638126078,-0.3959881573610989,-0.0324103569103281,0.262043573587996,-0.2352968236658904,-0.2582570499034954,0.1071552055708447,-0.3101252354197119,-0.4151929556455224,-0.069742735608614,-0.437904783158755,0.4422655375213855,0.0671030215149527,-0.0210518336145597,0.3112297339270556,-0.4676929572303461,-0.7087449977417412,-0.5486385233155646,-0.6157325744938368,1.0722250313727455,1.0430396380935734,0.8896563894759311,1.2154291052995947,0.7308674387352857,0.1340170461697689,0.0297485286682621,0.6723474072326138,-1.498052671780245,-0.9706453926912944,-0.8517430550516387,-1.4094611583962886,0.7479381849318542,0.3457517087020456,0.3584644431388472,0.7136701771247033,0.9113969182177286,0.5178098585320544,0.2410262788857058,0.9484524037484352,related,9
CHEBI:17203,related,direct,prolinum,Mistral-Small-3.1-24B-Instruct-2503,-1,-0.5275301561550043,-0.7608058040335998,-0.6602609574862395,-0.687809108032864,-0.3128281307568609,-0.6184809914374224,-0.5494861838668671,-0.4830614368027541,-0.3402418888819538,-0.4677150396821324,-0.0784185603304437,-0.4660052284356621,-1.1779033189720938,-0.8255766011121016,-0.7154492086241642,-1.149487631895683,-1.7272318342973678,-1.1347996410039176,-0.8512256101499853,-1.5845679609095922,-0.5164199983759039,-0.6330806057206645,-0.5767462000841442,-0.6405079779710817,0.1740407153775355,-0.4231529139406548,-0.4038623307510662,0.007340404410328,-1.5775635984813796,-0.8940725151193794,-0.793417517171068,-1.4680005323496348,-1.283659699912752,-0.9237741818036708,-0.7156595695344476,-1.268102611141505,-1.4059799414322576,-0.8600724960620217,-0.6400836956900398,-1.3304007775801583,related,9
CHEBI:17272,exact,direct,propanoate,Mistral-Small-3.1-24B-Instruct-2503,-1,0.6030364571860263,0.2011081417218305,0.0774115311536299,0.5381975093919605,0.7215625991633505,0.4090467201883848,0.2498101020902524,0.7028371498256225,-0.756982404097121,-0.6200970493288966,-0.0681949036680384,-0.8379177865216383,-0.5624325993872302,-0.7215754812314562,-0.6749061883291052,-0.6529267053587203,-1.4929455541295118,-1.0958667966262392,-0.7897743789258574,-1.420979335739016,0.1948994292536791,-0.3227532321731283,-0.3260504988686906,0.0164946775430149,0.1796547667514849,-0.392380355525886,-0.3447459578912861,0.013220463723787,1.183765555404586,1.0159921857403689,0.8220608053587162,1.3884313811099127,-0.0198215387366083,-0.5251697016830861,-0.5347478582511229,-0.1928458781823289,-0.2745018563022375,-0.5937925989938801,-0.4938317351357302,-0.4595641052144203,exact,9
CHEBI:17272,related,direct,CH3-CH2-COO(-),Mistral-Small-3.1-24B-Instruct-2503,-1,-1.0664012854809397,-0.9823786430189264,-0.7925899307075546,-1.1354331448634831,-1.853312586421264,-1.1991938696426203,-0.9680554251039496,-1.7036572725443755,-1.9694928041572304,-0.9308808660414,-0.1055904085372934,-1.7976225966106445,-2.422370284241115,-1.3610607080111592,-1.136697210817569,-2.0446044592561994,-1.829430369839405,-1.191476050429548,-0.8196805489713831,-1.6540967534893958,-2.2344674169208742,-0.9591759066716616,-0.8097569937367503,-1.8955216899822067,-2.2431884066186525,-1.065731538103598,-0.8911243675883913,-1.931276757046312,-1.037939322269262,-0.7782217795180182,-0.7221593251402532,-1.0580986928067302,-1.7510436741016486,-1.0381005941041015,-0.9815235423991356,-1.60437706251804,-2.532742192909707,-1.051154608948302,-0.7366742309404345,-2.0504715343495743,related,9
CHEBI:17272,related,direct,EtCO2 anion,Mistral-Small-3.1-24B-Instruct-2503,-1,-0.2428880964636564,-0.5887645899808992,-0.5264594908288007,-0.4262960909842599,-0.9135047785225936,-0.8931831875180023,-0.7610993180499067,-1.003152834776,-2.2649435054498785,-0.94112814471953,-0.1173257060338256,-2.0135035412293045,-2.11347201302088,-1.2149959086535675,-1.0206526979635973,-1.832185715509029,-1.1473764241492153,-1.001781871918218,-0.7546706972212027,-1.1676795018963109,-2.2241550665688603,-0.9565930617947924,-0.8070141564635694,-1.8887324184133647,-1.6802251243093718,-0.9394629907702364,-0.8009172527547038,-1.5429545622066694,-0.442643272560552,-0.6754227751559113,-0.6277769991935682,-0.5626216742864973,-1.7519122501232816,-1.0567949610225875,-0.9924532138261124,-1.6049811616984806,-2.5911759076105234,-1.055558525034872,-0.7405420013127189,-2.085378412934611,related,9
CHEBI:17272,related,direct,carboxylatoethane,Mistral-Small-3.1-24B-Instruct-2503,-1,0.197273607814531,-0.2589582037047294,-0.2790346841789847,0.0289962492520991,-1.7041214962895983,-1.090720111545637,-0.8836439521805491,-1.5992307975758702,-2.519261335185212,-0.9995977273824432,-0.1177500648486413,-2.1954782393562784,-0.8097053702149511,-0.7825510056833173,-0.7136122385939381,-0.8583436546709888,-2.33245590513404,-1.288797056721402,-0.8932438212109437,-1.9820924766231005,-1.1032165404984238,-0.7786466266172412,-0.6661696308743803,-1.104832766339877,-1.277409904864699,-0.9071048482847422,-0.7749790656360952,-1.2493461410768136,-0.297246724903654,-0.6420564964679926,-0.5991574865700777,-0.4323435403830237,-1.6348796735788178,-1.0394808921982763,-0.978503052971987,-1.522932110038214,-1.547071038082635,-0.8897165257098233,-0.6559848070360046,-1.4264708759387317,related,9
CHEBI:17272,related,direct,ethanecarboxylate,Mistral-Small-3.1-24B-Instruct-2503,-1,0.0469321808105086,-0.3973528873676116,-0.4039207497192047,-0.1350539588053622,-1.4990471337114546,-1.0396523321298914,-0.8597477882377965,-1.4519760155962689,-2.7424645882274863,-1.042938311399705,-0.1285655681482433,-2.3526831478036248,-0.8439734765360136,-0.9082102912884588,-0.8034512516352785,-0.8861347077022004,-2.8928267144790936,-1.3866042805000556,-0.9514113109347524,-2.323823079077431,-0.7469951162001567,-0.7034435330973905,-0.6128723346143139,-0.8291186935059066,-1.132107132398799,-0.9028432397461152,-0.7730064779219009,-1.1393851522820762,0.8763848551086482,0.2776506365849825,0.1664847260435475,0.8747761532232617,-1.3679623303054125,-0.9586273182139236,-0.9341777376903664,-1.3305311039495944,-1.2450507635067871,-0.8360796571011273,-0.6258073166930056,-1.2181876096905149,exact,9
CHEBI:17272,related,direct,ethylformate,Mistral-Small-3.1-24B-Instruct-2503,-1,0.0547982326005184,-0.4030410677738129,-0.4013585004180182,-0.1267176758554615,-0.8777397326546473,-0.8629882299997313,-0.7245243232178047,-0.9741268936067315,-1.439586139700494,-0.7551644340092031,-0.0946220161462911,-1.3953880800945575,-1.09896172135155,-0.8628674120845918,-0.7494392008178524,-1.088373872012417,-2.171373553257918,-1.2561451674095905,-0.8669736229307418,-1.879467310179519,-0.512293689137102,-0.6339062928874017,-0.568113365434712,-0.6370475635629462,-1.8887645649277385,-1.016011767523784,-0.8579867682335937,-1.6894333906521328,0.718709990107062,0.0276140693292952,-0.0507111287395658,0.6567959238307172,-0.8858297208059739,-0.8220171442654592,-0.8051697629994097,-0.9609919908796531,-1.1841721839579702,-0.843712771714055,-0.627750704005998,-1.1749464056841092,exact,8
CHEBI:17272,related,direct,metacetonate,Mistral-Small-3.1-24B-Instruct-2503,-1,-0.0053019071321672,-0.4278219321421626,-0.4271544350412535,-0.1897769307318046,-1.2389305084287767,-0.9561052107829168,-0.79502802653714,-1.258270808457133,-1.3472284024162855,-0.8380852780896666,-0.0794515926006366,-1.3229005140391026,0.1415438912900947,-0.2837166179115162,-0.3232832742113337,-0.0062746010328548,-1.396319912617772,-1.0784977181535802,-0.7751989329067727,-1.3516805682689776,-1.7703045952230445,-0.8910566255535278,-0.7660358389649837,-1.5833875389244398,-0.3467527600920034,-0.670222439571121,-0.5570314677212722,-0.4936977972096352,0.3135025465948955,-0.3272910151475185,-0.3449968643195407,0.1735336646508082,-1.5729133870511125,-1.0192111466439953,-0.9892634589610476,-1.4789396364067573,-1.956902731489744,-0.9617698105360372,-0.6910308432150972,-1.6949251098289313,related,9
CHEBI:17272,related,direct,methylacetate,Mistral-Small-3.1-24B-Instruct-2503,-1,0.1557366272468851,-0.3217656151992116,-0.3172159000804369,-0.0173699753607414,-0.5363169568721465,-0.7305700845314145,-0.6450939747783213,-0.6854123358382886,-1.42347466336616,-0.7411889461961841,-0.0993542390193205,-1.38279977145705,-1.0108417444358773,-0.903071839458096,-0.8148405770656473,-1.0193497387376234,-1.2674194571329722,-1.03585773752009,-0.7669375078616844,-1.2574305281437064,-0.6529867628952817,-0.6684442628031886,-0.5885897055289616,-0.7533029441623025,-1.0512682991025482,-0.850549194717614,-0.7538340948056952,-1.077141387566138,-0.2654810630335537,-0.6964393747374712,-0.6521485893555379,-0.4032913904566124,-0.7964450270900308,-0.8299587098921646,-0.8213376994688738,-0.8887799257537211,-0.9326782562208102,-0.7908929664028035,-0.594758453298896,-0.9911808771794492,related,9
CHEBI:17272,related,direct,propanate,Mistral-Small-3.1-24B-Instruct-2503,-1,-0.0133786194924769,-0.4556441301858091,-0.4472163644047601,-0.1981428871366947,0.1358641562938516,-0.3122490274561034,-0.3167897757170733,-0.033268587098894,-0.6018898168879229,-0.5149172216239882,-0.0650003137396782,-0.7029120119969311,-0.7681145463981541,-0.74266044650159,-0.6915389613325783,-0.8244037379240273,-1.4626587442308503,-1.0949449701784828,-0.8050159570805359,-1.3993783492850964,-1.1349050742324258,-0.7784821706761327,-0.6767381196925905,-1.1285761108157806,0.0474377205398904,-0.488538220398538,-0.4283161644013756,-0.1221260223358656,1.0740397629855165,0.6666588845803018,0.4984461436112939,1.186856994167104,-1.070937211124936,-0.9454482751218632,-0.8615610595236614,-1.1066178885076778,-1.0982252255191722,-0.8161367209398965,-0.6189597449197661,-1.1131070363275113,exact,9
CHEBI:17272,related,direct,propanoate,Mistral-Small-3.1-24B-Instruct-2503,-1,0.6030364571860263,0.2011081417218305,0.0774115311536299,0.5381975093919605,0.7215625991633505,0.4090467201883848,0.2498101020902524,0.7028371498256225,-0.756982404097121,-0.6200970493288966,-0.0681949036680384,-0.8379177865216383,-0.5624325993872302,-0.7215754812314562,-0.6749061883291052,-0.6529267053587203,-1.4929455541295118,-1.0958667966262392,-0.7897743789258574,-1.420979335739016,0.1948994292536791,-0.3227532321731283,-0.3260504988686906,0.0164946775430149,0.1796547667514849,-0.392380355525886,-0.3447459578912861,0.013220463723787,1.183765555404586,1.0159921857403689,0.8220608053587162,1.3884313811099127,-0.0198215387366083,-0.5251697016830861,-0.5347478582511229,-0.1928458781823289,-0.2745018563022375,-0.5937925989938801,-0.4938317351357302,-0.4595641052144203,exact,9
CHEBI:17272,related,direct,"propanoic acid, ion(1-)",Mistral-Small-3.1-24B-Instruct-2503,-1,-0.3132695844260279,-0.6291816330660882,-0.5475143404940703,-0.4929485047191587,-1.0080543086522575,-0.9112710839149776,-0.7428895486784353,-1.0788957393792369,-1.4472982043446685,-0.763116480325962,-0.0972846710584562,-1.4014053856213726,-1.529963439977451,-1.0579111452728311,-0.9070047683770756,-1.414609117470194,-0.9937404440561124,-0.9461268873137348,-0.6851505387438862,-1.0498039591570565,-0.1471689445079972,-0.4929418509038759,-0.4702302514789265,-0.3166054278625309,-0.6532785788234423,-0.7092161629096043,-0.6277626647795433,-0.7577490047076484,-0.8961717255829997,-0.7323202769271168,-0.650311662683892,-0.9448561975918028,-1.0995237279587275,-0.9078517602579926,-0.7897267035396074,-1.1286671086297202,-0.5201467880385343,-0.6835723055689671,-0.5291954496851362,-0.6682241698184814,related,9
CHEBI:17272,related,direct,pseudoacetate,Mistral-Small-3.1-24B-Instruct-2503,-1,-0.0145577624866308,-0.4597264732566539,-0.435875281673613,-0.19936216888833,-0.4704137871954675,-0.7102273800710517,-0.6075712652640726,-0.6269678546042314,-0.9262175608728704,-0.5861447921840697,-0.0828261500685691,-0.9812798174521442,-1.170123136406855,-0.8795366388010473,-0.7970587360076279,-1.143493716200573,0.1800225398225984,-0.3235939097637795,-0.358930440504407,0.0108577615868589,-1.0458056978542285,-0.7510803387879299,-0.6776072819273117,-1.061514297484515,-0.7303597610584457,-0.7783058800721752,-0.683667680950098,-0.8214647847942896,0.0105767807228422,-0.5479814294759264,-0.5350165726886493,-0.1406137365047363,-1.2162846510972485,-1.0280445230545574,-0.8911999856324238,-1.2175882982301678,-1.345148834987285,-0.8842159461778891,-0.6499615866481406,-1.2883287626405635,related,9
CHEBI:17368,exact,direct,"1,7-dihydro-6H-purin-6-one",Mistral-Small-3.1-24B-Instruct-2503,-1,-1.9447905101872345,-1.152960753785679,-0.9219014908433676,-1.7761556519788204,-0.6954036953340018,-0.7713496590826285,-0.6402278909153735,-0.8227026119642528,-3.5865545663097733,-1.158726740356778,-0.1192342677610763,-2.931116176681534,-1.3898791990073156,-1.096466604260804,-0.9412221937815832,-1.31048446004749,-2.111342312833067,-1.2186543352626524,-0.8537920884099083,-1.840664964067863,-0.5690891982929673,-0.6457193617194917,-0.5919497713059186,-0.6844011561722577,-1.1700868892026348,-0.8553288668882009,-0.7309207402484011,-1.1683586238100223,-2.179562332851544,-0.937553899670687,-0.7937835479568973,-1.8944159748883127,-1.552610869343808,-0.9056744214396056,-0.87565865544421,-1.4644403292823718,-1.0865545821533564,-0.7572081508451707,-0.5843073888520436,-1.104635737867516,related,9
CHEBI:17368,related,direct,6(1H)-purinone,Mistral-Small-3.1-24B-Instruct-2503,-1,-1.2555689156149863,-0.9937083231090564,-0.8091654500699901,-1.2812750932997838,-0.3620563214965412,-0.6165559146872346,-0.550817055382793,-0.5286786524422831,-3.408096701557121,-1.1726277294507723,-0.1183019563942771,-2.8105416584730016,-1.1573603933800332,-0.9537460295605098,-0.833287415663171,-1.1336475320491834,-1.0856985977410036,-0.9539026820708764,-0.7376073478174985,-1.1207785160947443,-1.2699551824159194,-0.8056644845982731,-0.6988164087993565,-1.228504488508841,-1.0557696519363342,-0.8179862114726175,-0.6917756752607241,-1.0806284199248342,-1.0228834522826715,-0.6917166030282356,-0.6205073069958744,-1.046195075729453,-1.3715989115581255,-0.8688263221947863,-0.852276378790686,-1.3332052462942303,-1.497286200485521,-0.8885260695156257,-0.6469315412952973,-1.3928055130856547,related,8
CHEBI:17368,related,direct,6-oxopurine,Mistral-Small-3.1-24B-Instruct-2503,-1,-0.7140259428182179,-0.796355520817354,-0.6609595375745327,-0.8488606126431536,-0.4509797061226166,-0.6477029009935057,-0.5640567974998425,-0.609545401946462,-3.490686586916701,-1.1354096158237377,-0.120840557306838,-2.866437259428536,-0.5466420683041463,-0.7670091763907971,-0.6861968088654576,-0.6394955215996958,-0.7498750094732473,-0.8190951346761786,-0.6531536157796013,-0.8549759996818773,-0.8203757263610124,-0.716175092842265,-0.6373545335132659,-0.8873464101193267,-0.9658779620306128,-0.8230649319560595,-0.6990867208595735,-1.0105021020282654,-0.4978966781068597,-0.5475318146708217,-0.5134939396435346,-0.6110413721513147,-1.3401614637167027,-0.8678319857940701,-0.8484038384443569,-1.3100369269744232,-0.1268986882331668,-0.5058177024563376,-0.4441484663049804,-0.3266419110148311,exact,9
CHEBI:17368,related,direct,9H-purin-6(1H)-one,Mistral-Small-3.1-24B-Instruct-2503,-1,-2.379203892368922,-1.2432746064551203,-0.9680228187685048,-2.0649909769145,-0.7776782106982795,-0.8265715481144957,-0.6984757752788212,-0.8917659219812484,-3.668441614299404,-1.1797886515993288,-0.1223920150341422,-2.986201996707773,-1.820836686453712,-1.1661876281277723,-0.971168992985684,-1.6257514745432908,-2.089817846979716,-1.210032939665876,-0.8590633020119889,-1.8266760325940323,-0.6989876949604419,-0.677747863609294,-0.598004947435696,-0.7905786245573728,-1.1701190999701954,-0.843997249632814,-0.7146742482606032,-1.1683831250743069,-1.1736772397468065,-0.7351077255798679,-0.6666226429014482,-1.164176093264654,-1.557388394901481,-0.9050205281320808,-0.8747035606984184,-1.4678561205282858,-1.3683513144913713,-0.8354455667319493,-0.6223722568950586,-1.304424146145664,exact,9
CHEBI:17368,related,direct,Hyp,Mistral-Small-3.1-24B-Instruct-2503,-1,-0.2496292347132529,-0.6197175957440113,-0.5485411096560241,-0.4327419028961723,-0.0053089970090279,-0.4777492266199262,-0.4511485845233503,-0.1822637257370737,-2.68794865404385,-1.0755437795027707,-0.1136189884656571,-2.3144846720531,-0.4193570201291282,-0.6953995599494377,-0.6530546664761034,-0.5297102417712751,-1.5822090979439956,-1.130290690736541,-0.8413413875899011,-1.4840245949865811,-1.5600853024685488,-0.8583607384680261,-0.7293440585259551,-1.4369574240570424,-1.8928903972941404,-1.0304888900024058,-0.8738202584223252,-1.6922979681215555,-0.9771019753304274,-0.9015143501571417,-0.822389214154947,-1.0098227259566228,-0.6827552171934316,-0.7664168251158577,-0.7831732709511513,-0.7949831784906132,-2.2166900040637696,-0.9851555587466594,-0.6932153938606674,-1.8580941982959744,related,9
CHEBI:17368,related,direct,Purine-6-ol,Mistral-Small-3.1-24B-Instruct-2503,-1,-1.0259669704726857,-0.9124075648443803,-0.7416902692579112,-1.1035868528704469,-0.5325483324237111,-0.7424232128120011,-0.6362101809735984,-0.6820961496549183,-3.5533728491795658,-1.1869364774684117,-0.118726705709247,-2.9087532972548207,-1.2741917299175445,-1.0093273973667956,-0.874278065421989,-1.2231596928526116,-1.0619851665318203,-0.9368723550958382,-0.7233407705797789,-1.102598283911241,-0.4734033196376448,-0.6093242905738089,-0.5589323029186867,-0.6042742178356796,-1.4680315963634338,-0.9249880118932912,-0.8041401935317385,-1.3901985333695457,-1.049124799968113,-0.6995648781420789,-0.6230819270690159,-1.066923988338363,-0.8403184819045616,-0.7566535718242251,-0.7757515438230215,-0.9243866617165374,-0.4553609656385011,-0.6296078401293773,-0.5137301362909322,-0.6145529726648122,exact,9
CHEBI:17368,related,direct,purin-6(1H)-one,Mistral-Small-3.1-24B-Instruct-2503,-1,-2.323663893496292,-1.24252603732123,-0.9685610032142504,-2.02888806100698,-0.7541113005888381,-0.8260342803066263,-0.6986887574545269,-0.8721109108369071,-3.4656488354510246,-1.1626342552287716,-0.1183625764341284,-2.8495097571399293,-1.725568049924614,-1.1222814680040094,-0.9409047314780624,-1.557300298232138,-1.8852392624801533,-1.167119522870326,-0.8412791442359047,-1.6916248972095589,-0.7876691161447734,-0.6995148236664976,-0.6196553896436807,-0.8614930366921986,-1.1618148379080828,-0.8287574752262198,-0.7157588130745924,-1.162062481443357,-0.9258567888966024,-0.6685696600686639,-0.6148477331420686,-0.9687872378265142,-1.6495868460010843,-0.9253326426783915,-0.894189193781594,-1.5333164976341307,-1.5648817082163615,-0.8828433243717851,-0.6467474512562396,-1.438454899757056,exact,9
CHEBI:17634,exact,direct,D-gluco-hexose,Mistral-Small-3.1-24B-Instruct-2503,-1,-0.2991963459309441,-0.6616084139733424,-0.588661365572547,-0.4797332727342889,0.1007001644797049,-0.3937193995415906,-0.3600730432700655,-0.071128328509237,-0.2989167833663691,-0.5193108265555634,-0.0537256943332928,-0.4273989854991856,-0.3502220483718598,-0.6275245787653887,-0.5600515312899292,-0.4688812941552711,0.4249835375203765,-0.0024151122460467,-0.1341716628950168,0.2893459373258414,0.2362157643415526,-0.3219137920745821,-0.3172376336027498,0.0595806195558523,0.3781305850289536,-0.2763769340990885,-0.2969059753967193,0.2299005093295447,0.5334927312942661,0.3505428263749849,0.2515967952393315,0.4246727026685105,0.3322384158557279,-0.079022680096448,-0.1850198084141541,0.182073916248122,0.1606464177660406,-0.3746012509349131,-0.3697177472656245,-0.0466887190484097,related,8
CHEBI:17634,related,direct,D(+)-glucose,Mistral-Small-3.1-24B-Instruct-2503,-1,0.4373307135382505,-0.0805385419039762,-0.1436984784592411,0.3158678957506579,0.3561186282307458,-0.1676270507778374,-0.2071027546480487,0.217081904749316,1.1162268740692407,0.7939112317028975,0.0505667018172883,1.294684015501418,0.548324124561816,0.1322573030452213,0.0363661558139606,0.4319576164771797,0.6741517568843001,0.3434290678605746,0.1797231493176793,0.6102435718743777,1.16606414895308,1.563161902022797,1.3323656036782558,1.4296925673989052,1.1409484287866676,1.2728249906928233,1.1254491324128288,1.3823445019116265,0.7027284321557062,0.6019780182848268,0.5820043570472238,0.6358563278102249,0.8930103971113036,0.7500258233390206,0.6745837031201444,0.9377186646209136,0.9737156872538336,0.8155342183831523,0.4622154292296384,1.0720715574163764,exact,9
CHEBI:17634,related,direct,D-(+)-glucose,Mistral-Small-3.1-24B-Instruct-2503,-1,0.3644574517014406,-0.1907808482359844,-0.2522663848229359,0.2249882384280108,0.2591144057702548,-0.2725782347826833,-0.2943002078118696,0.1038083950528007,1.3761483525520917,2.0714600044489915,0.207023863708516,1.858983495948306,0.4131925470523024,-0.0479433390102572,-0.1107369431049692,0.2790272521847892,0.7050220027613175,0.3931136004411528,0.2646669533464151,0.653509076155628,1.1689738625001835,1.5867338635138597,1.3701628746528005,1.437157535320456,1.1404628208858487,1.2691637612234057,1.078986176523876,1.3812340709344797,0.6325164173962975,0.5084617794967558,0.495310753040714,0.5460144525575409,0.7720924619844737,0.4863824376792183,0.4691323428182352,0.749114565717383,1.0283056285792256,1.0609949148582096,0.6652348232352883,1.1940626284679317,exact,9
CHEBI:17634,related,direct,Traubenzucker,Mistral-Small-3.1-24B-Instruct-2503,-1,-1.4846459474550553,-1.0684960085982596,-0.8712194686477431,-1.451588583585693,-1.1599928525853989,-0.9720887033236418,-0.8081049782259678,-1.197785130325146,0.4524855423952192,-0.1408901614660407,-0.039625569876006,0.3545907291940695,-1.6352250466908849,-1.0033345416913302,-0.8675497975480816,-1.491768459303853,-1.580657590416367,-1.091456597114526,-0.8089217453543255,-1.482936524295046,-3.4369096777776216,-1.0921261586466295,-0.9068727422479704,-2.654628171121006,-1.9244471639538967,-0.9795805575809194,-0.8369800794590802,-1.7141670906786006,-2.3991312171149968,-0.9855122594627445,-0.8718868371916926,-2.04363872994044,-3.3768742962442584,-1.2660043225696245,-1.1297945604580062,-2.637552702824883,-2.8404984568587874,-1.041816651804212,-0.7251552885035669,-2.232226130805829,related,9
CHEBI:17634,related,direct,dextrose,Mistral-Small-3.1-24B-Instruct-2503,-1,-0.9653168884591178,-0.9244651143725554,-0.7788052049879004,-1.0553443710714254,-1.3148729892262827,-1.0343497992063146,-0.8486341445243568,-1.3156859551652302,-3.434242732785214,-1.1750033224571277,-0.1216388616262883,-2.828255155570594,-1.874284128439428,-1.0961491949418567,-0.9417314077499752,-1.663873503377312,-1.0928921472667346,-0.9704728642880872,-0.7013231208714075,-1.1262771122270692,0.6854327897324433,0.0864865638325317,0.0008323736018047,0.5881291562515967,0.5563091346996553,-0.1428372510458208,-0.153617653419374,0.4421297008862535,-0.5960171586339774,-0.6841022556189358,-0.6172838452300816,-0.6956634415627837,0.1446174166544108,-0.414512580933238,-0.3707434623812766,-0.024022248026179,0.2308266295964244,-0.3528778765579092,-0.34351451059781,0.0268639613940054,exact,9
CHEBI:17634,related,direct,grape sugar,Mistral-Small-3.1-24B-Instruct-2503,-1,-0.8652538128160764,-0.935248801421984,-0.7787865380659444,-0.9744478634940889,-0.5096601319305756,-0.7587120453918358,-0.6534745021947614,-0.6618889781757955,-1.598834367112686,-0.8779393502742269,-0.1087427027708389,-1.518586522686975,-0.920938186161484,-0.7810223161629551,-0.6755429051029441,-0.9480020073615908,-1.1258757279097973,-0.9731416050675268,-0.7535946121846842,-1.1513923336201386,-0.3988532716049628,-0.6112162014631565,-0.547955259038121,-0.5406168828522825,-0.7552069025159572,-0.7781177800383579,-0.6725024850495295,-0.8417987409442456,-1.142338743283889,-0.8211605780020007,-0.7212863024195443,-1.139878836239396,-0.5193764249629734,-0.7279389104635597,-0.6622813690393208,-0.6560048131264858,-1.3369829451140027,-0.8671238069384855,-0.6485735597932297,-1.2826498298300524,related,9
CHEBI:17883,exact,direct,chlorane,Mistral-Small-3.1-24B-Instruct-2503,-1,-0.0341540622703692,-0.523498694704688,-0.4714981006659885,-0.2195485129332351,-0.369543870833408,-0.6749822439210444,-0.5799785194772221,-0.5355626461346716,-2.0224377693365483,-0.8233691154040284,-0.1116152270028634,-1.836699019269107,-0.4400006945189489,-0.7229188944692051,-0.6536129525486751,-0.5477053586843055,-0.0760539936998597,-0.4567878665418961,-0.4501784878471594,-0.2525442080342706,-0.9381596072863644,-0.7432406273257126,-0.6570535495132098,-0.979190321194928,-0.7883819544472082,-0.7175653807982164,-0.6309320396956174,-0.8687977388946315,0.1436744836356222,-0.4392595205595633,-0.3866709584366289,-0.0064221857906893,-0.6228127485399999,-0.8475119140570994,-0.833855277385579,-0.7445921827125924,-1.663717098336991,-0.9100318507941524,-0.6615056417662174,-1.5044026344734658,related,9
CHEBI:17883,exact,direct,chloridohydrogen,Mistral-Small-3.1-24B-Instruct-2503,-1,-0.4980223808260671,-0.7779819597132623,-0.6649422970128447,-0.6616369448794622,-1.0752442309996677,-0.943742410353082,-0.7866118301949707,-1.131885387256826,-2.056734308726251,-0.9653712680239136,-0.1179795937760295,-1.861917013645028,-0.6975264984845734,-0.997077827590096,-0.8626234447392866,-0.7662542587805712,-0.51264345805169,-0.7128036691906878,-0.6021744897155062,-0.6549548983337096,-0.1532876716363919,-0.4885097929308604,-0.4637480271962002,-0.3222365196170541,0.5666035329195315,0.0795672493409724,0.0367618959954187,0.4550206604948129,-0.2947712182819342,-0.6138442451973366,-0.5600718266469444,-0.4300874176931626,-0.3217192621668379,-0.709651359308256,-0.7205383483585599,-0.4803759319842249,-1.1056563143068592,-0.7933802213899245,-0.5968625806198367,-1.1184915804500335,related,9
CHEBI:17883,related,direct,Chlorwasserstoff,Mistral-Small-3.1-24B-Instruct-2503,-1,-1.5384526895562076,-1.0993532536466268,-0.8608651227067349,-1.4906852950905367,-1.5267515321912368,-1.084317929293312,-0.8856567766524196,-1.4721354712325847,-2.0873862923906006,-0.9759216467665084,-0.1216572004388965,-1.8843935894464647,0.2342057550641397,-0.3805279422239728,-0.3947191770932123,0.0881405887446635,-1.046325312697945,-0.9443600356152246,-0.7264100953584195,-1.0905464154579922,-0.8628086369258557,-0.7164678156324984,-0.6373603544461464,-0.9206570001593328,0.0503260886082365,-0.4526591144823875,-0.4208328915222845,-0.1192357461039983,-0.7191971951365029,-0.755841378136815,-0.6835502026814212,-0.7995976765445373,-1.1107222821800276,-0.9750847676609044,-0.9577403932916372,-1.137274175104333,-1.626125624259983,-0.8973871198438004,-0.6512754028679235,-1.4794287392704897,related,9
CHEBI:17883,related,direct,HCl,Mistral-Small-3.1-24B-Instruct-2503,-1,0.2345855577362612,-0.3494742834143681,-0.3648798810974197,0.0713853239344061,-0.5920146325242348,-0.8033427782573139,-0.6849373043087642,-0.7340688347239631,-2.448318537822794,-0.9742784425164106,-0.116270751092238,-2.145040356283196,-1.0360621172605322,-0.951194661902002,-0.824046751849102,-1.0391942557855358,-1.0821914992488857,-0.9689805749232256,-0.7352813854867265,-1.118095001264494,-0.8369262196110968,-0.7167828221449735,-0.6427905483050461,-0.9003694854324062,-1.5497535755145744,-0.9332049825862752,-0.8010628963767005,-1.449504106524612,-1.129681157797354,-0.8880697434134784,-0.7892031372229489,-1.1300329242184473,-0.6007773680537343,-0.8235681813978714,-0.8272819410933103,-0.7258971673884183,-0.379286864763401,-0.614168539086494,-0.4855121535974182,-0.5503286391959638,related,9
CHEBI:17883,related,direct,Hydrochloride,Mistral-Small-3.1-24B-Instruct-2503,-1,-1.079183445827354,-0.9921917814495718,-0.8240226192035438,-1.1454491996334062,-0.4573754182506435,-0.7230798441579358,-0.6323833717360279,-0.61528875113822,-3.018596450206384,-1.0032654931572127,-0.124760603721358,-2.54439799337759,0.8462493773333262,0.1783731541588613,0.0608023373992658,0.8053673755027475,-0.8563153406653323,-0.8667136277490356,-0.6520883807245099,-0.9412528914903534,-1.3768345781058644,-0.8384367390298864,-0.7334566778673178,-1.3062297204729514,0.6106389140247613,0.0937480354524964,0.0182517526465787,0.511054776030081,-0.4133506735741441,-0.584517612502247,-0.5389095727620558,-0.5367165762300473,-0.3862912767594421,-0.7721645935012313,-0.7676228462283925,-0.5387301591501404,-0.9780744117722828,-0.7605131967279892,-0.5795493180670724,-1.0250025749148115,related,9
CHEBI:17883,related,direct,Hydrogenchlorid,Mistral-Small-3.1-24B-Instruct-2503,-1,-0.4804047608544525,-0.7749912837641195,-0.6496983972893262,-0.6459148091598556,-0.4160145125484862,-0.6883257698756737,-0.5877908269372651,-0.577976475062327,-1.5200677053766096,-0.83869449923343,-0.1071525016441891,-1.4579233788831425,-0.2395445794568826,-0.7071205443003683,-0.6321885650675455,-0.3695874574234414,-0.1213307864942841,-0.4894222912723341,-0.4506626109447904,-0.2967399107573,0.5802970924627662,-0.003735935118443,-0.085558876365619,0.4521707401469927,0.9042323134462338,0.6466030515336323,0.4969326738739216,0.9328972591255555,0.3488121173522793,-0.2305279750713163,-0.2469804717499313,0.212350145582183,0.3404394892056643,-0.359423351024957,-0.4242288536709769,0.1914641867770098,-0.000582563130449,-0.4564202589870458,-0.4081245903697382,-0.2074712658882265,related,9
CHEBI:17883,related,direct,Wasserstoffchlorid,Mistral-Small-3.1-24B-Instruct-2503,-1,-1.761247447755254,-1.1514309677744348,-0.8943279035302572,-1.6492404226418824,-1.666605317487133,-1.1111093529669376,-0.8864467771998967,-1.5726240217923697,-2.334493713066553,-1.002279480264488,-0.1146650645984269,-2.0635976615247342,-1.0329913266686408,-0.9795427937747276,-0.8773299267043781,-1.0367819131132914,-1.7542017026153751,-1.1419539471609057,-0.8317495410954658,-1.6030198231102406,-2.0914301431490565,-0.933776565329206,-0.8010903652555802,-1.800800059537888,0.2378824566826594,-0.3268793136964424,-0.3010472920005129,0.0749625980115224,-1.137707859722034,-0.825353849831164,-0.7021103120997831,-1.1362787975664537,-1.5351728653144323,-1.059132816394021,-1.0234736713564252,-1.4519523693924674,-2.115164643395941,-0.955983488977484,-0.681835809902826,-1.794908627963363,related,9
CHEBI:17883,related,direct,[HCl],Mistral-Small-3.1-24B-Instruct-2503,-1,-0.3615045977800406,-0.7151261280936487,-0.6145198795541456,-0.537832973128633,-0.7275274718760232,-0.8560581876860353,-0.7367065616582148,-0.8498177539485091,-2.09844041848345,-0.93528854444176,-0.1136420182673791,-1.8924853426296493,-0.9761849771023176,-0.995827062956364,-0.8768793257069567,-0.9919599520656392,-0.5259198678702813,-0.7128933754241763,-0.5831052148578177,-0.6664542061447256,-0.8300442203497735,-0.7164690954445617,-0.6352897926692807,-0.8949590521668798,-2.1536677521367307,-1.0250248123317585,-0.8691948728743846,-1.870960254568524,-0.1314757558174106,-0.4178462301848045,-0.421901645050085,-0.278185061093587,-0.6230200629813774,-0.8444551897660886,-0.850509164735431,-0.7447676273120588,-0.3222840513339033,-0.58745322781859,-0.4674190090192999,-0.5012985489076728,related,9
CHEBI:17883,related,direct,chlorure d'hydrogene,Mistral-Small-3.1-24B-Instruct-2503,-1,-0.5120316563757134,-0.7695793720039733,-0.6270966056056037,-0.6740874712299721,-0.95224636210141,-0.921602281932581,-0.7619124244657829,-1.034359334097443,-2.0310349953501325,-0.9118830802952632,-0.1130274588127821,-1.843027411542575,-0.8847701868615226,-0.8992356549184133,-0.7855622784914157,-0.9190219024373122,-0.4487464140517315,-0.674693035976554,-0.5816587357913774,-0.5990641808959537,0.3093788400429987,-0.2346041767294738,-0.2598270688212034,0.1377142362891553,0.5767311690643153,0.1209878614786575,0.0399979372150288,0.4677781972634836,-1.689888550666354,-0.9480409234441932,-0.8382197751133034,-1.5497371064625205,-0.0485431673959872,-0.6222030159495622,-0.6141454205278919,-0.2213638801839792,0.0530269553981508,-0.4088591301298059,-0.3789116931819123,-0.1551749314656603,related,9
CHEBI:17883,related,direct,cloruro de hidrogeno,Mistral-Small-3.1-24B-Instruct-2503,-1,-1.674233508230888,-1.1349838661281897,-0.8908813289588062,-1.5879318029324134,-1.2715551633489643,-1.015238969310987,-0.8208937250283548,-1.283027240122865,-2.078146169825887,-0.8950915949663296,-0.1187112977679484,-1.877624019105404,-0.8681593312178147,-0.8827215851634407,-0.7845032418348986,-0.905657180029104,-2.1459919273254355,-1.2260187715328967,-0.905402079060928,-1.8630992657510392,-2.076784027181304,-0.9321681646254276,-0.7889176625908274,-1.7910320580837285,0.9302296647175234,0.6091245426686676,0.4680690376847253,0.9757366203560256,-1.470346547521202,-0.8509621875458501,-0.7453148203459644,-1.3889245124612188,-0.3756746327287669,-0.7593444618468648,-0.7725326768824714,-0.5292037779374426,-1.1753556029548164,-0.794759406158595,-0.5949135754035555,-1.1686462055282534,related,9
CHEBI:17883,related,direct,hydrochloric acid,Mistral-Small-3.1-24B-Instruct-2503,-1,-0.8045766160756385,-0.912523129950166,-0.7491401086396716,-0.9245588195755216,-0.5220485238172211,-0.7403288229831678,-0.6601755537219735,-0.6728405409904814,-1.995721097664763,-0.820094785443196,-0.1138037672365631,-1.817003063305732,-0.2174310374444561,-0.7964283199286925,-0.719469018700801,-0.3494492342833634,-0.0988512143356244,-0.4679031045566455,-0.413572156599945,-0.2748778620817673,-0.2584275522610577,-0.5334280605891207,-0.4925337832595708,-0.4174872729573007,-0.0998180845413931,-0.4326747255745188,-0.4188634504182732,-0.2659580588526999,0.7538299267935223,0.1323899089696932,0.0739410414230006,0.7034981990794654,0.0842188562299489,-0.457835925729509,-0.4864044956811443,-0.08718572743199,-0.3014572910700445,-0.5937271518684474,-0.4824283462606274,-0.4831809514625491,related,9
CHEBI:17933,exact,direct,"(3S,5Z,7E)-9,10-secocholesta-5,7,10(19)-triene-3,25-diol",Mistral-Small-3.1-24B-Instruct-2503,-1,-3.360638117424582,-1.365611713494063,-1.053012468248604,-2.6705661196197954,-1.6979005091772108,-1.0739140995726764,-0.8865171161092639,-1.5948287399455958,-1.2881946815737364,-0.5925142901373809,-0.0921756750784457,-1.2761413970602302,-2.418838547422073,-1.1799368848267688,-1.0002517004707412,-2.042204188616531,-2.761460701767241,-1.3338505297879586,-0.938665679065374,-2.245683952903024,-0.6174818684966368,-0.6788577392076396,-0.5970667839380491,-0.7242921688365039,-0.6942021551435765,-0.7733343247462046,-0.657907637996683,-0.7916983235202256,-2.973154771669305,-1.0346593439608425,-0.8687280097143424,-2.421167173390937,-1.3407812624086828,-0.8459706968285231,-0.7841357649739157,-1.3104948166147297,-1.7084522425186262,-0.912360735947081,-0.6589116224327357,-1.5339530312785976,related,9
CHEBI:17933,related,direct,"(3S,5Z,7E)-9,10-secocholesta-5,7,10-triene-3,25-diol",Mistral-Small-3.1-24B-Instruct-2503,-1,-3.4053204063091806,-1.3741531671734375,-1.0603460846823098,-2.696882196933407,-1.6428722244739278,-1.0603135919895983,-0.8741231301150442,-1.555717551411599,-1.2140558743885954,-0.5731996697176434,-0.0908717588476919,-1.2169236144817508,-2.3383079037230368,-1.1597000946423202,-0.982378453426935,-1.987302639587676,-2.699452261637961,-1.3244140844258043,-0.9296157084672968,-2.208399820704869,-0.5682224832003195,-0.6674383935203971,-0.5949315201325697,-0.6836829383088003,-0.6415824006178273,-0.7573505070700735,-0.6429559154739035,-0.7479942878913145,-2.80464021789974,-1.0179462315936936,-0.8577483695859761,-2.312040371580774,-1.208179371316776,-0.8155558828342621,-0.7563285798787298,-1.211472987928107,-1.628077181637598,-0.8990220993950874,-0.6518636433246076,-1.480728506468856,related,9
CHEBI:17933,related,direct,"(3beta,5Z,7E)-9,10-secocholesta-5,7,10(19)-triene-3,25-diol",Mistral-Small-3.1-24B-Instruct-2503,-1,-3.217843622732788,-1.3486577799651456,-1.0412780379127835,-2.585814630393477,-1.733725349828287,-1.088533688030706,-0.8916289761245474,-1.6201255153958298,-1.4046457416277385,-0.6170453860760738,-0.0940158790704724,-1.3680581608789286,-2.427065751583878,-1.199983772788674,-1.0141347364421138,-2.0477946777120613,-2.7591723362076888,-1.3338582934836083,-0.936776598969484,-2.2443126523459167,-0.5430626453835996,-0.6578262699910096,-0.5833198815179117,-0.6627747723312601,-0.6977730652992196,-0.7752201992813287,-0.6594468599091443,-0.794647498386199,-3.056153401283094,-1.047083461107887,-0.8826810547002275,-2.474447813153968,-1.4775551779139635,-0.8749343324559966,-0.8073243584873713,-1.4104604087929806,-1.6448460235467337,-0.9029004193720516,-0.6524850216439911,-1.491882089266843,related,9
CHEBI:17933,related,direct,"(5Z,7E)-(3S)-9,10-secocholesta-5,7,10(19)-triene-3,25-diol",Mistral-Small-3.1-24B-Instruct-2503,-1,-3.3875463552210068,-1.369996050627027,-1.0560425422882054,-2.686425374737686,-1.696849829416499,-1.0732927538792558,-0.8858922452475253,-1.5940848771518252,-1.3276059142675496,-0.6067980902140073,-0.093175412642424,-1.30739580489423,-2.4569772914977324,-1.1945822130564263,-1.014186712545024,-2.0680918660894583,-2.702767042344621,-1.3251138104786655,-0.9264981123419972,-2.210399563074659,-0.5035622666657978,-0.6444479462793735,-0.5717930295175371,-0.6297146239714357,-0.8419097264331785,-0.8188080596532282,-0.6966306052483229,-0.9120086661171468,-3.0271699351571475,-1.0386073304832093,-0.8742646544511736,-2.455875836591398,-1.3536190304716325,-0.8485077011682098,-0.7844680105828751,-1.3199688350333367,-1.7063309171935668,-0.9139254296877884,-0.6560294705674533,-1.5325558543790945,related,9
CHEBI:17933,related,direct,25(OH)D3,Mistral-Small-3.1-24B-Instruct-2503,-1,-1.329684588141981,-1.020587894814812,-0.825916731666693,-1.3370921218313865,-1.81296275614294,-1.10623641343102,-0.8917971021341331,-1.6756266250543437,-0.4053562834795782,-0.3326554445199389,-0.0694285972110254,-0.5261410439861666,-1.7874347740646117,-1.003775560884396,-0.8725063325038993,-1.6018260855190418,-1.4982180866746553,-1.067793667568206,-0.7909120266421839,-1.4247287511694504,-0.1463056521603401,-0.5089983687724712,-0.4633542212257597,-0.3158101268266108,-0.6591747802119733,-0.7479552750653662,-0.6685577858468317,-0.7626576723226077,-1.0351343997614535,-0.7473487814308821,-0.6724706977856996,-1.055883183866582,-0.4978049998989627,-0.6206790694742459,-0.6495749107708181,-0.6372565036473048,-0.4251985163011869,-0.6678164883621178,-0.5298184892693362,-0.5892487784405972,related,9
CHEBI:17933,related,direct,25-Hydroxyvitamin D3,Mistral-Small-3.1-24B-Instruct-2503,-1,-1.6059878264466063,-1.084943452055367,-0.8803185478745436,-1.5393014242686984,-1.333618265459702,-0.9787660792155408,-0.812950745510291,-1.3297450804775202,-0.8322549875406451,-0.6803481836888596,-0.0853384460049035,-0.9021634555684253,-1.6686761048349903,-0.9879324663657292,-0.859769762376801,-1.516105216553156,-2.148541758638251,-1.230993194477109,-0.8648184332591922,-1.864746087751012,-0.1218843666516159,-0.4968271500690747,-0.4570589823230686,-0.2932283662630136,-0.2240281047611495,-0.5763576842304604,-0.5387830117923753,-0.3824246897438875,-1.2132335384481434,-0.7943131070857756,-0.7131860034182044,-1.1946850239131213,-0.6398940287547298,-0.6879938294291049,-0.6418321093466951,-0.7590202069793427,-0.4249255459540799,-0.6672131333983577,-0.5275341633006798,-0.5890188296749808,exact,9
CHEBI:17933,related,direct,25-hydroxycholecalciferol,Mistral-Small-3.1-24B-Instruct-2503,-1,-1.4286297027386785,-1.042128258837216,-0.8474035467075607,-1.4105323078893268,-0.9075765528808551,-0.8434409247565297,-0.7110738466221144,-0.9983562051444342,-0.0141241946669521,-0.1848920660899852,-0.0517698494405017,-0.1508522742219656,-1.2685010610359315,-0.9148063093847332,-0.7893597127498483,-1.2188313142123794,-1.1800250693232217,-0.9746952619316104,-0.7335234293145181,-1.1922861753006864,-0.3812497138127363,-0.5977398321522308,-0.5290688274033004,-0.5254190391031279,0.0896122162888341,-0.3939262148979771,-0.3636334938233566,-0.0796397644116615,-1.085135234791745,-0.7549163690195195,-0.65335487123636,-1.0952316711240917,-0.3314001317017785,-0.5507182620267056,-0.4788045898425214,-0.4891884887351154,-0.1815330065904138,-0.5860376492832629,-0.4841816485612338,-0.3765833033100996,exact,9
CHEBI:17933,related,direct,25-hydroxyvitamin D3,Mistral-Small-3.1-24B-Instruct-2503,-1,-1.5035476930812703,-1.0616260425457265,-0.8661209825836037,-1.4653602735944773,-1.333618265459702,-0.9787660792155408,-0.812950745510291,-1.3297450804775202,-0.8322549875406451,-0.6803481836888596,-0.0853384460049035,-0.9021634555684253,-1.6686761048349903,-0.9879324663657292,-0.859769762376801,-1.516105216553156,-2.148541758638251,-1.230993194477109,-0.8648184332591922,-1.864746087751012,-0.1218843666516159,-0.4968271500690747,-0.4570589823230686,-0.2932283662630136,-0.1388983079483437,-0.5421436891533786,-0.51271040614081,-0.3030493176286435,-1.2132335384481434,-0.7943131070857756,-0.7131860034182044,-1.1946850239131213,-0.6398940287547298,-0.6879938294291049,-0.6418321093466951,-0.7590202069793427,-0.4249255459540799,-0.6672131333983577,-0.5275341633006798,-0.5890188296749808,exact,9
CHEBI:17933,related,direct,"3-{2-[1-(5-HYDROXY-1,5-DIMETHYL-HEXYL)-7A-METHYL-OCTAHYDRO-INDEN-4-YLIDENE]-ETHYLIDENE}-4-METHYLENE-CYCLOHEXANOL",Mistral-Small-3.1-24B-Instruct-2503,-1,-2.868500262733689,-1.297358062845125,-1.0195193058305798,-2.3739801503512368,-1.7617186270005931,-1.0877653480948843,-0.8712007342288378,-1.6398032150073456,-1.3810858247962068,-0.6639376271272563,-0.0915025926329837,-1.3495662874677203,-2.381079044755869,-1.2813180625523417,-1.06609028905068,-2.016502766700101,-2.611601929415495,-1.3199521784361457,-0.8908370409153041,-2.15512263569626,-2.352100126609136,-0.9718329598130286,-0.8173844431982143,-1.9725524680879487,-2.127872431692356,-1.086686132544646,-0.9185495081256668,-1.853488145261479,-3.10646630165948,-1.0690314521212625,-0.9122890689055416,-2.5066027891780363,-2.302677377756785,-1.0370048218670824,-0.9722196762591409,-1.9749867618559247,-1.7403732607461868,-0.8971153805788802,-0.66064169822208,-1.5549288266162284,related,10
CHEBI:17933,related,direct,Calcifediol,Mistral-Small-3.1-24B-Instruct-2503,-1,-0.5928050372234727,-0.7198662218095144,-0.6324903812609347,-0.7450123829658182,-0.1682435685930752,-0.4694368543069785,-0.4108108169420886,-0.3452601723813215,-0.0898066463097898,-0.2961155004401311,-0.0542977136999017,-0.2262750763372497,-0.1459075819939481,-0.2967476910572248,-0.32680360311262,-0.2835899148484815,0.7876948808943718,0.5057401447057729,0.2691539170827581,0.7741877881514572,0.6549832896850788,0.0771703898821368,-0.0418302805376393,0.5477555589511284,0.4792242828835374,-0.1083438962432822,-0.1462014684760141,0.3479146267118054,-0.1884832765197603,-0.5885956637440573,-0.529415060784899,-0.3319270060525714,0.1978629139739683,-0.3064744618232916,-0.4142888343879402,0.0328724078670405,0.8845668743655114,0.455865122383395,0.2022769066298644,0.899111217930096,exact,9
CHEBI:17933,related,direct,Calcifediol anhydrous,Mistral-Small-3.1-24B-Instruct-2503,-1,-0.3864897757168961,-0.6258684575229352,-0.5690958906347288,-0.5608400770542344,-0.1221930434711566,-0.452640941601568,-0.438664137885248,-0.300075105771209,-0.5660958153728409,-0.6305500947013749,-0.0764895887515191,-0.6712151191280313,-0.5936806990632398,-0.6177393002995872,-0.6124446288677396,-0.6793888049827183,-0.0168827811245852,-0.4484795366737899,-0.4162395959184231,-0.1937842838839825,-0.1001092433257104,-0.4830067736413894,-0.4508677697632584,-0.2729544809204716,-0.0359070289263287,-0.4597201078161724,-0.4542516951962716,-0.2043535913007386,-0.3664807557045117,-0.5995212519638018,-0.5656177678069058,-0.4949152158917169,-0.4161359777891793,-0.6430035529117798,-0.6427396783758837,-0.565370649716183,0.7616842930995597,0.1993946810145146,0.0033376668267618,0.6947929262652468,related,9
CHEBI:17933,related,direct,Rayaldee,Mistral-Small-3.1-24B-Instruct-2503,-1,-1.5385451577273297,-1.0635308119449731,-0.8526335380080461,-1.4907522029170182,-1.6773660487836444,-1.1273413057557211,-0.9156944875611605,-1.5802703371684057,-1.975774755910654,-0.9009476583553166,-0.1094905397354611,-1.802268479887963,-0.4390673347218137,-0.3800056331075617,-0.3891628724742527,-0.5468933786729153,-0.8293022548674466,-0.8765488511981003,-0.6596343278887941,-0.919545596513668,-2.164097491284348,-0.9470338859666988,-0.8071471395828235,-1.84907185604601,-2.788332814632776,-1.120524801262785,-0.948099362152024,-2.289126448299013,-0.8351129759788859,-0.7992799508872187,-0.7022262186206257,-0.8952512739706597,-2.4516799857937968,-1.2706959920226333,-0.9936066567595748,-2.0710790920802364,-1.686513992410404,-0.8938511650653332,-0.6456162890194066,-1.5194841586672374,related,9
CHEBI:17933,related,direct,calcifediol,Mistral-Small-3.1-24B-Instruct-2503,-1,-0.0153079365967086,-0.4001918448724124,-0.4075594434554683,-0.2001376034970683,-0.1682435685930752,-0.4694368543069785,-0.4108108169420886,-0.3452601723813215,-0.0898066463097898,-0.2961155004401311,-0.0542977136999017,-0.2262750763372497,-0.1459075819939481,-0.2967476910572248,-0.32680360311262,-0.2835899148484815,0.7876948808943718,0.5057401447057729,0.2691539170827581,0.7741877881514572,0.6549832896850788,0.0771703898821368,-0.0418302805376393,0.5477555589511284,0.5718118917147111,-0.0199652696119556,-0.0510421508803711,0.4615720702326762,-0.1884832765197603,-0.5885956637440573,-0.529415060784899,-0.3319270060525714,0.1978629139739683,-0.3064744618232916,-0.4142888343879402,0.0328724078670405,0.8845668743655114,0.455865122383395,0.2022769066298644,0.899111217930096,exact,9
CHEBI:17933,related,direct,calcifediolum,Mistral-Small-3.1-24B-Instruct-2503,-1,0.220675702851806,-0.2154162624650396,-0.261673351658726,0.0554983704073243,-0.4679179374165119,-0.6514755238007729,-0.5880444485864366,-0.6247352332179625,-0.3295121936736309,-0.4104415629037733,-0.0713308534131821,-0.4560150865487736,-0.2870042255171851,-0.4254473659649784,-0.3986374156016437,-0.4124651547197595,0.5305184625090128,0.0780664245797932,-0.0479390838231943,0.4197395654176474,0.5112245773302189,-0.0790583722470647,-0.1751709326595857,0.3676254192376276,0.0526004134367564,-0.4322333011080443,-0.4125634774478856,-0.1169579366090931,0.5108598071800308,-0.1189158025812182,-0.1664400577907579,0.3977328676272595,-0.2651352874637201,-0.5813715502345718,-0.6290668469083314,-0.4283996731276828,0.447562505139306,-0.1954666155905588,-0.2336679806938073,0.2712500840922185,related,9
CHEBI:18257,exact,direct,"2,5-diaminopentanoic acid",Mistral-Small-3.1-24B-Instruct-2503,-1,-1.323647737541605,-0.9980216205262769,-0.801013241523564,-1.3325721118912237,-1.3175311391308766,-0.9508959559505296,-0.787246959421351,-1.3176822699397608,-1.194668531281907,-0.6686310249716491,-0.0918344122927156,-1.2013442684631337,-0.9156947436504164,-0.8688132092221599,-0.7686655044040492,-0.9438106965826166,-1.6959964007153792,-1.1330965951801757,-0.7790640448696187,-1.5631030531194106,-0.7332185676125442,-0.7011955349545351,-0.6204300286109133,-0.8180959127544376,-1.5050955888135844,-0.8896786706376119,-0.7600185558947793,-1.417172269090064,-1.4805735911657203,-0.8302830465427088,-0.7113691808121277,-1.3965135886938609,-2.0879553769257533,-0.9777946349757224,-0.9349338758365884,-1.8336689273001872,-1.7351568954552536,-0.9511235174793702,-0.6896000511073387,-1.551507251210409,exact,9
CHEBI:18257,related,direct,"2,5-Diaminopentanoic acid",Mistral-Small-3.1-24B-Instruct-2503,-1,-1.5735613941073756,-1.054502984546296,-0.8457009139188196,-1.5160210487233472,-1.3175311391308766,-0.9508959559505296,-0.787246959421351,-1.3176822699397608,-1.194668531281907,-0.6686310249716491,-0.0918344122927156,-1.2013442684631337,-0.9156947436504164,-0.8688132092221599,-0.7686655044040492,-0.9438106965826166,-1.6959964007153792,-1.1330965951801757,-0.7790640448696187,-1.5631030531194106,-0.7332185676125442,-0.7011955349545351,-0.6204300286109133,-0.8180959127544376,-1.5012029787135703,-0.888682973712876,-0.7603692205001069,-1.4143454018606354,-1.4805735911657203,-0.8302830465427088,-0.7113691808121277,-1.3965135886938609,-2.0879553769257533,-0.9777946349757224,-0.9349338758365884,-1.8336689273001872,-1.7351568954552536,-0.9511235174793702,-0.6896000511073387,-1.551507251210409,exact,9
CHEBI:18257,related,direct,"2,5-Diaminovaleric acid",Mistral-Small-3.1-24B-Instruct-2503,-1,-1.407624827656499,-0.9960096226566962,-0.8210208661175562,-1.39504155330126,-1.0500085028519637,-0.8686230433103912,-0.7280142243221595,-1.1120620665741456,-1.2728590684223289,-0.6829049884846853,-0.0891682040529305,-1.2639380805555898,-1.0660811635134602,-0.8705118602037354,-0.7778303754517107,-1.062720378164291,-1.58200165404058,-1.0996130497511574,-0.7908614498922829,-1.4838791303833654,-0.343958907138938,-0.5792269266715463,-0.523279838494852,-0.4930057671420691,-1.6755720954561864,-0.933215247229596,-0.7997744066104729,-1.5396467826173197,-1.324397226322514,-0.8004365578238646,-0.6832358427699072,-1.2795039173851228,-1.889441791023514,-0.9528912121580848,-0.9238063342110948,-1.699759674186745,-1.696969427520196,-0.9467112098040906,-0.6868883769795014,-1.5263852239023596,exact,9
CHEBI:18257,related,direct,DL-Ornithine,Mistral-Small-3.1-24B-Instruct-2503,-1,0.318277595594314,-0.1396427394290906,-0.2266688208563799,0.1692226429237321,0.2483342605831167,-0.1626271203829224,-0.200294696456975,0.0915286724723938,-0.146191425541188,-0.370826713883696,-0.0544105616003777,-0.281513299021749,0.6814218869100421,0.3201752759897789,0.202110310612644,0.5917049414194282,-0.4846147614766659,-0.7176544477792018,-0.5844488267647999,-0.6305508586403012,1.1869295827214543,1.7784593101672197,1.6520060045005658,1.484689431787154,0.6916122986285439,0.1320890203277876,0.0815046095807502,0.6182261986289181,0.5955773621222673,-0.0196423130871203,-0.0618156461173434,0.5000586490752694,0.5007443086846645,0.0456970946592859,-0.002799869385233,0.3826336811307487,1.02779993682088,0.9121723851632092,0.5468967613662782,1.1928572184775932,exact,9
CHEBI:18257,related,direct,Orn,Mistral-Small-3.1-24B-Instruct-2503,-1,-1.8485353155459503,-1.1364239541210444,-0.9097771381110392,-1.7099923526654397,-1.2305406014555855,-1.017623584288289,-0.8518924453384833,-1.2518817747734263,0.7743706258533652,0.410437448431605,0.0075276199993775,0.7622873728482904,-0.2907360265138927,-0.4197413368984678,-0.4264329601940402,-0.4158172760061276,-0.5737270441115759,-0.78977524494561,-0.6365225287193872,-0.7075489433899848,-0.6635695101015616,-0.682312073964869,-0.6034700352769528,-0.7619091253990017,-0.5340759059000381,-0.7659976272691597,-0.671885599168286,-0.6572050102740152,-3.2362383214908195,-1.1710210891033552,-0.9050249803059744,-2.589061568454821,0.1222889364406805,-0.3649326295053325,-0.3554840071043599,-0.0475378764981771,-0.7615428769807324,-0.7666564106547266,-0.5807153235343561,-0.860816469552425,related,9
CHEBI:18258,related,direct,"3,5,3'-Triiodo-L-thyronine",Mistral-Small-3.1-24B-Instruct-2503,-1,1.1622269456789076,2.797560333103449,2.8393894203180405,1.671127324884581,1.2627473204929325,3.78565733676172,4.286395568058547,1.907844014574352,1.5283445378194735,7.033285450258691,0.993908050179984,2.436154911850485,1.5341498820005803,4.678441706710756,6.043569104371982,2.2319173253602904,1.3928951821171105,5.5551271298255225,8.444112500272123,2.296731939528753,1.317168832668004,5.126240141457955,6.276396442429078,1.9970925069654328,1.2733673019595595,2.860406275276048,2.9047937035686853,1.7470973927095208,1.5197091545119612,8.723550402994677,12.404140116669987,2.434260013117795,1.3572660678675537,6.775479580419472,8.530798602601438,2.1482701603126624,1.2024865106333391,3.9720947487406137,5.41606719730212,1.849301944336264,exact,9
CHEBI:18258,related,direct,"3,5,3'-Triiodothyronine",Mistral-Small-3.1-24B-Instruct-2503,-1,0.8825997199597482,0.8680555765435273,0.6472565381633814,0.9876531102894406,1.096859507866767,1.7669144809572672,1.5559182527196942,1.3942902539929118,-0.6180293874744163,-0.6047708463348241,-0.0622029187430735,-0.7171357108514839,0.7675645662826832,0.3505924096415102,0.2541571585541038,0.7008959236535695,0.6683562928326298,0.3901393562665901,0.1643202837821286,0.6022209972553149,0.8167387952010979,0.3219666126423467,0.191230002354705,0.7734697193073754,1.1078418757028874,1.2799798872973518,1.1035878333425544,1.309072994589622,1.220737356768183,2.381932968587939,2.202031567152745,1.4630000568328323,0.2421731588701597,0.008982559247634,-0.1054486555045474,0.0811440651288319,0.754582935978794,0.2092850101586149,0.0285676033092002,0.6838685231926324,exact,9
CHEBI:18258,related,direct,"3,5,3'TRIIODOTHYRONINE",Mistral-Small-3.1-24B-Instruct-2503,-1,-0.1456804101348779,-0.5080182849310141,-0.4840816411186987,-0.3318038726086115,1.000964206838867,1.2621568778512298,1.0438788642056072,1.1838967476178086,-0.833458422150273,-0.6907753906167026,-0.0719784285947952,-0.9031841958070328,0.6055744241150172,0.1044294061961341,0.0388711142736118,0.4994523859721557,0.5366791142656541,0.1916969840954913,0.0213220322894485,0.427582265793078,0.795633388978375,0.2854965252422174,0.1574629562905306,0.742293384667004,0.2875910101909056,-0.2929743238011142,-0.3004393475669418,0.128819545298099,1.0125939252778682,1.449659172805293,1.3569449133613432,1.0839978857243058,0.1501083898413757,-0.0747979298295375,-0.1939499834507319,-0.0182088850610447,0.7444458802719605,0.2176084718818505,0.0319413951552811,0.6684149528243432,exact,9
CHEBI:18258,related,direct,"4-(4-hydroxy-3-iodophenoxy)-3,5-diiodo-L-phenylalanine",Mistral-Small-3.1-24B-Instruct-2503,-1,-0.0622414430609477,-0.4953497790580988,-0.4462365889549161,-0.2482330535533812,0.5491719097328992,0.1647473624447969,0.0256681847824482,0.4599681049920784,0.428241742192626,0.2217794231950454,-0.0008548692014513,0.3262349171577652,0.7367256050170897,0.1233434879549322,0.0183137874323277,0.6612244264126766,0.1568233966239661,-0.216823184330492,-0.2634107599055728,-0.0140459891626883,-0.985336822713332,-0.7513792671333006,-0.6439836671297001,-1.0154518176201963,-0.9306275581134952,-0.7549248791224965,-0.6707126759645456,-0.9827123059302,0.368658691367714,0.383571453322675,0.2826962565417026,0.2344000600805517,-0.4224797996953278,-0.3867893451173317,-0.4524314536039601,-0.5710072460488892,-1.097061102450981,-0.773825902037378,-0.591466397506891,-1.1122628543135815,related,9
CHEBI:18258,related,direct,"L-3,3',5-triiodothyronine",Mistral-Small-3.1-24B-Instruct-2503,-1,1.0043003476452754,1.3699044186884124,1.1194202020928783,1.2350667519221286,1.2013629279985008,2.7028121764952564,2.705714630162796,1.6807011226043285,-0.2046952041203991,-0.3986904660724446,-0.0464923288008532,-0.338018602258809,1.0299795537753813,0.8893422878392643,0.7415004347719308,1.0716733689434383,0.8220441339015866,0.6926545690360281,0.3736595806545533,0.8266301075963999,0.6564371956961331,0.0740480939809966,-0.0182398482683114,0.5496637893605181,1.259959468029648,2.6487629552123964,2.573770876682186,1.702065944186443,1.3010698681941173,2.9175240091792745,2.813085927639611,1.6411347107675285,0.3030606954253187,0.057255917403483,-0.0880351657965891,0.1489435360138158,0.6542831038069558,0.0925659156490342,-0.0598490115956052,0.5374967831454889,exact,9
CHEBI:18258,related,direct,"L-3,5,3'-Triiodothyronine",Mistral-Small-3.1-24B-Instruct-2503,-1,0.9700356758741208,1.2220706552701883,1.01386508293745,1.1604653634414823,1.1420930964711182,2.0978289690098384,1.912552634682961,1.5083675759102029,-0.287642906342244,-0.4581917145267231,-0.0519078298362383,-0.4168053483455102,0.9630155957454558,0.7161607288376256,0.562550066444488,0.9704385870645366,0.7976737969982544,0.6394227308928478,0.3476794845174034,0.7892733858651908,0.6530357477853641,0.0694990722262711,-0.0265314860048739,0.5452024332968138,1.156499705818682,1.6080503680193352,1.419275864752245,1.4185276927967867,1.3008176744296935,2.889768561120566,2.750209123252465,1.6405332574912086,0.2875757364091948,0.0529479499841279,-0.0937212710924496,0.1315329398585682,0.6704559518580413,0.114404877437496,-0.0425216801468159,0.5601856168307067,exact,9
CHEBI:18258,related,direct,L-T3,Mistral-Small-3.1-24B-Instruct-2503,-1,-1.0455750894963416,-0.928772157951795,-0.7586212643742533,-1.1190613175040465,-0.8058182568837227,-0.8840634799430649,-0.7424363585844469,-0.9151043685548674,-1.0707012966433085,-0.7626616111869855,-0.0805685660953239,-1.1007606560280725,-0.8372265834697535,-0.8438885281846339,-0.7384244541796496,-0.8806752222700541,-1.9142144218645103,-1.16813364300459,-0.7853044708507553,-1.710989830729316,-0.2893212485472167,-0.5497847307241696,-0.5111244715405625,-0.444958784991419,-0.8113775883668373,-0.7056063173645782,-0.6088995137451839,-0.8874136908306454,-1.8063810536831948,-0.9105161003222734,-0.7711195987542019,-1.633382514682083,-0.4244750224742393,-0.5860455435790979,-0.5916544705407688,-0.5727781628590416,-1.0336850248303355,-0.8137437732844475,-0.6138303673513801,-1.0660294148994651,related,9
CHEBI:18258,related,direct,L-triiodothyronine,Mistral-Small-3.1-24B-Instruct-2503,-1,0.350511443847825,-0.1378365173587447,-0.1896152668622135,0.2080054660325923,0.4344893984678269,0.0193139857387044,-0.0926470660205781,0.3126079419649401,-1.09040421902083,-0.7749363780867561,-0.0840283988872715,-1.1168618246510509,0.0053429840612656,-0.3703427464311331,-0.3508559861038937,-0.1403803151613271,-0.3706891627696719,-0.5960150150624091,-0.4816083686370292,-0.5295068879320857,0.6150101918535599,0.0270576913762224,-0.0461218137209655,0.496019505446402,0.8193520481492139,0.4365399269216471,0.3333705567343151,0.8004414460350742,0.4173931813522253,0.2781119045333567,0.343204195348007,0.2892870227858503,-0.3449241820534257,-0.5272815345653012,-0.5455581604483226,-0.5014613262471567,0.5413254973165315,-0.0464734074416787,-0.1404501847959643,0.387098871663634,exact,9
CHEBI:18258,related,direct,Liothyronine,Mistral-Small-3.1-24B-Instruct-2503,-1,-0.9164352931566598,-0.8673457323090213,-0.7019673041781674,-1.0160339913418606,-0.3075584242851767,-0.5764890565725602,-0.5245596010883193,-0.4781408218716733,-1.0541291515441122,-0.679084380266773,-0.0961168826155233,-1.087183286039361,-0.7541362650308769,-0.7125290563013765,-0.6597291914354361,-0.8129439740699198,-1.4063658158154655,-1.0122018191079083,-0.7483331372732479,-1.3589379974715872,-0.3713309791346543,-0.5828769031093086,-0.5316273739009205,-0.5168269009567388,0.1311135477688845,-0.3328590812373252,-0.3027339722639113,-0.0372166771704136,-1.7738021157975876,-0.8876513014488637,-0.7601602500525572,-1.6101009428977189,-0.5377273274117939,-0.6115168830447317,-0.6111716218080623,-0.6718780426856492,0.1298379214068401,-0.3710643192498006,-0.3561020989383306,-0.0782520936267034,exact,9
CHEBI:18258,related,direct,"O-(4-hydroxy-3-iodophenyl)-3,5-diiodo-L-tyrosine",Mistral-Small-3.1-24B-Instruct-2503,-1,0.1141176072492214,-0.3557540072197786,-0.3568031804009791,-0.0630060777904177,0.7746502713595987,0.5704018524028703,0.4297488758719543,0.7842070689567957,0.5150437448990962,0.3186587805557166,0.005004154832635,0.4290823369955094,0.7519067287381126,0.1418385416249966,0.0361275376715454,0.6806690974948948,0.1402430104686844,-0.2299676392781015,-0.2657855973062281,-0.0317068822193895,-0.3198270337344284,-0.5662178402916042,-0.5185831775396234,-0.471867894419493,-0.1097345159064758,-0.4601090160920615,-0.4382881110789317,-0.2754102651817627,0.3316937324705938,0.3207187985403082,0.20647990205646,0.1934665728974982,-0.2620734676277911,-0.298608299270564,-0.3640425347572347,-0.4255639221701338,-0.9265697061847964,-0.7425653073182676,-0.5753951767175737,-0.9866065062288536,related,9
CHEBI:18258,related,direct,T3,Mistral-Small-3.1-24B-Instruct-2503,-1,-2.72565501483519,-1.3087164039522503,-1.0245491731448708,-2.28536007489804,-1.848633838780253,-1.1710930307020917,-0.936089257048839,-1.70041485891025,-2.081782066363929,-0.8137142323568012,-0.1064953255320627,-1.8802883981748268,-1.8044035746239389,-1.149499746707029,-0.9659729710157864,-1.6139904818515067,-3.0508254991659034,-1.399419581117488,-0.928134232680552,-2.416340713010641,-0.5386184011656606,-0.6389076013693942,-0.5642203308633845,-0.6590695749922966,-1.1175967932095978,-0.8364541644509914,-0.7377840110434304,-1.1282708487647868,-2.8010901996673883,-1.0702212829442526,-0.9248189222411908,-2.309727196576393,-0.6671437248803291,-0.6988884149388661,-0.675714242937659,-0.7819236283089883,-1.154937008181622,-0.8816490037154704,-0.6443251139203724,-1.1540177896987691,related,9
CHEBI:18258,related,direct,Tertroxin,Mistral-Small-3.1-24B-Instruct-2503,-1,-1.954555288107571,-1.1466764776089942,-0.9239112736989188,-1.7828206867258647,-1.175275467286658,-0.9366419794520364,-0.7547111312047654,-1.2095613801166665,-1.5622695055006792,-0.7996809396634544,-0.1108620382195176,-1.4904903216954954,-1.559169943080964,-0.9644292715078828,-0.8466450684748271,-1.4361080757064957,-2.296909527934198,-1.2393618263470028,-0.8376539146420763,-1.959628262017284,-2.05930844202123,-0.9381784883956216,-0.7885086538034621,-1.7793595792593695,-1.922006077050285,-1.0222434970487122,-0.8520033764745676,-1.7124779559615066,-2.355770507052659,-0.9439634415447627,-0.780957772983752,-2.014402962755546,-2.4156780458551506,-1.1061254786407184,-0.9813012303708342,-2.048002194532819,-1.0287194413705818,-0.7569123095938297,-0.5855549860294647,-1.0623837543993435,related,9
CHEBI:18258,related,direct,Tresitope,Mistral-Small-3.1-24B-Instruct-2503,-1,-2.235563974398301,-1.194399850458123,-0.9455385069425636,-1.9711469268130704,-1.021096560375207,-0.9333078174096548,-0.7959137604508411,-1.0892345750486183,-1.7680701011675894,-0.9150697837515412,-0.118348736367794,-1.6472388771768256,-1.456013822421533,-0.9563417006953812,-0.8139344828465082,-1.3598546895830137,-2.2534565127906347,-1.2480479053996842,-0.8662646376637106,-1.9320286626301089,-2.6028165774837286,-1.004905210133233,-0.8438628015354528,-2.134377137284796,-1.6738347526640882,-0.9714473823981692,-0.8297497666554854,-1.5384112662012013,-2.466963031035753,-0.9610121689966208,-0.8078134278471696,-2.0891548634682904,-2.135641272829476,-1.1097348771628488,-0.9433226993476036,-1.8653572632775108,-2.075267111698478,-0.9372303676565072,-0.6776190452218279,-1.7698781057256088,related,9
CHEBI:18258,related,direct,Triiodothyronine,Mistral-Small-3.1-24B-Instruct-2503,-1,-0.1154127272041658,-0.5061529343567146,-0.4642256035626108,-0.3017636889368498,-0.1160629133669017,-0.4563641785379914,-0.4360679750411993,-0.2940097758518894,-3.990928030209594,-1.119833474280563,-0.1325962138450672,-3.201902500757006,-0.6399186635637113,-0.7288847238421331,-0.6456576872239826,-0.7182663223583615,-1.2146249837137302,-0.957512846518898,-0.7111345554271338,-1.2182014589277657,0.6384700663248932,0.055085609228577,-0.0272396514020064,0.5262148788945408,0.7069699033239596,0.2255651463324144,0.1484438849041812,0.6392191484095163,-1.3948252675235415,-0.814345876333376,-0.681974198541105,-1.3325701209574814,-0.5430374366205916,-0.6743807392994347,-0.6208580582032532,-0.6764583191914452,0.4311012063811643,-0.1737700263160751,-0.2210317645461307,0.2516238503798751,exact,9
CHEBI:18258,related,direct,liothyronine,Mistral-Small-3.1-24B-Instruct-2503,-1,-0.9202536028995212,-0.8598117784859739,-0.7134467421527594,-1.0191187898440677,-0.3075584242851767,-0.5764890565725602,-0.5245596010883193,-0.4781408218716733,-1.0541291515441122,-0.679084380266773,-0.0961168826155233,-1.087183286039361,-0.7541362650308769,-0.7125290563013765,-0.6597291914354361,-0.8129439740699198,-1.4063658158154655,-1.0122018191079083,-0.7483331372732479,-1.3589379974715872,-0.3713309791346543,-0.5828769031093086,-0.5316273739009205,-0.5168269009567388,0.1095327412345125,-0.3486771265856099,-0.3172182566243595,-0.0593548825900769,-1.7738021157975876,-0.8876513014488637,-0.7601602500525572,-1.6101009428977189,-0.5377273274117939,-0.6115168830447317,-0.6111716218080623,-0.6718780426856492,0.1298379214068401,-0.3710643192498006,-0.3561020989383306,-0.0782520936267034,exact,9
CHEBI:18258,related,direct,liothyroninum,Mistral-Small-3.1-24B-Instruct-2503,-1,-0.9098206902991246,-0.8574686490378144,-0.7056196161675155,-1.0106843353097987,-0.1679267338980491,-0.4942847175006169,-0.4696693427327842,-0.3449515348165522,-1.7326588357315849,-0.7725916435104047,-0.1005921106782096,-1.620501576598045,-1.3151264579050257,-0.8743560942479498,-0.7659023732282407,-1.254202794716656,-1.2766507108349614,-0.9922354908497352,-0.7089911294955163,-1.26425159408493,-0.5338604053235732,-0.6387319339504495,-0.5626895022432704,-0.6550987768886872,0.1167438758557391,-0.3350947872207222,-0.3092285057322496,-0.0519765291116674,-2.3715507009905603,-0.9312188772615178,-0.8004828144204729,-2.025055535611698,-1.78506039954476,-1.0251920050616778,-0.8119814048931422,-1.6279831714687183,-0.1663065245442319,-0.5083794768411305,-0.4412685851948894,-0.3627558280004183,related,9
CHEBI:18258,related,direct,liotironina,Mistral-Small-3.1-24B-Instruct-2503,-1,-1.6320555077100525,-1.0692499503284556,-0.8692667965138505,-1.5579346514568533,-0.4192372183925017,-0.63288181248397,-0.5726768924789818,-0.5808983231381497,-0.7257312046709574,-0.512582453083701,-0.0748595620057556,-0.811006953973448,-1.73278960907463,-1.032015438869602,-0.8749635809101853,-1.5625120890287318,-2.105276739532158,-1.2141275735842858,-0.852431047010468,-1.836727004959932,-1.3307199348460128,-0.8279029829986683,-0.7076867512469189,-1.2728347306102046,-0.3108291919059924,-0.5533431131915224,-0.5006194543363627,-0.461490596300702,-2.6619838336929256,-0.9765340447475704,-0.8417655317980619,-2.2185995548080286,-1.6832654344415352,-0.9689260396350864,-0.8551967737857591,-1.5570156023038124,-0.9198109810309096,-0.7501124838940412,-0.5774564041307397,-0.9815387210127896,related,9
CHEBI:18259,exact,direct,"N-[(2S,3R,4E)-1-{[2-acetamido-2-deoxy-beta-D-galactopyranosyl-(1->3)-alpha-D-galactopyranosyl-(1->4)-beta-D-galactopyranosyl-(1->4)-beta-D-glucopyranosyl]oxy}-3-hydroxyoctadec-4-en-2-yl]alkanamide",Mistral-Small-3.1-24B-Instruct-2503,-1,0.3477714659351126,-0.2432197891865299,-0.2578956536575292,0.2046835251123601,0.4957045018359947,0.1765057598332738,0.0834590815846943,0.3900532985551809,1.1168664993718316,1.6942096659624282,0.1547632964827914,1.2958358035540554,0.9243600021463282,0.3448601659941132,0.1999282276927743,0.9143103965895252,0.731164256339657,0.4596983676895899,0.2544103276378738,0.6908804699513317,-0.698109570717825,-0.674235434924566,-0.6009689419565911,-0.7898702757658382,-0.1194943784773398,-0.5996659216875334,-0.5420073027973207,-0.2846861759671218,0.8089606566908564,0.926401811932372,0.7714041010752141,0.7788501743880146,-0.8578050975960534,-0.5183094894384691,-0.5629707317392738,-0.9384906457715648,0.2836012407117559,-0.273770295068532,-0.3042222306366514,0.0838108724450052,related,9
CHEBI:18259,related,direct,(Gal)2 (GalNAc)1 (Glc)1 (Cer)1,Mistral-Small-3.1-24B-Instruct-2503,-1,-0.6522787572405142,-0.876818357255648,-0.716773822331276,-0.7963365526820536,-0.6084574213293393,-0.781291934641564,-0.6612407965752766,-0.7483086173650811,-0.4549380203079088,-0.5032806630645669,-0.0402717392329234,-0.5713867611747319,-0.4194422061044701,-0.8291974397082963,-0.7549545399121266,-0.529784654580534,-0.4609121346374523,-0.6658371659979183,-0.5260051163824058,-0.6097764982408944,-0.4026026985897874,-0.5928029102672414,-0.5287523597567299,-0.5438455168640965,-0.7272822056970853,-0.7602036540775651,-0.6768967855491789,-0.8189394160409496,-1.465505991236599,-0.5188419844872357,-0.4284341881976311,-1.3853290528526512,-0.7862994872554512,-0.701548197734969,-0.4440829147425026,-0.8805004294689669,-0.0196208258081594,-0.5245111822931671,-0.4543142235927255,-0.2257855720587631,related,9
CHEBI:18259,related,direct,CTH/Gb4,Mistral-Small-3.1-24B-Instruct-2503,-1,-3.5610242919888564,-1.4439414031291988,-1.085220083710266,-2.7878592032963336,-1.779842658733961,-1.1424947695299106,-0.913655606029412,-1.652502330869076,-1.46802521994132,-0.7715990172995754,-0.0944110327114551,-1.4175510842327463,-1.817506242456212,-1.2143905142680766,-1.0202673868458652,-1.6233694455019276,-3.1117340544322825,-1.404576435348014,-0.9212040853997414,-2.4515968050983767,-0.7121131613898213,-0.6683036763229138,-0.5859771782164054,-0.8011517502068864,-2.602147646701471,-1.1110566589165654,-0.9303991687707308,-2.168583235326198,-3.055670274275084,-1.060067035351201,-0.8823846460968316,-2.474138529622002,-3.2541148369760897,-1.2285129137371895,-0.9835334956735649,-2.5650154969251924,-1.827227884290015,-0.9488961954213868,-0.679473376050393,-1.6115527305150468,related,9
CHEBI:18259,related,direct,GalNAc-1->3-Gal-1->4-Gal-1->4-Glc-Cer,Mistral-Small-3.1-24B-Instruct-2503,-1,0.1610114844972655,-0.4607317605902579,-0.4312997742342449,-0.0115282418951548,0.3596504032135368,-0.1080074646345123,-0.1817463454993443,0.2213056096638886,0.838023734485925,0.9336168251351789,0.0673323674327351,0.8515587699616343,0.2910792704956365,-0.444984075283887,-0.4415019931507041,0.1475065444751061,0.2638017854405352,-0.1728333305769998,-0.1665797221374707,0.1027627102836762,0.4582674865289367,-0.1006939993799059,-0.1579254262356684,0.3050101691695911,-0.2983163280367837,-0.6127183342621261,-0.5421083398157654,-0.4502030991002838,-0.0694170286124994,-0.0337291179714139,0.0157466784054467,-0.2187507397265403,0.1780715335962669,-0.0439226367218616,-0.0629379207875298,0.0115868561240068,0.4131940420037531,-0.1820145881195843,-0.2430142682618975,0.2304952133489035,exact,9
CHEBI:18259,related,direct,GalNAcbeta1-3-Galalpha1-4Galbeta1-4Glcbeta1-1Cer,Mistral-Small-3.1-24B-Instruct-2503,-1,-0.2652334124023973,-0.7093552154701367,-0.611040328433169,-0.4476113903244308,-0.0774572270224714,-0.4357212336745869,-0.4043704038914689,-0.2555311787526256,0.5328739737011621,0.4423735130598723,0.0128064826166867,0.4506810157690658,0.1371596803956966,-0.5751816500499757,-0.5703427573871663,-0.0106749448021167,0.1032877434248125,-0.3020723075142189,-0.2963345662259479,-0.0706695233551178,-0.2308755960008296,-0.5267902450088764,-0.4841380915475836,-0.3927947173929108,-0.5050613434901599,-0.691510160501314,-0.5913279366313031,-0.632338715082257,-0.7794109001307542,-0.3126920712205943,-0.2826132474718169,-0.8495349625016159,-0.7324427697725224,-0.5053994609166249,-0.4950837435951192,-0.8362551102656836,-0.1592036193874712,-0.5207742472719348,-0.4505354946901577,-0.356281752018367,exact,9
CHEBI:18259,related,direct,Gb4 Globoside,Mistral-Small-3.1-24B-Instruct-2503,-1,-3.3521018452062914,-1.4149290813751985,-1.0724613934003189,-2.665527737174822,-1.1665462055053135,-0.9409683992117034,-0.7742277987008035,-1.2028388558100491,-0.9885868006670168,-0.5956288983774126,-0.0788615588004275,-1.033167502619596,-1.4155001097352609,-1.1440797598938763,-0.9804560455540964,-1.3296568847229833,-3.077283240347354,-1.393165653734642,-0.8948917459040516,-2.431682816772969,-0.2632387908030006,-0.5402896149412917,-0.4880928104396807,-0.4217804027718329,-1.1386234929956804,-0.90116760409997,-0.7746178845697442,-1.1443682794849777,-2.788166979857279,-0.992020362335396,-0.8070746326274,-2.301301373105313,-1.644915122296252,-0.8863554274412648,-0.7693326068323245,-1.530020237023418,-0.8114329810255015,-0.7751302591999418,-0.5873401344617919,-0.899308514516684,related,9
CHEBI:18259,related,direct,Gb4 Globotetraosyl ceramide,Mistral-Small-3.1-24B-Instruct-2503,-1,-2.2616087124313182,-1.240351707911883,-0.9606518762321812,-1.9882783255910743,-0.6905533288998523,-0.7298670315976916,-0.6219915199169948,-0.8185914722184766,-1.3786685645521797,-0.7515510608515836,-0.0852934116849358,-1.3476660749220015,-1.2768382288245597,-1.128784395001901,-0.9799381546253588,-1.2251715707796087,-1.5180981274186398,-1.0686106295302944,-0.704702147802407,-1.4388367569511886,0.1470954711884121,-0.3418310923271702,-0.3262226860617113,-0.0324910006102585,-0.9591108467242409,-0.8089465200763475,-0.6907998480179584,-1.0051802008419974,-2.2390248327761832,-0.8622283033166146,-0.7082612337662546,-1.9351236244404864,-1.4070246603252194,-0.7388603381769516,-0.7199896663492079,-1.35917577294466,-0.3041080447053717,-0.6104247251737738,-0.4912218272071927,-0.4854931056311555,related,9
CHEBI:18259,related,direct,Gb4Cer,Mistral-Small-3.1-24B-Instruct-2503,-1,-3.793098544022202,-1.4759810936590128,-1.1150785359214173,-2.9214744225983083,-2.066822672754477,-1.1875439943825044,-0.9346650947589088,-1.8495159085464687,-2.375196704080551,-0.8161179358793685,-0.1054694282955899,-2.0927963832549485,-2.033056452298146,-1.2800222719962415,-1.0627003382628806,-1.775999908015557,-4.0834293893923554,-1.5427598281644408,-0.9955234751576144,-2.986938541314528,-0.4931316414591051,-0.6137782077227164,-0.5656917283533822,-0.6209356785089081,-1.7227518998453075,-0.9933221333510583,-0.8427081337561666,-1.5731037702408843,-3.491367504033264,-1.1091271937222746,-0.9361740973060304,-2.749296582496405,-1.4564019561196282,-0.8065693030933618,-0.7630287955463961,-1.3951372448128283,-2.0215187859423325,-0.9798531994928136,-0.7023662850631188,-1.735973519048192,related,9
CHEBI:18259,related,direct,GbOse4Cer,Mistral-Small-3.1-24B-Instruct-2503,-1,-3.8144406150667423,-1.473516953014557,-1.1155054429736706,-2.9336486379687625,-1.9719695093754133,-1.165960658057651,-0.9260297309007036,-1.785215756452428,-1.45879683538607,-0.6421262503246423,-0.0880253790741074,-1.4103672056876326,-2.1784132136843937,-1.284200628257201,-1.0519907476442314,-1.8772799019994528,-4.195937454759344,-1.5491996510624422,-1.0078242447823358,-3.04599396513614,-0.658279847870917,-0.6620804489656553,-0.6082033639370068,-0.7576097475480826,-1.544753975111686,-0.9647462753042024,-0.8249812171697566,-1.4458934646202664,-3.457288355372658,-1.0546919040645697,-0.8938134904911492,-2.7280291513307087,-1.5451582726149824,-0.8293872553578918,-0.765313321154589,-1.459107173707534,-1.3387239695963065,-0.8572659468102896,-0.6335810639460967,-1.2838612470013608,related,9
CHEBI:18259,related,direct,Gbose4Cer,Mistral-Small-3.1-24B-Instruct-2503,-1,-3.48855566530688,-1.4359642495933604,-1.08576438680641,-2.745654292322448,-1.9719695093754133,-1.165960658057651,-0.9260297309007036,-1.785215756452428,-1.45879683538607,-0.6421262503246423,-0.0880253790741074,-1.4103672056876326,-2.1784132136843937,-1.284200628257201,-1.0519907476442314,-1.8772799019994528,-4.195937454759344,-1.5491996510624422,-1.0078242447823358,-3.04599396513614,-0.658279847870917,-0.6620804489656553,-0.6082033639370068,-0.7576097475480826,-1.5262666254568371,-0.9513746435133856,-0.8180816992474795,-1.4325225192458433,-3.457288355372658,-1.0546919040645697,-0.8938134904911492,-2.7280291513307087,-1.5451582726149824,-0.8293872553578918,-0.765313321154589,-1.459107173707534,-1.3387239695963065,-0.8572659468102896,-0.6335810639460967,-1.2838612470013608,related,9
CHEBI:18259,related,direct,Globoside GL-4,Mistral-Small-3.1-24B-Instruct-2503,-1,-2.830188544164794,-1.3407898565946288,-1.02289785440013,-2.35033206168016,-0.6044038009665054,-0.7431178925597232,-0.6350952904640438,-0.7448032696446968,-1.396461847488392,-0.7745104454100123,-0.0714870249070429,-1.361640590262595,-1.087702838427879,-1.038914440529102,-0.8960825373305571,-1.0796030700357238,-2.508016112769367,-1.2932806240846546,-0.8304656578292128,-2.0915950090465527,-0.3507720711954482,-0.5747002546567425,-0.5159073634751392,-0.4989503097641316,-1.295490338747073,-0.9280614656900822,-0.7973643753666787,-1.2628658199392404,-2.1245347286989644,-0.9160496117825094,-0.7432541007455011,-1.8565393874574376,-1.709709463755299,-0.9127623393016348,-0.7447128694573041,-1.5755463008166926,-0.6164619755594094,-0.733717282568334,-0.5617496428430243,-0.7463985636355283,related,9
CHEBI:18259,related,direct,Globoside I,Mistral-Small-3.1-24B-Instruct-2503,-1,-3.5503793283193463,-1.4215437027438955,-1.0853987062381256,-2.781674494455387,-1.1343494327345365,-0.908942942857208,-0.7605224334215672,-1.1779524236483818,-1.3407039934181972,-0.7202347408715022,-0.0857957050239038,-1.3177493783362373,-2.079157218232562,-1.2306096973775047,-1.017404214356434,-1.8082579795792657,-3.431832962646346,-1.453316229587199,-0.9317948691161118,-2.6333574084049785,-0.3988072547000877,-0.585236225606423,-0.5245510400109554,-0.5405772394556216,-1.2097085796895914,-0.9281286456514004,-0.8036058837228144,-1.1984073806752464,-3.138897393394432,-1.0878876905957635,-0.8881582139883486,-2.527273704940902,-2.272202154874307,-1.0384133712973762,-0.881818649615281,-1.9551396566311268,-0.3568104141409396,-0.6131130349433066,-0.4965101151404407,-0.5310916201085334,related,9
CHEBI:18259,related,direct,Globotetraosyl ceramide,Mistral-Small-3.1-24B-Instruct-2503,-1,-2.3464527785566545,-1.25292533660526,-0.9822901961401054,-2.0437290493861973,-0.8719101295772922,-0.7722050558474471,-0.6614889433513185,-0.9693756215202992,-1.2056233653602757,-0.688579531607542,-0.0731946138817764,-1.2101522599942998,-1.66011532386109,-1.183699809780738,-1.0037654484664968,-1.5098851820959334,-1.9916018022084576,-1.1950578121875757,-0.77097818916256,-1.762320697815901,0.1184942534360316,-0.358314542301513,-0.3433172967633597,-0.0613781205820769,-1.0957786870964883,-0.8605300901775224,-0.7360699521046967,-1.111511614994173,-3.080579540361809,-1.0115914052086512,-0.8389968201817712,-2.490071828719528,-1.7153141024463294,-0.825888482740958,-0.7898582555207205,-1.579465099399275,-0.1709129636531605,-0.563278368470024,-0.4723870876395663,-0.3669463322492024,related,9
CHEBI:18259,related,direct,"N-Acetyl-D-galactosaminyl-1,3-D-galactosyl-1,4-D-galactosyl-1,4-D-glucosylceramide",Mistral-Small-3.1-24B-Instruct-2503,-1,0.8231447716766938,0.5192755620820014,0.3723348631423661,0.8811695761799174,0.8607283561754397,0.8817050989658243,0.6366504588995096,0.9246650562239508,1.2746711440463472,2.312904345983498,0.249233494714013,1.6097605404139468,1.2378792029809027,1.1926605845549134,1.060960606246693,1.4297477211441156,0.9551042718246656,0.9751333093814524,0.6570649877196331,1.045575005255921,1.100413237896247,1.2260630482783574,1.0375047874155614,1.27522604922386,1.1376421362025035,1.304601951148791,1.1402674025895196,1.3748063868522382,0.9121694885385516,1.1283946561405438,0.9625949219772912,0.9275774042720948,0.9300117356328657,1.296451525274,1.1282580088899494,0.9998298437447444,1.1251610806623331,1.7804408710489972,1.4187579006158408,1.466281083179556,related,9
CHEBI:18259,related,direct,"N-Acetyl-galactosaminyl-1,3-D-galactosyl-1,4-D-galactosyl-1,4-D-glucosylceramide",Mistral-Small-3.1-24B-Instruct-2503,-1,0.7902629509759236,0.4364866630573852,0.3039133509777694,0.8253085348934683,0.7760837930434669,0.668430314340582,0.452237641850197,0.7864556001283355,1.240446956977275,2.1115191284670254,0.2323593227247446,1.5357343657632012,1.2065594324121776,1.0720746379477748,0.9357046063719222,1.3703581305480144,0.928817239688734,0.8993263149425595,0.5885860243490119,1.000055933871952,1.098041655922683,1.2160272628967277,1.0289933791889772,1.2700661441758123,1.1116174669384724,1.1627764728818897,1.008870515731176,1.3171938836209296,0.8766155439784313,1.0648769904804911,0.9216348213468756,0.8751121293727956,0.9067074477898932,1.2248344140057823,1.0125307693842525,0.9604377812705152,1.123167726312855,1.7552363588889546,1.3817522200087269,1.4594943713697108,exact,9
CHEBI:18259,related,direct,N-acetyl-D-galactosaminyl-(1->3)-D-galactosyl-(1->4)-D-galactosyl-(1->4)-D-glucosylceramides,Mistral-Small-3.1-24B-Instruct-2503,-1,1.071847303775592,1.5856406783098522,1.418271571089451,1.398130129952502,1.1495907410311108,2.302732999675043,2.246686032896604,1.5285277589981832,1.4872853655674811,5.2602287518773085,0.7217036189234735,2.229533324707955,1.4663049863121913,2.7669356862418475,2.9912709782082443,1.9782892809805923,1.2966455326803112,2.9942109092228364,2.894709793742204,1.83891974784592,0.9472819088418232,0.6527153607004237,0.4819693625732785,0.9815538690650736,1.1581575410199658,1.428215843165226,1.3103206472030642,1.4224590561658086,1.3141795452157148,2.876386408287712,2.8856890480758945,1.672836973993505,1.1796612156943014,2.584111844520461,2.520403235451176,1.508109096123345,1.119965871863331,1.7044100231224746,1.3364039432236874,1.4487437507828116,related,9
CHEBI:18259,related,direct,Slt-iiv receptor,Mistral-Small-3.1-24B-Instruct-2503,-1,-4.038057853314188,-1.4880737115247695,-1.1225532259709747,-3.0601241610959247,-1.321649990166216,-1.004357186855782,-0.8085422395500599,-1.3207738429547005,-1.61408300353823,-0.8705513153239792,-0.0840463110108676,-1.530270997041084,-1.6238592717500782,-1.2177347854765723,-1.0280865353291289,-1.4834796916346555,-3.2267681814981533,-1.4243400369020656,-0.9363099846454348,-2.5175845609278187,-2.325518898858774,-0.9691533727094056,-0.8186195508621961,-1.9552112277993705,-2.410580834200135,-1.0522968602454457,-0.8864109774291942,-2.042801567197459,-2.669691383431232,-0.8521812533117604,-0.6596046418296517,-2.223674096059212,-3.360395657664291,-1.1747563530318088,-0.9933353759796266,-2.627856990926188,-2.8136002994227933,-1.0678499539092974,-0.7441473604800742,-2.216539319042228,related,9
CHEBI:18259,related,direct,VT2vp1 Receptor,Mistral-Small-3.1-24B-Instruct-2503,-1,-3.5599765511326127,-1.4294172887998462,-1.0792185119271531,-2.787250691416548,-2.368914459238738,-1.2478010541252411,-0.9944892069556612,-2.049408102908483,-1.2595096804133223,-0.6866152050013682,-0.0888475698468483,-1.2532960138884393,-1.905383152658589,-1.3828579164329482,-1.1487211031066726,-1.6859657160882893,-3.636188977124536,-1.4871357711257749,-0.9729950708536376,-2.746490005414264,-2.790647314948983,-1.020809164347796,-0.856278643642405,-2.2537379619036595,-3.165744339484238,-1.1473622580502174,-0.95705936998302,-2.5290102274104,-3.072330213902836,-1.0307033575640436,-0.8488827513343697,-2.484798018208456,-4.151449660892349,-1.2453328028760375,-1.1082952631838556,-3.0803153549756144,-2.901014279972791,-1.0899422409163957,-0.7582657917703755,-2.267387388706639,related,9
CHEBI:18259,related,direct,a globoside Gb4Cer (d18:1(4E)),Mistral-Small-3.1-24B-Instruct-2503,-1,-2.273926446173903,-1.255489466809195,-0.9708382351384376,-1.9963624034672385,-0.5974497453440576,-0.7455543884661806,-0.6004553795384968,-0.7387819190912626,-0.904824749985315,-0.6247308854069988,-0.0607913570620986,-0.9633689443161086,-0.3252297937600195,-0.7197288118575669,-0.6652689751798042,-0.4466710050742683,-2.479767007046964,-1.2910445994448254,-0.8573608675913789,-2.074133573137149,-0.6201729066693337,-0.6564236686969949,-0.5855521714648633,-0.7264984913633314,-1.4849128926838366,-0.9468950016557096,-0.8021701013031197,-1.4025000344191534,-1.4500312645521187,-0.5589092476848131,-0.4012777570783133,-1.3738196827519584,-1.592841309009169,-0.8883770190250129,-0.6344736417457649,-1.4931299752308378,-0.9751501717778502,-0.7879960644831531,-0.6028099387059183,-1.0228329992225018,related,9
CHEBI:18259,related,direct,beta-D-GalNAc-(1->3)-alpha-D-Gal-(1->4)-beta-D-Gal-(1->4)-beta-D-Glc-(1<->1')-Cer,Mistral-Small-3.1-24B-Instruct-2503,-1,0.7359591055488159,0.2639281450972057,0.0987140669740737,0.7370673694401337,0.9119049249784056,0.9729112867115176,0.7055680117604861,1.0141991109471058,1.0638880520015837,1.3943304055848396,0.1244986616463423,1.2029684174263493,1.1627328862906148,0.8453187768269769,0.6712615333828125,1.290998703173511,0.9307360957953272,0.8860163406763726,0.5765419491372451,1.003336776747547,0.5236441976815138,-0.0410301110533191,-0.1150026426471865,0.3825772130134118,0.0405605178000833,-0.5165700115928067,-0.4871496814410567,-0.1289964848833477,0.9352623241495368,1.1744200196218495,1.1074340662534,0.9624177856427556,0.344510001030502,0.1791142272082529,0.0338947494642076,0.1961379434386576,0.4499211959835889,-0.1563302135680283,-0.2253561885165722,0.2740786287456884,exact,9
CHEBI:18259,related,direct,beta-D-GalpNAc-(1->3)-alpha-D-Galp-(1->4)-beta-D-Galp-(1->4)-beta-D-Glcp-(1<->1')-Cer,Mistral-Small-3.1-24B-Instruct-2503,-1,0.7137702207266344,0.2270476171989091,0.0713886753226355,0.702298186688367,0.8614730730198761,0.8336092997924545,0.6220291138025036,0.9259327579232588,1.0427819564271632,1.346006606644857,0.1153286268596978,1.1672927059639275,1.1344220645720664,0.7810493624033766,0.6132624154428425,1.2417794958601287,0.9119170441823534,0.8415533868384836,0.5911430102973786,0.9714325344444924,0.3869268323825448,-0.1653210768460913,-0.1981935974725974,0.2233500049644835,-0.2078974416442792,-0.6422120471349068,-0.5821748611856777,-0.3675285272476751,0.7561045581493928,0.8585910495584289,0.7846018215875614,0.706556657394759,0.3651349284380172,0.1917767669096808,0.0533181006984785,0.2199541628466807,0.2527576555366702,-0.3046278699109399,-0.3160219643980688,0.0503499772982072,exact,9
CHEBI:21547,exact,direct,(2S)-2-acetamidobutanedioic acid,Mistral-Small-3.1-24B-Instruct-2503,-1,-0.6661677546427615,-0.8283817113031151,-0.7004662642033909,-0.8082172911683774,0.2942543243600246,-0.1375250687040474,-0.1771806894979269,0.1442518722355364,0.6684445193344138,0.4474926015654379,0.0113388431332619,0.6208580019879062,-0.0844352525378651,-0.4739775335236677,-0.4641621488631521,-0.2260578025797529,-0.5431982163255964,-0.6813887863869936,-0.5345776889632619,-0.6813626991177794,-0.2897673463110061,-0.5598868372937134,-0.5215945027335945,-0.445353827841362,-0.8426766688861089,-0.7063721721153272,-0.624479805372785,-0.9126247032814092,-0.2087643471564604,-0.0525365655568654,-0.0775492391177931,-0.3508573597968324,-1.0732033724324062,-0.6686687239883056,-0.6414768078463072,-1.1083699364299582,-1.301882260952845,-0.8350031429592424,-0.6175848071449339,-1.258153094802912,exact,9
CHEBI:21547,related,direct,(S)-2-(acetylamino)butanedioic acid,Mistral-Small-3.1-24B-Instruct-2503,-1,-0.4968147326062291,-0.7616558520563117,-0.6526866166890004,-0.6605615410866053,0.4912113509893746,0.0917836008248369,-0.0279295973579541,0.3842777483267862,0.5678178354488413,0.2718603522056436,0.00128803485932,0.4935105347786468,0.3321294910073792,-0.1889511885215594,-0.262484765747119,0.1910767494191279,-0.4522643169138191,-0.6294579737659971,-0.5112610922073373,-0.6021652963320699,0.1045549343088609,-0.3696233920577561,-0.3712740310395653,-0.0753469615733948,-0.8492073000762134,-0.7130266414571484,-0.6242426123340433,-0.9178668754926386,-0.1398954108168909,-0.0221410189042139,-0.0614126328287332,-0.2861727852893301,-1.0364944187609249,-0.6614526637872034,-0.6434076528884233,-1.0799003832119871,-0.5198717536434342,-0.6503918907901867,-0.5247451740740668,-0.6679982234368198,exact,9
CHEBI:21547,related,direct,(S)-2-(acetylamino)succinic acid,Mistral-Small-3.1-24B-Instruct-2503,-1,-0.0719749347579724,-0.5359000798541678,-0.4942797309488605,-0.258106689452726,0.4404564518908184,0.0288947165731123,-0.0492951141081616,0.3200426611646312,0.7408026127559642,0.5077643105997849,0.0233611142925686,0.7165634929735814,0.2235009905281492,-0.3218371245186616,-0.3522464837755087,0.0770909586963879,-0.164915614951476,-0.4687618108314119,-0.4264570519109176,-0.3386866761571027,0.0677189724138283,-0.3894601232473327,-0.3739458867074455,-0.1119261199250618,-0.3692717561979825,-0.6274310060606688,-0.5689422251357292,-0.5137404066475955,0.1912452655715026,0.1693683214171674,0.1054627286708151,0.0429300855993631,-0.4602810860096529,-0.4547056389546689,-0.5037068744265403,-0.6044083540913792,-0.1937186299305447,-0.5483147788366471,-0.4594226993847807,-0.3875998631086214,exact,9
CHEBI:21547,related,direct,L-N-acetylaspartic acid,Mistral-Small-3.1-24B-Instruct-2503,-1,0.5800793217691866,0.0995493929326751,-0.0140125915828296,0.5058990918409527,0.8683160811879398,0.8136296454693583,0.5966899506873312,0.9376276703473808,1.0116619917953338,0.9478380173905456,0.0901599979427083,1.1159258014531612,0.8680791026105993,0.4098766058627414,0.2227332419168811,0.8352521866375608,0.4215369435000879,0.0234145121022861,-0.0715162948501046,0.2852059966774709,0.8122165884583706,0.3121590773544391,0.2037505837163094,0.7667396439724765,0.9159680415816384,0.6744539841288126,0.5664655671617673,0.9520901972245392,1.0406680764838323,1.3723966235512386,1.2377517172536072,1.1302348650270182,0.6990484355133743,0.5200505794728841,0.3392535410523042,0.6438592100078228,0.6847536123072622,0.1605308518993856,-0.0235625465911419,0.5805164683770387,exact,9
CHEBI:21547,related,direct,N-acetylaspartic acid,Mistral-Small-3.1-24B-Instruct-2503,-1,0.2484815076325777,-0.2891354490397873,-0.304979366051352,0.0873590663597693,0.6760906079821046,0.3854481502276015,0.265921415932049,0.6358451101775134,1.1249672653130076,1.2725720411057433,0.1036307999124965,1.3104921501098905,0.4407813357202366,-0.1229552100511359,-0.2097097226062031,0.3095769291460541,0.1083506711925468,-0.2855455707464468,-0.2761962120617489,-0.0653636885849544,0.6938580666795783,0.1286961987558886,0.0317135429609256,0.5994565824519879,0.9140782073076712,0.6596393463497531,0.5942031007255107,0.948983609937101,0.6574405902849894,0.5212559473409598,0.5797064776153744,0.5775198447273439,0.423495373440524,0.0826485364776047,-0.051184629447123,0.2886156655962132,0.6323881987065918,0.0830890840444329,-0.0746490328721591,0.5072779390014017,exact,9
CHEBI:21547,related,direct,NAA,Mistral-Small-3.1-24B-Instruct-2503,-1,-2.1976617577300868,-1.257243547615691,-0.9802892733030442,-1.9461219087300947,-1.8980779119837008,-1.1712928558476092,-0.9390651945970578,-1.734577179499723,-0.6239461139497662,-0.559485249340495,-0.0713431199206891,-0.7223395822657495,-1.842399181688146,-1.0576991524545256,-0.9116840783309024,-1.6411548822761122,-3.025806900064398,-1.3980253616380054,-0.9389597927859634,-2.4017940319750366,-0.2201547980799243,-0.5305104988664805,-0.4957259657978575,-0.3831363041666543,-0.7837619518240532,-0.7296228231647269,-0.6307098934394407,-0.8650479732885601,-2.835190853222635,-1.0949823533984533,-0.9127436239887192,-2.3319221774159264,-1.8684086686297003,-1.0114370842643416,-0.8850879681641642,-1.6853749834719078,-0.5017308358307877,-0.6577481715049025,-0.5106066919097765,-0.65305976234308,related,9
CHEBI:21547,related,direct,acetyl-L-aspartic acid,Mistral-Small-3.1-24B-Instruct-2503,-1,1.10380096651811,1.9395715978794608,1.7695840894059127,1.4852913707457134,1.1924278789765146,2.597692535135527,2.5322553952080704,1.6525491798242138,1.3996682446956157,3.028626863982724,0.3142844592186215,1.925646419973836,1.422364176310242,2.618432546398388,2.8057136952117894,1.8487326250422755,0.9868518325432112,1.0884885097128838,0.8840751691958917,1.1023035385478304,1.1265998992101802,1.3386332514948496,1.1445150920046796,1.3339671968149964,1.0412642578112865,0.9966424352340172,0.8236839506430375,1.1741682905648765,1.2871889474510838,2.450584521586704,2.4217082149223192,1.6084767150301935,1.1218483667679844,1.808322697765841,1.8079022540987029,1.3713175349649078,1.0973072690054655,1.541301715015209,1.125323848828723,1.3772881357824704,exact,9
CHEBI:21547,related,direct,acetylaspartic acid,Mistral-Small-3.1-24B-Instruct-2503,-1,-0.1818646655185671,-0.5961980862369434,-0.5464758865879561,-0.3673226211285562,0.0462651682739706,-0.3361622026379171,-0.336397831099116,-0.1287383223161291,0.6532674655239612,0.1946524477075479,0.0033956203106026,0.601243845574562,-0.0482918261154062,-0.5215688883452003,-0.5330065800849655,-0.1918088642480981,-1.2280396894679315,-0.9604502830628006,-0.6918969372649105,-1.228204900122292,0.4405779798069434,-0.1419803960602018,-0.1921813553988128,0.2844855625482341,0.2664403601093999,-0.2138192841087557,-0.1687847085221066,0.1057693019287698,-1.0189065130169397,-0.7439821728298524,-0.619268177829865,-1.0430460460334725,-0.328428386416241,-0.5009406571573364,-0.518265821772792,-0.4864857285895233,0.5876091935051001,0.0327898521812692,-0.1081548552977992,0.4471329499805125,exact,9
CHEBI:22653,related,direct,"2,4-diamino-4-oxobutanoic acid",Mistral-Small-3.1-24B-Instruct-2503,-1,-1.9785997935968496,-1.1710847579197845,-0.93396594875961,-1.7991963692851656,-1.313639042338056,-0.9604392766469144,-0.8112870874696566,-1.3147589385114042,-1.4139160751348434,-0.7712457710705682,-0.0981336934414897,-1.375320200774235,-2.380428068276033,-1.2948008731059597,-1.0678820586011748,-2.016059042410145,-3.423306153866372,-1.4638692021906168,-0.9511635242288587,-2.628589337851281,-1.4614908511811198,-0.863527070480121,-0.7388756776158366,-1.3670032938257393,-1.7749439443056,-0.9360890609692224,-0.7971086322210558,-1.6099058278627956,-2.119799741897144,-0.9057508571952052,-0.7910727698435147,-1.853270805216765,-2.2124741494360936,-1.0162148289340116,-0.9306330001017952,-1.91604396918278,-2.281954685598236,-1.0056629194599296,-0.7159826115986316,-1.898340706429545,related,9
CHEBI:22653,related,direct,2-amino-3-carbamoylpropanoic acid,Mistral-Small-3.1-24B-Instruct-2503,-1,-1.2669737868862718,-0.997143361493074,-0.8118645630805429,-1.289910640747384,-1.0612996216403938,-0.8671466164930889,-0.7576912245983948,-1.1209431384428026,-1.0383617335855404,-0.6981524557739797,-0.0938089017897468,-1.074235466058584,-1.916518147324852,-1.1384107518922106,-0.9679781472197012,-1.693860104282947,-3.373197646821562,-1.456850333515359,-0.9582251226460864,-2.600490191640331,-0.6442336630390363,-0.679012549362095,-0.606902031308325,-0.7461705967099638,-1.535547811557877,-0.9023288896874389,-0.7578708342672065,-1.4392389979000877,-1.8009813701379311,-0.8687670163316957,-0.758071979557852,-1.6295296394018584,-2.062459275023253,-1.0014130873398794,-0.9320337924816428,-1.8166522345390936,-1.5890981512971298,-0.907648458571878,-0.659907115743188,-1.4546994236976487,exact,9
CHEBI:22653,related,direct,ASN,Mistral-Small-3.1-24B-Instruct-2503,-1,-1.3650088200092974,-1.044374805737094,-0.8267788008333938,-1.3634489619694017,-1.755697214683847,-1.1099654769405178,-0.9051834436519052,-1.6355770271748191,-0.6749510363189999,-0.6349854647843136,-0.0872987493671519,-0.7669701160106542,-1.6598356026055203,-1.0030699828515284,-0.8599945416270653,-1.5096818492012187,0.9142486272217836,0.7283258561116147,0.4634081077860981,0.9753528618501623,0.6899819981300974,0.104095047652849,0.0429645068762244,0.5942367347044536,-1.7765100399790217,-0.9796930155899076,-0.8201593373609379,-1.611006796814049,-1.8333809376523296,-0.9880599053727672,-0.8674238127197418,-1.6526134481429864,0.8506696394081975,0.4788772009064888,0.2813406114248636,0.869361067623766,0.4314753150799402,-0.20306958383815,-0.2455442022846972,0.2520676958864775,related,9
CHEBI:22653,related,direct,Asn,Mistral-Small-3.1-24B-Instruct-2503,-1,-0.2922222991300259,-0.6721465577523957,-0.5859827178365723,-0.4731639437801385,-1.755697214683847,-1.1099654769405178,-0.9051834436519052,-1.6355770271748191,-0.6749510363189999,-0.6349854647843136,-0.0872987493671519,-0.7669701160106542,-1.6598356026055203,-1.0030699828515284,-0.8599945416270653,-1.5096818492012187,0.9142486272217836,0.7283258561116147,0.4634081077860981,0.9753528618501623,0.6899819981300974,0.104095047652849,0.0429645068762244,0.5942367347044536,-0.577311318322307,-0.7137363704124203,-0.6334415183022737,-0.6939671230684611,-1.8333809376523296,-0.9880599053727672,-0.8674238127197418,-1.6526134481429864,0.8506696394081975,0.4788772009064888,0.2813406114248636,0.869361067623766,0.4314753150799402,-0.20306958383815,-0.2455442022846972,0.2520676958864775,exact,9
CHEBI:22653,related,direct,Asparagin,Mistral-Small-3.1-24B-Instruct-2503,-1,0.3159651960668637,-0.1480776393780413,-0.2063894076980373,0.1664649905542853,0.987049106593346,1.3119056355508678,1.0858540167620891,1.1560184700080691,0.303288514759059,-0.2740077904291605,-0.0578864437386817,0.1842116973964687,1.243911025311841,1.7273635220932342,1.6656589496066498,1.4414702274776443,-0.6775700047629797,-0.8346200729538095,-0.634525333243338,-0.795191364191987,0.5812585035001571,-0.0263604129495369,-0.0822832662164736,0.4533723475433585,1.1204693120491154,1.3214914991152855,1.1925962552425575,1.33646103972009,1.2492841269086394,1.4390622206818573,1.25050645775127,1.5234937168722749,0.147062297307896,-0.4056921216758367,-0.4512363185159407,-0.0214353214323316,-0.1833359525125149,-0.5611145912737266,-0.465166759016616,-0.3782160319850841,exact,9
CHEBI:22653,related,direct,DL-Asparagine,Mistral-Small-3.1-24B-Instruct-2503,-1,0.3980769320229638,-0.0806187315787181,-0.1399849171957818,0.2664564541978885,0.286490321220635,-0.1060237288786598,-0.1367105610153782,0.1352603479607382,-0.2365263766699107,-0.4883272835509331,-0.0811165881198656,-0.3684320258357367,0.9124585384759676,0.717666001406141,0.5466711606053107,0.8973391177597418,-1.50956267514269,-1.1053055402858971,-0.7877053933175038,-1.432785140887003,1.028505168691395,0.8433051488564809,0.6627995576007857,1.1284972025937388,0.9488829609849948,0.696578564659632,0.5584191458491737,1.0072264566538145,0.2684566347888876,-0.2278482771982142,-0.2376084498746764,0.1247496863667794,0.5475959426811892,0.0401084698322296,-0.0703373914945194,0.4415775334845297,0.8166927201555826,0.2924354114743044,0.0703919345173161,0.7824065176340348,related,9
CHEBI:22653,related,direct,Hasp,Mistral-Small-3.1-24B-Instruct-2503,-1,-1.530065200711,-1.1062354858664238,-0.8949849503166365,-1.4846123301436558,-2.3292658586898467,-1.2875889604916042,-1.0171558500161255,-2.0235744779115654,-1.580270608932318,-0.8504295339432147,-0.1038425652408325,-1.5043360857377706,-1.130838067595706,-0.7925596701660909,-0.6932376636182572,-1.1131312661381478,0.1978648763903243,-0.3178167522429447,-0.3323066985794362,0.0301676614420973,-2.276748015333631,-0.9755859459363024,-0.8163429916846043,-1.923295531537039,-1.501513669914598,-0.9709180885477482,-0.8161525051182331,-1.4145710816484685,-1.2496848236119116,-0.8627912719318559,-0.7789750727291817,-1.2226447899093966,-1.881759003777021,-1.067559383382876,-1.0143265811169095,-1.694509881779266,-3.1144799294763725,-1.1059713599643584,-0.7647483030258011,-2.390032945689419,related,9
CHEBI:22653,related,direct,N,Mistral-Small-3.1-24B-Instruct-2503,-1,-1.8490539716035204,-1.236284540525927,-0.940913750739047,-1.7103511597802208,-3.054519112939592,-1.3671882399731916,-1.0735661294893153,-2.479475579565848,-0.4259424429626627,-0.5700208678930148,-0.0792440935183478,-0.5449827378443931,-1.2669738566991535,-0.9491666666944188,-0.8129179684137298,-1.217669169344069,0.2229245320977142,-0.291857331505656,-0.2935011958519486,0.0575246892167352,-1.281160869210509,-0.8375309948282162,-0.7214817714812853,-1.236707964469404,-2.6114147660749047,-1.1407783452699702,-0.953203684317898,-2.1746213379352546,-2.4109911665094,-1.1458687548878572,-1.0032946222569576,-2.051616042377107,-1.3365856470416346,-0.9088499570431176,-0.8442586109882624,-1.3073943301752702,-1.2673744745777482,-0.8227532282247245,-0.6146460891894577,-1.2339316010093384,related,9
CHEBI:22653,related,direct,asparagina,Mistral-Small-3.1-24B-Instruct-2503,-1,0.2608075843680457,-0.2071138753591247,-0.2380726924933277,0.101615818591601,0.3630346326275656,-0.0259632454421238,-0.1166559736062768,0.2253597794784857,0.114535934640595,-0.3497107576583635,-0.068344532917657,-0.0189569537783346,1.0398893857241671,1.005333699878386,0.8904185331479098,1.087129568551816,-0.2109660006357207,-0.6038785796677433,-0.4930216204626548,-0.3823968397975433,0.3854942234514327,-0.2067443418983915,-0.2259695597432343,0.2217395961042005,1.1714377550733397,1.5678075403686862,1.3907247736129758,1.4545042960461014,0.5979424117851503,-0.0150675200193056,-0.1097128743410519,0.502975492094063,-0.0924745272786268,-0.5187197933373985,-0.5590225271334739,-0.2644732132815158,-0.4755014299446053,-0.6604190935620582,-0.525262611817446,-0.6313359303564188,exact,9
CHEBI:23116,exact,direct,chlorine,Mistral-Small-3.1-24B-Instruct-2503,-1,0.6971113496871767,0.3480519553739314,0.1917384978036878,0.676642801606682,0.8893964601859264,0.8507880629198851,0.6684313133903803,0.9741966851265046,1.169669453879275,1.1999215112307675,0.118174319897705,1.3938243711328344,1.2435440703411376,1.4052079266263466,1.2652657702394148,1.4407543072306783,-0.7249558105754615,-0.8504289305292114,-0.6743897721138795,-0.8344826429651002,0.6825827840701778,0.1225168449446888,0.0361445705346153,0.5843130969611322,-0.1424537243170588,-0.5569367370880575,-0.5323060915096347,-0.3064028176067034,-0.023293428336424,-0.5311034931108379,-0.5103788366558941,-0.1739151201163617,0.7153354869544134,0.0540225544991513,-0.0905269004622933,0.666841218631586,0.8475244370547071,0.3399099240188115,0.1024012651182015,0.8341065831339876,related,8
CHEBI:23116,related,direct,17Cl,Mistral-Small-3.1-24B-Instruct-2503,-1,-0.5342921518868088,-0.7671054271108804,-0.6435193290796649,-0.6937787879939861,-0.8252958250715772,-0.8493059565153277,-0.7148161805644276,-0.9311766278838473,-0.1368679823519186,-0.3356428372468669,-0.0575321951706106,-0.2724333856119713,-1.024927736916207,-0.8983364473474784,-0.7688764603789707,-1.030442219746991,-1.27463893714663,-1.0377805553693775,-0.7831610226828564,-1.262766033340181,-1.8888449027913432,-0.914070668718482,-0.7752920472025662,-1.6644656812390968,-2.3400333411394985,-1.040657488002258,-0.8843851247760065,-1.9959924915840688,-1.185109534986421,-0.9602509996545152,-0.8612224442952451,-1.1730117291173314,-1.4218319155812544,-1.0003266541510007,-0.9643472995660914,-1.3699885756910977,-2.1910694923355947,-1.0168811502080397,-0.7194536244756807,-1.8422164253807625,related,9
CHEBI:23116,related,direct,Chlor,Mistral-Small-3.1-24B-Instruct-2503,-1,-0.7254676623080704,-0.8612642314824439,-0.7287959110694734,-0.8585110398507996,-0.1274347939403385,-0.5599383296705801,-0.5123917218536781,-0.3052519192183142,0.5007264521752789,0.0471125500496978,-0.002653341689234,0.4118597589323609,0.5112518433697639,-0.070562640741049,-0.1620319824152005,0.3891503906645502,-1.0042963135163692,-0.9587409140244078,-0.7304336008206578,-1.058016741229606,-0.349920568302759,-0.5726768498437461,-0.5117442288126168,-0.4982079224983455,-0.4832571002390383,-0.7035778671878054,-0.6274054112304981,-0.6135454982553565,-1.8266274232399065,-0.996678694568342,-0.8580661850682795,-1.6478085570554102,-0.160166266775269,-0.6565015517596524,-0.6814576491887849,-0.3297473444857179,0.0539501008631305,-0.4286243923851118,-0.3864372370424855,-0.1542647197933939,related,9
CHEBI:23116,related,direct,Cl,Mistral-Small-3.1-24B-Instruct-2503,-1,-0.3433196542923708,-0.7158924851430453,-0.6172142453815761,-0.520984657394978,-1.7261469434832877,-1.1741446377486648,-0.9452056440260302,-1.6147849550937878,1.039355612222009,0.839944240937856,0.0897051535599429,1.1615667409970447,-1.2428101176071047,-1.0133358273333604,-0.858251031221544,-1.1992509607285844,-0.5300709068125851,-0.7648163125475725,-0.6355667295300835,-0.6700417635862754,-0.313704883861043,-0.5663754624627076,-0.5288342547808925,-0.466484570945459,-1.912563429380208,-0.990625712784661,-0.8565348725385147,-1.705939993872054,-2.1202405922372805,-1.151873974940547,-0.9882928198682552,-1.853575189651416,-0.2728709756366335,-0.6778161984470431,-0.7081049931472421,-0.4355533990514961,-0.9831679662076176,-0.7532964194972931,-0.5804876979339668,-1.0287786761061195,related,9
CHEBI:23116,related,direct,chlore,Mistral-Small-3.1-24B-Instruct-2503,-1,-1.1124212342244724,-1.0147213332959075,-0.8159843253895174,-1.1713812070036729,-0.6424721108183914,-0.809055828433014,-0.6908135736707797,-0.7775911684812173,0.2300706602508734,-0.2501172981392084,-0.0518466692416193,0.1039067694633454,0.281033059076712,-0.2463539852550582,-0.2605139594784393,0.1369374121127671,-0.3295677306655389,-0.6388602535961431,-0.5418500221407432,-0.4922676381024593,-0.0233777658189484,-0.4369533863419029,-0.4156842223687056,-0.2004198846235202,-0.3442382815661013,-0.625372915104899,-0.5715880861923169,-0.4914528876614079,-0.0383331696520336,-0.5849079235472504,-0.5743498742581992,-0.1885988689878527,-0.1308741659634102,-0.6538187089974183,-0.6500328096755944,-0.3016679434992299,-0.2748326199931553,-0.5712738501677977,-0.4786960098024849,-0.4598550681586322,related,9
CHEBI:23116,related,direct,chlorine,Mistral-Small-3.1-24B-Instruct-2503,-1,0.6971113496871767,0.3480519553739314,0.1917384978036878,0.676642801606682,0.8893964601859264,0.8507880629198851,0.6684313133903803,0.9741966851265046,1.169669453879275,1.1999215112307675,0.118174319897705,1.3938243711328344,1.2435440703411376,1.4052079266263466,1.2652657702394148,1.4407543072306783,-0.7249558105754615,-0.8504289305292114,-0.6743897721138795,-0.8344826429651002,0.6825827840701778,0.1225168449446888,0.0361445705346153,0.5843130969611322,-0.1424537243170588,-0.5569367370880575,-0.5323060915096347,-0.3064028176067034,-0.023293428336424,-0.5311034931108379,-0.5103788366558941,-0.1739151201163617,0.7153354869544134,0.0540225544991513,-0.0905269004622933,0.666841218631586,0.8475244370547071,0.3399099240188115,0.1024012651182015,0.8341065831339876,related,8
CHEBI:23116,related,direct,chlorum,Mistral-Small-3.1-24B-Instruct-2503,-1,-0.2342558798272093,-0.6116374166738411,-0.5651835493493698,-0.4180224017293819,0.5349997695754818,0.0858698202489794,-0.012292734987992,0.4412171967992558,-1.2037537506069744,-0.8294035154326073,-0.1114121877337175,-1.208649935086989,0.6823781813928465,0.1201233196115421,0.0364155624936831,0.5928902018595521,-0.2553395481006902,-0.5933543657138992,-0.5430154010234894,-0.4239473432530899,0.0113912384066935,-0.4191724993543302,-0.4167269600178712,-0.1669626631017091,-0.3325828764839808,-0.6562117972953775,-0.6000131950362507,-0.4810285870160953,-0.7442543073738834,-0.8439276560179266,-0.7600396086932589,-0.8204452125589566,-0.1000686697294963,-0.6171775349277311,-0.6160767492960754,-0.2718644159517946,-0.5157013446730789,-0.671668763829533,-0.5360150421059823,-0.6645701951531978,related,9
CHEBI:23116,related,direct,cloro,Mistral-Small-3.1-24B-Instruct-2503,-1,-0.61894711017346,-0.8107553306574938,-0.6971766152266181,-0.7676632974384604,-0.2745617992205836,-0.6098150126113291,-0.5624332564575619,-0.4471608428626852,0.0437676680090584,-0.294833242187339,-0.0449023753802974,-0.0921044158822977,0.1576456788215432,-0.3704702262596102,-0.3917672089919202,0.0099367817757858,-1.2658333756214413,-1.0335606050363069,-0.7866298939195582,-1.2562574218429594,-1.520882702564939,-0.8565580225923544,-0.7326445493941207,-1.4092456607902952,-0.4108293545884553,-0.6748297302503878,-0.6338982707444425,-0.5504401549077057,-1.705284588986353,-1.052236773342762,-0.927297349106468,-1.560856048940518,-0.6432382251573625,-0.8648886093604944,-0.8641177987194946,-0.7618384854182032,-1.3653021995933474,-0.8210809331461904,-0.6112366594401327,-1.3023124120809504,related,9
CHEBI:23449,related,direct,Cyclopeptid,Mistral-Small-3.1-24B-Instruct-2503,-1,-0.2816287839166285,-0.6198185086524034,-0.5526279840503253,-0.4631589647839102,-0.3476978079891084,-0.6436017381267248,-0.5691720875703401,-0.5154378459365226,-0.6364399742525995,-0.7048867468138672,-0.1048601150970563,-0.7333098220536274,0.5138229854524384,-0.1855230096135496,-0.2352322858489526,0.3920974923517573,-1.3579946514617602,-1.0571206201190728,-0.7774259323822956,-1.3238784622126707,-1.3968526923365383,-0.8397488575801808,-0.7315172885635493,-1.3206617339119622,0.6093035942303184,-0.1225319755388243,-0.1445636989730326,0.5093336137867047,0.1150035716033757,-0.4744260884586485,-0.4424748762827992,-0.0357996124296849,-0.0011067636993013,-0.4502599163512466,-0.5174354839981131,-0.1741170486690859,-0.5232815609282779,-0.6468685158936988,-0.5221038136010553,-0.6707983270225417,related,9
CHEBI:23449,related,direct,Zyklopeptid,Mistral-Small-3.1-24B-Instruct-2503,-1,-0.2884234563705586,-0.6193190796544031,-0.547600705218126,-0.4695798011392562,-0.4252609603761229,-0.6809813387718622,-0.6088790359482537,-0.5863530371322007,-0.7779803560433658,-0.767904471072431,-0.1100707515493673,-0.8559200133175102,-0.3084887018655485,-0.6609943037686314,-0.6204324287630307,-0.4317258092485459,-0.5505732792668159,-0.7428841528069929,-0.6119834329557546,-0.6877067515591911,-2.093557189008284,-0.9517803723886252,-0.794804853502322,-1.802217561469301,-0.5643776758186358,-0.7740670463416289,-0.6546746714815109,-0.6830059323140583,-1.235145071096701,-0.9058595633174464,-0.807795918209461,-1.211509672657063,-1.8709329006728164,-1.0794009207772557,-0.9436404097996516,-1.687103383319021,-0.8631059065244376,-0.7215289142255011,-0.559778371149537,-0.9387453385500106,related,9
CHEBI:23449,related,direct,cyclic peptides,Mistral-Small-3.1-24B-Instruct-2503,-1,0.9888623345643872,1.2449690639552478,1.0163913558926785,1.2008860134702006,0.7563157930518384,0.4391095507585599,0.2767108593973774,0.7556939287317029,0.9457197788909266,0.4484086772205058,0.0172133098032339,1.0114451252542218,1.2407984608281954,1.2981748460181717,1.1096761652209917,1.4354090994781905,1.1398265851941771,1.6619760390799296,1.3977259184572048,1.4108975793160303,1.2414942227533738,2.4123568837022984,2.346794310034633,1.6494572327420365,1.0462654891391143,0.7706375470615647,0.6311547108254429,1.1838143677535016,1.1406340679692153,0.7615439269669613,0.6032776963088339,1.306036169405113,1.14573956894327,1.5775215841304409,1.3597081882457505,1.4258773332339847,1.1859684505553831,3.11515532496208,3.351622181691115,1.730824629913411,exact,9
CHEBI:23449,related,direct,peptide cyclique,Mistral-Small-3.1-24B-Instruct-2503,-1,0.3678259350780181,-0.1480915630693107,-0.2154864420594656,0.2291091421134235,0.1574687103387564,-0.3540698800137831,-0.3790743883954935,-0.0097449166758831,0.0208608463270431,-0.4101886358777777,-0.0787452122059449,-0.1154634113548389,0.7132253336176074,0.132793803469558,0.026695078833411,0.6314368113533915,-0.0761706808955309,-0.4808866423792719,-0.4613829955671034,-0.2526589459145787,0.0547174854141124,-0.4047228053290676,-0.3691193688856351,-0.1247240446175339,0.9942915808895172,0.6029221178753863,0.4816499538646386,1.086807871669209,-1.288454727416043,-0.9790086139489288,-0.8598059771701819,-1.252224365376711,-0.3667279422672559,-0.7032276126322724,-0.5062200224073896,-0.5211553664869114,0.0444936649820701,-0.3861277789053389,-0.349961253100174,-0.1635728434977771,related,9
CHEBI:23449,related,direct,peptido ciclico,Mistral-Small-3.1-24B-Instruct-2503,-1,0.0349690242654584,-0.4355177973909209,-0.4103724192839356,-0.1476835855076219,0.0005928257414582,-0.4669659826284765,-0.4734406218149102,-0.1761886966753345,-0.9897971626264922,-0.7923752381301316,-0.1067046668193293,-1.034169687621955,0.5412925956644856,-0.0795014923086965,-0.1437748821313258,0.4237857609704787,-1.2264125513505166,-0.991207592943652,-0.7720149977343416,-1.2269928347428396,-0.9068863666112352,-0.7289494544828616,-0.6340801649285154,-0.9549909216130672,0.9804368735261066,0.5608949195586197,0.4429685146466753,1.062059379173821,-0.8169271663268478,-0.823454436605188,-0.7358686211749942,-0.8803751413991139,-0.900724191102864,-0.8154423435619779,-0.7534290669221864,-0.9729004700803232,-0.0856610733760884,-0.4374496276093135,-0.4055824407831752,-0.2883273253382898,related,9
CHEBI:24621,related,direct,endocrine,Mistral-Small-3.1-24B-Instruct-2503,-1,-0.990403572809385,-0.9911835873779477,-0.7948285748612002,-1.0753691199046769,-2.824649329253156,-1.3622380715850295,-1.063574739596863,-2.338552555688776,0.649762611353868,0.0045589590075794,0.0472069050144231,0.5967358157848496,-1.4172759096827725,-1.0663867412939474,-0.9229267859151516,-1.330983557039674,0.6837914157711386,0.2722596115493011,0.139805715130598,0.6236565618274026,-0.1666523499101221,-0.5400643403979722,-0.5173703105860181,-0.3345013866153178,-0.7235498339724044,-0.8442487013348039,-0.741196061678489,-0.815874688228044,0.7168493279730269,-0.1538490984653348,-0.1839778374321056,0.6543481936910482,0.3277511305159832,-0.3605998563880035,-0.4122264999323367,0.1769506500683262,0.1785014649316223,-0.3312870402377176,-0.3377578984681625,-0.0281987876270415,related,9
CHEBI:24621,related,direct,hormones,Mistral-Small-3.1-24B-Instruct-2503,-1,1.0398275923394154,1.338576845534402,1.0880607890807763,1.3177839159696958,1.3204687001039377,6.55929589941773,11.49353975223308,2.26376766418358,0.7275559804363633,0.1212702417074455,0.05590226743967,0.6987593298580317,0.9082426517924614,0.9865770745671368,0.9112314503775208,0.891360876793394,0.5158072323584644,0.0330689169029408,-0.0965303124011865,0.4011199318633747,1.1695389957286495,1.5560929767774827,1.4013990221554276,1.4386146871152363,1.216724055607379,1.772997332906839,1.5898085485604156,1.5724364152508812,0.1026846882074333,-0.5715438300572052,-0.4387473916252739,-0.0483399950880753,1.1199911153241966,1.2050106974033503,1.0494039199728946,1.367178916250727,1.1295389264560096,1.863079990958584,1.509254191902274,1.4814524602892083,exact,9
CHEBI:25235,related,direct,monomethoxybenzenes,Mistral-Small-3.1-24B-Instruct-2503,-1,1.106773157732737,2.147848540876039,1.9948660747272429,1.4938239301408838,1.2667256149601351,4.031765612004202,4.833250164020662,1.9255291605976737,1.2063351469168409,1.4179289541724809,0.1195163662440402,1.465643689496545,1.4259063566022223,2.142171636620952,2.085149468522783,1.8585330729260496,0.8279908591328305,0.6293784518216611,0.3647136158127724,0.8358603533891517,1.0235246944249112,0.8572122045935955,0.6937393138855633,1.118984353516418,0.7943230585609171,0.4061223698547337,0.2902733180619686,0.7632760311840953,0.958238349082814,0.4414827638188189,0.321551174540475,0.99771955950679,0.7467893769756697,0.3073313133948984,0.1521840132650204,0.7120006997743196,1.171978333257156,2.692527789335651,2.6932855640226903,1.6553195740827285,related,9
CHEBI:26078,exact,direct,tetraoxophosphoric acid,Mistral-Small-3.1-24B-Instruct-2503,-1,0.3789276776078816,-0.0795158459850886,-0.1295243879232099,0.2427436671197145,0.5624921683696216,0.2133364516409117,0.1441236046067751,0.4777422621278332,0.3392541606092525,0.0041047284511869,-0.0194486389615028,0.224417616130424,0.2806112246795864,-0.3576362232272264,-0.3760493863869332,0.136494410745688,-0.3290145469230976,-0.606603803594888,-0.5196157273391667,-0.4917637811128364,-1.2792711336706375,-0.813277217319505,-0.7258169442620306,-1.235325437994358,0.4085750608797819,-0.2312577557059815,-0.2672627354248365,0.2648320385766844,0.6836550568521296,5.906614505976286e-06,-0.0576436121497562,0.6111107632828856,-1.3692026425667565,-0.8625985318677575,-0.7874121004320972,-1.331443333810676,-0.8514399072666066,-0.7279522530184053,-0.5658498161337856,-0.9298792443736972,related,8
CHEBI:26078,exact,direct,trihydrogen tetraoxophosphate(3-),Mistral-Small-3.1-24B-Instruct-2503,-1,-0.8095497350834111,-0.8384849115021407,-0.7212553005214418,-0.9286723567778696,-0.5995107239729773,-0.7211057032912548,-0.6293556241600019,-0.7405675099999754,-0.4297809644837464,-0.3802186278788165,-0.0667981561950552,-0.5484871526823195,-0.8803896618987499,-0.9009208012690858,-0.7829377866347352,-0.9155008258739218,-1.3286845566083467,-1.0208405379977274,-0.7814659562124832,-1.302491550855715,-1.745329965940822,-0.8918731144009181,-0.7765154845334509,-1.5661737561363918,-0.6675393864968575,-0.7710463058024533,-0.7003516508922707,-0.7696112527609836,-0.8291859337673171,-0.74936815972288,-0.6868521073058844,-0.8904081171064341,-1.8636211347886504,-0.9970204355223768,-0.945950442448572,-1.6820952978870714,-1.9983637795420912,-0.9551280322985208,-0.6821712454655678,-1.721300630511298,related,9
CHEBI:26078,exact,direct,trihydroxidooxidophosphorus,Mistral-Small-3.1-24B-Instruct-2503,-1,-0.6776379793582981,-0.7976284020541476,-0.673832564400076,-0.8179996863279854,-0.8432342600105549,-0.8235874064913453,-0.686414751565598,-0.9459205779799736,-1.1397708231511172,-0.7106958963402253,-0.0780099906071913,-1.1570112403592123,-0.4327635725465147,-0.8689738315560851,-0.7713847916957923,-0.5414053664889782,-1.2454822643467842,-1.0041866488824414,-0.7254119093596527,-1.2411755188666818,-1.427359618438747,-0.8433376390662237,-0.7273674590846326,-1.3425820730101408,-0.6222057891395647,-0.7719703894931487,-0.681952288826158,-0.7317823226369427,-0.3403650161536771,-0.6507108895513818,-0.6201489288113539,-0.4714304941193147,-1.2113484227603142,-0.8546256163515512,-0.8626466051451595,-1.2138649851790568,-1.8471351111728824,-0.91420378866232,-0.6656795962055994,-1.6244408172824538,related,9
CHEBI:26078,related,direct,H3PO4,Mistral-Small-3.1-24B-Instruct-2503,-1,-0.8953880078606579,-0.9023650205798772,-0.7569043477582663,-0.9989862639367408,-1.9595360772625137,-1.187185442434597,-0.9548781254885788,-1.7767291932843936,-2.551074419654566,-0.994131270823724,-0.1193036120866814,-2.2180193672357813,-2.3527923863668647,-1.364859257570987,-1.1265319508689668,-1.9972018236208848,-0.6719711802447553,-0.7811662970998947,-0.5907346412552031,-0.7905205785236827,-0.6031147062456271,-0.646528143980633,-0.5777022899868518,-0.7124917503314193,-2.140345134034922,-1.0786825784533831,-0.9235852214597818,-1.8619415992830843,-0.9749446433998704,-0.858711586562627,-0.7641293006907873,-1.0081021425414316,-1.3932139441425642,-0.8918688842109863,-0.8690690179554802,-1.3490682654103672,-0.253874276669727,-0.5833759976047518,-0.476329877754468,-0.4413604241888242,related,9
CHEBI:26078,related,direct,Orthophosphoric acid,Mistral-Small-3.1-24B-Instruct-2503,-1,0.5922176811647833,0.2100340811714645,0.0605027012791172,0.5229097679804225,0.6766365265865246,0.3939561685194731,0.2286989328076185,0.6366357344156304,0.3798230304331459,0.0624290047187649,-0.0266924755375978,0.2704084952375681,0.2011781695089934,-0.4044978871562916,-0.4055297851389473,0.0541712748530773,-0.4746034322628746,-0.6920216538552706,-0.5951209980951144,-0.6217918112652455,0.1812936376106032,-0.3318070797698608,-0.3287562895699966,0.0024603524119916,0.6315188305662639,-0.0051808629944703,-0.066102170631301,0.5381547885352962,0.4886012637315876,-0.2095808452187516,-0.2529718290215044,0.3715061086659119,-0.9708508029696146,-0.7577898520117096,-0.6234602909813717,-1.0285094532422947,0.2161626006284022,-0.3121064874995362,-0.3352861272253099,0.0112971082570546,exact,9
CHEBI:26078,related,direct,Phosphate,Mistral-Small-3.1-24B-Instruct-2503,-1,-0.5519250673453759,-0.7415303634696058,-0.6530016726690651,-0.7092973992366512,-2.47551846233627,-1.279099104783783,-1.0126549244494834,-2.118301876862489,-2.119277694398509,-0.8845272573404963,-0.0999940335197509,-1.9077184832557232,-0.3767750902530651,-0.6753595829404568,-0.6179466090244708,-0.4923487270218544,-2.506689336137105,-1.326692456701508,-0.9143988617178292,-2.0907762261072693,0.5650936395190261,-0.0260885819094036,-0.1077306043110395,0.4332627676710598,0.4318300118648356,-0.3050335841399358,-0.2993275808097748,0.2918585846342072,-0.4077056387309331,-0.7799916216325621,-0.7013561561229557,-0.531705145547415,-0.3787636179052902,-0.6183930420338712,-0.6193911075617848,-0.5319782562519902,0.0174907571104185,-0.483364763472299,-0.4276880355698393,-0.1899621920308943,related,9
CHEBI:26078,related,direct,Phosphorsaeure,Mistral-Small-3.1-24B-Instruct-2503,-1,-0.5139644497269796,-0.7287183573290306,-0.6493905063436943,-0.6758016658860984,-0.3258261188091816,-0.6063036720123858,-0.5398919680016995,-0.4951670617590173,-2.9109406229157746,-1.0429507461742038,-0.1248004870640644,-2.469988100103973,-0.0855746149580627,-0.5712132135283748,-0.5625252282672581,-0.2271322630129457,-1.43083123117453,-1.060727394426677,-0.8054155219367304,-1.376560814851168,0.464022642078318,-0.1102924460858413,-0.1521625124628232,0.3117287478193629,0.4602325696910623,-0.1979505468086242,-0.2079075234532827,0.3252903492151273,-0.5929141000868304,-0.7647707620454322,-0.7190572401926109,-0.6930129437052016,-0.2591067264839421,-0.5575524321525266,-0.616578194004658,-0.4228139074413942,-0.2919967270929976,-0.5548964736822197,-0.4669254517456019,-0.4749139223983358,related,9
CHEBI:26078,related,direct,Phosphorsaeureloesungen,Mistral-Small-3.1-24B-Instruct-2503,-1,-0.8042887828211692,-0.8216821687507696,-0.6998430413184664,-0.9243206003986116,-0.5192863154588686,-0.7111958892524982,-0.6077873129809822,-0.6704016318799787,-1.5856446930029429,-0.8220719014370227,-0.0940000879358326,-1.5084644121653037,-0.2423106663677434,-0.6263505978423948,-0.5746759030931313,-0.3720992262346083,-1.945590312256104,-1.1995115924780344,-0.8790951291986911,-1.731869046592768,-1.5005439912201353,-0.8451657431127351,-0.7220848485091435,-1.3948153887714865,-1.059241483401886,-0.8762965613602626,-0.7640148217872615,-1.0833161901175543,-1.1574019444845614,-0.8705133763883408,-0.7787760472393074,-1.1515717127215606,-1.2916841985488257,-0.8680199991961896,-0.8680132584560523,-1.2740816283674286,-1.0224467995191049,-0.7808607398130603,-0.5830856687653464,-1.0577735597703686,related,9
CHEBI:26078,related,direct,[PO(OH)3],Mistral-Small-3.1-24B-Instruct-2503,-1,-0.9643143388143242,-0.921075759200777,-0.7687086769531255,-1.0545420252247948,-1.5148966340190104,-1.0763904822583967,-0.8709957301410141,-1.463519639500557,-1.220572201478528,-0.6899604004257222,-0.0865049918342763,-1.2221511582341198,-2.20879798626415,-1.2790512646542669,-1.0651785939090808,-1.8982956066095649,-1.7078142205880804,-1.121671565485857,-0.8223766688124643,-1.5712362698103124,-1.2023008246245237,-0.7959330894078136,-0.6971073669942962,-1.1786940082063144,-1.3951227278556164,-0.9263267472622404,-0.8088792311785328,-1.336755669957831,-0.9900054008625152,-0.7893177923402008,-0.7281215073490057,-1.0201013207875609,-1.4313033260426653,-0.8941885811182552,-0.8926439787360962,-1.3768920017986597,-1.3950704157639515,-0.8230580531165032,-0.6171266128141761,-1.3228853535275242,related,9
CHEBI:26078,related,direct,acide phosphorique,Mistral-Small-3.1-24B-Instruct-2503,-1,0.6421310265871258,0.2844083069598205,0.1541157910772705,0.5944822640522291,0.3665275798291033,-0.0863819088860825,-0.1274463294509012,0.2295513265836904,-0.8484134159128346,-0.6318179296953015,-0.0659317682866017,-0.9158524294388736,0.6867984325075815,0.1350595151935781,0.0317978177774325,0.5983762811655707,-1.228110998309731,-1.0004356091578657,-0.7606556215916522,-1.2282580103184104,1.0928809170866889,1.1445822986405232,0.9311026832020262,1.2589231289603144,1.1885616514785349,1.5142608072614154,1.3257073857006605,1.4973949680416991,-1.3779590764062803,-0.961501020335476,-0.849167496765596,-1.3199076180267295,0.2788356455116772,-0.2025912809791025,-0.2983503547428462,0.121757352424753,0.563724546139246,0.000319781675062,-0.1356251480326637,0.4158964838954289,related,9
CHEBI:26078,related,direct,acidum phosphoricum,Mistral-Small-3.1-24B-Instruct-2503,-1,-0.1298155139181346,-0.5174985745080539,-0.4701991964569099,-0.3160963328210155,0.5809089615736387,0.1964635287180324,0.120971906689379,0.502564363937294,-2.602579265771132,-0.8935698091272845,-0.1111081468311939,-2.254415320418362,0.7178421677523622,0.1610917128101807,0.0787167677460687,0.6372594700313932,-1.2805770188818983,-1.0064360522559976,-0.755679604638173,-1.2671493751669052,0.6819587035668715,0.1250273522293229,0.0450834826502094,0.5834785209230485,0.9732779285029528,0.5816914162265256,0.4371442823861191,1.0494371936646034,-0.3219710000217076,-0.6792036281007614,-0.6113490573852698,-0.4548044504398968,0.0897162633133703,-0.3066863775111621,-0.3745981582659549,-0.0814944870827949,-0.277487501724469,-0.573412479793396,-0.4831441982782409,-0.4621894298268165,related,9
CHEBI:26078,related,direct,orthophosphoric acid,Mistral-Small-3.1-24B-Instruct-2503,-1,0.8400407227639147,0.7492667948433318,0.5350654678228421,0.9106702221272402,0.6766365265865246,0.3939561685194731,0.2286989328076185,0.6366357344156304,0.3798230304331459,0.0624290047187649,-0.0266924755375978,0.2704084952375681,0.2011781695089934,-0.4044978871562916,-0.4055297851389473,0.0541712748530773,-0.4746034322628746,-0.6920216538552706,-0.5951209980951144,-0.6217918112652455,0.1812936376106032,-0.3318070797698608,-0.3287562895699966,0.0024603524119916,0.6837907903486056,0.0651388377449108,-0.031083438038945,0.6076207328914688,0.4886012637315876,-0.2095808452187516,-0.2529718290215044,0.3715061086659119,-0.9708508029696146,-0.7577898520117096,-0.6234602909813717,-1.0285094532422947,0.2161626006284022,-0.3121064874995362,-0.3352861272253099,0.0112971082570546,exact,9
CHEBI:26607,related,direct,SFA,Mistral-Small-3.1-24B-Instruct-2503,-1,-1.0060480749641314,-0.9617753381993636,-0.7930662932410696,-1.0878065243775898,-1.956356858533502,-1.2037933891162549,-0.9738933212532966,-1.774556986872083,-4.071477137546723,-1.1676966296523783,-0.1410858022625463,-3.255517936008255,-1.679037668181863,-1.0530633813620875,-0.9201629739949406,-1.523626154549046,-2.390231193109248,-1.3010100691458306,-0.8813511334286315,-2.01839096862393,-0.7711638791895662,-0.7122788559687678,-0.6297488257773731,-0.848385947790469,-1.1953588866069584,-0.8023041598872868,-0.702984094825121,-1.187545303258518,-1.8264363229261664,-1.0341973822355457,-0.901036196323652,-1.647672543919774,-0.3459721922984577,-0.6452606022836576,-0.6415223295810033,-0.5024105320625073,-0.5735953108236609,-0.6897046464008002,-0.5489339383187941,-0.7118361144311068,related,9
CHEBI:26607,related,direct,SFAs,Mistral-Small-3.1-24B-Instruct-2503,-1,-1.187823118154288,-1.022759178509208,-0.828900091021019,-1.2296203993674075,-1.4676191510094907,-1.063192316860724,-0.8864474736740258,-1.42900192082077,-1.0636677274314252,-0.7552364310271841,-0.1023996577928469,-1.0950020248942982,-1.7204888361448545,-1.0487473873802309,-0.9301302181140017,-1.553632325841767,-0.5733207998007206,-0.7495248487615234,-0.60005652126103,-0.7072017720120515,-0.9491751415814697,-0.7555012073409214,-0.6618378201010225,-0.987683147610668,-1.4114193375851092,-0.8988875157703591,-0.7721633847208305,-1.3487461487432777,-1.1914065591353329,-0.9086981406971592,-0.8043196796627419,-1.177872156200122,-0.4268169607844199,-0.6911477328523322,-0.6755175792917918,-0.5748556767243431,-0.7538744226738222,-0.7349373157963145,-0.5661239694879191,-0.8548626847228943,related,9
CHEBI:26607,related,direct,saturated fatty acids,Mistral-Small-3.1-24B-Instruct-2503,-1,1.11874257152245,2.1826062864459224,2.105696022697819,1.5290308000925823,1.1911271483045325,2.556886020288671,2.547418088402884,1.6485260856903567,0.68427081976669,0.2737780504972359,-0.0050843247819874,0.6414754741978593,1.0946123648262398,0.9530635502378408,0.7909292858734798,1.1749606421026937,1.1631661852024135,1.8108476872934085,1.550525436257318,1.464906484236707,1.221192020688471,2.1321705956170938,2.0165785452896503,1.5838267806876358,1.1229413865265832,1.4647891908134227,1.2888633782375225,1.341900575004659,1.1716758946356105,0.9364237117766412,0.7800080909361978,1.3648705065197346,1.246961917261863,2.578998866009262,2.4433588263877613,1.6936914159449423,1.200171680808913,3.808245370798104,4.971402657814337,1.8293630784329795,exact,9
CHEBI:26816,related,direct,carbohydrate phosphates,Mistral-Small-3.1-24B-Instruct-2503,-1,1.0276231842501604,1.4555963740441598,1.2639862674027822,1.2886793854547527,0.9814641185378856,1.211772615155752,1.0035020689281369,1.144985184574014,1.126837264919078,1.217166070363805,0.0997582156893841,1.3138938762406125,1.411342831202428,2.3962342767167986,2.3866015281687094,1.818847392628762,1.0141134188503966,1.0671813844032858,0.7082015502575223,1.1527022546657328,1.0549915103445149,0.9635389443155016,0.7980392263482204,1.1803874819044229,1.229123570193273,1.9266120140693832,1.736563546863073,1.6075777560653743,0.8527920306972642,0.1189658288410364,0.037446524728045,0.8407043331931593,1.0315350473301474,1.0000990413917734,0.7535270001978976,1.1841588118282171,1.073320967275944,1.3232382966345348,0.9129107776689804,1.3087284406959578,related,8
CHEBI:27026,related,direct,toxins,Mistral-Small-3.1-24B-Instruct-2503,-1,0.4707534382776124,-0.0546680639384925,-0.0999428077599303,0.3588386793928426,0.3810926571328031,-0.1150229488271675,-0.166710498040562,0.2471085029737576,-1.1049766691306988,-0.8621338611699138,-0.1106600677050704,-1.128741918329473,1.0545032855228411,1.1295213978288203,1.036474704608378,1.1101645421594972,1.0834429000710484,1.3197408997740354,0.9255626524851216,1.2891155645143566,1.0560076853017573,0.9423293908770364,0.8017521826902206,1.1824243767494935,1.2677817917720562,2.467800373830846,2.3623842439076004,1.7279962770106063,0.837601755119169,0.0696192047910137,-0.0003468064056062,0.819061250089122,1.0774859358227566,0.9416720894015794,0.7514731610143337,1.276039003683426,1.1075464950879648,1.635069799068731,1.256239144395828,1.4086493361057746,exact,9
CHEBI:27311,related,direct,essential oil component,Mistral-Small-3.1-24B-Instruct-2503,-1,0.5215977226558347,0.0161525565289921,-0.0791173294374711,0.4259227027676343,0.8953301217170402,0.819834080005832,0.6363445336390356,0.9846432886753302,0.2406987543280988,-0.342152247769554,-0.06612853848863,0.1154401448801437,0.5290397398458399,0.1775889470114713,0.1095725506859345,0.4096051389543158,1.0592583983311925,1.2891424505423843,0.918562373290386,1.2400534875419476,0.1149034136357766,-0.373626183081909,-0.3648899414069897,-0.0649833517367622,0.3896567393095968,-0.0589195877337487,-0.0955252465663587,0.2430666862693421,0.9699907740040132,0.3689346313105344,0.260930752221655,1.016034886216629,0.342616290840127,-0.2322338582935325,-0.3309722745907771,0.1939625095077934,0.8860999460124954,0.5436753465464818,0.2766997417266374,0.9018764803097408,exact,9
CHEBI:27311,related,direct,essential oil components,Mistral-Small-3.1-24B-Instruct-2503,-1,0.5558380606977467,0.0751782351882295,-0.0422517735968852,0.4723605519066253,0.8296614718391305,0.6407623717581632,0.4374650179911308,0.8726280538645317,-0.2817115554616603,-0.56138314391601,-0.0864648106121699,-0.411221115433349,0.3714747633684093,0.0104907730370695,-0.0966509044006915,0.2334372475028382,0.9125285715226304,0.8156921677526355,0.5470875843112567,0.972459885913519,0.151765236270739,-0.3538717762579889,-0.3433454767495294,-0.0277451863321531,0.123667152225095,-0.2736595606549469,-0.2864870516680828,-0.0448747904585248,0.8108208300772859,0.097189131297623,0.0555057492056475,0.7814388104820974,0.3519733209200885,-0.2328999333584814,-0.3252744841857715,0.2047299366513139,0.8988882713666545,0.5756483788057345,0.307732958314013,0.925193717094259,exact,9
CHEBI:27311,related,direct,ethereal oil component,Mistral-Small-3.1-24B-Instruct-2503,-1,0.2672052694106186,-0.2619760079413986,-0.2911357953613013,0.1090486053220555,0.5402407434890385,0.1135564579521281,-0.0010415384127909,0.4481324921832192,0.3665794769356995,-0.2510451752545619,-0.05909459780659,0.2553184170909209,0.3331549990951488,0.0121392254278648,-0.0806620585879117,0.1921732645221804,0.2687977261144582,-0.2039648697855162,-0.2606143683625406,0.108345363890005,-1.267402194957848,-0.81106719055939,-0.706252905467787,-1.2266336650794498,0.207534205403278,-0.1516852190850821,-0.1768521610045156,0.0426080999801859,0.7337844325026601,0.0363212589839654,-0.0518793520920629,0.6767239102799353,-0.6131218707216824,-0.8351483772856461,-0.678806046808452,-0.7363818728431432,0.3114736288005628,-0.2424941897555369,-0.2748140959125191,0.1145004859184163,exact,9
CHEBI:27311,related,direct,ethereal oil components,Mistral-Small-3.1-24B-Instruct-2503,-1,0.2579382900656442,-0.2699795359350579,-0.2935296086692491,0.0982896545698701,0.5006542673901524,0.0590509264708247,-0.014754461580093,0.3964331607576135,0.2863549929094821,-0.3651398209826766,-0.0718588213249833,0.1654589112081235,0.2337650814609289,-0.0804461294859935,-0.1480861340500554,0.0876849586926731,0.4120723154067562,-0.0559978411492894,-0.1568308429001387,0.2738736074850589,-1.0860750532799432,-0.7770346357490188,-0.6770967685486545,-1.0919401701234135,-0.0803909143899974,-0.3394460553904722,-0.34879597500331,-0.247358891028094,0.6143056816163803,-0.0949556062409053,-0.146720021557466,0.523251151026849,-0.6049994338839927,-0.8418219148443957,-0.69977936270026,-0.729486462728548,0.319948093848836,-0.2376661105201006,-0.2698690311852827,0.1239198122617315,related,8
CHEBI:27311,related,direct,volatile oil components,Mistral-Small-3.1-24B-Instruct-2503,-1,1.2110411017888931,3.7489590090300497,4.425590850587264,1.874877568792904,1.2408166130855007,3.249438464427398,3.5220372859799625,1.818262921048432,1.2088924935688965,0.9786013338632638,0.0702728676648786,1.470782864854997,1.3591885368952796,2.380677340850953,2.343544582821882,1.6879712958030184,1.2452664317270812,2.3869995483867217,2.1166561784489493,1.678044783545752,1.1891703397753732,1.7974480432094049,1.6253214168197303,1.4908113917892034,1.1789587654331242,2.04116875300702,1.822933105040354,1.4731129315881306,1.17273501069667,0.8870551289756261,0.7227707703661184,1.366919433475387,1.2438000145921653,2.4182980783966217,2.454889898299234,1.684103714829755,1.2073525037774189,4.384436114740242,6.891194672496907,1.8980462932915625,exact,9
CHEBI:27891,exact,direct,3-(sulfosulfanyl)-L-alanine,Mistral-Small-3.1-24B-Instruct-2503,-1,0.6793831850598601,0.3194062226238962,0.1675238330678412,0.649741952133666,0.5175311507896677,0.1411945257147217,0.0023836110379698,0.4183252908765653,0.981844753787614,0.9492479613982472,0.0656307540754033,1.067987631654604,-0.0004345089875222,-0.4730935661737513,-0.472497235695565,-0.1459558650296268,0.3300779517077901,-0.070141750791977,-0.1846679558104169,0.1778207274740076,-0.0871503504858789,-0.4763638043610885,-0.4299766563499331,-0.260825463400045,-0.5839540756020212,-0.6561307451917093,-0.5873596070914769,-0.6995850463237506,0.2084198564278175,0.1406531947429614,0.1320406327787898,0.0609413545111764,0.0790524373753472,-0.1829178957502678,-0.3027016527633759,-0.0925240257470554,-0.4557159818933395,-0.6607529752079009,-0.525082050303692,-0.6148495853735632,exact,9
CHEBI:27891,related,direct,Cysteine-S-sulfate,Mistral-Small-3.1-24B-Instruct-2503,-1,0.6119975267919513,0.2036543405689771,0.0760640871643035,0.5509525353665615,0.6203944854412664,0.3061200917859472,0.1443731891686749,0.5567976139412487,0.4719629410499258,-0.0144552909980814,0.0057762223023352,0.3775749031863334,0.8037485379530213,0.322001083938864,0.1894469836906864,0.7483331467554348,0.0388699287923213,-0.340448896571246,-0.3168669537204677,-0.1373216646319431,0.486266301162952,-0.1061189111837495,-0.150249917593802,0.3378906509638407,0.7295822698827409,0.1870902985821584,0.0984440467739992,0.6705510970375326,0.3974860026337119,0.1778878355562267,0.1904090902332936,0.2667364778288601,0.1959727781705136,-0.2214159633941289,-0.0976865680602205,0.0308323796855655,0.4874037915289529,-0.196026139919631,-0.2667369328247088,0.3195993508280392,related,8
CHEBI:27891,related,direct,Cysteine-S-sulfonate,Mistral-Small-3.1-24B-Instruct-2503,-1,0.5930033129946146,0.1708992195765231,0.0298224771104964,0.5240158763736412,0.6104545734404476,0.2955679665106479,0.1132988760191509,0.5430104990473633,0.2750614883941222,-0.2578598406693289,-0.0148239702444008,0.1530134602897507,0.7875890041594419,0.2926047651033312,0.1979551749259163,0.7270254519603591,0.298466526050861,-0.1104968508822615,-0.1756815305947203,0.1417476755430489,0.3460254100485453,-0.2169341854939953,-0.2422557229845001,0.1778006973249219,0.7411993482287766,0.2304219901827698,0.1251689312445788,0.6868510491151264,0.4081426554234412,0.1941688003425772,0.2214940423573759,0.2787854054436722,0.4132454615078717,0.0186360053411857,-0.0372878967816889,0.276415798941264,0.3388248447710749,-0.2803052831498222,-0.3133067801206138,0.1450539328182182,exact,9
CHEBI:27891,related,direct,Cysteinyl-S-sulfonate,Mistral-Small-3.1-24B-Instruct-2503,-1,0.6305878006838616,0.2322308985088924,0.119116696404428,0.5776885474079261,0.6361624474081904,0.3404478451823338,0.1493162861762032,0.5788617162257197,0.5970289303449002,0.0746210093482632,0.0102887773282236,0.5298438001315406,0.4327083263647601,-0.1020406543266718,-0.1200905671131786,0.3006036404986917,0.2915733380102838,-0.1189048450783648,-0.1727423492338413,0.1339485295549108,0.0879363664639612,-0.3820646574683419,-0.3605744165275181,-0.0919090420471973,0.6264495081222002,0.0707446730471465,-0.0180895602372311,0.5315426650207646,0.1315989965472053,0.0581558470936203,0.0685884650327893,-0.0188281562102272,0.2399927828487767,-0.1487367506471834,-0.2266213511090851,0.0787482906814033,0.2550208841612654,-0.3162516950853668,-0.324235597101672,0.0527879344181953,exact,9
CHEBI:27891,related,direct,Cysteinyl-S-sulfonic acid,Mistral-Small-3.1-24B-Instruct-2503,-1,0.6843451800771219,0.3234122871930646,0.1888258502602827,0.6572307006405427,0.7723415714862836,0.5914795653413772,0.3750746732298268,0.78059171688468,0.9755577989481892,0.8342950473603524,0.0517918752533277,1.0580301067682292,0.4270463258402338,-0.0828861710278235,-0.1713550038416513,0.2943270494907981,0.0401037878428447,-0.3355887142577151,-0.3265518179315302,-0.1360595474227471,0.164765202050459,-0.34341424168619,-0.3512069669941838,-0.0144891970116292,0.5870329064464205,0.0788887599386678,0.0542688479850902,0.4808332936090143,0.3291165663469356,0.2324201577341408,0.1941135809283359,0.1906343252800683,0.355208855960344,0.0074800622420527,-0.1430153647839756,0.2084639413685321,0.2692741675786314,-0.2925898132999659,-0.3160564100544865,0.0682041772370282,exact,9
CHEBI:27891,related,direct,L-Cysteine hydrogen sulfate,Mistral-Small-3.1-24B-Instruct-2503,-1,0.7361857568554753,0.4422982691487312,0.2557831779214802,0.7374261743924937,0.6105609615610814,0.2997169127535192,0.1353524211060117,0.5431575745919313,0.7755598209105288,0.5017588354555225,0.0182614430444866,0.7639236576350841,0.3452796664028233,-0.2298817380304289,-0.2946933992045509,0.2051678823210229,-0.2259992010113619,-0.5130460629750394,-0.4469276580120405,-0.3965348965163218,0.1259022145109275,-0.3638766626478352,-0.3606303416531004,-0.0539254524938869,0.0489487724965944,-0.4074858905570737,-0.3910047319896981,-0.1206143229487484,0.3235125863025843,0.1196786622028798,0.1592471575727014,0.184485207957128,0.0852911723060389,-0.2958975804799122,-0.1350150638136039,-0.086076490385629,0.4044084217204979,-0.1939283609827849,-0.2466677998456119,0.2202111411643973,related,8
CHEBI:27891,related,direct,L-cysteine S-sulfate,Mistral-Small-3.1-24B-Instruct-2503,-1,1.025511016551906,1.4532235858456517,1.2576723859117824,1.2837188889115905,0.917628139935127,0.9869532739937252,0.7332641871383331,1.0245371355282715,0.9859472843084433,0.8403651562688185,0.0572332364990041,1.0745129494202414,0.98676732959138,0.6845094901876002,0.5679818877821136,1.0057351479113166,0.4146286293415533,0.0104769687996827,-0.036288156829686,0.2769291796018641,0.6305334813014319,0.0487071757466511,-0.0161174656693517,0.5159471369403732,0.8349571457042408,0.3711557646502271,0.2778403751211827,0.8240209632130221,0.768059324579258,0.7357018793244271,0.6154399744923877,0.7227004728477118,0.6495095774301679,0.3147862527216028,0.3378644154705224,0.5755262414564788,0.7693904162823467,0.2322103266581098,0.0022262654852267,0.7067421860447543,related,8
CHEBI:27891,related,direct,S-Sulfocysteine,Mistral-Small-3.1-24B-Instruct-2503,-1,0.5432658656722255,0.0860274456810603,-0.0160904666944144,0.4551858808557211,0.8448384749753808,0.7959757667255881,0.6393038096087426,0.8978464198653369,0.9298188170214046,0.570066663443666,0.0593641172584239,0.9870546762691024,0.2007923753322046,-0.3428719075698698,-0.3657839308569122,0.0537766001172607,0.1301517289171184,-0.2731224801636928,-0.2209499412068942,-0.0424006741381413,0.5774946249253717,-0.0079921787867777,-0.064602599824628,0.448672174218569,1.1967684657754951,1.942017583847344,1.8642945527195576,1.518643425888547,0.3501620382385952,0.1703118467290948,0.2033796706616892,0.2138445523831011,0.8298967323821818,0.656336230671081,0.5451350642244288,0.8367843887731281,0.2416773298969229,-0.3749021998905424,-0.3709586535780894,0.0384529316648199,exact,9
CHEBI:27891,related,direct,S-Sulphocysteine,Mistral-Small-3.1-24B-Instruct-2503,-1,0.5845692424391428,0.1633028549000335,0.0868612300946745,0.5121740335897228,0.5888375945055419,0.2720510859346248,0.1567340878021806,0.5133412782268978,0.570624951548178,0.1151774960175259,-0.0059782501419771,0.4969806920435043,0.612498241899295,0.0579994703058534,-0.0044820134479069,0.5077353365662898,-0.3216870232097442,-0.588946035060782,-0.4499533900160515,-0.4850822821430993,0.3822236004603087,-0.1917509328067017,-0.220760896379367,0.2180672202229817,1.1774831860938604,1.7819835320818378,1.669998485810837,1.4694344921895597,0.274662263135576,0.1088327375975201,0.1216168794539852,0.1314227814551131,0.3311403641938117,-0.0418157156589041,-0.1649704590504385,0.1808192818110676,0.1879847334365948,-0.3923993672360095,-0.3781090060718242,-0.018317724507082,exact,9
CHEBI:27891,related,direct,S-sulfocysteine,Mistral-Small-3.1-24B-Instruct-2503,-1,0.8518467529429987,0.7380853060832399,0.5303694331748424,0.9316284268515372,0.8448384749753808,0.7959757667255881,0.6393038096087426,0.8978464198653369,0.9298188170214046,0.570066663443666,0.0593641172584239,0.9870546762691024,0.2007923753322046,-0.3428719075698698,-0.3657839308569122,0.0537766001172607,0.1301517289171184,-0.2731224801636928,-0.2209499412068942,-0.0424006741381413,0.5774946249253717,-0.0079921787867777,-0.064602599824628,0.448672174218569,1.234987560814243,2.347417754619579,2.289482437553838,1.6247152387079655,0.3501620382385952,0.1703118467290948,0.2033796706616892,0.2138445523831011,0.8298967323821818,0.656336230671081,0.5451350642244288,0.8367843887731281,0.2416773298969229,-0.3749021998905424,-0.3709586535780894,0.0384529316648199,exact,9
CHEBI:27891,related,direct,S-sulpho-L-cysteine,Mistral-Small-3.1-24B-Instruct-2503,-1,1.1421008658470884,2.436924244082701,2.4164984228374755,1.602200957019234,1.053147191731916,1.5426868621980392,1.4179281638606478,1.2939707994208602,1.2034060324896334,1.5967858285940912,0.1417747444930295,1.4597792112147374,1.21806240591904,1.292989242686807,1.150900313341101,1.3918923527607874,1.1462746331920086,1.7591253709859036,1.388665108882509,1.4255840388279304,1.236730522336302,2.368607773969059,2.219999581909552,1.633492136763525,1.361057650927816,7.366516858117654,10.954773911020984,2.1943978368506825,1.401375539265304,3.6822116204324775,3.891274534148707,1.9118246276726536,1.0259818798107694,1.349262032249807,1.1577343837039122,1.1734586417181545,1.1475642575810343,2.1218057715248944,1.8781921446086776,1.5483954015015742,exact,9
CHEBI:28044,exact,direct,2-amino-3-phenylpropanoic acid,Mistral-Small-3.1-24B-Instruct-2503,-1,-0.9977106440762228,-0.929152568289218,-0.7759645714255367,-1.0811830340702913,-0.4885448079294611,-0.6479828869100176,-0.5790608286431772,-0.643143933944323,-3.694349421663295,-1.0955445390274454,-0.1289003538440825,-3.003601276531345,-0.2935221812747139,-0.5855464330697848,-0.5269894815615276,-0.4183181477130688,-2.5955142225308254,-1.3173762512538274,-0.8816873184869648,-2.145307181241635,0.1320445205492581,-0.3699712456938487,-0.3867421967041902,-0.0477306233504123,-0.6262818782953039,-0.6919587998834728,-0.6111120407110795,-0.7351980877037885,-2.107671470067336,-0.9853197046276312,-0.8310355889347167,-1.844891730271213,-1.1759891575899382,-0.8310421246441971,-0.7846432594452496,-1.187102760014067,-0.4677488656819702,-0.6421368992885,-0.5226607075553225,-0.624886368132737,exact,9
CHEBI:28044,related,direct,DL-Phenylalanine,Mistral-Small-3.1-24B-Instruct-2503,-1,0.4207017382232907,-0.0528102721657792,-0.1406958125498696,0.2948007946267676,0.6119781755768231,0.3164903317325586,0.2258811690816643,0.5451177973110244,-0.9412068065319004,-0.6973489474127722,-0.0938453575628053,-0.9937945278349152,1.1568075464288536,1.2753190129861005,1.1188531432688862,1.2805721685224398,-0.1630594241907061,-0.5329400204625505,-0.4599962513061768,-0.3369118590530374,0.9968348895973436,0.7231548601763148,0.5564948339095251,1.0692069303630487,0.78172620205731,0.3627607428915213,0.2594237849085967,0.7448614475255528,-0.2908167614060536,-0.6073542914356471,-0.545442699675353,-0.4264806553986472,0.4674910722877291,-0.0494953647935665,-0.1281707038069526,0.341699863391525,0.915587451656018,0.5824651692991522,0.3057764452851242,0.9563489828631012,related,9
CHEBI:28044,related,direct,F,Mistral-Small-3.1-24B-Instruct-2503,-1,-2.166514584299608,-1.2881539855945527,-0.9869046384924046,-1.9254721050307904,-3.333260648333804,-1.4113791467808234,-1.098480464195307,-2.6464720813796583,-2.1869263444820306,-0.9672392620950628,-0.1034563275904443,-1.9569966444267235,-1.487865186240228,-1.011736456901465,-0.8821450908649987,-1.3834954185524788,-0.4682828758306839,-0.7258389026884375,-0.6043794702909928,-0.6162502481371546,-2.0584837506309683,-0.9566705054321204,-0.8096196455429474,-1.7788082714517497,-2.084201154579932,-1.039185041847802,-0.8976586043694383,-1.8238113089844328,-1.374434717423216,-1.017595840622195,-0.90503834497151,-1.3172580499861857,-1.3227020133658054,-0.979486824013156,-0.9131014879147648,-1.2971197072192888,-1.6642547828392318,-0.8670184485140999,-0.6347054289758081,-1.5047588939983951,related,9
CHEBI:28044,related,direct,PHE,Mistral-Small-3.1-24B-Instruct-2503,-1,-0.9872589597418392,-0.9204768534764856,-0.7565444693473432,-1.0728644996194707,-2.4029485626184166,-1.3017632029212285,-1.041930515837126,-2.071491570540601,-2.4180748829466805,-1.0166294772731204,-0.1111898478750085,-2.123464196419078,-0.7518960376985688,-0.7316480157246479,-0.6609286269441326,-0.8111048684945247,0.517693675355149,0.0360618820447892,-0.0954343480878051,0.4034991193629546,0.5300820007040427,-0.0745993153868947,-0.1362173071286181,0.3903693263538481,-1.903388253400254,-0.9562754519867854,-0.8155662248649204,-1.6995810701288894,-0.5807882719950498,-0.7730138464016822,-0.68908446764071,-0.6826398493546523,0.5801071363534702,0.0435348155324433,-0.0479596957888403,0.4834130133753749,-0.3989056409392121,-0.6145336161144499,-0.5081952999918156,-0.5670205081608858,related,9
CHEBI:28044,related,direct,Phenylalanin,Mistral-Small-3.1-24B-Instruct-2503,-1,0.3150759720753998,-0.1361965754947164,-0.2303375103212126,0.165405404893163,0.9719707260214788,1.2502313474579096,1.0322110013481465,1.126427338896521,-3.520609082156827,-1.1160661084442656,-0.1306260811848602,-2.8866476702577017,1.3557982988958563,2.21939017037523,2.1797534522399142,1.679976994730845,-0.5084297537635629,-0.723258384512279,-0.5553400510366179,-0.6512971754059381,-0.0109026209378041,-0.4421916255305513,-0.4322651685777376,-0.1884592052368665,0.7538924293038307,0.2467526856004259,0.1294903948712698,0.7048244108156213,0.6550838493313995,-0.0859279664570621,-0.1500470394155709,0.5745230715350196,-0.3553163545855061,-0.6125284969423276,-0.6272439997269554,-0.5108620960423309,-0.5064987866951879,-0.6598855948277699,-0.5321640725596776,-0.6569927865386808,exact,9
CHEBI:28044,related,direct,alpha-Amino-beta-phenylpropionic acid,Mistral-Small-3.1-24B-Instruct-2503,-1,-0.9601289373846036,-0.9152623788430424,-0.7686109240464816,-1.0511906799066686,-0.2429606446142303,-0.5339367461270726,-0.4940875171254982,-0.4172113178207305,-3.679532012765761,-1.0944253328508948,-0.129209920915954,-2.993651796264442,-0.8443080772180055,-0.983705464564618,-0.835340612345216,-0.8864053075636299,-2.309487975452756,-1.26558168725276,-0.8777380937214574,-1.9675890306619443,0.0052519748083546,-0.4426607255430724,-0.4246434658289348,-0.1728981572458771,-0.744158201511434,-0.7519946259438964,-0.6589541000564723,-0.8327689388194229,-1.667922767033589,-0.922972980713084,-0.7815983505081092,-1.5338388731708756,-1.088247966979949,-0.8064440973518077,-0.7641320359633491,-1.1199833893887148,-0.2729522722713074,-0.5658069615126915,-0.4809741371518102,-0.4582005926741507,exact,9
CHEBI:28044,related,direct,fenilalanina,Mistral-Small-3.1-24B-Instruct-2503,-1,-0.4216965104344412,-0.6753625077452907,-0.6130048194236694,-0.5929880375812597,-0.1552409212070041,-0.47150246496519,-0.4561630873848364,-0.3325686902150143,-3.907490217986035,-1.1561437957469922,-0.1402521105184488,-3.146263759329796,-0.2840509751893471,-0.5414395120356387,-0.5313554979984464,-0.4098103944732058,-1.6214700175393708,-1.1220450345230577,-0.8230921942779714,-1.5114691789515282,-1.4886663054923694,-0.8616462936122863,-0.7418796450850278,-1.3863711452266292,0.7428225262750904,0.2457801378589864,0.1574173088336311,0.6891398315728661,-1.2925372361645575,-0.9313671622726672,-0.8434681079821134,-1.2553297574287603,-0.7376892548941388,-0.7813967945331423,-0.7577393462765184,-0.8405873852836846,-0.554268081426896,-0.6676799082543029,-0.5280667082990163,-0.696133369214272,related,9
CHEBI:28600,exact,direct,"3,7,11-trimethyldodeca-2,6,10-trien-1-ol",Mistral-Small-3.1-24B-Instruct-2503,-1,-2.937596234542647,-1.3294745754458162,-1.0231106482575396,-2.4164137344185868,-1.1997051306955453,-0.9085335702664856,-0.7540074603055619,-1.2283196649990131,-0.88933173205126,-0.5990733484254102,-0.0817348175930776,-0.950360623799864,-2.094505642294581,-1.1900071626365507,-1.0034710896063816,-1.818969138268704,-2.661636966744513,-1.307312670028224,-0.9014151277834214,-2.185532789795353,-1.2774582197405573,-0.8077291678564108,-0.6894303163430648,-1.233998766162955,-0.8826298448670755,-0.7516479950094113,-0.6686093615835882,-0.9445988864495674,-2.123701414031633,-0.9355974369428872,-0.8037049448910571,-1.8559642556747733,-2.5701373129646923,-1.064956078435411,-0.9365795220853648,-2.1463998545532195,-1.6967764390328273,-0.914068168061428,-0.6622729116198437,-1.526257932314567,exact,9
CHEBI:28600,related,direct,"3,7,11-trimethyl-2,6,10-dodecatrien-1-ol",Mistral-Small-3.1-24B-Instruct-2503,-1,-2.5261107873027084,-1.261738903279734,-0.9811361030086964,-2.1594220731552904,-0.9896305264476148,-0.8355817497274542,-0.7000255035813217,-1.064246520201448,-0.5093800627598374,-0.4982071307399064,-0.0765735335710688,-0.6205500626522751,-2.018651012410284,-1.1500056396429796,-0.9827721529008364,-1.7658931895571346,-2.582838535682541,-1.2968513626210938,-0.8925316905234336,-2.13756041739,-0.6170779845877328,-0.65899282322154,-0.592774562618691,-0.7239609261814873,-0.6840635102554492,-0.6830273503446346,-0.6164831047844205,-0.7833134994075807,-2.1745277437675683,-0.9461783309240088,-0.8124719197523081,-1.8909588487340976,-1.979928110788293,-0.9784487116583012,-0.8766475299857325,-1.7612066807859124,-1.4770048649038776,-0.8760523069268502,-0.6473589546641406,-1.3790189907714,exact,9
CHEBI:28600,related,direct,"3,7,11-trimethyl-2,6,10-dodecatrienol",Mistral-Small-3.1-24B-Instruct-2503,-1,-2.2499674563616767,-1.2122072108088875,-0.9505846655743811,-1.9806275375816984,-0.9866314686236176,-0.8375116736262572,-0.7078100710520847,-1.0618569402321758,-0.1115215789652564,-0.3864921751681217,-0.0704903176582041,-0.2476417585690146,-1.9014375676276096,-1.1262922120588623,-0.9500094465346198,-1.6831664321045252,-2.2338854770277794,-1.229531242495497,-0.8627659051058305,-1.9195474351862123,-0.8121105578184429,-0.7162735935220785,-0.6332178918973189,-0.8808279341122811,-0.729367750963826,-0.6827238471842569,-0.6203452955584615,-0.820650930067902,-1.9298680236819568,-0.8858351218923101,-0.7535687504938258,-1.7208782128328617,-1.6800298994012797,-0.9278918207442814,-0.8329484512532391,-1.5547436362394045,-0.9313727458650816,-0.7757062062811553,-0.5916384568516566,-0.9902037189571972,exact,9
CHEBI:28600,related,direct,farnesyl alcohol,Mistral-Small-3.1-24B-Instruct-2503,-1,0.6116234826110228,0.217755806019309,0.0757678746410626,0.5504184287937844,0.7074836456809407,0.4784927757785917,0.3221582896017663,0.6818430453653321,-0.0261604650270775,-0.4216375100233128,-0.0709120252874901,-0.1629492506741955,0.6505047019843991,0.269125190224455,0.1375672282685359,0.5536894268877238,0.652873630666255,0.2886354459630242,0.0893982708080918,0.5809381158347092,0.8257600100816157,0.3450490229983458,0.2022650727620316,0.7869791958424861,-0.1072449089859053,-0.5040837869281919,-0.4642538557609344,-0.2730398225128253,0.5208473644978678,-0.1066563619901651,-0.153522865466811,0.4095866463110034,0.8690741576608224,0.5700737746234414,0.3813212043842806,0.8987396245322415,0.2736788459962201,-0.3117563643173734,-0.3300498114401211,0.07299033045787,exact,9
CHEBI:28616,related,direct,Aminoameisensaeure,Mistral-Small-3.1-24B-Instruct-2503,-1,-0.706649346610687,-0.800011568935867,-0.6770140322751322,-0.842625443169304,-1.0966857083633088,-0.9157110042524884,-0.7533853682722829,-1.148655028396537,-0.6721139017036571,-0.686583403552528,-0.0969786829349218,-0.7644981962647528,-0.6679485353828147,-0.6700887123733082,-0.6154529394215307,-0.7416766437830251,-1.2550570970138055,-1.0048790572396205,-0.7763716764120675,-1.2482781644282273,-1.624740575038084,-0.8718178432046645,-0.7446411459016199,-1.4823745896271516,-1.0228274145402367,-0.7642056145141818,-0.6804134284601914,-1.0550502232562102,-1.3141007805180185,-0.9059948598249786,-0.8149583483907058,-1.2717030109471867,-2.609662168651986,-1.1125542907470614,-1.0648482475429082,-2.1713294501063385,-1.4026495999951538,-0.8187798776059363,-0.6106289048840368,-1.3281079159041989,related,9
CHEBI:28616,related,direct,Aminoformic acid,Mistral-Small-3.1-24B-Instruct-2503,-1,-0.1224396129600107,-0.5293566602000422,-0.4607127548060236,-0.3087650722744628,0.419936746054128,0.0198141334301045,-0.061003085360451,0.2945751022456473,0.8343337661337945,0.3417128892050414,-0.0016094225059748,0.846286012891641,0.336340463115385,-0.1476597297291358,-0.2165579516338804,0.1955818431306716,0.2883017747835021,-0.1453479806770571,-0.220769896171103,0.1302552217083397,-0.7514819545779801,-0.6980464268474041,-0.6090125504167225,-0.8327023370060753,-0.4595006398350029,-0.588731351670795,-0.5278594609828899,-0.5929634644798014,1.1282785285028625,0.8156973343256279,0.6767844279456791,1.2832372720436027,-1.5421958207354378,-0.9507688224515138,-0.9343693712949456,-1.456985594356434,-0.2098078840379038,-0.5041216527958626,-0.4308281173081437,-0.4020792782638646,exact,9
CHEBI:28616,related,direct,Carbamate,Mistral-Small-3.1-24B-Instruct-2503,-1,0.1647637455464685,-0.2994661301121752,-0.3241436460383993,-0.0073646422996101,0.7806833320107208,0.6268736019993671,0.4224907760033466,0.7936893296239342,-0.872525211615555,-0.6935128542010106,-0.0952998786754748,-0.9362138760086858,-0.0778722465049151,-0.3722630932263723,-0.3973856031521332,-0.2198625405239791,0.6874735450567635,0.3377545667821438,0.1684193065605146,0.6288030470637707,0.674011850308438,0.1292758083365288,0.0496252673151399,0.5728838586850787,0.1091678217792373,-0.4302380496064897,-0.4021036124966365,-0.0597277609689892,0.0717963282891566,-0.5354937248452875,-0.5117825556890903,-0.079572446740005,0.7819298896665234,0.3288401804186018,0.1695312452214027,0.7637430974586276,0.6123937657960097,0.0306488986873564,-0.1143931950394791,0.4801569580437416,related,9
CHEBI:28616,related,direct,Carbamidsaeure,Mistral-Small-3.1-24B-Instruct-2503,-1,-0.3583008885129056,-0.6448087390824001,-0.5772330594306393,-0.5348711006353484,0.2408397222456243,-0.1641460894271316,-0.2062129540699473,0.0830259761533017,0.627615489038468,0.1274834967810768,-0.0220571845761506,0.5684318511409674,-0.0660236145211849,-0.2247464566645004,-0.2600893928019412,-0.2086512988331113,-1.1897770936577436,-0.9822806558489182,-0.7564229249253592,-1.199607161012483,0.5631061655944198,0.001040164875331,-0.0571868365637471,0.4308039122527942,0.2127739595035484,-0.2533675880453277,-0.2547637493425234,0.0481667008660915,-0.2145213052013247,-0.580515533843102,-0.5482723095926523,-0.3562132918506391,-0.1996325025170698,-0.6611599052463207,-0.2351914538132601,-0.3671920786994264,-0.045527724195397,-0.4233537168324327,-0.3774929264942616,-0.2504993551973673,related,9
CHEBI:28789,related,direct,"(2R,3S,4S,5S)-hexane-1,2,3,4,5,6-hexol",Mistral-Small-3.1-24B-Instruct-2503,-1,-2.0083766304462687,-1.1619658344315535,-0.9268744167973944,-1.819405679174192,-0.6945758870376837,-0.7635407406570507,-0.6746976576013518,-0.8220012857267828,-0.0960628129276698,-0.2437215285709367,-0.0518697694284365,-0.2324430928162104,-1.5297218066820102,-1.0823441508094878,-0.9351631704351568,-1.414430956736486,-2.4848796349165583,-1.267815391735031,-0.8991807571923807,-2.07729822171756,-1.1062566986601734,-0.7883510717207923,-0.6863954813573188,-1.107115742001931,-1.20553830461858,-0.8681926179556961,-0.7551382473498557,-1.1952530615771089,-2.100216114093453,-0.691986751111693,-0.6038626447872323,-1.8397361101133511,-1.6207744279139298,-0.8677769646793349,-0.7708700901236213,-1.5129524148199958,-1.6377684029778905,-0.8791736571472097,-0.6417294022743252,-1.4871777092400646,related,9
CHEBI:28789,related,direct,D-Gulitol,Mistral-Small-3.1-24B-Instruct-2503,-1,0.675042047762987,0.3523426805810588,0.2011985418772065,0.6432156181973383,0.4806331102647531,0.0876897063490845,-0.0188356860931974,0.3707389023224794,0.7970546177819509,0.3812930494493082,0.00610230251695,0.793700887876348,-0.1416138811983508,-0.3818594305893589,-0.3661922577632233,-0.2795999506821656,0.267414766758355,-0.1865084065958699,-0.2480960023273294,0.1067987981236528,-0.6502261289077736,-0.674250714489618,-0.6062368261398856,-0.7510548600882071,0.2525693434965915,-0.3009115542386894,-0.3140203404149948,0.0907613909995057,0.5772097383609933,0.38473108312853,0.3068833699768251,0.4775209210254587,-0.1830065991959862,-0.5003797733316461,-0.5649418953582486,-0.3514710799646555,-0.962095068220564,-0.7920118543382377,-0.5962641975745466,-1.0131319052957275,related,9
CHEBI:28789,related,direct,D-gulitol,Mistral-Small-3.1-24B-Instruct-2503,-1,0.7028680147765598,0.4095056986832131,0.2593674537557,0.6854661320275107,0.4806331102647531,0.0876897063490845,-0.0188356860931974,0.3707389023224794,0.7970546177819509,0.3812930494493082,0.00610230251695,0.793700887876348,-0.1416138811983508,-0.3818594305893589,-0.3661922577632233,-0.2795999506821656,0.267414766758355,-0.1865084065958699,-0.2480960023273294,0.1067987981236528,-0.6502261289077736,-0.674250714489618,-0.6062368261398856,-0.7510548600882071,0.0488252299324062,-0.4450605377873656,-0.3871184719794427,-0.120737947324804,0.5772097383609933,0.38473108312853,0.3068833699768251,0.4775209210254587,-0.1830065991959862,-0.5003797733316461,-0.5649418953582486,-0.3514710799646555,-0.962095068220564,-0.7920118543382377,-0.5962641975745466,-1.0131319052957275,related,9
CHEBI:28789,related,direct,L-Sorbitol,Mistral-Small-3.1-24B-Instruct-2503,-1,0.2542423442184025,-0.2159801829736715,-0.2506105093076308,0.0940118882470309,0.561514484837666,0.205806125777104,0.0605845014170083,0.4764326300838816,0.6611761899332522,0.1115087136644706,-0.0047324544330653,0.6114457442612565,-0.0409355256870849,-0.3482726771781482,-0.3299128903287622,-0.1847985509710989,0.6574892575172496,0.2904913170476541,0.1425964642157115,0.5872603643285687,0.135921349708737,-0.3644314772537563,-0.3697155213027939,-0.0438133761657924,-0.1545164529028888,-0.4339711428647811,-0.4170362513696855,-0.3177549321662519,0.8500433141640851,0.8024502203431507,0.6389664217127767,0.8367712240726755,0.3323077589619817,-0.1600034493276151,-0.2662155794829339,0.1821531685694862,0.0974055352889526,-0.4161189670667583,-0.3816473057021858,-0.1110309059549212,related,9
CHEBI:28789,related,direct,L-sorbitol,Mistral-Small-3.1-24B-Instruct-2503,-1,0.2714900915055303,-0.1988797642286232,-0.2157723211656137,0.1140394442551906,0.561514484837666,0.205806125777104,0.0605845014170083,0.4764326300838816,0.6611761899332522,0.1115087136644706,-0.0047324544330653,0.6114457442612565,-0.0409355256870849,-0.3482726771781482,-0.3299128903287622,-0.1847985509710989,0.6574892575172496,0.2904913170476541,0.1425964642157115,0.5872603643285687,0.135921349708737,-0.3644314772537563,-0.3697155213027939,-0.0438133761657924,-0.2264908014202137,-0.49044253520586,-0.4431517490664677,-0.3846931581420367,0.8500433141640851,0.8024502203431507,0.6389664217127767,0.8367712240726755,0.3323077589619817,-0.1600034493276151,-0.2662155794829339,0.1821531685694862,0.0974055352889526,-0.4161189670667583,-0.3816473057021858,-0.1110309059549212,related,9
CHEBI:28842,related,direct,18:0,Mistral-Small-3.1-24B-Instruct-2503,-1,-1.2311378514554547,-1.0186904336436216,-0.8173821527603264,-1.262718306700252,-3.763398691834863,-1.4583276917037844,-1.137696791908863,-2.896735156523365,-1.3251890388762917,-0.7661760965676817,-0.1097598862524438,-1.3054835302935996,-1.797096010402664,-1.060688514327114,-0.9102197533204734,-1.6087544251417618,-1.0681242095485226,-0.928656688978594,-0.7148879168776218,-1.1073128841338584,-0.1680568162713106,-0.513345747471372,-0.4710959371010435,-0.3357875319929022,-1.7140607008412327,-0.9668917050810608,-0.8130512904926622,-1.5669541782691812,-4.992454603488695,-1.373805964210773,-1.1341387379408,-3.654483063850984,-0.5658842029377653,-0.6097729673499366,-0.6554484455528953,-0.6960998478011501,-0.7378496700662521,-0.6843112666938703,-0.5475273194007507,-0.8423883542665667,related,9
CHEBI:28842,related,direct,C18:0,Mistral-Small-3.1-24B-Instruct-2503,-1,-0.9626165397626004,-0.9139962880911632,-0.7526979049541288,-1.0531828990884449,-2.066605237179459,-1.1905460214685533,-0.9708544834868504,-1.8493693908414912,-1.251787609597146,-0.8346239396875602,-0.1071325387609826,-1.2471317549260408,-1.7852887427627298,-1.082715733746754,-0.952395456950738,-1.6002862047718622,-0.7699214375147628,-0.8042691341374286,-0.6101411342999274,-0.8713792526127834,0.2690570025274263,-0.2874162543208511,-0.3112820372651489,0.094352168230033,-0.4115514466055418,-0.5811001351241828,-0.5286305024478026,-0.5510746039738857,-1.8096884087294287,-0.992331103563231,-0.8613360368889963,-1.6357412954767048,0.0939183125768751,-0.2724904097621741,-0.3790093645000724,-0.0771366254974637,-0.1647306239013879,-0.5017919789217721,-0.4371082974126369,-0.3613207582694933,related,9
CHEBI:28842,related,direct,CH3-[CH2]16-COOH,Mistral-Small-3.1-24B-Instruct-2503,-1,-1.6199984924950666,-1.1204833987474954,-0.883964450346581,-1.5493252710153216,-1.5988609344234272,-1.1001011574109247,-0.8901441735019119,-1.524209458767813,-0.9080070975347276,-0.6939697740061697,-0.0988676040006578,-0.9660370596575832,-1.7318189804132826,-1.1944498370959111,-1.0187545483972045,-1.561811811261567,-1.4009031263588578,-1.0361013382872095,-0.771999612039292,-1.3549931443797096,-2.596678264647887,-1.0094137421948484,-0.8429616545166211,-2.1304506959879053,-2.020226085160981,-0.9835540911048976,-0.838677871032996,-1.780111758620691,-1.4515424721482406,-0.9017698390042734,-0.8013517114714271,-1.3749446634683675,-2.4735859734735475,-1.0946718525251529,-1.010125837521945,-2.085077786739045,-1.8146211951592617,-0.942064566504556,-0.6769611509610982,-1.6033739131923843,related,9
CHEBI:28842,related,direct,Octadecansaeure,Mistral-Small-3.1-24B-Instruct-2503,-1,-1.171595301747127,-0.9751916337373484,-0.792941000217177,-1.2171539580713653,-0.227807714702357,-0.5474188294868796,-0.5185915180279845,-0.4027507505645206,-1.043021915769098,-0.6916798333181444,-0.0925083063050534,-1.0780653338300468,0.1098862436557107,-0.3022418136167337,-0.2974783894012381,-0.037919227723941,-1.2110184850178922,-0.9812347992903062,-0.7659221993155569,-1.2155078843968723,0.4053412004325709,-0.1819001354236989,-0.2050040419704458,0.2441498949192315,0.0739500363609149,-0.2810938713518942,-0.3068739896453118,-0.095489550503133,-0.3099541626459474,-0.6375419445914005,-0.6080521005656132,-0.4439040203630387,0.6257456234292451,0.2251359918998841,0.1582637724432261,0.543533725138627,-0.1827781435423399,-0.507294353307252,-0.434508996309929,-0.377710988692152,related,9
CHEBI:28842,related,direct,Oktadekansaeure,Mistral-Small-3.1-24B-Instruct-2503,-1,-2.148968575016907,-1.2055433696778663,-0.9522805607600244,-1.913805371267175,-1.072494447531316,-0.9264472550346824,-0.7769062571284281,-1.1297299068201638,-1.7260632289711746,-0.8287952458769907,-0.1043249560254194,-1.6155111838992722,-0.803522834235331,-0.7390798496917094,-0.6685147817996594,-0.8533131641431169,-2.012624945295221,-1.2000289505798776,-0.8847133074011003,-1.776169305991023,-2.2431988393921785,-0.9582727967381776,-0.8025398480556591,-1.9012654578573285,-0.1617418581173385,-0.4350258321196583,-0.4157094130626348,-0.3245359344380309,-1.667454546827546,-0.9577352874702848,-0.8614851608852286,-1.5334995415628594,-1.0902167392956503,-0.806109685327355,-0.669135936158692,-1.1215008428700437,-2.053469732865795,-0.9347002069436688,-0.6782236450666207,-1.7561540707022676,related,9
CHEBI:28842,related,direct,STEARIC ACID,Mistral-Small-3.1-24B-Instruct-2503,-1,-2.186662216863042,-1.1832832915695364,-0.937562707613086,-1.9388382941929136,0.270006374967402,-0.1016376795902039,-0.195985201753305,0.1162755606988959,-0.7795932739995379,-0.6238690083302254,-0.0903849932890128,-0.8573002162987371,0.4391726313397419,-0.0178718722554645,-0.0959589975861195,0.3077865651508306,0.1776412566813081,-0.2427468206174765,-0.2912702887720382,0.0082909969105158,0.3225552673422398,-0.2419764336370236,-0.2423185994281914,0.1520512683131369,-0.4085933564960202,-0.5230414845812273,-0.4859670469730662,-0.548474855745805,1.0623235053871218,0.6734761180038181,0.5875672231226898,1.16676185068846,0.0891036133952309,-0.2956159974101002,-0.3704733708926817,-0.082129299241686,0.1827807524336213,-0.364684212354408,-0.3411951662199326,-0.0237452586322714,exact,10
CHEBI:28842,related,direct,Stearinsaeure,Mistral-Small-3.1-24B-Instruct-2503,-1,-1.5846853846182611,-1.0838605797815857,-0.8772743256727611,-1.524020300068137,-1.0200971332857496,-0.8751692732432907,-0.7461009300500994,-1.0884432249893785,-0.4181691867281683,-0.5194675729378324,-0.0868747535353076,-0.5378775976664706,-1.3799325077422762,-0.94633954474928,-0.8069882084582679,-1.3030252650102223,-1.872472818924125,-1.1647088692517515,-0.8623479035826841,-1.683067046133593,-0.2669132977030286,-0.5486222473885999,-0.4838021911789223,-0.4250554956928173,-0.3437820303141986,-0.4900462843990348,-0.4470436150133212,-0.4910453988615988,-1.3237662531638488,-0.8764300325249891,-0.7862979185279129,-1.2790261905307327,-1.6364466848046773,-0.9997738768930512,-0.7632363661224524,-1.524039566043199,-0.7277193225153966,-0.6969430574543695,-0.5499535611726395,-0.8344794282174852,related,9
CHEBI:28842,related,direct,acide octadecanoique,Mistral-Small-3.1-24B-Instruct-2503,-1,0.7930196148744023,0.5828845080024558,0.4086283146265241,0.8299170160405174,0.3957998441158897,-0.0724343095485333,-0.1469239082221124,0.2649686297596421,-0.4422848309585818,-0.5426688380833575,-0.0890894656452077,-0.5598836264625352,0.7316361525383709,0.3230301443361971,0.2029576910912004,0.654741490389411,-0.4633625657465478,-0.6805431260065989,-0.5785275499818107,-0.6119300914550198,1.1075051655170003,1.1979804422229698,1.0073180481139938,1.2908080362449614,1.1901285626144258,1.9414910572390944,1.791074999249615,1.50141547310702,-0.4039628095682222,-0.6647510879153036,-0.6068686440663843,-0.5283789567122811,0.4013191621095986,-0.0367332021377349,0.0680824847018076,0.2622975301802281,0.4384714057530504,-0.1307185348724373,-0.2091323086578593,0.2603865750501541,exact,9
CHEBI:28842,related,direct,acide stearique,Mistral-Small-3.1-24B-Instruct-2503,-1,-1.3227953617687085,-1.0119369362687491,-0.8291545228486931,-1.3319335353486488,-0.7422160215241081,-0.8082283227709066,-0.6983703050166019,-0.8621516804550907,-0.3577807841376531,-0.5218461163767038,-0.0792285405866801,-0.4822853210594197,-0.5923111706904357,-0.602978383124887,-0.5630592641785651,-0.6782322558590931,-1.2056271044030833,-0.986851819381081,-0.7522956070781069,-1.2114779207987507,0.2110517431698441,-0.3173188949652082,-0.32509110074973,0.0332537701313308,-0.134650563942693,-0.4803537401382317,-0.4859437887228894,-0.2990382802706192,-1.3572127180491702,-0.9290115894001912,-0.825916214703213,-1.3042926806162851,-0.7292322554407089,-0.6923423190552043,-0.6434832880063179,-0.8336016494383143,-0.0400791535052237,-0.4526788779116006,-0.4097085903030772,-0.2453212963372137,related,9
CHEBI:28842,related,direct,n-octadecanoic acid,Mistral-Small-3.1-24B-Instruct-2503,-1,1.0427469445991158,1.5154146315894743,1.3060622390104777,1.3248618668628829,0.9688932360793502,1.1866578294830206,0.9932437575331838,1.1204631931206743,-0.7252220444571622,-0.5542081362639762,-0.0801940443244078,-0.8105673234600153,1.1455953519724371,1.1285536998387982,1.0045503147499872,1.2610261935605458,0.9988641310753642,1.1151702636230538,0.8853679949805588,1.124308826340359,1.119839597548527,1.2701680550336372,1.0696831554525066,1.3184772903304214,1.0444078656327078,1.1836361184305333,1.0395890546238873,1.1802231657588946,-0.1130964021136053,-0.4641839134758846,-0.4437298307856421,-0.2606864747451659,0.9701456668513784,1.0071520692075535,0.8353992928409896,1.070038862662899,1.1296937300555032,1.8845363079139767,1.4947666585487975,1.4819958796345267,exact,9
CHEBI:28842,related,direct,octadecoic acid,Mistral-Small-3.1-24B-Instruct-2503,-1,1.019023644335839,1.4223434174610017,1.200908837935625,1.2686180728006402,1.1230791319914268,2.010812888421869,1.8916491873657948,1.4589384900165772,-1.0995918091825334,-0.6465600969885149,-0.0879748499448545,-1.1243547482100384,1.3339910987562935,1.9370309620552508,1.9276737602057008,1.629816887004656,0.9107869070835376,0.8537166939499171,0.552367512189182,0.9695355561826876,1.2579435548737328,2.719881793043636,2.6353621013779502,1.7077977010798209,1.0996105975318298,1.3388867889133294,1.2043773873612131,1.291561955332366,1.288731434893956,1.5261580265880148,1.383303811353651,1.6120619400952183,0.939000603860036,0.895228214930443,0.6308998679853822,1.0152847923117334,1.099655639609782,1.5232698440521666,1.073506739947903,1.3843577140076544,related,9
CHEBI:28842,related,direct,stearic acid,Mistral-Small-3.1-24B-Instruct-2503,-1,-0.5543139443075885,-0.7367266531613127,-0.6302962929128599,-0.7113945131349589,0.270006374967402,-0.1016376795902039,-0.195985201753305,0.1162755606988959,-0.7795932739995379,-0.6238690083302254,-0.0903849932890128,-0.8573002162987371,0.4391726313397419,-0.0178718722554645,-0.0959589975861195,0.3077865651508306,0.1776412566813081,-0.2427468206174765,-0.2912702887720382,0.0082909969105158,0.3225552673422398,-0.2419764336370236,-0.2423185994281914,0.1520512683131369,0.1705154711202062,-0.2467416755321097,-0.2758336146067451,0.0036544797637377,1.0623235053871218,0.6734761180038181,0.5875672231226898,1.16676185068846,0.0891036133952309,-0.2956159974101002,-0.3704733708926817,-0.082129299241686,0.1827807524336213,-0.364684212354408,-0.3411951662199326,-0.0237452586322714,exact,9
CHEBI:30745,related,direct,2-PHENYLACETIC ACID,Mistral-Small-3.1-24B-Instruct-2503,-1,-1.0640791524617923,-0.9169237223021278,-0.7647000723756647,-1.133610910265712,0.8520379221753489,0.8152177730147981,0.6022979345121602,0.9099435886378898,0.9526879231320275,0.7217533623124918,0.0611989851381166,1.0222270721403812,1.1672071977358551,1.205723482659364,1.1145407453803429,1.2989175076466586,0.6117932551680064,0.2685859553226085,0.1186407449490161,0.5254805886017865,1.0137208118565175,0.8285099313296356,0.6647722607885297,1.1004699885400029,0.0717462490360405,-0.3335058607553238,-0.3219045757037705,-0.0977128579067448,0.0816563224819653,-0.3657699796417036,-0.3419176010631727,-0.0696350465825646,0.9857542996549448,0.8410633839050797,0.8111612869500645,1.0982300442906587,0.9944454372620096,0.8968305177691944,0.5425056891333465,1.1166129637847486,exact,9
CHEBI:30745,related,direct,2-Phenylethanoic acid,Mistral-Small-3.1-24B-Instruct-2503,-1,-0.0700191981762774,-0.4762322645859493,-0.4556939439433532,-0.2561255157825587,0.3911971989261356,-0.0006343513077426,-0.08061434023005,0.2593648554957925,0.8468672662718666,0.5018068052866361,0.0370417013883489,0.8642471135588918,0.2612850660718561,-0.255293691499481,-0.2885364101695827,0.1162659843877012,-0.1143036242660844,-0.4519086831295814,-0.3929303677635523,-0.2899226857466833,-0.7887613521018093,-0.7034648972383402,-0.6167542839848492,-0.862358960767426,0.4080303319498962,-0.0133383142437615,-0.0438890710831871,0.264202593174778,-0.5646190349631925,-0.619890803192453,-0.5611982213034287,-0.668768495956176,-0.0848267690239529,-0.4681548173362144,-0.4872238707468913,-0.2570119324028057,0.3106278851353299,-0.2485818294439525,-0.2846035093945713,0.1135627400288366,exact,9
CHEBI:30745,related,direct,Benzeneacetic acid,Mistral-Small-3.1-24B-Instruct-2503,-1,0.4850825285544466,0.0298077526753566,-0.0498627397439031,0.3775286033732876,0.7780842003336317,0.6368497716702722,0.5011677087948488,0.7895980499504514,0.8993092288816985,0.6674332131572349,0.0383252080958632,0.9410522904866196,-0.295134571586834,-0.6362906837128594,-0.6095454778273668,-0.4197647332123295,0.1198378773441795,-0.3098753165312728,-0.3058251409207425,-0.0532878509973098,0.6964555498225291,0.1307624031390806,0.0417806964259349,0.6029628866727891,0.4938793666611439,0.0216892851315677,-0.0538294446131998,0.3655258564140677,1.2407036739469586,1.2206618547688337,1.1230520870279248,1.50501888547653,0.5962647949879946,0.0568363993570646,-0.0511215738190023,0.5045061062367953,0.223667995143846,-0.2966582815890716,-0.3167006403396584,0.0192510886427789,exact,9
CHEBI:30745,related,direct,Benzylformic acid,Mistral-Small-3.1-24B-Instruct-2503,-1,0.3354008932376012,-0.1452495783445057,-0.1985091541249511,0.1897445034394696,0.2461676703891882,-0.1540399416803259,-0.2106566738016152,0.0890677551416855,-0.847567124673125,-0.6143750318365385,-0.0803918914835706,-0.915136352978766,-0.4623194200585211,-0.7195539808516883,-0.6873218573805502,-0.5670761488949073,-0.1102044462996346,-0.45015629522893,-0.4422200101843324,-0.2859389001734463,-0.8349497745314606,-0.7223423137411809,-0.6257889112604779,-0.8988163570518892,-0.5163334812114326,-0.5772445660322659,-0.5183221670222443,-0.6420182681506051,0.2076036479266779,-0.370611041426843,-0.3647817929018176,0.060083002570367,-1.0231476580005243,-0.8312221233370242,-0.8074054260136939,-1.0695020338005603,-0.2872158759286397,-0.5539823467674349,-0.4677263708950583,-0.4707272948991049,exact,9
CHEBI:30745,related,direct,Omega-Phenylacetic acid,Mistral-Small-3.1-24B-Instruct-2503,-1,-0.2159923731565564,-0.5636816259862149,-0.5227156723103441,-0.4004438784815658,0.5442143786224909,0.2075976351315554,0.1010004997942665,0.4533903473851886,0.9425655255936736,0.7079344084131909,0.0518137562995495,1.0065834217400371,0.8360790728830143,0.3974690502574897,0.2806996839742809,0.7915840464926502,0.5738569513308988,0.2100525406023781,0.0343858828035087,0.4754979206838585,0.5232224394376584,-0.059801869531212,-0.1295418244608685,0.3820677323708115,0.8280929903639519,0.5393258981272926,0.4004011336478479,0.8136093598025449,-0.0686467623862743,-0.4374789934544209,-0.4332326091144691,-0.2180067166302504,0.5475165912915585,0.0266413442340949,-0.0982184700821271,0.4414763856390532,0.639897721318022,0.0666125297835714,-0.0766288847294214,0.5175796838179929,exact,9
CHEBI:30745,related,direct,PA,Mistral-Small-3.1-24B-Instruct-2503,-1,-2.786822362407514,-1.352634149099408,-1.0411295050180256,-2.323458688482708,-2.039321731848461,-1.2108307924488042,-0.97689849220011,-1.8309528171718188,-1.266261922250841,-0.729799577419825,-0.0772041170091639,-1.2586811226342078,-2.274104503706534,-1.208381087684828,-1.0140614638038417,-1.9432912818187769,-1.931678605483302,-1.200302373839409,-0.8418084329019914,-1.7226229345241526,-1.8628487742818929,-0.9318873713805388,-0.7921521278159871,-1.6467714257660586,-2.077809559740943,-0.9810987704766132,-0.8426413528109118,-1.8194575483538016,-1.291186826530636,-0.93364045970881,-0.8354285457535988,-1.254302753700788,-1.244615241827547,-0.9670393959749284,-0.9156492511913285,-1.2388980084965262,-0.9020209513771152,-0.7053722095247732,-0.5561307455759372,-0.968166452745354,related,9
CHEBI:30745,related,direct,alpha-toluic acid,Mistral-Small-3.1-24B-Instruct-2503,-1,0.1216909590389136,-0.3320170473493453,-0.3518284462903957,-0.0547608696336164,-0.2071389101856544,-0.5051827039204143,-0.4726570238504887,-0.3829199278826229,0.5744881036464975,0.1569320109305492,-0.0079068652287322,0.5017636670701026,-1.0790974167265155,-0.9206569479402252,-0.8455288418033119,-1.0728899583525644,-0.6238312294083984,-0.7323840613860149,-0.5962124801564666,-0.7501066558493884,-1.3603472154856089,-0.8262078569257707,-0.7174820080661842,-1.294314035223436,-0.7384744280963091,-0.6398819029785421,-0.582025924260878,-0.8281162543293161,-0.0457562682839548,-0.4270147740290352,-0.419866111763403,-0.1958232608476219,-1.0387141130384312,-0.8357635482751535,-0.8287357899404827,-1.0816272639190228,-0.6415938239251828,-0.6685498367247658,-0.5270030973345647,-0.7664960358860432,exact,9
CHEBI:30745,related,direct,benzeneacetic acid,Mistral-Small-3.1-24B-Instruct-2503,-1,0.6962436784273276,0.3750419690451042,0.2415249972269152,0.6753167110168186,0.7780842003336317,0.6368497716702722,0.5011677087948488,0.7895980499504514,0.8993092288816985,0.6674332131572349,0.0383252080958632,0.9410522904866196,-0.295134571586834,-0.6362906837128594,-0.6095454778273668,-0.4197647332123295,0.1198378773441795,-0.3098753165312728,-0.3058251409207425,-0.0532878509973098,0.6964555498225291,0.1307624031390806,0.0417806964259349,0.6029628866727891,0.595989946215679,0.1157334048322917,0.0553081470581813,0.4922496612864822,1.2407036739469586,1.2206618547688337,1.1230520870279248,1.50501888547653,0.5962647949879946,0.0568363993570646,-0.0511215738190023,0.5045061062367953,0.223667995143846,-0.2966582815890716,-0.3167006403396584,0.0192510886427789,exact,9
CHEBI:30745,related,direct,omega-phenylacetic acid,Mistral-Small-3.1-24B-Instruct-2503,-1,0.4370317562932704,-0.0032508927148709,-0.0958007042695946,0.3154873552858194,0.5442143786224909,0.2075976351315554,0.1010004997942665,0.4533903473851886,0.9425655255936736,0.7079344084131909,0.0518137562995495,1.0065834217400371,0.8360790728830143,0.3974690502574897,0.2806996839742809,0.7915840464926502,0.5738569513308988,0.2100525406023781,0.0343858828035087,0.4754979206838585,0.5232224394376584,-0.059801869531212,-0.1295418244608685,0.3820677323708115,0.9675835540757196,0.8609900297510299,0.6856621558206697,1.0394751677507474,-0.0686467623862743,-0.4374789934544209,-0.4332326091144691,-0.2180067166302504,0.5475165912915585,0.0266413442340949,-0.0982184700821271,0.4414763856390532,0.639897721318022,0.0666125297835714,-0.0766288847294214,0.5175796838179929,related,8
CHEBI:30769,exact,direct,"2-hydroxypropane-1,2,3-tricarboxylic acid",Mistral-Small-3.1-24B-Instruct-2503,-1,-1.7178569322687318,-1.105529095676171,-0.8918792694483672,-1.6187636400600247,-1.0024941703767996,-0.8801012505954965,-0.7313742236197217,-1.074480225395434,-0.9333704344432394,-0.5822290658648654,-0.0725002533291398,-0.9872554002561722,-1.5478324269492851,-1.120350335167454,-0.9463492025026116,-1.4277708513029084,-2.885332803468209,-1.3467140478526995,-0.9411533960240416,-2.319395846069673,-0.0498488952721096,-0.4452060531002729,-0.422849115466088,-0.2256408545160959,-0.5262287105522983,-0.5830536933380844,-0.5293576755198872,-0.6504954905274457,-1.7381025244510364,-0.898329144010172,-0.775781824993761,-1.5844910411407225,-0.964981659646482,-0.7712400255878411,-0.7124100490060279,-1.0238838510338273,-0.4691529343293764,-0.656400884679641,-0.5145995095049306,-0.6260554307166768,related,9
CHEBI:30769,related,direct,"2-Hydroxy-1,2,3-propanetricarboxylic acid",Mistral-Small-3.1-24B-Instruct-2503,-1,-1.8089137470943977,-1.1309380978514858,-0.90757513702272,-1.682506770850981,-1.169374421091797,-0.949115916272989,-0.7836243560927273,-1.2050180507437789,-1.200574097026947,-0.6272152758170577,-0.0833747203160802,-1.2060940842010996,-1.291739631290013,-0.9822015055080566,-0.8552048055556016,-1.2364869909528244,-2.900519425897418,-1.348598182314131,-0.93739467851405,-2.328364009538207,0.2785806003115806,-0.2541397875355583,-0.2786091347105538,0.1045258145177384,-0.724491285393891,-0.6602883073362688,-0.5865488474219455,-0.8166479439305802,-1.7160062452076104,-0.8905182213685429,-0.7718253202856641,-1.568587455775551,-1.1801497439651674,-0.8248523355401766,-0.731129629978034,-1.1902601489815032,-0.6724110924883546,-0.7220755798313426,-0.5480945605207962,-0.7909774665559509,exact,9
CHEBI:30769,related,direct,2-Hydroxytricarballylic acid,Mistral-Small-3.1-24B-Instruct-2503,-1,-0.8489884529409412,-0.8544193914359509,-0.7152817301890204,-0.9611379815137842,-1.1079007247004826,-0.9271427063450648,-0.7816317848262205,-1.1573999789553466,-0.371322983384083,-0.3799322990105372,-0.0576123933167562,-0.494813698890017,-0.5361707461044293,-0.7097794124778358,-0.6467727200936296,-0.6305665470813293,-1.1476811073823567,-0.9568008070120776,-0.7267468377706711,-1.1679098312178935,-0.3050867922794313,-0.5462548170988395,-0.5022920505637365,-0.4588921131730702,-0.5893088099105459,-0.6083045616468987,-0.5423848174463065,-0.704107883395849,-0.628066294115252,-0.6697421559086115,-0.6082695508681815,-0.7229435447180147,-0.7552173334739061,-0.7207369281554837,-0.7128984179836462,-0.8550263231592976,-0.6769478699775111,-0.7229054469203335,-0.546891520807887,-0.7945666465798343,exact,9
CHEBI:30769,related,direct,"3-Carboxy-3-hydroxypentane-1,5-dioic acid",Mistral-Small-3.1-24B-Instruct-2503,-1,-1.983744639208134,-1.1711894337525708,-0.9280832624475224,-1.8026936772555409,-1.3271767365497962,-0.9969436979253736,-0.8148438785833885,-1.3249188308252853,-1.2035216843870813,-0.6216795114363538,-0.0840930641739424,-1.2084634330588286,-1.3227338112318303,-1.0467568105213052,-0.884176312743277,-1.2599542309503675,-2.392711876454257,-1.2662379528878844,-0.8885053823765396,-2.019943659885544,-0.4696227076429049,-0.6116282972519348,-0.5563702612781527,-0.6010727026458139,-0.6723791562556476,-0.6451667396800365,-0.5732048357190924,-0.7736292357936422,-2.030166363539062,-0.945395442216764,-0.8015214113727168,-1.7911083168342063,-1.6613272772795018,-0.9345940755806884,-0.85727072070543,-1.5415907306622545,-0.8499202519315786,-0.7483594610807138,-0.572048678952462,-0.9287227249034892,related,9
CHEBI:30769,related,direct,Citronensaeure,Mistral-Small-3.1-24B-Instruct-2503,-1,-0.5689767542997493,-0.7483463153953172,-0.640989904046077,-0.7242389563852817,-0.2840668400713665,-0.599070981397309,-0.5223011819426763,-0.4561151633236514,-1.2425784676803613,-0.6423717743567962,-0.0855136661130293,-1.2397724493536766,-0.378286731767425,-0.6069586907818433,-0.5405960857484936,-0.4936807406003604,-2.209575644596277,-1.251878914344337,-0.9138618825408344,-1.903999882812434,-0.7751677302187003,-0.6998022136962615,-0.6224101942682797,-0.8515692350122197,0.021035084421066,-0.3016054803281492,-0.3071210099364554,-0.1484171631202207,-1.325125949002274,-0.9074028482478972,-0.7996638030389007,-1.2800556015017792,-1.3606269734675729,-0.982445817853992,-0.7767173237172013,-1.3251324122483377,-1.901935585393585,-0.9437882493228172,-0.6753451939375678,-1.6597505073984684,related,9
CHEBI:30769,related,direct,E330,Mistral-Small-3.1-24B-Instruct-2503,-1,-1.041409155050015,-0.9619446438939314,-0.7913958252117701,-1.1157785294873912,-2.68394909832594,-1.3553316192621914,-1.0579151503291937,-2.250738873418458,-1.144156990162927,-0.6657342019375957,-0.0887922735595155,-1.1605653574500443,-1.930286125815504,-1.0910994818390651,-0.9425893650853504,-1.7036098633022123,-1.7802942560918549,-1.1623877738101251,-0.8526297884611868,-1.6208003189504037,-2.2828832857294805,-0.959983959465264,-0.8142249372214293,-1.9273175467107653,-2.9458055489992963,-1.1207365168485637,-0.945760036138383,-2.3898961479387486,-0.8686371517334776,-0.8127188697299946,-0.7343736712103976,-0.9225511467442395,-2.794142711505127,-1.1781068231031817,-1.086633960478994,-2.286412544946845,-3.122480179498197,-1.1006395511846108,-0.7643446268051878,-2.39458933733873,related,9
CHEBI:30769,related,direct,H3cit,Mistral-Small-3.1-24B-Instruct-2503,-1,-0.5678156877901757,-0.7910091147968923,-0.6907611535288896,-0.7232235951382076,-0.8850875019790027,-0.9092216874241787,-0.7677458105588809,-0.9801074195751188,-0.8596007010638653,-0.5948658123327714,-0.0802164277370924,-0.9253093185898136,-1.9906559521676428,-1.194003462944526,-1.017662757753373,-1.7462149967801668,-1.311397564657056,-1.0354342795131115,-0.7747677235966307,-1.289826186713614,-2.9145529654427214,-1.0342397494632354,-0.8702467121243367,-2.3316951531087184,-2.0343286931152376,-0.9856181518771738,-0.8415234028320031,-1.7897682762465852,-1.1336893769098366,-0.907167909514111,-0.7925642733741775,-1.1331528099079824,-2.577474814434684,-1.205924496389863,-1.047149074441074,-2.1510353617960454,-2.607539164088986,-1.038839647909663,-0.7315589499157874,-2.0951187970738974,related,9
CHEBI:32507,related,direct,H2gly(+),Mistral-Small-3.1-24B-Instruct-2503,-1,-1.450050336966202,-1.0520848175995596,-0.846047904653327,-1.426275641867534,-1.1935058871406596,-0.9676727905429598,-0.8127020329782556,-1.223567260446676,0.0969366175001142,-0.29743389531319,-0.0631564874278917,-0.0372904094229572,-1.5078425261017738,-0.991710006976776,-0.8610769078120593,-1.3982787472122566,-1.076186430419806,-0.9573830439793576,-0.7359114624717504,-1.113495902427663,-0.4746153516693556,-0.5871491839647692,-0.5293027563382829,-0.6053000063668295,-1.4665927128353151,-0.9406768174532816,-0.8165020578998078,-1.389148766319943,-1.202136524065883,-0.8041166176509188,-0.7352569291315321,-1.1861438980934826,-1.096847227032807,-0.9328484611731354,-0.9161995729979092,-1.1266074515983913,-2.103541989145968,-0.9793258475374736,-0.7021453756533313,-1.7876287911972648,related,9
CHEBI:32507,related,direct,NH3(+)-CH2-COOH,Mistral-Small-3.1-24B-Instruct-2503,-1,-2.0463720105350114,-1.2071992651547403,-0.9675100076618592,-1.8450814389410544,-1.8515653362648696,-1.174340040894847,-0.929760708829898,-1.7024466525839943,-0.4543503501291747,-0.5565064825677607,-0.0840977456387769,-0.5708531558844387,-1.9132323440548136,-1.1657832905174237,-0.9946290656777952,-1.6915314207812016,-1.5326494528936387,-1.0902893766367914,-0.8204515945328166,-1.4491342123508528,-1.505039196307936,-0.8399680406106405,-0.7239923702614743,-1.3980078892453711,-2.1436877146989968,-1.03600237338779,-0.8833881754889448,-1.8642053849193103,-1.2710250103096714,-0.8041477950321566,-0.7390427515749324,-1.2389463282423872,-1.5853987205637203,-0.9981230820747936,-0.9523828983070832,-1.4878350081570222,-1.9537416419880864,-0.9577372543812726,-0.6801648312375808,-1.6929087165503958,related,9
CHEBI:32507,related,direct,carboxymethanaminium,Mistral-Small-3.1-24B-Instruct-2503,-1,-1.402115671355983,-1.025172822008129,-0.8408660226954727,-1.3909698713458036,-0.9187255619898989,-0.830311320006346,-0.7079690123912783,-1.0073723159027093,-1.6938177624155024,-0.8518871902723314,-0.1087299836440928,-1.591065877228859,-0.9077515609977446,-0.8109652923795713,-0.7289306374096215,-0.937454896684141,-0.6096969526142242,-0.7716313271980205,-0.6350687725938987,-0.7381531183210818,-1.1098654127953798,-0.7655441421559065,-0.6584635235060007,-1.1098242640966864,-1.121064139631565,-0.8393948376922371,-0.7380358785981095,-1.130928969578121,-0.4075756318678772,-0.6548443709612117,-0.6212248957645856,-0.5315896569554337,-1.318730869497352,-0.9459606605731056,-0.9031485146911828,-1.2941766348715218,-0.825779662614562,-0.7311741050560631,-0.5603597256372498,-0.9103011239594254,exact,9
CHEBI:32507,related,direct,glycine cation,Mistral-Small-3.1-24B-Instruct-2503,-1,-0.7223849264377413,-0.8258042036863334,-0.6925135556939253,-0.8559134150440596,-0.6280118685240752,-0.7712374446003714,-0.6743795368440302,-0.7651711729941276,0.0376281117802788,-0.2327065445952223,-0.05329024748932,-0.0983800048730404,-0.2354122405568848,-0.4742484724988312,-0.451016869053741,-0.3658320713230117,-1.1545894215408912,-1.0040687752270754,-0.746015606186915,-1.1731287295099593,-0.2659400972106697,-0.5331867585272703,-0.4886740117526755,-0.4241883933572102,0.0727933028473777,-0.3939586986866351,-0.3868268971658423,-0.0966567399235,-0.5126456145972129,-0.7567901619167703,-0.6721210857264667,-0.6238706161556177,-0.5058337877993406,-0.7329087581465202,-0.7436282058783087,-0.6442459240341465,-0.910197161490364,-0.7668734386512945,-0.5777657159349417,-0.974318256317863,exact,9
CHEBI:32563,related,direct,"2,6-diaminohexanoate",Mistral-Small-3.1-24B-Instruct-2503,-1,-1.533120126605052,-1.0753883312768158,-0.8705168269531086,-1.4868251613346866,-1.785185361434401,-1.116155600475999,-0.9027028446893588,-1.6562397425145612,-0.4690371015115282,-0.4722148583545069,-0.077936481842267,-0.5841698665557817,-1.4328854205682546,-1.0004316243577531,-0.8519527311688373,-1.342633128602386,-2.3155665139976285,-1.269898389405174,-0.8876956414080551,-1.9714315192476064,-1.8485633776056607,-0.9117610627097356,-0.7787490036994218,-1.6370277606680643,-1.071486060118501,-0.7979074976821894,-0.6912304027121191,-1.0927835436052176,-2.1384234694036857,-0.9910312724857528,-0.8816295589698807,-1.866118196372196,-1.5848075169671028,-0.9606288985021244,-0.91022766632527,-1.4874141577677875,-1.577576635398826,-0.8838865947241018,-0.6510908592683397,-1.4469778208525788,exact,9
CHEBI:32563,related,direct,lys(-),Mistral-Small-3.1-24B-Instruct-2503,-1,0.0609637043411766,-0.4216127194327848,-0.4122687681628584,-0.1201656830826337,-0.1506398291285,-0.5638318459182835,-0.5283642487630963,-0.3280652395389418,0.8568538107826547,0.4707664699210612,0.0279095921643812,0.8786640760099563,-0.6534325175461919,-0.6518461912586965,-0.5783387631776882,-0.7295676101004716,-0.3201268721861403,-0.6482266795328777,-0.5247212409409552,-0.4836579078421383,-0.0444915387516487,-0.4363680430401035,-0.4223709390311442,-0.2205536776744491,-0.2727030595888117,-0.5625883743214296,-0.5021145865620051,-0.4269840690419552,-1.4113307629079643,-0.8880579356719146,-0.7391514334588716,-1.3449343446108268,-0.3852096672773593,-0.7174741340391504,-0.7071268786459772,-0.5377608250047267,-0.1058990639498735,-0.5538930241806972,-0.4716645975967101,-0.3071993162244559,exact,9
CHEBI:32563,related,direct,lysinate(1-),Mistral-Small-3.1-24B-Instruct-2503,-1,-0.0425735325882955,-0.4817732641905617,-0.4614104830610151,-0.2281773804420648,-0.2944944290047256,-0.618837917091072,-0.5669196363465492,-0.4659103546547661,0.3637019327795793,-0.1265941920299117,-0.0203490823530281,0.2520495771458731,-0.3038497521410415,-0.515275075518675,-0.4895786857206765,-0.4275747765114221,-0.2992160945470601,-0.6327896675936119,-0.5056985792656807,-0.464506358790582,0.7687127390164337,0.2750333988962001,0.1574654354447661,0.703354510105834,0.8036800826716561,0.3446843732958672,0.2539880110051482,0.7770786177678977,-0.3167257607197732,-0.6219887123945623,-0.5655221364461198,-0.4500502909295351,0.0369175643588504,-0.5075950029663212,-0.4601285906303631,-0.1356961896488371,0.7029332310197819,0.0732281157369821,-0.0863330504589892,0.6067542833197254,related,9
CHEBI:32563,related,direct,lysine anion,Mistral-Small-3.1-24B-Instruct-2503,-1,-0.0288228898180274,-0.4721895448378772,-0.4636824551288306,-0.2140711190101519,-0.5417054763544654,-0.7436574428034111,-0.663642143231455,-0.6901485885698853,-1.5318923067136152,-0.8647783168062042,-0.0981821911772096,-1.467063641853641,0.0583298893677891,-0.2457441203436793,-0.2446188931760124,-0.0888286362415477,0.078048735175928,-0.4045245132707847,-0.4106907921677428,-0.0969709633863807,-0.2454884352811725,-0.5234677551244319,-0.4823618917531421,-0.4059139574956498,-0.3765652525286679,-0.6070782141229216,-0.5461353456404283,-0.5202080956699001,-0.0564197635401608,-0.6076720010698907,-0.5565816705451379,-0.2061749949076114,-0.2420511818550385,-0.6337526960792375,-0.6328160917585434,-0.4069596405969395,-0.3074992755582763,-0.6015717128049607,-0.489365997320542,-0.488448495069728,exact,9
CHEBI:32612,related,direct,ile(-),Mistral-Small-3.1-24B-Instruct-2503,-1,-0.6550736598563741,-0.7956897099486694,-0.6644692788672384,-0.7987304739662338,-0.6484228565732566,-0.799457492424194,-0.6926530728078519,-0.7826901753477349,-1.0665029377829214,-0.7789721697569111,-0.105832853997973,-1.0973240001777136,-1.6597569693975125,-0.9824559790514074,-0.8497320570609922,-1.5096246886510258,-0.726773105604341,-0.8357089996000157,-0.6583491390774516,-0.8359810667241169,-0.5800282912832803,-0.6304707237178107,-0.5847371836367284,-0.6934544965281151,-1.05048423193775,-0.8011271040838475,-0.6994781762929625,-1.0765337400831023,-1.8373901342600232,-0.8791972342197949,-0.7259830815630924,-1.6554641683422344,0.1027306060901828,-0.441447509149369,-0.489419841341727,-0.0679758815288531,-1.585141887306074,-0.9135338593286962,-0.6538596525804183,-1.452049421459773,related,8
CHEBI:32612,related,direct,isoleucine anion,Mistral-Small-3.1-24B-Instruct-2503,-1,0.4847383800980161,0.0397377521943387,-0.0565548055050491,0.3770777806308799,0.0827570702069767,-0.3562303510468037,-0.3556694345424799,-0.0902490606366729,-0.8545264173005318,-0.7505613426380795,-0.1021773462490349,-0.9210219853883684,0.1720171262288598,-0.203591982499234,-0.2203593514373365,0.0244737479781082,-0.2528631865036678,-0.6220126946141677,-0.5263276746855824,-0.4216428219627167,-0.7441770561578045,-0.6768789037624968,-0.6109044998362171,-0.8268663200727535,-0.4265204834340554,-0.517396822395714,-0.4735770488485886,-0.5642023414444468,0.3605655197686896,-0.276887959101028,-0.2966439477932863,0.2253878043511126,-0.1859876378875164,-0.6353209347652615,-0.6530455587306021,-0.3542955303602942,-1.371860712091889,-0.8763557732201314,-0.6405931554188847,-1.3068533881799618,exact,9
CHEBI:32612,related,direct,"rel-(2R,3R)-2-amino-3-methylpentanoate",Mistral-Small-3.1-24B-Instruct-2503,-1,-2.30997304217502,-1.2225756626123707,-0.9501656497173416,-2.019953507569098,-1.0842080125797808,-0.9332928159642684,-0.797160558023954,-1.138904189514904,-0.7386595637503401,-0.683788590415924,-0.0961003175799171,-0.8221570506328457,-2.2952637989759483,-1.198862939676691,-1.003484528515833,-1.957820119516693,-2.974529360188882,-1.3822223616537035,-0.9617512726729904,-2.371859308677944,-1.269759325341451,-0.8024576661621159,-0.6978600978656527,-1.228360988984124,-1.510070317611141,-0.8610980118986631,-0.7383487733649876,-1.4207829463677744,-2.1678367890486454,-0.9145861539435792,-0.7723905569319959,-1.8863617755043576,-1.888706182195316,-1.011869865341836,-0.94206948626377,-1.699257243160325,-1.48673891524003,-0.8662984122997839,-0.6340616892747498,-1.3856411099357178,related,9
CHEBI:33250,related,direct,atome,Mistral-Small-3.1-24B-Instruct-2503,-1,0.3117923091264679,-0.339433817585829,-0.3130072631104051,0.1614967602576814,-1.2876057915634114,-1.0692121073723608,-0.8635627097814121,-1.295156253335593,0.7747235358428213,0.3504505352072458,0.0255634715388032,0.7627728428227645,0.3878296515381332,0.2244035161289825,0.1116818609166515,0.2512253839453377,0.2765185288947035,-0.2351071859071154,-0.3073971355079903,0.1169964481903518,0.8390223863106235,0.374209496197563,0.2450440123187291,0.8070481758627323,1.2207173753224243,1.9015229440315176,1.771552419329825,1.5835990759381928,0.5926522077035125,-0.219142749947835,-0.2531510048237504,0.4964557457153374,-0.0349848029299051,-0.6660964434894662,-0.5884095155821747,-0.2079352052938824,0.4353144443473793,-0.0613984613076838,-0.1655405582274063,0.2566283113188375,exact,9
CHEBI:33250,related,direct,atomo,Mistral-Small-3.1-24B-Instruct-2503,-1,0.5144915784675997,-0.1201448023152023,-0.1178997558053156,0.4164160721759115,-2.1181359153474544,-1.2444545843701469,-0.9873536092828932,-1.883982575871375,-0.2071728862492077,-0.4377037708344215,-0.0570191812843288,-0.3403941287663323,0.4069453024952591,0.1709215805352996,0.0387225602068851,0.2721544611450761,-0.2117698457614557,-0.5934475327615556,-0.5156817713365958,-0.3831544305755439,0.4941157963416496,-0.0888259667211586,-0.167914834228253,0.3471982565560044,1.2153516322705562,1.8463236956385056,1.721401885223267,1.568632480235572,0.2819626861185235,-0.4519463486061981,-0.4429834943722304,0.1392923194875026,-0.3261557912123143,-0.758697113306287,-0.7210802130184509,-0.4844173798709361,0.0528349989347789,-0.356310913613974,-0.3510496432916526,-0.155364156384749,exact,9
CHEBI:33250,related,direct,atoms,Mistral-Small-3.1-24B-Instruct-2503,-1,0.6332964923732621,0.0722147728890139,-0.0491802132827146,0.5816158262693071,1.319564012800738,6.454561181545948,10.692342220627737,2.2545119413242483,0.7148754665404152,0.2572361522563473,0.0181395488304651,0.6818383566742592,0.660911315606693,0.5679654263915088,0.4560308614683525,0.5664202085913563,-0.2013522722368091,-0.5911500826001937,-0.4752630483462023,-0.3733220920825155,1.052028554097556,0.9365733721649676,0.7682905561121207,1.1744685513224271,1.216907126931869,1.8365962065990973,1.7078368103804635,1.572945071965776,0.9992213020445264,0.3016740292686668,0.2237036560190016,1.0623902748931522,0.8845419596197287,0.3662022223477126,0.2716558051061725,0.9238253142542472,0.9760490935101992,0.925268062920591,0.5501475356299574,1.0769886590814373,exact,9
CHEBI:33250,related,direct,atomus,Mistral-Small-3.1-24B-Instruct-2503,-1,-0.3289300773171337,-0.7769486640758595,-0.632734251044721,-0.5075900591670364,-1.2214735379773387,-1.035441395381824,-0.8525260744586423,-1.2449665948448512,0.9098511159385988,0.5577177039333181,0.0417860651050028,0.9568323306671356,0.1512698362055703,-0.0992002309790624,-0.131502187376217,0.0035080293927594,0.0531446623960997,-0.4228097789474652,-0.4109895643541802,-0.1226859369951205,0.162714597496024,-0.3414770072060015,-0.3597041502082193,-0.0165845480726862,1.014400069934505,0.706347573576477,0.5408701586472722,1.1235220335915233,-0.5396948620745007,-0.8099724275464165,-0.7267709398284837,-0.6472972050070127,-0.4005537954488233,-0.8129959668559367,-0.7370183347367041,-0.551486874717375,-0.3002534350779832,-0.4960708900134317,-0.4247788893939266,-0.4821302695731584,exact,9
CHEBI:33250,related,direct,element,Mistral-Small-3.1-24B-Instruct-2503,-1,-1.7684154691407057,-1.348957787445601,-1.0175578686811837,-1.654257152191058,1.245093104912728,3.175934302377464,3.326483310334849,1.834817362475606,1.342379061456342,2.081773061326792,0.1983746217238104,1.770042654526967,0.5739732940988889,0.1177291488327932,-0.0033086143924886,0.4619815702949225,0.5869453651120198,0.1126941046564865,-0.0446615383571813,0.4926143492398627,-0.6584852125703596,-0.6996236531211536,-0.6319806580015844,-0.7577767520850668,-1.0060880086895945,-0.888531152727055,-0.7782745675680922,-1.0419998206107814,0.1502031741495281,-0.5594549944838713,-0.5403291089811658,0.0003053953562158,-0.1494745606192675,-0.6728378022473565,-0.7011252719970524,-0.3195271572388707,-0.7680822970353367,-0.6609305564405573,-0.5274149758106526,-0.8658857313147124,related,9
CHEBI:33250,related,direct,elements,Mistral-Small-3.1-24B-Instruct-2503,-1,-0.199250767437674,-0.703516038728067,-0.614292725122777,-0.3842410698893955,-0.992534067929729,-0.984707924077166,-0.8100309512546895,-1.0665586692229192,1.3329343896447403,2.0162131245761485,0.1882141482674758,1.7463750207218265,0.8664839133127309,0.8290158835442746,0.6857944295299949,0.8330542227262265,0.4596850129885988,-0.0481672297320591,-0.1386043530625637,0.3314303506082082,-0.933242643954708,-0.7670420432607822,-0.6818290500656772,-0.9753942224365348,-0.8831745737969612,-0.848947032956046,-0.745147275018002,-0.9450332486322586,-0.2842259999462527,-0.7192008862127314,-0.6530948851479383,-0.4204618214901308,-0.3976892817708949,-0.7623443981608017,-0.7416751579718805,-0.5489285501004816,-0.9034451444924554,-0.7007796067670329,-0.5480846507446017,-0.96923875364306,related,9
CHEBI:33424,related,direct,sulfur oxoacid derivatives,Mistral-Small-3.1-24B-Instruct-2503,-1,1.2027815388345608,3.626051621072497,4.175886930469036,1.8351667689034263,1.200383691355295,2.76542599630659,2.804416000724542,1.6775703148719048,1.3115361908184149,2.133069740702429,0.2158794921953708,1.694439521591261,1.372914946268157,2.3633663953452224,2.387202592148391,1.7209235548085724,1.1949591242748312,2.0032357691887173,1.6337252922540653,1.5426390860626609,1.1187013446866156,1.328230063488844,1.1041912882409837,1.315892408860822,1.2711728924530887,2.838971071767186,2.73650373743879,1.7395317018005343,1.1362969217182497,0.987987325408713,0.8192952072174449,1.2979947487042711,1.2301780260389017,2.0873629110865264,2.2477515000065105,1.6439315415755342,1.2041362009919416,4.149300659654027,5.986946923845725,1.8646126281041844,exact,9
CHEBI:33552,related,direct,derivatives of sulfonic acid,Mistral-Small-3.1-24B-Instruct-2503,-1,0.7958583182028989,0.6118647971333279,0.4509930080882433,0.8346765044343923,0.543766306026829,0.1730645656147919,0.0555458070826196,0.4527968234584927,0.942582074262754,0.8548087223460843,0.0612604504537927,1.0066088979436156,1.1959226528372773,1.4737209855046294,1.389421580309509,1.3507172579734092,0.5449098833084624,0.1463928317684658,0.0195034537446413,0.4381027320460516,1.149547883152903,1.5186446617242912,1.3437277441612356,1.3884440431605671,1.26826780740411,2.970927669474099,2.9564079239946386,1.7296381919282595,0.1709309600976304,-0.3462689631596314,-0.3136321609161492,0.0217600480796427,0.9514173091437744,0.7284800525291553,0.6738914631166436,1.0368841098621289,1.17828554791252,2.884152748351525,2.9413592708354432,1.68758130376459,exact,9
CHEBI:33552,related,direct,sulfonic acid derivatives,Mistral-Small-3.1-24B-Instruct-2503,-1,1.1880283464194992,3.238062849301881,3.546250358636573,1.7704898472199968,1.148842917964174,2.1913462088131004,2.008912337680079,1.5264987999458253,-0.1602658761675716,-0.4870844847754007,-0.0708105877915879,-0.295180542156652,1.4335624461360736,2.951713578147848,3.116934521550578,1.880062233091668,1.074455825130371,1.3817611156716945,1.0417746902118628,1.270683218642546,1.2611575124200105,2.8503185405189098,2.861032880760864,1.71986356115394,1.221733441559906,2.179149474740369,2.0194712551489573,1.5864622135677688,1.0723956160407058,0.6686730388211812,0.5308482751580497,1.1840224589423114,1.2036296246270652,1.994119036992776,2.3104387438261083,1.5702573334104184,1.2032207957069367,4.128552944928679,5.914427180794836,1.8559900240416247,exact,9
CHEBI:33558,related,direct,alpha-amino acid anion,Mistral-Small-3.1-24B-Instruct-2503,-1,1.1928241768285046,3.240153279621929,3.6321743301395766,1.7907546117386453,1.2387292315653289,3.169790589430124,3.38894605465747,1.8103218654350843,1.1301762475455992,1.080389749157164,0.0949237974690784,1.31998528529067,1.4507691940592162,2.84352478880766,2.90337757750238,1.9303350326547088,1.3325182018532336,3.510072748904738,3.6355969218727697,1.9730898503189809,1.3257975727895868,6.118516749676501,8.708191439183494,2.066273543737561,1.2949693105181486,3.360365923130276,3.358879853384744,1.8264707875291848,1.3199628956312748,2.424172471445669,3.379661573038644,1.687106656371287,1.3158210515266746,3.8563484939172175,4.525059600357246,1.9376430671816016,1.1982459240312135,3.640343714779936,4.410567282155513,1.8138927871262367,exact,9
CHEBI:33558,related,direct,alpha-amino acid anions,Mistral-Small-3.1-24B-Instruct-2503,-1,1.0728922636342082,1.7074432358941602,1.536722598433655,1.4008605753900538,0.9733553247009678,1.065721040211186,0.8433573057951972,1.129118853774406,1.1787823826037325,1.2556106014367887,0.1238327004072051,1.4113621566652672,1.299985103128591,1.6498187231841006,1.4887090315630442,1.5554909169934028,1.204155803992918,2.0543067417241847,1.794147142825024,1.5661473178155658,1.1234897649286206,1.3159917974650548,1.1020353492846422,1.3268113098329468,0.9639555615471842,0.7552631183277627,0.6001740378209679,1.0331634441436597,1.0941341320369258,1.3470663485854577,1.5196928961056058,1.2218979924416669,1.0820704444867335,1.343718362928758,1.1477963202079111,1.285561452542962,1.1527140573241852,2.261053278493053,1.958488913503946,1.569106880227975,exact,9
CHEBI:33558,related,direct,alpha-amino-acid anions,Mistral-Small-3.1-24B-Instruct-2503,-1,1.1473006361615203,2.440791914728196,2.4037687573028585,1.6194237071883686,1.1271428475773866,1.88362247227618,1.7069302907961528,1.4693095138305128,1.4243638620493768,2.9637675523177505,0.3139955593927182,2.0008892702164496,1.4499062765109214,2.8240108217272093,3.0098189629791285,1.9277467428417645,1.2728651143773169,2.659465109291728,2.453537488116452,1.7608943890083264,1.1288254440641403,1.3471939281643146,1.1499672889048502,1.3391194411416654,0.9835486783112024,0.811632878694248,0.6871200982182076,1.0675806351040935,1.3286161719861709,2.8228105556733563,2.771540705940994,1.7088028266902695,1.101080463883657,1.461941198061936,1.2616484362838736,1.3258150050981978,1.169834303404171,2.6309969717319066,2.528724165390995,1.6448903395697227,exact,9
CHEBI:33568,exact,direct,"rac-4-[1-hydroxy-2-(methylamino)ethyl]benzene-1,2-diol",Mistral-Small-3.1-24B-Instruct-2503,-1,-7.38446845172043,-1.7888404966723117,-1.2980554342975528,-4.790809767056003,-4.238948931734038,-1.514814088248856,-1.1640440652698487,-3.1642919920622035,-4.082162574686576,-1.1404266618395038,-0.126977669685639,-3.262623748049427,-2.1759972902779428,-1.2609770243381315,-1.0573853626247556,-1.875606678051272,-2.6956815365185856,-1.3229072878784591,-0.9001817667126009,-2.206124095691524,-0.8663078232213595,-0.7266838247403425,-0.6305677285917749,-0.9233925138030314,-1.9219714198953144,-1.095822694814418,-0.9244265054223476,-1.712453971520133,-3.0663442776048075,-1.1020121858180467,-0.9268893438300138,-2.4809694024482365,-1.4321025589580445,-0.9232203422467562,-0.8662310634027776,-1.3774740786794255,-1.9238547430578703,-0.9237797751964464,-0.6681356065127849,-1.6738057247392168,related,9
CHEBI:33568,related,direct,(+-)-adrenaline,Mistral-Small-3.1-24B-Instruct-2503,-1,-4.19071376559388,-1.6154463215009736,-1.1648446709483395,-3.1453816710218905,-1.993691323319703,-1.233925804249821,-0.9701827839934752,-1.800009529640365,-3.2789814838498663,-1.164875970147725,-0.1128190054220813,-2.722806119152593,0.038510635018176,-0.4075122112944651,-0.4042718040315106,-0.1082002302526822,-0.1373515062851429,-0.503987995960539,-0.4059044201564986,-0.3122252706833044,1.1735793560376848,1.6405580290040036,1.3961342535140566,1.449103011255843,-0.0332971412914496,-0.6268972882055867,-0.5472577801463606,-0.2018119620362661,-1.1548125596707663,-0.8334280598293023,-0.7093243264902221,-1.1495635598083496,0.1161045321911774,-0.3931438017081579,-0.3646435368898886,-0.0540164239282767,0.9257709484426996,0.5871131047229786,0.2855029153758863,0.9757675477627,exact,9
CHEBI:33568,related,direct,(+-)-epinephrine,Mistral-Small-3.1-24B-Instruct-2503,-1,-5.052982242301682,-1.6693082429271473,-1.197100138206519,-3.612638904682387,-2.9715557927358827,-1.3830218003760186,-1.0803267582407248,-2.4289644736354474,-3.232839945926385,-1.1535335083238998,-0.1141884856257055,-2.691341008155083,-1.839313442595774,-1.1562649224418735,-0.9771723264940986,-1.6389525290020148,-0.7232897767261559,-0.822248181193533,-0.6246259039068747,-0.8331083976789156,0.5654712823830013,-0.0321833180217353,-0.1073782711751613,0.4337303121366249,0.1103991701087693,-0.5890263107800778,-0.52931083921958,-0.0584693631627027,-1.4810168852438843,-0.8955313371407887,-0.7457690331293773,-1.3968423144352051,-0.1465106789849547,-0.5366346794016504,-0.5196569513702648,-0.3166881400971045,0.2072665537775084,-0.4022855342914689,-0.3874423017902355,0.0019055798901851,exact,9
CHEBI:33568,related,direct,"2-(methylamino)-1-(3,4-dihydroxyphenyl)ethanol",Mistral-Small-3.1-24B-Instruct-2503,-1,-6.930139997901927,-1.7709880773514053,-1.275645915334178,-4.56828924646712,-4.440959782371305,-1.5413274116678128,-1.1802667879906736,-3.275393762650086,-3.623994583119188,-1.123102482959256,-0.1236891086684636,-2.956319923006334,-1.986778761645712,-1.1696094107020216,-1.0129885242911634,-1.743485755634156,-2.601355064936368,-1.3090775999556192,-0.8959416563788326,-2.148872942393467,-0.9326824546912283,-0.7443554592213828,-0.6466456602997455,-0.9749615291781136,-1.430574551002797,-1.007785647707062,-0.8641919837616764,-1.362806561576193,-2.916384049181807,-1.0895290246776086,-0.922288628768469,-2.384548838753548,-1.5159262215033846,-0.9429565209227522,-0.8654280642659679,-1.4381319052618589,-1.8330381793910049,-0.9213113278891732,-0.6680614157341116,-1.6153177745096736,related,9
CHEBI:33568,related,direct,dl-adrenaline,Mistral-Small-3.1-24B-Instruct-2503,-1,-3.014980274531621,-1.5051006507038842,-1.0743655656481086,-2.463615283733395,-1.3387264483613728,-1.09326957230834,-0.8849689930357408,-1.3335686633124535,-2.4278197399183425,-1.0259105310101655,-0.1046626241259767,-2.1304212047464075,0.8265214521784306,0.4092621091944116,0.2591683633238857,0.778709781199172,0.5339931478912222,0.1114731523108351,-0.0414638179625013,0.4241596242098613,0.8701146018062438,0.4172889491906492,0.2681675142485005,0.8551239746924006,-0.1391743419944011,-0.6520229327579183,-0.5650406230519062,-0.3033097988280647,-0.0838248192742327,-0.5294619185533312,-0.4793396833962016,-0.2326386059478472,0.6922649640160289,0.1571428049745973,0.0799910608003443,0.6343649685813068,0.7156792433900794,0.1552162386076462,0.000648398504222,0.6254199162722662,exact,9
CHEBI:33568,related,direct,epinephrine racemic,Mistral-Small-3.1-24B-Instruct-2503,-1,-3.978390158712612,-1.5853086810000352,-1.1311773585497888,-3.026565889091439,-3.4993014424181075,-1.453109641950388,-1.1270557145837166,-2.744089930688091,-4.129887589329377,-1.2114486797728945,-0.1458577684652131,-3.29434288264302,-2.125639887638162,-1.275385881397942,-1.051556954948164,-1.8406536017401307,-0.185634074805098,-0.5447816492685313,-0.471425960374096,-0.3584281718128908,-0.6629602614932151,-0.6838784496338499,-0.5937471733012764,-0.7614141707236326,-0.3552751583648112,-0.7313533715125523,-0.6535433537988558,-0.5012961135631905,-0.2507555864282631,-0.6417310794004989,-0.5934992895833721,-0.3897480632010505,0.1285426837964375,-0.4565794754709345,-0.4167710954152765,-0.0409714957137708,-0.276964265558181,-0.5863444240544061,-0.4767912490137516,-0.4617295120314149,exact,9
CHEBI:33568,related,direct,rac-adrenaline,Mistral-Small-3.1-24B-Instruct-2503,-1,-3.279442024937409,-1.524682275082205,-1.0858514530669048,-2.6224982252911464,-1.9877165043404603,-1.2502058150554791,-0.9901820243197732,-1.7959444666202309,-1.2686857249919463,-0.8200126995899123,-0.0858558179464928,-1.2606130488876224,0.5501376029214979,0.0908083855089287,-0.0227028803372987,0.4340692615376757,0.5257710223443895,0.1001296920089419,-0.0332510564812653,0.4137142811482069,0.4911418112497206,-0.108179622339186,-0.1627882623159504,0.3436671233126879,-0.8854672465310536,-0.8751407564741005,-0.7549686736699202,-0.946860945401184,-0.2847626448170618,-0.6048186875053021,-0.5418569678562163,-0.42095225243617,0.3245534839770828,-0.2565809508232391,-0.3223437364325284,0.1733060980427123,0.4106470067800865,-0.2035067201731097,-0.2443411308067917,0.2275082741123241,exact,9
CHEBI:33568,related,direct,racemic adrenaline,Mistral-Small-3.1-24B-Instruct-2503,-1,-2.975383735058718,-1.500596326441637,-1.0839455391014712,-2.439504659773029,-1.843602534885464,-1.1874251681056722,-0.9466149703755758,-1.6969258293837577,-4.00424143448467,-1.2316407431108884,-0.1400715665159758,-3.210770551465361,0.5591075223058144,0.1162514894222728,-0.0195160650472228,0.4445387416318558,0.6079836343167406,0.2050522207172731,0.0349919656385473,0.5204093790136625,-0.168099790736194,-0.5163132907548936,-0.471260540852617,-0.3358268778359782,0.3854958420569892,-0.3729030948001114,-0.3623656686780644,0.2383055892276161,0.5642202932503422,-0.1553028991217469,-0.1946043692051394,0.4617035045715482,0.2509854523834674,-0.3115042505047399,-0.4020692800111201,0.0908490169872977,0.251658033968268,-0.3046838159753212,-0.3180603283429583,0.0491664348891558,exact,9
CHEBI:33568,related,direct,racepinefrina,Mistral-Small-3.1-24B-Instruct-2503,-1,-3.380384591080217,-1.540113779300105,-1.1089053217168767,-2.6822077296347926,-2.9042959803822166,-1.367014729847961,-1.0744199698912311,-2.387727111730428,-3.681661306925153,-1.2001038145480465,-0.1358251283031963,-2.995081830328943,-1.0610629723794984,-0.851025491032685,-0.7665326655696825,-1.0587946369223444,-1.0645522848365871,-0.94867251190513,-0.7371422451270809,-1.1045704378268808,-1.863522674740064,-0.9150083128018264,-0.788849006459926,-1.6472307164318143,-0.506644156144214,-0.7955099525756821,-0.6959213378480718,-0.6336993696594485,-0.5683970539534975,-0.7519399103650257,-0.6942014369767469,-0.6720136508096973,-1.8792018873742384,-1.1176237606898662,-0.9506860351486116,-1.692761405357129,-1.546038498074013,-0.8741455638790868,-0.6382197191573216,-1.4257751670052958,related,9
CHEBI:33568,related,direct,racepinefrine,Mistral-Small-3.1-24B-Instruct-2503,-1,-3.5969311428591806,-1.5540705250832043,-1.1237360606399476,-2.8086839560322043,-3.1602269708458,-1.3913174392963157,-1.0907716456017196,-2.543286193480564,-3.773602441086585,-1.2178136568059132,-0.1385602844349143,-3.056744549636519,-1.2660552406285197,-0.9551073400308686,-0.8221278695660266,-1.216970027283329,-0.3140677815072129,-0.6214858873092434,-0.5303806800705694,-0.4781201998702513,-1.6658861531814206,-0.887223903735791,-0.7713881064588953,-1.511097200193236,-0.454367303587053,-0.7810673266345973,-0.6820669397671313,-0.5885012953002735,-0.5082346674578208,-0.7317384502511571,-0.6658185936545267,-0.6200379363980958,-2.0346970118132828,-1.1610412136840549,-0.9835013074116296,-1.7980634918855791,-1.1750490918278191,-0.8116028381308027,-0.602408886326134,-1.1684270018908336,related,9
CHEBI:33568,related,direct,racepinefrinum,Mistral-Small-3.1-24B-Instruct-2503,-1,-3.750187750626462,-1.566951960418387,-1.1224835331037677,-2.896940262099616,-2.9258632597571186,-1.351062531708038,-1.0527374567072765,-2.400978610139163,-3.72916329938814,-1.194652573271067,-0.1357355657759064,-3.026960693826953,-1.1541458514547522,-0.861176182911224,-0.7591575917731687,-1.1311648911175862,-1.313232146677887,-1.028041879021247,-0.785387224348994,-1.2911721237738845,-1.9033449816394925,-0.9244982093405758,-0.7940309453122871,-1.6743146598311556,-0.4985853482855379,-0.7826898933538469,-0.6805446272337593,-0.6267666408520527,-0.6638220914364326,-0.7772429871083552,-0.713571524531617,-0.7531781695423724,-2.0881827079338846,-1.1635477490960004,-0.9798909646343122,-1.833820419752009,-2.295078934763296,-0.985956623267538,-0.6973315467908131,-1.9063999290072908,related,9
CHEBI:33662,exact,direct,annulenes,Mistral-Small-3.1-24B-Instruct-2503,-1,0.9583297616096348,1.1833744816863936,0.9507803576086308,1.135977465470385,0.5328689009403063,0.0620843432605996,-0.042232845884717,0.4384118764822753,-0.2707890490159139,-0.4491019755986697,-0.0555255196774806,-0.4009182383147242,1.3021659460069348,2.120605355227521,2.068987698388065,1.5601286518351345,0.8933940323065453,0.7631157722823864,0.4695089597807882,0.9406020400662718,0.6155277869571553,0.0455077584650304,-0.0310939395801243,0.4966806991438713,1.0042129050294193,0.816712818555095,0.6616020989196597,1.1048008768782944,0.5677231473387659,-0.0721962733245887,-0.1092079310260909,0.4659592416069353,0.8823794555329473,0.4971819539563112,0.454156296119404,0.9202957999603766,1.0089051254787005,1.0204796694044311,0.6654338360242171,1.148914594134092,exact,9
CHEBI:3424,exact,direct,"3-carboxy-2-hydroxy-N,N,N-trimethylpropan-1-aminium",Mistral-Small-3.1-24B-Instruct-2503,-1,-2.227620749924122,-1.196598922249103,-0.9410722095074338,-1.9659116898458333,-0.6518614448810399,-0.7131139448868129,-0.6373330411215002,-0.7856333900825381,-1.150551703777758,-0.7390985055475461,-0.0963802695158502,-1.165743219891235,-2.31780941408446,-1.340515601026548,-1.1340953308957322,-1.973274616395214,-3.496845017627163,-1.441333346927578,-0.9865322614839962,-2.6695840695085367,-1.4832747215220017,-0.8322517880002519,-0.7187980423987694,-1.3825339047626406,-0.4596523158544022,-0.6060959756629977,-0.5579742664011004,-0.5930952289646106,-3.127256647301082,-1.0755414908846603,-0.9176618107178836,-2.5198591064409803,-2.709444039041698,-1.14633048008988,-0.9921673898430268,-2.233831249556983,-1.1340720630298882,-0.8001965954825662,-0.6039406818532757,-1.1390147320408,exact,9
CHEBI:3424,related,direct,3-hydroxy-4-(trimethylammonio)butanoic acid,Mistral-Small-3.1-24B-Instruct-2503,-1,-1.7917202292610106,-1.1081265662475537,-0.885313040450516,-1.6705328548910874,-0.8981080101444503,-0.8252804723711252,-0.6928912404122207,-0.9906831026788712,-0.4854329840423811,-0.6180502635546121,-0.0940560001735424,-0.5989901985850888,-2.071245980320644,-1.167909636188358,-0.9680352364927188,-1.8027314506005367,-2.053811203619172,-1.195688108396039,-0.8377627913299169,-1.8031835744342364,-1.9057994701028311,-0.9078680322034496,-0.7744303003273476,-1.6759803977438568,-2.3093091616614982,-1.0043758252920625,-0.8573352754025453,-1.97551985165952,-2.316066117826864,-0.9715163792540842,-0.8398484081023305,-1.9875342018564617,-2.8768597438599426,-1.1721883089955194,-1.0334973938800804,-2.337359943453707,-1.755145136221856,-0.9189234114912972,-0.6610908458669618,-1.5646051773983207,related,9
CHEBI:3424,related,direct,Carnitine,Mistral-Small-3.1-24B-Instruct-2503,-1,0.1916817168345903,-0.2689187552499754,-0.3057265575243854,0.0227047604705906,0.6867496104917327,0.4423589624274134,0.2477718369494233,0.6513403453111157,0.3349784463422344,-0.3718990125296348,-0.0733727136337138,0.2196104527340471,0.4732339159418253,0.0992918501640528,0.0149575033547896,0.3459389933048446,-0.2088980442235475,-0.5874449991690923,-0.5030306187137826,-0.3804470359915629,-0.4960999219760496,-0.6112779769748105,-0.5400096202148633,-0.6234360458424547,0.2085294773477772,-0.352414238599498,-0.3523336407448122,0.0436630630487013,0.5273579713503712,-0.1294002138296177,-0.1682103570569112,0.4173429150146046,-1.191617806960258,-0.9643574784105864,-0.9010387369378362,-1.19895141989401,-0.3265948155677993,-0.6474771977826725,-0.5200894930390988,-0.5050346989453613,related,9
CHEBI:35137,related,direct,Haemoprotein,Mistral-Small-3.1-24B-Instruct-2503,-1,-0.0677137511428964,-0.5046690252775662,-0.4817810070528041,-0.2537883290073656,1.043799015117396,1.430344954186193,1.2014346142671222,1.2735491276897342,1.1216321312141797,1.2225326595978212,0.0932337997496796,1.3044424345815349,-0.7413256048929252,-0.8056939564001927,-0.7400962867282426,-0.8024177057507659,0.8170525149756513,0.5729669235949564,0.3569415076182931,0.8189176198581524,1.0943785581726242,1.1615586947311218,1.012493100544983,1.2621449292033775,1.100195691853975,1.0733829719594548,0.910805213685396,1.292798096492664,0.8117157269429066,0.0379638302491216,-0.0227253284896688,0.7826852747667845,0.9234992026640788,0.5522562193477502,0.4064532219245161,0.9887248943575754,0.9150440910217956,0.6814121153315129,0.391553994086225,0.9553220385592526,exact,9
CHEBI:35137,related,direct,Haemprotein,Mistral-Small-3.1-24B-Instruct-2503,-1,-0.0991974252863296,-0.5271784895500798,-0.4925018320848692,-0.2855431085054426,0.9873488570646204,1.1712908368986823,0.9445064694475434,1.1566131109896978,-0.3386589894417876,-0.4441146669082396,-0.0593560868704041,-0.4645328975287582,0.8080205327068247,0.45147698162803,0.3328688507100156,0.7540000396578616,0.470599587531845,0.0178618898039621,-0.1018146340640208,0.3448221763669376,0.4439090712929033,-0.1409936874223313,-0.1796849085354448,0.2883361490248406,0.959667859880509,0.5827551427602684,0.4441287466997153,1.0257388059157266,-0.3981775041622404,-0.7169182421250506,-0.6471743458731783,-0.5232322055649835,0.5818964744457724,-0.038358978834319,-0.0382211137378597,0.485738848747602,0.7667360505630313,0.3226050011575799,0.1023579650786396,0.7026150188747868,exact,9
CHEBI:35137,related,direct,haem protein,Mistral-Small-3.1-24B-Instruct-2503,-1,-0.3885616189495484,-0.7166707520463222,-0.6214068215397307,-0.562740637301175,-0.3924639101071711,-0.6966772511598203,-0.5871737305759078,-0.5565481230667176,0.331555565812004,-0.035527551711977,-0.0373305927610358,0.2157675091990625,-1.515510492526418,-0.9859095038685104,-0.8719789761524712,-1.403944127278966,0.2436537963213058,-0.239957233003969,-0.2709783083595126,0.0803684515717075,0.0964612833208258,-0.3741162328561035,-0.3816525014231478,-0.0834254421721696,0.0488594793561415,-0.5082216700159607,-0.5084113854597775,-0.1207036757360605,0.1417727667027275,-0.5167512061629828,-0.4885640815788049,-0.0083791587181901,0.6302786609215697,0.0113678830865605,-0.0613585088179431,0.5495988264022174,0.6187561937351931,0.0864310451348159,-0.0823428797452803,0.48873944579298,exact,9
CHEBI:35137,related,direct,haemoprotein,Mistral-Small-3.1-24B-Instruct-2503,-1,0.2710173219088176,-0.2611730279673436,-0.2951415882882151,0.1134882705656158,1.043799015117396,1.430344954186193,1.2014346142671222,1.2735491276897342,1.1216321312141797,1.2225326595978212,0.0932337997496796,1.3044424345815349,-0.7413256048929252,-0.8056939564001927,-0.7400962867282426,-0.8024177057507659,0.8170525149756513,0.5729669235949564,0.3569415076182931,0.8189176198581524,1.0943785581726242,1.1615586947311218,1.012493100544983,1.2621449292033775,1.0910278550362502,1.0345305649160723,0.8656192684764727,1.2735752557528055,0.8117157269429066,0.0379638302491216,-0.0227253284896688,0.7826852747667845,0.9234992026640788,0.5522562193477502,0.4064532219245161,0.9887248943575754,0.9150440910217956,0.6814121153315129,0.391553994086225,0.9553220385592526,exact,9
CHEBI:35137,related,direct,heme protein,Mistral-Small-3.1-24B-Instruct-2503,-1,-0.1715228305904784,-0.5937215161481183,-0.5542885929911415,-0.3572138515736646,0.0512607506100071,-0.4214229967172679,-0.3873762433376527,-0.1235001842786918,-0.3012366758597611,-0.4056560425362128,-0.0596147245684397,-0.4295755932007498,-1.3957885664987002,-1.040686169133064,-0.9079480187419148,-1.3149117494187683,-0.0236852124574182,-0.437371428319261,-0.4237914500063067,-0.2005991112166566,-0.0722967781411894,-0.4643715585153711,-0.4434695793886731,-0.2468636918067107,0.1432553762142937,-0.4873181928640389,-0.4808665127445952,-0.0246851904262281,0.2610819221699083,-0.4401262079966108,-0.4210263615464309,0.1168387548357347,0.4403729136007968,-0.1910037978535145,-0.265638188811047,0.3088398894983718,0.1725920955269566,-0.3272971147534841,-0.328534658552596,-0.0343346534704486,exact,9
CHEBI:35137,related,direct,hemeproteins,Mistral-Small-3.1-24B-Instruct-2503,-1,0.7830198426545234,0.5447393940038292,0.3595038521466488,0.8132621242068013,0.7790898398680896,0.5303066309298672,0.3645969738268518,0.7911799075533785,-0.364469525268236,-0.4706708828746688,-0.0495928220178048,-0.4884778454605404,0.4894163844210735,0.0328372349552848,-0.0838117149429151,0.3642493213745606,-0.2845286340104447,-0.595643530197822,-0.5029765852669691,-0.4509863964572167,0.2432985646423309,-0.2944873776488087,-0.3150616205024653,0.0670395924360473,0.980280712463123,0.6090229138969508,0.4365717508102466,1.0617828630117387,-0.0780204527116375,-0.6078892011870373,-0.5776060568718216,-0.2270503107864793,-0.2045973259493665,-0.6029535753217068,-0.4508374720723178,-0.3718718489189019,0.4549646972550875,-0.0812378865968027,-0.1715785775738658,0.2801407782219697,exact,9
CHEBI:35137,related,direct,hemoproteins,Mistral-Small-3.1-24B-Instruct-2503,-1,1.0628382619605887,1.6935778786655664,1.5092053166866402,1.3748902160550496,1.0221734940706144,1.3135964908395994,1.1007891776925507,1.227523238642008,0.6347964568609965,0.2954464805440321,-0.0050812694455307,0.5775749954834556,0.749531350579541,0.3652814339895348,0.2437292115731054,0.6776159164183058,0.7417784693977496,0.4301442894229552,0.2138781547296748,0.7062550413203669,0.6616515575369821,0.0815622991873071,0.005696502708088,0.5565233834979472,1.2610424021896602,2.4035768205983072,2.2602778228219345,1.7056018983413044,0.7996959570815135,0.0696731556496628,-0.0066740814390941,0.7660036233451987,0.9606256447278512,0.64788905875986,0.565541695259033,1.0530968357157569,0.9962896641439758,1.006897029766467,0.6493660075492276,1.1206735460992152,exact,9
CHEBI:35191,exact,direct,triterpenes,Mistral-Small-3.1-24B-Instruct-2503,-1,1.0763400054431758,1.8430877643300545,1.70421697047836,1.4099226222098578,1.1141976653075705,1.951650210219391,1.8406199825558336,1.4366134124241932,-0.4582165810496485,-0.5620976779249149,-0.0861078010123002,-0.5743625395020954,1.0311508609363322,0.8325735326651171,0.7218394297370665,1.0734934737425892,1.112938830087938,1.5266355055598504,1.2236803372013814,1.3514195124457828,1.1810820130573236,1.7307632976621672,1.5440811757643005,1.4689198601421125,1.0529526891234375,1.1167417010208969,0.9571752141029096,1.196825197633126,1.0832722052528978,0.7081788422352269,0.5636677574006562,1.2028642706953008,1.0216969047707136,0.9714271589966712,0.7824050288120775,1.1652569368039911,1.2015736854083257,4.0040189750850175,5.413395070178553,1.8412440043967515,related,9
CHEBI:35191,related,direct,Triterpen,Mistral-Small-3.1-24B-Instruct-2503,-1,-0.3745154951813349,-0.6792423412417113,-0.5816759584702464,-0.5498340525061304,1.1794392095916946,2.499353195878612,2.4328231156732665,1.613169062984082,0.710171795993926,0.1214464721820166,-0.0234972902537283,0.6755915949025353,1.09727278836384,1.0030928881219952,0.8751090020889767,1.1793448173715362,0.1682889940356597,-0.2882382024440406,-0.3046252000446975,-0.001766350757481,1.069472003485217,1.0474045538847647,0.8561882582993411,1.2097585315194703,1.064601978237034,1.1722612007640996,1.0422573804399755,1.2198106279568053,1.1621932135942268,0.9803409818915088,0.8504063265714197,1.346651341075422,1.0385487093451602,1.0329416056051823,0.8003911760964664,1.1977905311565382,1.1664446205872614,2.640422040955709,2.5141630364526524,1.6288873345005224,exact,9
CHEBI:35191,related,direct,triterpenes,Mistral-Small-3.1-24B-Instruct-2503,-1,1.0763400054431758,1.8430877643300545,1.70421697047836,1.4099226222098578,1.1141976653075705,1.951650210219391,1.8406199825558336,1.4366134124241932,-0.4582165810496485,-0.5620976779249149,-0.0861078010123002,-0.5743625395020954,1.0311508609363322,0.8325735326651171,0.7218394297370665,1.0734934737425892,1.112938830087938,1.5266355055598504,1.2236803372013814,1.3514195124457828,1.1810820130573236,1.7307632976621672,1.5440811757643005,1.4689198601421125,1.0529526891234375,1.1167417010208969,0.9571752141029096,1.196825197633126,1.0832722052528978,0.7081788422352269,0.5636677574006562,1.2028642706953008,1.0216969047707136,0.9714271589966712,0.7824050288120775,1.1652569368039911,1.2015736854083257,4.0040189750850175,5.413395070178553,1.8412440043967515,related,9
CHEBI:35191,related,direct,triterpeno,Mistral-Small-3.1-24B-Instruct-2503,-1,1.0740289964145393,1.8057289779991923,1.679568864768782,1.4038392877865165,1.1534354679308023,2.226225498455319,2.039886266874797,1.5390246086283337,0.7344375328043697,0.0998858427623923,-0.0245524633670297,0.7079920038193589,0.5345784664348955,0.0065705251859593,-0.0394328689753361,0.4160060111568219,0.8296460886121667,0.602227021547531,0.3173538487029094,0.8384377464444516,0.9513390025708128,0.6391471788926854,0.4820691733101396,0.9885203337221312,0.9440313670203914,0.7581049770787955,0.6402986354735152,0.9989728900006988,0.953995042372099,0.4304231066376921,0.325869050027198,0.9911502933888744,0.7547802763746925,0.2702381910474741,0.2314699586411484,0.7236435218919639,1.091906171419137,1.6221406798173494,1.2229637513726248,1.3612885137110813,related,9
CHEBI:35191,related,direct,triterpenos,Mistral-Small-3.1-24B-Instruct-2503,-1,0.9830646497599952,1.2600045753277933,1.0201962694563804,1.188296246865499,0.8573223832039092,0.8360671462208334,0.6209587321462344,0.91887967240962,-0.3740034829223171,-0.6059389905754479,-0.0868040246985361,-0.4972892420265901,0.6349115730172517,0.1235792320726814,0.0176309887293036,0.5347343371858613,0.5810980400844957,0.1586742234335406,-0.0088534606591438,0.484951115985791,0.3858418222204894,-0.179706251276682,-0.2174824105248133,0.2221302328422162,1.0398380139514511,1.0781445564862715,0.9341583667671852,1.1714304196739225,0.98893463119214,0.5104159206699297,0.3869774091674147,1.0459430660615352,0.4917633041087185,-0.075274238933175,-0.0528672995032419,0.3715068428235475,1.0246945766150404,1.1769691971887846,0.777776362389765,1.185489950133918,related,8
CHEBI:35219,related,direct,plant growth inhibitor,Mistral-Small-3.1-24B-Instruct-2503,-1,0.6361073857254814,0.1968508826654323,0.1092579703010473,0.5856999787685156,0.1104855419111359,-0.2944375099189415,-0.2977765597027778,-0.0606449586655693,-0.1626519633372847,-0.3969798275193321,-0.0717525299713281,-0.2974929118711941,-0.9138976472090694,-0.8120023850546448,-0.7112238424837803,-0.9423734191184978,0.5505108687006806,0.1472662761492902,0.0870286029758487,0.4452899202866208,0.3019674562231121,-0.2461624906411959,-0.2488259768956782,0.1296868138854202,0.2837143016090542,-0.3616506394011496,-0.3772239436906524,0.1245794262038369,0.3382004293422535,-0.3235461462959149,-0.323758296887548,0.2006296508135404,0.285647712104385,-0.2299073419852589,-0.3351858098615954,0.1293733281900605,0.1797048049116852,-0.2796785976179147,-0.3123297376383703,-0.0269473217318686,related,8
CHEBI:35219,related,direct,plant growth inhibitors,Mistral-Small-3.1-24B-Instruct-2503,-1,0.5375404868061542,0.0733717959254408,-0.0070525416293028,0.4474126943064169,-0.0191596431376689,-0.3747302324123722,-0.3485534940767456,-0.1964712973863553,-0.6222389070651133,-0.5754460710240848,-0.0847735017284531,-0.7208386371613399,-1.2952048165658188,-0.9926735805764316,-0.8614941474669542,-1.2391152163960888,0.7438788389198314,0.4656070889773424,0.2728363528125451,0.7093115661185054,0.437477733455357,-0.1584690441533769,-0.1831840124466611,0.2809077450345581,0.3221303308342804,-0.306898687886965,-0.320460397696704,0.1669066759508868,0.2603639519374687,-0.3788082010077339,-0.377574121302783,0.1160696946695339,0.3004499632187315,-0.2307227116719877,-0.3223136145264777,0.1459999067563097,0.1842039135249649,-0.2783429690991393,-0.3095221969011728,-0.0222622362019006,related,8
CHEBI:35219,related,direct,plant growth retardants,Mistral-Small-3.1-24B-Instruct-2503,-1,0.7682506595031022,0.5228702807314005,0.3265643363498463,0.7889712888234067,0.900000327246175,0.9638121680459136,0.774480121884678,0.9929145561615672,1.1950708912119483,1.353635701709352,0.1158639297543635,1.4432160309353164,1.2659225898826325,1.797538665500366,1.7604196363605067,1.4850964150058863,1.256183167144321,2.519198011302298,2.2359414875505976,1.7099568920958148,1.199863375431354,1.89901497011528,1.7178345706645914,1.5206691501904444,1.1370052600135203,1.2892284742849038,1.075987600941295,1.3733603213268737,0.937540865486251,0.3836656138905676,0.2264888001126619,0.9658896637866344,1.1813740619065092,1.8826282715045195,1.7118618543853836,1.512429787705634,1.114983260007633,1.790676790286355,1.4081958518282305,1.4323640226142471,exact,9
CHEBI:35269,related,direct,N-glycosyl amino acids,Mistral-Small-3.1-24B-Instruct-2503,-1,1.1870508257533552,3.14984020558864,3.4429217646954045,1.7664394403903736,1.2677056281589658,3.888287136974954,4.510302145941039,1.9299665825244223,1.3145307302164049,1.8037699932383544,0.1689468121463636,1.7015747557743377,1.4745864555784804,3.414441670958261,3.8297627698868832,2.0050006538446685,1.193917583009766,2.0091271882544857,1.6421020695948436,1.54000764429407,1.1614027505807305,1.56463983834341,1.3326507365504645,1.4178614352698744,1.1141975901932006,1.267584511190799,1.066507642581087,1.3227764633853796,1.370187088317267,2.984633078774764,2.9400213494550216,1.8196558572466417,1.162514166760238,1.8821334484067336,1.6167401785776858,1.4657812986116234,1.2032863292307223,4.039992076832687,5.718336507689219,1.8565964660750096,exact,9
CHEBI:35366,exact,direct,fatty acids,Mistral-Small-3.1-24B-Instruct-2503,-1,1.013694557631718,1.299485051237133,1.0788343129333535,1.2563614603470388,1.0462816634507253,1.4439904288044154,1.2567421991213017,1.2789403771392465,0.0544057682582858,-0.3136161480566004,-0.0553631269480596,-0.0812045758021624,1.023941588225067,0.8453977770978471,0.7236154873984312,1.0623192741520844,1.077398935510078,1.3733001964960034,1.0901175350946182,1.2766926624096842,1.240341518301502,2.334855145059841,2.2388434588490163,1.64555923223209,1.018512039438919,1.093703747591942,0.9056097803151136,1.131151696628672,0.7063940391967525,-0.0711817634476533,-0.1365148323622121,0.6406423597585797,1.2176219196652718,2.14181471613014,1.93946521602048,1.6083854351333864,1.158966574707728,2.360694650243948,2.1960624075051705,1.5954256053685347,exact,9
CHEBI:35366,related,direct,Fettsaeure,Mistral-Small-3.1-24B-Instruct-2503,-1,-1.9669348990473725,-1.1847647982596774,-0.9386481223131328,-1.7912582989734138,-1.3925813575151842,-1.0302777563770202,-0.8379879459725778,-1.3736851466213054,-0.4037953206472626,-0.4786558116315689,-0.075320117621038,-0.5247090763913316,-2.113896304705756,-1.1346245266173418,-0.9530012362835838,-1.8324811361158608,-2.323598482632997,-1.2728175645532045,-0.9204453344984176,-1.9765043137947176,-1.6156421582427756,-0.8795594689989406,-0.74773461449543,-1.4760045411948708,0.4448933129012191,0.0131124533331624,-0.0374816972678018,0.3071760922843122,-1.5991374065345554,-1.0071173943593927,-0.9039875673398928,-1.4837850948694054,-3.0447394041004427,-1.3478072196881203,-0.958971569865016,-2.439588975893451,-1.904735466496425,-0.8991499656283485,-0.6596223236280202,-1.6615480159876703,related,9
CHEBI:35366,related,direct,Fettsaeuren,Mistral-Small-3.1-24B-Instruct-2503,-1,-1.7644351662860296,-1.149842027450809,-0.9165275108441624,-1.651472055759846,-1.477516352450931,-1.047993571496328,-0.8423830444293697,-1.4362490166922872,0.0161202299147002,-0.2792511317514934,-0.0616287909661002,-0.1202788536932324,-2.167082455094028,-1.1613283321673156,-0.9825288805435248,-1.8694295440953408,-2.2429503434322378,-1.2582882528398225,-0.9132341307628028,-1.9253323890648992,-2.5112800165196454,-0.9965945971705148,-0.8315041550799931,-2.075645816834509,0.263191149898128,-0.1117262948986377,-0.1521033957076482,0.1022461324852494,-2.014667199474308,-1.079912516357191,-0.959182931550696,-1.7803027727086835,-2.907253470720638,-1.2699907763170026,-1.0021994200661783,-2.3559826202733607,-1.8256715921031068,-0.8854445639959809,-0.6451091290787668,-1.610543780437062,related,9
CHEBI:35366,related,direct,acide gras,Mistral-Small-3.1-24B-Instruct-2503,-1,-1.510046189287848,-1.1060286762148432,-0.8749511130447852,-1.470085621587236,-1.2308077365906076,-1.0088880273901106,-0.8162058772674218,-1.252085345403231,0.3428779342850621,-0.0237209002381435,-0.0365026033471659,0.228497682493842,-1.041546373971124,-0.8089621033745529,-0.73298075445158,-1.0434998953300505,-1.7249629166037608,-1.142273036404033,-0.8410335647992222,-1.5830122059285978,-1.1013602717984614,-0.7996392560727512,-0.6844010847456755,-1.1034382870918509,0.5738729731073551,0.0869614661708159,0.0352612797023825,0.4641701375792101,-0.527381843649824,-0.7632241286912913,-0.6789981352251834,-0.6366494883045142,-2.5321394353697504,-1.258469701521001,-0.9293360043702428,-2.12233910136617,-0.2450613077505613,-0.5297224094994746,-0.4611177916001191,-0.4335477389709098,related,9
CHEBI:35366,related,direct,acides gras,Mistral-Small-3.1-24B-Instruct-2503,-1,-1.5471502596369062,-1.1183189492497914,-0.8951969916522721,-1.496974489010356,-1.6246619950661776,-1.1030931691019914,-0.8849330154832028,-1.5427054916132403,0.2102249574959385,-0.13028778113981,-0.0463315895795483,0.0824787608278681,-1.109385126440137,-0.8317620243373335,-0.7276255580585537,-1.0964814985701437,-1.6530576735823668,-1.1197734324978803,-0.8330610199619571,-1.5334270315568446,-0.9270246572215828,-0.759366559053042,-0.6544987415119745,-0.9705890696049808,0.4034804590991516,-0.0847489503622763,-0.1335221880841911,0.25895151434628,-1.278905576700315,-0.9661330247561004,-0.8561674448529585,-1.2449538017544557,-2.305137270835336,-1.210770093002829,-0.8879157590252499,-1.9765858468908657,-0.3062376262224041,-0.5494713049324483,-0.4687041632721991,-0.4873493407121426,related,9
CHEBI:35366,related,direct,acido graso,Mistral-Small-3.1-24B-Instruct-2503,-1,-1.482025552440335,-1.090614978239133,-0.8645102635652492,-1.4496761465086638,-1.672374349225733,-1.1147007565519058,-0.9001698518343905,-1.5767248366599989,0.3617507292391849,-0.0881530280826075,-0.039297220587502,0.2498350418485699,-1.14370360716008,-0.8722119984160066,-0.7464223507754263,-1.1230926696268284,-1.2149642409307744,-0.9896571218723764,-0.752860153251035,-1.2184547474733298,-1.765238932636792,-0.9151096245601568,-0.7779442668380309,-1.5798998342396626,0.7362857791164618,0.3742645098368038,0.2772107504706089,0.6799395839796359,-1.6459266810492847,-1.0292804990008086,-0.9002784020133077,-1.5178774274722664,-2.51607042153085,-1.2324018163938608,-0.9730131385196352,-2.112135812437401,-0.3794034834750194,-0.5670749938105281,-0.481026186758795,-0.550428131206096,exact,9
CHEBI:35366,related,direct,acidos grasos,Mistral-Small-3.1-24B-Instruct-2503,-1,-1.7235802253865824,-1.150762384709526,-0.9053698260498848,-1.6227943634010311,-1.3894308713442998,-1.0499579376873374,-0.8467290162706365,-1.3713480571175305,-1.4697770697472126,-0.7844024165524208,-0.1056387517056555,-1.4189139637099406,-1.3412093387300168,-0.9377431089862096,-0.8141409014723922,-1.2738996960879607,-1.525745460483092,-1.0835369599358595,-0.803430132638084,-1.4442515430600096,-2.114634262508584,-0.9652655765899988,-0.8125817790771188,-1.816248762740776,0.5298698027696859,0.0981207161094967,0.0149508494535119,0.4093653749801993,-2.13943566569462,-1.10457058062083,-0.961397788485566,-1.8668157868300068,-2.878639788546252,-1.2489407284371852,-1.041096085674937,-2.3384520313390507,-0.2304942890382218,-0.51136017237333,-0.4523018666682367,-0.4205870189928453,related,9
CHEBI:35366,related,direct,fatty acids,Mistral-Small-3.1-24B-Instruct-2503,-1,1.013694557631718,1.299485051237133,1.0788343129333535,1.2563614603470388,1.0462816634507253,1.4439904288044154,1.2567421991213017,1.2789403771392465,0.0544057682582858,-0.3136161480566004,-0.0553631269480596,-0.0812045758021624,1.023941588225067,0.8453977770978471,0.7236154873984312,1.0623192741520844,1.077398935510078,1.3733001964960034,1.0901175350946182,1.2766926624096842,1.240341518301502,2.334855145059841,2.2388434588490163,1.64555923223209,1.018512039438919,1.093703747591942,0.9056097803151136,1.131151696628672,0.7063940391967525,-0.0711817634476533,-0.1365148323622121,0.6406423597585797,1.2176219196652718,2.14181471613014,1.93946521602048,1.6083854351333864,1.158966574707728,2.360694650243948,2.1960624075051705,1.5954256053685347,exact,9
CHEBI:356416,exact,direct,5-azaniumyl-4-oxopentanoate,Mistral-Small-3.1-24B-Instruct-2503,-1,0.098035097968109,-0.311312764386625,-0.3169036933954889,-0.0804303054295661,0.4778243085688967,0.1371486562500609,0.0518620283608041,0.3671576445417314,0.476456866837142,-0.0982234459946821,-0.033324221491518,0.3829042242403457,-0.1000115900387192,-0.4029041921828458,-0.4011398125221843,-0.2407198814284179,-0.8013967281100755,-0.8315818424576534,-0.6473214540835376,-0.896988026278319,-1.452715693634934,-0.8413812077169496,-0.7110366218242269,-1.36073487607148,-0.901412391936024,-0.6926507509195605,-0.6137997455660277,-0.9595517585966656,0.0774765529599617,-0.0201109466441682,-0.0352050722714372,-0.0738513097478087,-1.346275095105184,-0.8314382891866936,-0.8110572001591883,-1.3145515259916791,-0.8707046992115759,-0.7445520595440629,-0.5765054667788367,-0.9445088253273206,related,9
CHEBI:356416,related,direct,5-aminolevulinate,Mistral-Small-3.1-24B-Instruct-2503,-1,0.6959669691633693,0.4332749597665088,0.2731729297432135,0.6748940153395665,0.818559832623216,0.7569231269516705,0.5516187967109476,0.8544167313118454,1.1173625745914704,0.7660386127272655,0.0522936218563212,1.2967296428356676,0.191956787678235,-0.1410791226801724,-0.2297406276771406,0.0447508110729886,-0.6012133613141283,-0.7453945956368889,-0.5996857066241198,-0.730958985674067,0.1164801581614975,-0.3598965021220601,-0.3528671395855447,-0.0634008708842868,0.0570499844037046,-0.3042811227218677,-0.3277706782233925,-0.1124964780675039,0.7211591043580863,0.5783052573303694,0.5181285031391275,0.6600217642071128,-0.3157243004241106,-0.5163712250992244,-0.5761312499579723,-0.474907143049758,-0.1535259393700475,-0.5324742592686423,-0.4617528155430864,-0.351095727015448,related,9
CHEBI:356416,related,direct,5-ammonio-4-oxopentanoate,Mistral-Small-3.1-24B-Instruct-2503,-1,0.2185524111630407,-0.2163080877573887,-0.2563158109636789,0.0530821944824692,0.5074180668844597,0.1641018213102167,0.0487903207118362,0.4051809127427737,0.8376050146729174,0.2473983884908294,-0.0111418069895642,0.8509598114541722,0.3662227203502158,-0.171529679901019,-0.2230000758130999,0.2277476794897109,-0.6473048036042574,-0.7635448223355636,-0.5897315896911114,-0.7698700807505446,-0.105256671486741,-0.467638126755307,-0.4403452049439323,-0.2777590336440604,-0.0435854235428016,-0.358995232619696,-0.3383976013728672,-0.2118191192768639,0.3199540149871367,0.1632025760136582,0.1548079325908857,0.1805872144983683,-0.5012764444759581,-0.531965310065486,-0.5445630169836629,-0.6402802165770567,-0.3101593174095731,-0.5800233833763113,-0.4869837229326286,-0.490764588040914,related,9
CHEBI:356416,related,direct,5-ammonio-4-oxovalerate,Mistral-Small-3.1-24B-Instruct-2503,-1,0.354283867129829,-0.083820282399608,-0.1421822979564555,0.2125869795204962,0.6496853870630543,0.3681683445509265,0.1999221853733609,0.597978556607423,0.1764575906640355,-0.2916163540629866,-0.0534497736107535,0.0463347113007699,0.4488002847452076,-0.0279682339850017,-0.1093260626124773,0.3185183125074276,-0.2241473319985799,-0.5485037554195957,-0.4501992181082531,-0.3947967191709198,0.0743028125559607,-0.3797865375791728,-0.3712111946493528,-0.1054231736709663,0.3659720396029117,-0.1577167775250513,-0.1710030159670161,0.2160878440641647,0.4112862800218424,0.2510914454423879,0.2924695354060792,0.2823497298306951,0.066469880538507,-0.2393191809533369,-0.333911585119703,-0.1054838782521252,-0.0874882718621101,-0.4937246809879999,-0.4329216398506103,-0.2900367022508887,related,9
CHEBI:35679,related,direct,antihyperlipemic,Mistral-Small-3.1-24B-Instruct-2503,-1,0.6492017130556074,0.3073234011884791,0.1507374908210317,0.60484415354174,0.4314553956407019,0.0210576887093292,-0.0448138630934083,0.3088368224648512,-0.0283456590512116,-0.4983329750527688,-0.0828476392191851,-0.1651412423532466,0.6374188256184199,-0.0328185561229073,-0.0776077243784003,0.5377725352427714,0.7106834926253652,0.4026697531986056,0.1916330486660597,0.6615439567104296,0.7974892773733383,0.2645194510548896,0.134171168391629,0.7450113684615116,0.6209634843560233,0.0719673212669713,-0.0174050292238439,0.5244107815854501,0.7727234429782851,0.1689710615165867,0.1157475051760409,0.729030996615844,0.7133559914779513,0.4174213892998827,0.3364990812069252,0.664033759945139,0.8789707242438209,0.633342839835741,0.3243206375499737,0.8890701258271296,exact,9
CHEBI:35679,related,direct,antihyperlipemics,Mistral-Small-3.1-24B-Instruct-2503,-1,0.6722805171186598,0.3539266052716637,0.2226725767170314,0.6390762264798479,0.5365381262687335,0.1679338050429294,0.0813140099982516,0.4432447218750119,-0.4731223136577386,-0.6379117991882112,-0.0949087377349678,-0.5878670365638385,0.595873052077044,-0.0183318083508297,-0.0755445280804147,0.4878913427578084,0.6874087188369461,0.3627367261139574,0.1839576987471032,0.6287123288338656,0.8567784464074362,0.3716901809638175,0.2349906755269706,0.8343212605475978,0.6000978384077438,0.0686211663065031,-0.0024882270951785,0.4975061049419969,0.9340350789121944,0.3932824922146073,0.3221126586948836,0.9605503903674916,0.8357072557598215,0.6511699987963151,0.4940948931062875,0.8458363056065933,0.8849069262723988,0.6557837507227818,0.3489154952394773,0.8997240402546738,exact,9
CHEBI:35679,related,direct,antihyperlipidaemic agent,Mistral-Small-3.1-24B-Instruct-2503,-1,0.4780445188080908,0.0435814239107268,-0.0872181181020429,0.3683281112906597,0.5131319631736804,0.1316858364193334,0.0155492908924999,0.4125978550173997,-0.4582997092478192,-0.650478230482492,-0.0978764280343932,-0.5744379650991565,0.2035682913940665,-0.4362312126863512,-0.4242471358689067,0.056617493053981,0.7103658441482603,0.4065906694278879,0.1802114239461223,0.6610923017885897,0.826063873775791,0.3065213738760758,0.2173757417151514,0.7874362099007388,0.6342485911842166,0.1284694588945897,0.0687628406885538,0.5417241420347497,1.1822132930096043,1.1643243257411526,0.9732369217208156,1.3853848056364346,0.2779184578279282,-0.1080006759026684,-0.2206608429301067,0.1207336240236944,0.9864622156361292,1.009445925919347,0.6199023906268768,1.0992254184384027,exact,9
CHEBI:35679,related,direct,antihyperlipidaemic agents,Mistral-Small-3.1-24B-Instruct-2503,-1,0.3255589426330953,-0.1355092109064902,-0.237147964245393,0.1779271992451674,0.346542920818082,-0.0699654602266203,-0.1291212527568697,0.2056669430431967,-0.38547902279756,-0.6310814717448539,-0.0957179289162045,-0.5078714620976671,0.2182763872231668,-0.4639342114921786,-0.4222886023828283,0.071711934002148,0.5492878140201267,0.153458939476367,0.0165715922721618,0.4437185409014663,0.8530419497925765,0.3571519659219999,0.2575174304173311,0.8285425246586738,0.6094744336177601,0.1140170150087622,0.0409474028937554,0.5095537385102334,1.0810161463060353,0.8059539432509698,0.7047760669863878,1.1989383967412135,0.1318239709892729,-0.2261265843882371,-0.322722776679543,-0.0375200228396124,0.9991421784706428,1.0649137922754075,0.6733853495731558,1.1269875023726472,exact,9
CHEBI:35679,related,direct,antihyperlipidaemic drug,Mistral-Small-3.1-24B-Instruct-2503,-1,0.5338181214814491,0.1179765643286222,-0.0306898775250595,0.4423748619564584,0.616079165832786,0.2849754608611305,0.158022355454608,0.5508006624309306,-0.0312539914288764,-0.5214356957548887,-0.086936691057908,-0.1680566202628245,0.3944688334913409,-0.3300792229750272,-0.3354517723071226,0.2584773421294386,0.7284631638472678,0.4352149888188728,0.1750789030617661,0.6869868251363975,0.9527818797368968,0.591248619701266,0.4265717788781917,0.9910064109719386,0.7378987638819018,0.2713124978620362,0.1834708277767136,0.6822056186662664,1.2206161473620256,1.3333984810156794,1.119620028889646,1.4627489329126164,0.2855226085621745,-0.1011157008590542,-0.2189853002114341,0.1292332596788602,1.018631951646876,1.1574861010139763,0.7483780915367466,1.1712755734830416,exact,9
CHEBI:35679,related,direct,antihyperlipidaemic drugs,Mistral-Small-3.1-24B-Instruct-2503,-1,0.396967313969503,-0.0585843057259197,-0.1761265483860592,0.2650755543708005,0.3962168544865491,-0.0200806512455971,-0.1109232271525018,0.2654769986248045,-0.1538488410921205,-0.5583321074927006,-0.0895766555849455,-0.2889550414447962,0.3794679108720028,-0.3569835149255698,-0.3586617563320873,0.242117402836516,0.5255592566929862,0.1187298499968575,-0.0298351414304747,0.413445885497076,0.9371015243244512,0.5501717434486896,0.3858959313699758,0.9642252494656828,0.726648643647316,0.2687619201944193,0.1665902742708973,0.6664570696005641,1.101188226226715,0.8869713336893071,0.7039052979779209,1.23437920713542,0.1729501520168611,-0.1955102664414562,-0.2918919559750382,0.0061056960219517,1.0177882720296365,1.15229554674156,0.7668733402715967,1.1693147317417971,exact,9
CHEBI:35679,related,direct,antihyperlipidemic,Mistral-Small-3.1-24B-Instruct-2503,-1,0.5038695580285181,0.0766017213845208,-0.0199010589627105,0.4022868676034313,0.4238024399556965,0.0098040370005554,-0.0597751699305553,0.2993516588004921,-0.1842995467581223,-0.57711597057925,-0.0908455453461786,-0.3184104161671978,-0.0827090078933169,-0.8054212116474522,-0.7155624719250219,-0.2244292940250774,0.5784552911899421,0.1931906902385259,0.0145211821838728,0.4814963499259404,0.7986750683601203,0.2607711648860733,0.1447758252130989,0.7467503124140837,0.2680774010177016,-0.2938439400370466,-0.3066332906447161,0.1075461564599286,0.6681681114775123,-0.0137523015950119,-0.058680166195902,0.5912084682785884,0.1732839997552171,-0.1919323738948459,-0.2678941550492526,0.0064626635939391,0.9081026976205068,0.7195944540257534,0.3675026007359075,0.9422822577675128,exact,9
CHEBI:35679,related,direct,antihyperlipidemic agent,Mistral-Small-3.1-24B-Instruct-2503,-1,0.5085590152782632,0.0844827932845252,-0.0389288140702239,0.4085128332287007,0.5847303918045785,0.238513721182871,0.1204736335214018,0.5077516852727284,-0.2411288309380719,-0.5804036511169165,-0.0900342315482298,-0.3728107790761421,0.1450467549780711,-0.587181873855535,-0.5394032851308994,-0.0027546504412848,0.6258086838925154,0.26702277406484,0.0798455294696424,0.5442402742614652,0.8517006140612167,0.3534404644444839,0.2372147584978177,0.8264732681791881,0.5273732644181213,-0.0384590408560724,-0.0765836320345838,0.4062965558007009,1.274763028329543,1.6035839032151469,1.442444959963493,1.579974443944067,0.3879187855453938,-0.0062976448032708,-0.1185696120098635,0.2465311453783639,0.9373389054208514,0.8219523187413956,0.45855512711302,0.9982376139200796,exact,9
CHEBI:35679,related,direct,antihyperlipidemic agents,Mistral-Small-3.1-24B-Instruct-2503,-1,0.3919010315412017,-0.0617530426004091,-0.1459685923972874,0.2587814358735572,0.4228061190887394,0.0167711849893179,-0.0650024814691522,0.2981196428590871,-0.2146659696676455,-0.5702963355236846,-0.0890231457009387,-0.347569790379459,0.0159269319495356,-0.7072590831131262,-0.6058482913762,-0.130143462374592,0.4206661112805416,-0.0090498342308539,-0.0998718897897298,0.2841610997069509,0.8493659216725528,0.3486838537915464,0.2240207961552788,0.8228780870752102,0.5196883461018893,-0.0234616818947765,-0.0720428841093396,0.3968764574583385,1.193242371474704,1.1863680431640264,1.0559778247233214,1.4071725323564277,0.2578575686764363,-0.1294725803053981,-0.2194314098977828,0.0984420397729632,0.9484223271325886,0.8602179461583565,0.4913082089743942,1.0202017282863558,exact,9
CHEBI:35679,related,direct,antihyperlipidemic drug,Mistral-Small-3.1-24B-Instruct-2503,-1,0.6096886035115358,0.2365351910293347,0.091738597146104,0.5476579439615189,0.663470025963565,0.3656001790838917,0.2160583253521266,0.6176558088391835,0.1027440457889805,-0.4731227252043273,-0.0783061923616511,-0.0312513790966846,0.2409264370610639,-0.5793938822150526,-0.5405581671343408,0.0950975085741468,0.7485938659745459,0.4723197391242395,0.20277648903343,0.7161902878562769,0.937552566053227,0.5483843942127459,0.3977708626637481,0.9649884664389584,0.6116977920419119,0.0377434329273211,-0.0325675707353239,0.5124206256698783,1.3557729439366626,2.200634346341416,2.05397748074243,1.7798614822628638,0.4204278345855226,0.0250636962120278,-0.0908413582664944,0.2849580843852308,0.9673341668707126,0.9292242500641024,0.5511347923182592,1.0587421714819276,exact,9
CHEBI:35679,related,direct,antihyperlipidemic drugs,Mistral-Small-3.1-24B-Instruct-2503,-1,0.5037451083846776,0.0783514885554462,-0.0295130735943173,0.4021218953672176,0.4758021577212302,0.0784537851179277,-0.0164818116381054,0.3645828937108628,-0.1237856821648125,-0.5405263488473049,-0.0866652847617687,-0.2596571550440663,0.2852239633347574,-0.5242076065770621,-0.4929610631852807,0.1413420602945693,0.5264019975506117,0.1177790781004544,-0.0323461031821766,0.4145141774846634,0.919658455241789,0.504092851379742,0.3433044162654954,0.9350205381634604,0.6353869767921814,0.089235983176765,-0.0047659282968112,0.5432144957331453,1.2100851027069028,1.2735736525389365,1.0994147050320504,1.4411043272693913,0.3170279697550831,-0.0783394168720724,-0.1736742894789261,0.1647493360249856,0.968938964185462,0.9341867763340574,0.5622758636276561,1.06207813885326,exact,9
CHEBI:35679,related,direct,antihyperlipidemics,Mistral-Small-3.1-24B-Instruct-2503,-1,0.4970352563583929,0.0698048596120442,-0.0402369088901893,0.3932464776543882,0.2987459220953946,-0.1270140867998735,-0.1753215209647941,0.1494683214279435,-0.3950095167767173,-0.6277601273408379,-0.0941971583658402,-0.5166406147544573,0.0323428427650573,-0.7077623940767995,-0.6424155568404283,-0.1142067665316989,0.4879254752150262,0.0718282896344359,-0.0679204058664881,0.3662380272759206,0.8131133476459369,0.2835969086532035,0.1606720424987543,0.7680720223409316,0.3248727311205164,-0.2214547963349379,-0.2338416859870165,0.1699551413825577,0.9167339024260622,0.3772202255005742,0.2487742153329213,0.9344145662904084,0.3422681455540898,-0.0532377691514345,-0.1643396556733057,0.1935627756246976,0.9216681370441232,0.7702486871981159,0.4327936783178624,0.9679043347474068,exact,9
CHEBI:35679,related,direct,antilipemic,Mistral-Small-3.1-24B-Instruct-2503,-1,1.0637789344081654,1.7593674191994082,1.5720467227208517,1.3772922055905064,0.8277674526695995,0.7142158157516589,0.53461141696216,0.8695072430844862,0.947830696330584,0.3341557237320386,0.0074245519076155,1.0147052824661105,1.137308149034731,1.1759899395012583,1.029297253502298,1.2467293051484083,0.8721569626943846,0.7391131711171185,0.4319181662496253,0.9059135384932738,1.073217627420052,1.031143379965763,0.8480000891339674,1.217480628612729,1.1029213751595783,1.2751368366469067,1.1139902371712946,1.298573845222843,0.4615637461968313,-0.220665320955877,-0.2246226614563505,0.339992719196015,1.1351765407163992,1.728920374351455,1.596257812512806,1.4014433291432713,1.1446916187864329,2.220707557242107,1.9138470653088555,1.5371811214028617,related,8
CHEBI:35679,related,direct,antilipemic drugs,Mistral-Small-3.1-24B-Instruct-2503,-1,1.168560667776043,2.894426571737435,2.9784755064778863,1.6942152387579346,1.1467966938921306,2.1768955803084946,2.0457695506367224,1.5209679097960138,0.9408606278256366,0.2988283688292281,0.001288881885018,1.0039604994844795,1.3390182999453395,2.079309501699191,1.993302591692112,1.6411942398125654,1.1361185254206252,1.6652178782085871,1.3302861404483484,1.4025290119773262,1.3152520954732057,4.9093839741762215,5.802791728769115,1.9837071461114064,1.3056889724160718,3.617363981042137,3.69772451384396,1.8698978820304333,1.3788257022439991,2.4076436277419373,2.318834459380763,1.844296031640268,1.2811788083725109,3.345115864090784,3.6893408986158094,1.805098541314039,1.1883771945635022,3.307466837537925,3.807178322485207,1.7455144110009932,exact,9
CHEBI:35679,related,direct,antilipemics,Mistral-Small-3.1-24B-Instruct-2503,-1,0.9755865471390526,1.246159978271515,1.0186967330544363,1.1722461338966104,0.7562031924862042,0.5476056671734586,0.3699554344723599,0.7555201966731112,0.6834557016012945,-0.0046564650799193,-0.0248699392682384,0.6404094233108292,0.844055019372356,0.4973699374826165,0.3769970597463533,0.802386072674887,0.8934156410464844,0.7796802265918504,0.5185267733377843,0.9406376880228604,1.1692533866744248,1.5996090721844378,1.417640175764156,1.4378779676333748,0.9806207603130666,0.8188718039154876,0.6330699454914633,1.0623850578792606,0.9690836584482558,0.4524703747177566,0.3586913102379876,1.0146148029975728,1.1634485115012043,1.9162720178475587,1.833603605479316,1.4680461247495595,1.1635126404128542,2.5896364939881407,2.415261314267138,1.6154840817490403,exact,9
CHEBI:35679,related,direct,hypolipidemic agent,Mistral-Small-3.1-24B-Instruct-2503,-1,0.419072768862853,-0.0423820996519903,-0.1157145055606653,0.2927478796025532,-0.3463054437533687,-0.6026664075599064,-0.5476788258030505,-0.5141510716749815,-1.1981325910584537,-0.8102069696279919,-0.0979046448994899,-1.2041308415660328,-0.5830451481322146,-0.7050025346567796,-0.6271649392006925,-0.6703995038030672,0.9900628912981634,1.060798046921917,0.7337674265905817,1.108155597201706,0.7963753640313613,0.25743473572698,0.1532537575192747,0.7433794883313882,0.3864862212266691,-0.1684896902469521,-0.1893988384413926,0.2394379887745182,1.2669802114599935,1.5461380662918285,1.3482549839437674,1.5624523160193178,0.3184999022888626,-0.1083163538724144,-0.1726458027265597,0.1664207164574519,0.9594541476444944,0.8925275184001058,0.5397767721888834,1.0425136396403345,exact,9
CHEBI:35679,related,direct,hypolipidemic agents,Mistral-Small-3.1-24B-Instruct-2503,-1,0.3484180478835578,-0.1231212183606706,-0.172121639642376,0.2054670086291402,0.2811949884133237,-0.1345241703463714,-0.158580527398004,0.1291461247266298,-0.968988173389978,-0.7553845322627398,-0.0940118104623371,-1.0169147389909934,-0.2890798145702266,-0.5690127057251682,-0.5346839702071561,-0.4143299138616614,0.7842569303700588,0.5409571688090155,0.3106453922876386,0.7690179908501351,0.8220687697616332,0.3041637418265992,0.1871582731138116,0.781437845836896,0.3330106388387717,-0.1955295586429954,-0.2172706083203709,0.1790228595185025,1.099957071008529,0.8136002499834464,0.6345611777306683,1.2321939126244177,0.3389747054457253,-0.1127784404947381,-0.1550235479737659,0.1897844408795777,0.9589453598141592,0.8907977064026825,0.5374645489307858,1.0414743253292622,exact,9
CHEBI:35679,related,direct,lipid-lowering agent,Mistral-Small-3.1-24B-Instruct-2503,-1,0.2441653993143543,-0.242148230334306,-0.2737495846053425,0.0823864764052004,0.2295439441234438,-0.1894367351009306,-0.2307728660342921,0.0702632395015763,-0.2394170058201874,-0.589500515413308,-0.0905644179769514,-0.3711827030202224,-0.9151500448657784,-0.7862403905726313,-0.7212963059304349,-0.943375100833918,0.4388174528293969,0.0222972343785148,-0.1251814140132315,0.3060346361220151,0.4325634322586937,-0.1831891775603531,-0.2296484857707908,0.2752480538371581,-0.5676892689088542,-0.630709945377637,-0.5815628688894227,-0.6858153882108765,0.2305420392943337,-0.2349497716188141,-0.2189635595355864,0.08429766699935,0.3211556717706456,-0.1090153826418282,-0.2123816923335518,0.1694391158296961,0.7005637039235345,0.2389446659261156,0.0383845675896895,0.6033091832641873,exact,9
CHEBI:35679,related,direct,lipid-lowering agents,Mistral-Small-3.1-24B-Instruct-2503,-1,0.085490712918865,-0.3715963701518786,-0.371318131878331,-0.0939422586857484,0.3565107888214031,-0.0609412195414563,-0.1297015467618343,0.2175505331010148,-0.2085048616837846,-0.5728515615068237,-0.0897428273199644,-0.3416706094091567,-0.534379792882458,-0.6393874093840267,-0.6037127926492905,-0.6290375997450458,0.2354251881524914,-0.1879602694838432,-0.2410274551936255,0.0712769064537749,0.4552634573420892,-0.1627178025884582,-0.2165236999497016,0.3015113329639875,-0.595885514730199,-0.6235643981847194,-0.572168799904589,-0.7096558289025297,0.1801604698793791,-0.2655212685969012,-0.255545113642565,0.0313605540964269,0.3838868770992953,-0.0797628422539497,-0.1809210114806225,0.2418071168196295,0.6886959439743636,0.2167814490243221,0.0274231573578323,0.5861688294012135,exact,9
CHEBI:35679,related,direct,lipid-lowering drug,Mistral-Small-3.1-24B-Instruct-2503,-1,0.3430993899205408,-0.1521572120807288,-0.2081774652136224,0.1990300953768964,0.5667857444206003,0.2039211464636544,0.0770021648572888,0.4835031794490346,-0.052575989406879,-0.5475187572003474,-0.0833222764141856,-0.1893610799847524,-0.4063735307527424,-0.5652418991672449,-0.5474770628173289,-0.51835346539961,0.5809943181327879,0.204907668974274,0.0311353342180185,0.4848154224575842,0.4757934621013738,-0.1439445079714437,-0.2041334767250075,0.3255340860772018,-0.3156314503911675,-0.544531253378686,-0.5187229566677379,-0.4658130001592567,0.3189628348432378,-0.1770775352643784,-0.1542460194969677,0.1795024228078443,0.6082482845769924,0.1917370062734256,0.0441806275619762,0.5202842565073126,0.7287663396912609,0.2888522813378159,0.093645709205512,0.6448268937386206,exact,9
CHEBI:35679,related,direct,lipid-lowering drugs,Mistral-Small-3.1-24B-Instruct-2503,-1,0.2735730587286935,-0.2149988049953041,-0.2604224024424211,0.1164693475826779,0.471757856025897,0.0738861679158849,-0.0135427803606408,0.3594421790937012,-0.3777692672700015,-0.6267887089202159,-0.0915732818644919,-0.5007647091342824,-0.352277569574941,-0.5471778126836481,-0.5307496397544762,-0.4707026955156946,0.2880684003921596,-0.137146162712604,-0.1867924723723313,0.1299919639996462,0.5280793145794777,-0.092744656852287,-0.1584006291611716,0.3879422519640795,-0.2548036583747526,-0.5024140091465014,-0.4907033479733394,-0.4106652246234297,0.262991947812096,-0.2142115076584792,-0.2059551745785307,0.1188856559780347,0.5066291793102464,0.0528987341137628,-0.0566719009978128,0.3899539472824694,0.757230077530133,0.3264631740498862,0.1053927461065576,0.6879311299975114,exact,9
CHEBI:35821,related,direct,anticholesteremic,Mistral-Small-3.1-24B-Instruct-2503,-1,1.127296920225321,2.4113178088727576,2.392958887207908,1.555090974385059,0.9626916628575892,1.1441001979938563,0.932826752413198,1.1085196446736896,0.6642426967991029,0.0688385359584223,-0.0234318575033951,0.6154124910254747,1.2154314698344426,1.6267835417159195,1.4722706723917878,1.3869394628660867,-0.6975429630887022,-0.805402148559427,-0.623682495413296,-0.8118045328382624,1.1620218871190502,1.5442985568500756,1.3966126709719338,1.4194239849111656,1.046987988887436,1.0389682762008363,0.869654955998494,1.185213803480175,-0.0795380140266306,-0.4766751728382932,-0.4760061375511067,-0.2285122385393447,1.109583930367051,1.404009622922508,1.1951651578235745,1.344243983947889,1.061896977645321,1.310755746303732,0.8976238038893704,1.2781022325329816,related,8
CHEBI:35821,related,direct,anticholesteremic agent,Mistral-Small-3.1-24B-Instruct-2503,-1,1.2225127170032437,4.35459437736789,5.734705152828119,1.9357017313511489,1.0261083014228134,1.4248472520684483,1.2151697823812753,1.2357770214307162,1.1239993605981966,0.9445719797563,0.0947503921677859,1.3087341655343474,1.1707141569034152,1.5225622474530784,1.378169126875451,1.3051521186308184,1.2133049444831383,2.153308193962708,1.8830770001443609,1.590043146922227,1.2863599443966147,3.4241352630922104,3.598727925996765,1.8246863384564307,1.2622158526838303,2.757953252830773,2.662634271180957,1.7094524599078875,0.9823292073041748,0.5782428483250177,0.4198901818192921,1.0354593554627736,1.2396694530670664,2.511504091466328,2.432280589166662,1.6717328262658695,1.1658419185732332,2.614714739772846,2.541306247505157,1.6261002444172523,exact,9
CHEBI:35821,related,direct,anticholesteremic drugs,Mistral-Small-3.1-24B-Instruct-2503,-1,1.2240902379075689,4.419485778927006,5.726867436449591,1.9447096262275791,1.1709297130522436,2.409439979527656,2.3551687306997424,1.5882629026517263,1.1699892665305704,1.08542933243562,0.1414823203370929,1.3944365166158967,1.4135932972336955,2.9276132838156594,3.1273254573027414,1.824877426245348,1.212585373443166,2.143133459565789,1.8246097375652832,1.5881445809974784,1.315946532401321,4.957248920195732,5.972424542813379,1.9884924307785468,1.3059621523434846,3.702966986352843,3.7928066955625392,1.8710474387215308,1.3513092120558794,2.1288936115129533,2.006182365671616,1.7678477319288863,1.3025264768153106,3.6031905162498186,3.833339006434131,1.8837290520473973,1.1792928033332246,2.966488940955593,3.065544316523919,1.6929789961897177,exact,9
CHEBI:35821,related,direct,antihypercholesterolemic,Mistral-Small-3.1-24B-Instruct-2503,-1,0.5734146609543525,0.2196999276501368,0.058764768724007,0.4966215884749923,0.5823681095931339,0.2402713566864764,0.1366734032390235,0.5045435412955039,0.7658588371545677,0.1412991734432399,-0.0198240679699197,0.750608885571162,-1.250116043636546,-1.1835687385912914,-1.0163714661169854,-1.204825798684463,0.790225264341242,0.5546005509486032,0.2848713940849433,0.7780017916953554,0.4936982214527828,-0.1175206990800195,-0.1781703642760799,0.3467021049675576,0.0170429878997254,-0.4456248209489696,-0.4303068225883649,-0.1523724343977506,0.6522222321013561,0.0559659026984554,-0.0395909367480611,0.5708893461684769,-0.1918760829000187,-0.5035474894265286,-0.5511779232640943,-0.3598673783757071,0.9278024876800528,0.7625518800349887,0.4343971037881329,0.9796813309290928,exact,9
CHEBI:35821,related,direct,antihypercholesterolemic agent,Mistral-Small-3.1-24B-Instruct-2503,-1,0.6022814163300999,0.2617541166050225,0.1112164886684955,0.5371266499650411,0.7122734407763353,0.4709212827169548,0.3327645149038619,0.6889593153516536,0.5836094991318798,-0.0317677865890498,-0.0356159623832794,0.5130909261337,-1.0027453908467736,-1.0590428171902542,-0.9226753858691018,-1.012963622767919,0.9722140721084556,1.011116132030475,0.680769994068106,1.0758979304466247,0.6388693865738095,0.0331396658475712,-0.0569540968288569,0.5267329318982114,0.371902082683943,-0.1453661765825501,-0.1732060230745944,0.2228150015687444,0.8447418688875215,0.3624342735655335,0.2470124765989981,0.8292064441463978,-0.1642017496082877,-0.4739274320333285,-0.4426408749058365,-0.3335963220849616,0.9921104829696492,1.008899181360993,0.6394652488988853,1.111495809014082,exact,9
CHEBI:35821,related,direct,antihypercholesterolemic agents,Mistral-Small-3.1-24B-Instruct-2503,-1,0.5176410582809942,0.1315853142946409,0.0123846348412855,0.4206240510110475,0.7131152270739046,0.4767075859214032,0.3268042456281046,0.6902127342710648,0.7178669271162508,0.0926444536595933,-0.0216899256738834,0.6858195533369761,-1.1055243178365417,-1.0765376588981383,-0.9388760755807384,-1.0934798264559822,0.8549758535687955,0.6970692819328055,0.4212779014099247,0.8783385880910328,0.636553329130095,0.0287258908027281,-0.0510243922993838,0.5237301576862198,0.4281714394936795,-0.068424017466005,-0.1082507349649063,0.2875863529159753,0.7622124369749866,0.2200211493932479,0.1150430636998764,0.7147901182875671,-0.2391780896485013,-0.5164244284553114,-0.4607777566269253,-0.4042813668324941,0.9853491777557708,0.979782499980524,0.6161015427857474,1.0968251057741834,exact,9
CHEBI:35821,related,direct,antihypercholesterolemic drug,Mistral-Small-3.1-24B-Instruct-2503,-1,0.6592466764869368,0.3591190699835914,0.2033528588690296,0.619665146877341,0.8877540450389161,0.9021138766195594,0.6917349063116048,0.9713172603500416,0.6819790215254575,0.0384718862155645,-0.0295212959253712,0.638479311752974,-0.9757774768837352,-1.0526846919965762,-0.921142895270342,-0.99163705863648,1.0041906854703555,1.1146013047295673,0.7688432316836953,1.134167118354751,0.6637903928511776,0.0636119942155212,-0.0318908201179625,0.5593442661855774,0.4554486591114597,-0.0925695384537043,-0.1242665164075845,0.3196259511381727,0.9505689216577344,0.5565515335877546,0.4332431217225147,0.985862759341553,-0.0421271428740486,-0.4105409842862775,-0.3947813491612737,-0.2150166484525281,1.0115228543461356,1.097269266109584,0.7116164290769792,1.1548803951909752,exact,9
CHEBI:35821,related,direct,antihypercholesterolemic drugs,Mistral-Small-3.1-24B-Instruct-2503,-1,0.5966040096731068,0.2490468086183796,0.112716292233785,0.5290934486212922,0.7811446060520087,0.6194374355218886,0.440222955188879,0.7944164022242648,0.756163241337377,0.1239152129753196,-0.0199778250270877,0.73737667642022,-0.7852172691398697,-0.9554579392286666,-0.8438259174716405,-0.8383886005679015,0.871999218892829,0.735524260347028,0.4573768226499489,0.9056584179512552,0.6831296626586937,0.0885027601707144,-0.0047450336441304,0.5850447401825927,0.4932571687966187,-0.0369344069197439,-0.0850265508212355,0.3647753899615281,0.8167043737519677,0.3137699392886686,0.2005778469347248,0.7896471180899092,-0.1297553828573562,-0.4603105088181349,-0.4251170258676731,-0.3005905045838768,0.994026951531379,1.0153192295348608,0.6329337320393208,1.1156938795951112,exact,9
CHEBI:35821,related,direct,antihypercholesterolemics,Mistral-Small-3.1-24B-Instruct-2503,-1,0.5777523220041908,0.2192905513566267,0.0643302411960922,0.5026548373730625,0.6137153305100912,0.2899826861442626,0.1593292983687447,0.5475231025007119,0.8604025381684489,0.2673913978606034,-0.004656676046448,0.8838101711061213,-1.0151923723976888,-1.094551303991019,-0.9474036809667306,-1.022778224514113,0.8541612040730909,0.6967691759940267,0.3728992108257062,0.87704157699042,0.5583553955473127,-0.0567334052136876,-0.119449763316987,0.4249382767576198,0.2765688117166537,-0.2594855229992431,-0.2910324108947637,0.1167821059065079,0.6488845747035822,0.0791331998004939,0.0333308449574757,0.5666580812369787,-0.0009015938900761,-0.394957949522249,-0.4447844455979164,-0.1739110719541496,0.9044194039765576,0.6900271566567118,0.3758112914667871,0.9354216778705916,exact,9
CHEBI:35821,related,direct,cholesterol inhibitor,Mistral-Small-3.1-24B-Instruct-2503,-1,0.0379356534848301,-0.4018788353031451,-0.3959226126356616,-0.144557123579074,0.2359101471377182,-0.2045574310447167,-0.238795314497986,0.0774484843353768,0.4495837525146327,-0.1016707728514499,-0.043558589439587,0.3511821417913701,-1.5388252387007566,-1.1107977967779366,-0.947351345513954,-1.4211397395724736,-0.5193983501566569,-0.7090104009598,-0.5705415538277219,-0.6608104125829114,-0.0277025942672115,-0.4541585602739673,-0.4242082456696268,-0.2045550932274097,-0.6970489346259583,-0.783443950029021,-0.7061102585225586,-0.7940496158725995,0.4516250636395415,-0.2461535151564666,-0.2615444183684695,0.3285010110771337,-0.1125003874382998,-0.5504348808693504,-0.5848708592915864,-0.2839260625850245,-0.1747041038047566,-0.491771434206766,-0.4240987801523683,-0.3703903888858127,undefined,-1
CHEBI:35821,related,direct,cholesterol-lowering agent,Mistral-Small-3.1-24B-Instruct-2503,-1,0.2730780411509591,-0.216608364836918,-0.2617795500764293,0.1158916593067942,0.3793329820864082,-0.0341235477311268,-0.0937918037631153,0.2449805083598344,0.26162627821756,-0.2075373351790171,-0.048111528967488,0.1382707310388649,-1.5544212345036128,-1.0545070585773886,-0.9190735197868284,-1.432617318545637,0.2195125120613282,-0.2069727612675881,-0.2633894616514751,0.0537833752765947,0.2942221646141317,-0.2859757550047535,-0.3166450807372569,0.1213256172370949,-0.3265631325312617,-0.5408754721205643,-0.4841476937620443,-0.4756327283968086,-0.357772250870197,-0.5040660246626697,-0.4713105886899712,-0.4870996474175892,-0.1990284311275391,-0.5072274475734715,-0.3781434133292226,-0.3666222268043526,0.4575096684307608,-0.0759356051648405,-0.1713932524411077,0.2832070420080143,exact,9
CHEBI:35821,related,direct,cholesterol-lowering agents,Mistral-Small-3.1-24B-Instruct-2503,-1,0.1990840372701776,-0.2872537204302235,-0.3083568692784134,0.0310365463337296,0.3871684283433036,-0.0273515693765153,-0.110763596131749,0.2544705897776451,-0.0310565619582211,-0.366977156554067,-0.0642161991815421,-0.1678587847118432,-1.2836101043162806,-0.944839275463559,-0.8525738076031913,-1.230316476810301,-0.0033254576867854,-0.3856256063547398,-0.3611966069268266,-0.1801548319821422,0.2619365520317502,-0.3082647216108616,-0.3360320922843289,0.086772548721627,-0.2200861591817071,-0.466353070793928,-0.4271792056782201,-0.3787904779774017,-0.4622982575146415,-0.542531142446845,-0.5027458347848619,-0.5799113704590638,-0.124570377190769,-0.4940056600372455,-0.3242275190114622,-0.2955922730928177,0.4296011595020721,-0.1037523275758087,-0.1914115654985616,0.2498451945909386,exact,9
CHEBI:35821,related,direct,cholesterol-lowering drug,Mistral-Small-3.1-24B-Instruct-2503,-1,0.3330759792208261,-0.1642828818141391,-0.2094998212023278,0.1869475623190433,0.5604078930719498,0.1951230408219572,0.0800193765263379,0.474951292604217,0.3836973432617752,-0.1602691172500688,-0.0481167081330562,0.2748372966695495,-1.230288188779807,-0.9167970707413634,-0.8253269992662439,-1.1896836673392177,0.3475551005705451,-0.0855487457472351,-0.1803529534360819,0.1979866002185581,0.2047706258068901,-0.3450643153674842,-0.3635051236097809,0.0267239130041681,-0.0626643912195548,-0.4186663230987816,-0.3902030390422,-0.2302921563505123,-0.2315121269579818,-0.4526575496581708,-0.4268422136585474,-0.3719757174288686,-0.0766628692979876,-0.4555127170443138,-0.3201108700906321,-0.2490271163219258,0.4392247832705855,-0.0973717636339968,-0.1899581750158165,0.2612845219930727,exact,9
CHEBI:35821,related,direct,cholesterol-lowering drugs,Mistral-Small-3.1-24B-Instruct-2503,-1,0.2958057442635117,-0.1990178417862865,-0.24206956762423,0.1425590517735247,0.5068705951687895,0.1191008386910584,-0.0010683990190342,0.4044715707756529,-0.1073097502579434,-0.4113205079540614,-0.0612066972872305,-0.2435067287172166,-1.174847272106704,-0.9082370447552472,-0.8122598779151606,-1.147133978164136,0.0585922257347502,-0.3388272340708864,-0.3379409016439683,-0.1170808123014556,0.19224604127588,-0.3520222095707933,-0.3709804921876336,0.0137518408780053,0.002409106146336,-0.3605729275345529,-0.3323446248649089,-0.1668272539476993,-0.3871635768729105,-0.5143667455713993,-0.4732649084772965,-0.5134155509997104,-0.1408974617653155,-0.5010497276394396,-0.3604889646819766,-0.3113044005171752,0.433890251232039,-0.1114926218224008,-0.209394156537988,0.2549352256155487,exact,9
CHEBI:35821,related,direct,hypocholesteremic agent,Mistral-Small-3.1-24B-Instruct-2503,-1,0.7588411540297071,0.5782824664331945,0.3741922689208767,0.7736801803525615,0.2302467269641267,-0.2009430504170133,-0.2540224515846078,0.0710554639157692,0.3275746487662762,-0.1354659274427407,-0.0293920282884073,0.2113040370180297,-0.426108008674972,-0.6198232994837326,-0.581528442139165,-0.5356034309080547,0.8863106873545039,0.7624891676032437,0.5282979673963197,0.9289557606097252,0.8293846970267789,0.3256823188273304,0.2165933653041768,0.7924392402705361,0.6920877132484891,0.2353191951679848,0.1148732026001731,0.618872682445354,0.9419347064594517,0.4990154591678991,0.3812487146533845,0.972602471401716,-0.3510978631421679,-0.5597709959619313,-0.513940595078569,-0.5070491636958188,0.6230034884932967,0.127046689673861,-0.0378051089602665,0.4944933343190694,exact,9
CHEBI:36309,exact,direct,macrocyclic tetrapyrroles,Mistral-Small-3.1-24B-Instruct-2503,-1,0.8684840712508416,0.7979452794235279,0.5685577229670555,0.9616715926272668,0.4698351042982386,0.0846638053608407,-0.0366414301744272,0.3570022578720622,0.1329268939275435,-0.2132805001788622,-0.0565242233307231,0.000305245136207,0.9844886047509848,0.4161637783379986,0.2725852869715642,1.002320805095848,0.7015365130091386,0.3750361147276122,0.1449638694353844,0.6485781444145902,0.4289189694535843,-0.1376763452423945,-0.160536676577901,0.2710599514846395,0.4803459515108694,-0.0351470896574017,-0.1014518654305014,0.3492577860580508,0.7552986133479682,0.1369340348810704,0.0354635894101842,0.705472508351858,0.331572150133784,-0.1223482230539424,-0.2582167941979201,0.1813125665952643,0.7717733596905502,0.2758209315814698,0.0551137723043867,0.710457522247544,exact,9
CHEBI:36309,related,direct,cyclic tetrapyrroles,Mistral-Small-3.1-24B-Instruct-2503,-1,1.169098790817007,2.8719160786799405,3.095639418975644,1.696211898218717,1.091288497812558,1.7712038676505395,1.5657077090671598,1.3810206170595158,-1.1014102385175164,-0.5844217361511922,-0.0792736051222645,-1.125836631009815,1.4378450891367949,2.5326131030489103,2.642571450033425,1.892321542428846,1.0154077823727494,1.1380858210106632,0.7813732038894389,1.1551367336980545,1.0710145205610309,1.0657413725101497,0.875815662465462,1.2129322364373052,0.9673368766785782,0.8438287212497507,0.6710169773307916,1.0390451525719906,0.9549373477554506,0.3932799319983127,0.2636113266106467,0.9926071480818174,0.9475212274006471,0.880767096850213,0.7237382318891019,1.0300747936676735,1.1708064700089902,2.532125247668478,2.435729200816097,1.6495883555308335,exact,9
CHEBI:36309,related,direct,macrocyclic tetrapyrrole,Mistral-Small-3.1-24B-Instruct-2503,-1,0.8656064339555569,0.7918947803706688,0.57774078753735,0.9564313414293356,0.6353338625562471,0.3381619903489775,0.2092744634826004,0.577696272012784,0.1247614727211236,-0.1536742769680503,-0.0483073983587308,-0.0082602626924903,1.1964214822505774,1.013378397308779,0.8884931769049588,1.351632673455624,0.9736035140865406,1.0007305001204556,0.7157366551944064,1.0783856431792824,0.573888192620159,0.009097066728128,-0.0751500542060383,0.4441788064580705,0.840595253221052,0.4701079561233424,0.3575706910500442,0.8326205485753578,1.143902323207012,0.9344897473248898,0.7750736345884252,1.312123733034815,0.4300515139297384,-0.0270569923238758,-0.166649814842543,0.2964515758421348,0.7713605500919009,0.2610956981940552,0.0538298563089486,0.709813201141447,exact,9
CHEBI:37024,exact,direct,2-aminohexanedioic acid,Mistral-Small-3.1-24B-Instruct-2503,-1,0.4639997855386912,0.0121445553923462,-0.0776616568165794,0.3500862358986332,0.5796796740191624,0.2474049068385477,0.1385636191681846,0.5008984132075874,1.0986568057392274,1.041054356500955,0.0802829360973973,1.2633484069065748,0.9780840937779256,0.7566423557422992,0.6172824933094757,0.9927567973760902,0.4583928103402399,0.0660240079914097,-0.0360952030560256,0.3298498603393668,0.4386547774271627,-0.1409127437159889,-0.1930586698900736,0.2822654339629502,0.234959431459343,-0.1749403302896312,-0.2270055991993999,0.071829388253218,1.0843337650519849,1.3742126933493664,1.2199988727332292,1.2047147771788462,-0.2670847580900518,-0.411875721530587,-0.5117303163602366,-0.4302039395945685,0.4854718426072739,-0.0621521985522988,-0.1604242924570257,0.3172261230709746,exact,9
CHEBI:37024,related,direct,(+/-)-2-Aminoadipic acid,Mistral-Small-3.1-24B-Instruct-2503,-1,0.1434814659509241,-0.313932461130194,-0.3389641101446047,-0.0308913459325452,0.4001664163956244,-0.0079735200539712,-0.0867101318008481,0.2702972426293911,0.989142331999243,0.773396949606408,0.0995660883785869,1.0796101235095894,0.5550087663384032,0.0886470005214869,-0.0026889337511705,0.4397496431173684,0.7967122080709638,0.5987264488126374,0.4231969111909193,0.7878144824254045,0.9962667139288854,0.7785508768192263,0.6101972815411578,1.0681681972250736,0.6089553917556759,0.12890993826617,0.043730348336059,0.5088850302515531,0.6907428746266964,0.6215260251004642,0.7005084676495611,0.6202758027909584,0.5028281762591994,0.2075714707989365,0.1048141780696493,0.3852231591822916,1.111697295602384,1.7221890882186233,1.3429812241818044,1.4217817370868902,exact,9
CHEBI:37024,related,direct,Aad,Mistral-Small-3.1-24B-Instruct-2503,-1,-1.2303543053738442,-1.0286620958035213,-0.848188638934155,-1.2621218384247124,-2.5373113230894853,-1.3058595576161565,-1.036674825080421,-2.1578698773844027,-1.4909412780897986,-0.7641042421609558,-0.0977381244372184,-1.435357558030235,-1.9271768377155247,-1.078943130869736,-0.9280038431071884,-1.7014091201862356,-2.040353280385092,-1.2313663387187073,-0.8423736376065803,-1.7943732904378138,-1.8691085945649049,-0.9136907932286872,-0.7734570470479396,-1.6510365130996891,-1.5651030255852911,-0.9259700805656712,-0.7967417858451055,-1.4605752538273895,-1.858265033237373,-0.9599034040461424,-0.8415078204828023,-1.6702870073391074,-2.1060324813364786,-1.072887575159821,-0.9792217579682722,-1.8457026366067264,-1.95850236868451,-0.951398238729745,-0.6807700513783881,-1.695945188184748,related,9
CHEBI:37024,related,direct,DL-2-Aminoadipic acid,Mistral-Small-3.1-24B-Instruct-2503,-1,0.8751946185265331,0.8439756589642692,0.6095776498229063,0.9739651435500116,0.7496762424575415,0.5350056074141596,0.4175052700561878,0.7454779009117154,1.147432660868626,1.2667679662855498,0.1323503021291925,1.3518327679207292,1.1493783464639418,1.196095439992841,0.9882109524489856,1.2675945607794166,0.9370717783454754,0.9373675571033584,0.6448407919423532,1.0142154281639504,1.1303090138651142,1.36747433425463,1.154279529280859,1.3425688811956988,0.6657030173040022,0.2845388153902007,0.175994262332662,0.5833106572897917,1.225445951199308,1.9957860784453088,2.3138019489046937,1.472791497065494,1.056613660840357,1.4533953477027302,1.235539284767621,1.2335319728969056,0.9533657220764148,0.7764775028835046,0.4503712985135858,1.0301425532524535,related,9
CHEBI:37024,related,direct,DL-2-Aminohexanedioic acid,Mistral-Small-3.1-24B-Instruct-2503,-1,0.2490300594146458,-0.2368431752605651,-0.2732164493426912,0.0879917756252423,0.3897761021322685,-0.0083621244581171,-0.0801334116085363,0.2576373182686678,0.9197079650661298,0.7162573894951293,0.0545158243138702,0.971695943203595,0.7711501586582512,0.3551792042996345,0.1856929914332863,0.7055528338840727,0.3213869165042787,-0.0877714372808674,-0.1059635319838725,0.1678521152770335,0.2163706888854092,-0.3103746841590027,-0.3231843166778276,0.0387961999430706,-0.145143527273987,-0.3789939263024819,-0.3769721737017588,-0.3089375771219843,0.967327588301792,1.1125939023367482,1.0390229771062,1.0118687574959675,-0.218493827418109,-0.3706010950833475,-0.4651723703411616,-0.384934639620876,0.3967642199775083,-0.150118048143649,-0.2170410013768748,0.2113061684337623,related,9
CHEBI:37024,related,direct,DL-alpha-Aminoadipic acid,Mistral-Small-3.1-24B-Instruct-2503,-1,0.7431778801409736,0.4806241320620797,0.2670756504599684,0.7485324889907994,0.4134222209154664,0.0024439804095648,-0.0825439513729686,0.2865475739635297,1.22351228056939,1.594634856243878,0.1524509386769209,1.5005128578968052,0.8858977151835533,0.4553458486702921,0.3374946493726362,0.8599598991571843,0.7199471594372632,0.444788681335985,0.2279065013065837,0.6747602351971205,0.7271507268992269,0.1816295983017226,0.0908295370014079,0.6449182309435081,0.2716393410861759,-0.1656697344635877,-0.1880406872817591,0.1114164586888307,1.026340929177002,1.2641484378664556,1.3399064843504536,1.1064867058781478,0.9593367208043913,1.0779412436835352,0.8933262526254853,1.0508172774020208,0.8228420351394632,0.4203046640392196,0.1640176722532992,0.7925577010162268,related,8
CHEBI:37024,related,direct,alpha-Aminoadipic acid,Mistral-Small-3.1-24B-Instruct-2503,-1,0.9040905743773716,0.956988366404481,0.7164789246009057,1.0281379007225318,0.9292096905273312,1.0368041985739405,0.8522534769258362,1.045673985446334,1.412764784435186,3.018022895458353,0.3242004910145428,1.964801165527546,1.1200514362606666,0.9912899812416508,0.8498667566132366,1.2173513535566831,1.0061160241989306,1.138010754617344,0.766635296589605,1.1377460634974337,0.8680913792117345,0.4344408451869974,0.2873096498168617,0.8519498744135519,0.6842282859637009,0.2901953585607502,0.2356870799871375,0.6082124411356948,1.3332788241423816,2.719869692141576,2.574811293067645,1.720672698928253,1.1375856775006814,1.883273581510976,1.7525381945012446,1.406971243299958,0.9959511602730832,0.9658457630594324,0.5855010210861132,1.1199269756005936,exact,9
CHEBI:37024,related,direct,alpha-aminoadipic acid,Mistral-Small-3.1-24B-Instruct-2503,-1,1.0282023270061331,1.5320918293006751,1.322638695695159,1.290043366688709,0.9292096905273312,1.0368041985739405,0.8522534769258362,1.045673985446334,1.412764784435186,3.018022895458353,0.3242004910145428,1.964801165527546,1.1200514362606666,0.9912899812416508,0.8498667566132366,1.2173513535566831,1.0061160241989306,1.138010754617344,0.766635296589605,1.1377460634974337,0.8680913792117345,0.4344408451869974,0.2873096498168617,0.8519498744135519,0.9448635464709128,0.8016788920181964,0.7442181443951124,1.0003853843976611,1.3332788241423816,2.719869692141576,2.574811293067645,1.720672698928253,1.1375856775006814,1.883273581510976,1.7525381945012446,1.406971243299958,0.9959511602730832,0.9658457630594324,0.5855010210861132,1.1199269756005936,exact,9
CHEBI:37024,related,direct,aminoadipic acid,Mistral-Small-3.1-24B-Instruct-2503,-1,0.7179319836765193,0.4380668776048312,0.2777519311556449,0.708766528714544,0.7198106896732062,0.4810870230524663,0.3022137783903619,0.7002119968325309,0.5539966179446628,0.1066153631868621,-0.0213018895087838,0.4764895682038383,1.074302062474536,0.88006938816333,0.702414868653288,1.141851360425197,0.6956027530218579,0.3805798586296914,0.1525031968987177,0.6402109290535816,0.8199786134873056,0.3447847175728128,0.2197395001484187,0.7783084691963044,0.7252431940804627,0.3564518177858497,0.256003355068109,0.664498816616217,-0.0075015044559918,-0.4038662868451322,-0.381291852127905,-0.1584289635456681,0.8669559759718526,0.6185345879048494,0.5987024256757629,0.8953328755374356,1.009177579813809,1.031007912322627,0.6631563335793849,1.149533770115604,related,8
CHEBI:37257,exact,direct,"3,7,11,15-tetramethylhexadecanoate",Mistral-Small-3.1-24B-Instruct-2503,-1,-1.5749685789070027,-1.0569694436421802,-0.8471881604598617,-1.5170336995218128,-1.067602923649038,-0.8921228151379219,-0.747496976597006,-1.1258928368361376,-0.8450551906478481,-0.5875070128483723,-0.0774678010595706,-0.913010348373883,-1.6482515386029,-1.096929409009162,-0.94175594445904,-1.5012559513549262,-2.0175387727573755,-1.183549337263403,-0.8391340583780825,-1.7794003770227518,-1.7887851363428908,-0.8903991661382222,-0.751672370813309,-1.596095099789676,-1.3835313365773825,-0.8828902462140671,-0.7715955899958911,-1.3282111007747184,-2.3421148989557485,-0.9704506881085236,-0.8065216812264304,-2.005172634708933,-1.3599835838219188,-0.9016009594561354,-0.8356567925621093,-1.3246585902418495,-1.6828812679422895,-0.9096896036510184,-0.6597139148648106,-1.5170840718101828,related,9
CHEBI:37257,related,direct,"3,7,11,15-tetramethylhexadecanoate",Mistral-Small-3.1-24B-Instruct-2503,-1,-1.5749685789070027,-1.0569694436421802,-0.8471881604598617,-1.5170336995218128,-1.067602923649038,-0.8921228151379219,-0.747496976597006,-1.1258928368361376,-0.8450551906478481,-0.5875070128483723,-0.0774678010595706,-0.913010348373883,-1.6482515386029,-1.096929409009162,-0.94175594445904,-1.5012559513549262,-2.0175387727573755,-1.183549337263403,-0.8391340583780825,-1.7794003770227518,-1.7887851363428908,-0.8903991661382222,-0.751672370813309,-1.596095099789676,-1.3835313365773825,-0.8828902462140671,-0.7715955899958911,-1.3282111007747184,-2.3421148989557485,-0.9704506881085236,-0.8065216812264304,-2.005172634708933,-1.3599835838219188,-0.9016009594561354,-0.8356567925621093,-1.3246585902418495,-1.6828812679422895,-0.9096896036510184,-0.6597139148648106,-1.5170840718101828,related,9
CHEBI:37257,related,direct,"3,7,11,15-tetramethylpalmitate",Mistral-Small-3.1-24B-Instruct-2503,-1,-1.1381023568176651,-0.9134021122835736,-0.7480018354080724,-1.191307522173292,-0.8841890271208037,-0.8258552416924009,-0.7056849854769378,-0.9793766120275874,-0.1444580486682222,-0.3701514593881701,-0.0649414726113274,-0.2798267874635406,-1.4597751108712438,-0.9819739772812976,-0.8663885625394052,-1.3626509548520926,-1.550286506431943,-1.0699573168659229,-0.7885467579411835,-1.4615827718100929,-1.639870248812024,-0.8695654130036806,-0.7384326680529276,-1.4929522135871436,-1.5964897683200758,-0.9547151863548676,-0.826043927159018,-1.4831485715841748,-2.051700094288589,-0.9308183863648934,-0.7776560943342103,-1.8060929649242543,-1.64300782943558,-0.9619462920556734,-0.8971037711749102,-1.528673871519984,-1.6999813895543412,-0.921268447240404,-0.6599815244631,-1.5283714218345887,related,9
CHEBI:37257,related,direct,phytanate anion,Mistral-Small-3.1-24B-Instruct-2503,-1,0.4854245912626563,0.0880205784888186,-0.0041870036510524,0.3779767892802913,0.6605051365870707,0.3328280955196279,0.1711009354590308,0.6134069719807101,-0.2258290090942098,-0.534027944495751,-0.0804551983318956,-0.3582364575517833,0.7336924928373688,0.4033552407218331,0.2836098338663371,0.6573587084701565,0.7356912873569013,0.4047797072045376,0.1882871669739094,0.6974232989714714,0.9164186369555816,0.5821419410641872,0.4202860037774312,0.929661218166743,0.1432056330036305,-0.3566989401020465,-0.3478112725477747,-0.0247366433269542,0.7708564271253789,0.1405171042651891,0.0493214589406665,0.7264947487277992,0.9406040738324828,0.6714435876967723,0.4990821188096838,1.0180575362945403,0.7708533102975604,0.2468559984537322,0.0499484175274564,0.7090218906039505,exact,9
CHEBI:37808,related,direct,E 943a,Mistral-Small-3.1-24B-Instruct-2503,-1,-1.4711615852076414,-1.0962578830627754,-0.8746386016532013,-1.4417388672598974,-1.7727752259902538,-1.2176632128980722,-0.9759621312775872,-1.6475541467481638,-0.0045775368714838,-0.3059755830339852,-0.0541133395570408,-0.1412292363417736,-0.6552799883864189,-0.5252710567163241,-0.4935315980154322,-0.731110479590813,-1.0558590887590815,-0.9490531092698048,-0.7349113764125212,-1.0978880230139827,-2.750950128394216,-1.025207067554839,-0.86210785510272,-2.228634616256477,-2.857810828664153,-1.1157494124023029,-0.9313939045156526,-2.333713970704162,-1.4080625076701676,-0.9519208178711188,-0.8589388010836091,-1.3424882489390109,-2.262155268118728,-1.1258131964155078,-1.0437073238645391,-1.9485817648159205,-2.081193509499088,-0.9488763292386394,-0.6811225120285166,-1.7736034519344397,related,9
CHEBI:37808,related,direct,E-943a,Mistral-Small-3.1-24B-Instruct-2503,-1,-1.7359042163738294,-1.1547396620882082,-0.9059178775279312,-1.6314625676638148,-1.7458559252474113,-1.2098028452137652,-0.9735803299276474,-1.6286621362048408,-0.0525952320453444,-0.3257084559263374,-0.0524315365679352,-0.1893802522429932,-1.234128519985484,-0.820440532023251,-0.7245647750984563,-1.192619509703252,-1.6663924269987938,-1.1269530338813774,-0.8240267026114805,-1.542664122771654,-2.723850164625261,-1.022365971491611,-0.858892555385502,-2.211460472657566,-2.769339878246596,-1.1144680167640368,-0.9326006923684254,-2.2769015455929256,-1.7179671006007673,-0.9996931348534271,-0.8851797409896766,-1.5700003968550302,-2.350409025813088,-1.1098472299662243,-1.046395941892852,-2.005938105080149,-1.9814329098654857,-0.937409943280505,-0.6726194196339883,-1.7105460237648809,related,9
CHEBI:37808,related,direct,E943a,Mistral-Small-3.1-24B-Instruct-2503,-1,-1.398314742848295,-1.0796968059213117,-0.8688472085203656,-1.3881585613653462,-2.027503331790613,-1.2766039824347526,-1.02271410889597,-1.8229556341024304,0.3009316763998134,-0.0429411654665583,-0.0343439132141776,0.1815949646710841,-1.6883729043450495,-0.97767974974502,-0.8205417242599092,-1.5303951417581647,-1.63850202635938,-1.1065035309013558,-0.8068376230602811,-1.5233222995877491,-2.4272386966277213,-0.9937066633860848,-0.8323693600594603,-2.021373778531397,-2.686807533266004,-1.088105146845748,-0.9197448662747888,-2.2235927118755456,-1.8734973411095388,-1.0239773975263184,-0.9083825999680548,-1.6810819657089746,-2.539599895749801,-1.151842156068087,-1.0752214350112703,-2.127070526833242,-3.23115927250462,-1.118137663135225,-0.768782456778791,-2.4562127177288287,related,9
CHEBI:37808,related,direct,N-BUTANE,Mistral-Small-3.1-24B-Instruct-2503,-1,-1.5804874686992156,-1.107944443149087,-0.8866911982080011,-1.5210031661790018,0.1623827543341612,-0.4110964689594351,-0.3706465207452953,-0.0043656891895388,0.5349167722006519,0.1483406627178624,-0.0173349540699388,0.4531663918993406,0.4071754684478655,0.2118946817201073,0.1455368458835672,0.2724073840194541,0.1592954364730007,-0.2890860747196085,-0.2799206866114169,-0.0114030953725569,0.8952394515630586,0.4580994766950313,0.3238599932841731,0.8951041212047526,0.5796590870624511,0.0311853726878465,-0.039109300179833,0.4714805690062355,-0.1091531864326506,-0.5556542138833214,-0.5024395526421461,-0.2569210178093484,0.8558467814235601,0.5380694707342207,0.4078466922202133,0.8775749698994088,0.936671185895036,0.7134675802378563,0.3874226659145947,0.996928258505714,related,9
CHEBI:37808,related,direct,R-600,Mistral-Small-3.1-24B-Instruct-2503,-1,-1.4788072429356545,-1.1086387817767722,-0.8984673977312102,-1.4473262520311558,-1.589280567677013,-1.1676881985337002,-0.937219440473678,-1.5173234955390935,-0.1662845886267883,-0.4997851200747045,-0.0535083002370402,-0.3010107183315526,-1.3246758876504416,-0.8542705054350531,-0.7721826071635866,-1.2614216345784042,-1.0653734169542737,-0.9519752856545612,-0.7203197388116472,-1.1052010537126993,-2.9936134307631628,-1.0508984605420235,-0.8781316180443537,-2.381138767551652,-2.5272154119402424,-1.09809349208138,-0.920073248936393,-2.119605669005827,-1.9983049071382888,-1.0394941661334902,-0.8945117150907278,-1.768876999521115,-2.895134869306053,-1.1763441254073532,-1.1045559940884777,-2.348563576131347,-2.398175551965984,-0.9985050855131544,-0.7064730872682878,-1.969324051462594,related,9
CHEBI:37808,related,direct,n-Butan,Mistral-Small-3.1-24B-Instruct-2503,-1,0.0711303364187189,-0.4640213615547032,-0.4352461878139789,-0.1093268842649168,0.3115124965714462,-0.2797687908193216,-0.2724465914630817,0.1643547683982039,0.1258606122302689,-0.2552078477864153,-0.0364594695837742,-0.0071085069057333,0.0221856438494134,-0.1319628173782951,-0.1573259713987908,-0.1240759856362276,0.0153272066286572,-0.4180497048221444,-0.3945133079947369,-0.1612982721448211,-0.1025135315291855,-0.4950421762539501,-0.4659931529248046,-0.275199548549259,0.4464214895697908,-0.0793664887713144,-0.1281397147356954,0.3089744751394952,-0.6888528113031175,-0.7397051663013411,-0.6618711320386094,-0.7742208106029744,0.3437565202677027,-0.2152363251264802,-0.3005296618954683,0.1952721436629927,0.1177002871825521,-0.3619092536360176,-0.3605174406759822,-0.0905721218029086,related,9
CHEBI:37808,related,direct,n-C4H10,Mistral-Small-3.1-24B-Instruct-2503,-1,-0.7146565340303037,-0.8799425859084063,-0.7327202409905934,-0.84939313835169,-1.6018258237999214,-1.182610950716268,-0.9420559525347988,-1.5263385043817754,-0.1872109579579416,-0.3869172856236084,-0.0621264144321298,-0.3212152866732995,-1.8543086315436947,-1.116046700131783,-0.9366706628569568,-1.649648735522521,-0.7275142853842527,-0.8145523581243669,-0.6302604062563592,-0.8365920187304812,-2.0816741790105326,-0.9454437522908772,-0.8083182218821056,-1.7942949420949483,-2.56477561330332,-1.0501812201574074,-0.892998326628215,-2.144190643573403,-1.7399045368724149,-0.95785145607989,-0.8356768001425448,-1.5857862469758366,-2.216882083386208,-1.109550683189571,-1.0393778711556527,-1.9189382966038275,-2.5217289488297405,-1.0427274230983663,-0.7309890998081987,-2.0438705458324544,related,9
CHEBI:37808,related,direct,n-butane,Mistral-Small-3.1-24B-Instruct-2503,-1,0.4398266589091304,-0.1312754547515376,-0.1483639205641233,0.3190475599769937,0.1623827543341612,-0.4110964689594351,-0.3706465207452953,-0.0043656891895388,0.5349167722006519,0.1483406627178624,-0.0173349540699388,0.4531663918993406,0.4071754684478655,0.2118946817201073,0.1455368458835672,0.2724073840194541,0.1592954364730007,-0.2890860747196085,-0.2799206866114169,-0.0114030953725569,0.8952394515630586,0.4580994766950313,0.3238599932841731,0.8951041212047526,0.2813527222962563,-0.2681383466275066,-0.2811600163986124,0.1219998427396071,-0.1091531864326506,-0.5556542138833214,-0.5024395526421461,-0.2569210178093484,0.8558467814235601,0.5380694707342207,0.4078466922202133,0.8775749698994088,0.936671185895036,0.7134675802378563,0.3874226659145947,0.996928258505714,exact,9
CHEBI:37848,related,direct,phytohormone,Mistral-Small-3.1-24B-Instruct-2503,-1,-0.353347931737934,-0.6847824413915341,-0.5710770020534436,-0.5302866905023874,-0.8997131506214575,-0.8617197743674119,-0.7434498433393454,-0.99198491102659,0.5815797856265464,0.1549562504433586,-0.0158362544122454,0.5105661975274566,-1.048711005954926,-0.823759752819591,-0.7198443026889982,-1.049119649106934,0.312944381810067,-0.1532492271693649,-0.1950009346538294,0.1582057580265506,0.3594999964669773,-0.2467558116943321,-0.2669184318220183,0.1927097789795174,0.741006491354648,0.1037249227476492,0.0594733559271799,0.6865792946708718,-0.3148905134612228,-0.6877123072514685,-0.6354367632403712,-0.4483854863829363,0.2374170796340085,-0.3019633069173951,-0.3765226656725125,0.0759209122204001,0.3152601248441741,-0.2137325201043259,-0.2769881870130947,0.1187039780509935,exact,9
CHEBI:37848,related,direct,phytohormones,Mistral-Small-3.1-24B-Instruct-2503,-1,-0.3869131826057166,-0.6992129907770843,-0.575526936458442,-0.5612285697523177,-0.8235881792520615,-0.8330613127887425,-0.7172352270875882,-0.9297701805425986,0.4419640525350923,0.0386809822627817,-0.0277219498845733,0.3422507115587359,-0.9468244839664556,-0.7188108494960688,-0.6379797308967776,-0.96864471737987,-0.1289608325667851,-0.5007185034053782,-0.4347789144066142,-0.3041247763737326,0.3298396292924711,-0.2671648373937489,-0.2855004911902557,0.1600136801744923,0.6326009492638063,0.0055026847613708,-0.0391359885073213,0.5395689932230585,-0.4387694590395745,-0.728439845282281,-0.6551959821949059,-0.55920535129334,-0.2895805196116521,-0.6048106481201108,-0.6344210129789826,-0.4509535076174983,0.3045043707513649,-0.221829694574633,-0.2746148083924836,0.1067854056518124,exact,9
CHEBI:37848,related,direct,plant growth factor,Mistral-Small-3.1-24B-Instruct-2503,-1,0.0856770397599223,-0.4398341964025832,-0.4366771727015703,-0.0937420602809403,0.1340920563574556,-0.3104359542456824,-0.3016143005477227,-0.0351890967277713,0.2605494601690347,-0.0888906676977466,-0.0236078972988828,0.1370920434342934,0.2776714894343748,-0.0212729115437868,-0.1093282306846854,0.1334089231859132,-0.096348922250675,-0.4759685359322806,-0.4487701644160261,-0.272434523076696,-0.3600001719954044,-0.5996697310560342,-0.544744922292394,-0.506985740215305,-0.5808850825965947,-0.7685366069478031,-0.6938294512883894,-0.6969905213426856,0.7362247492967859,-0.0064299924597294,-0.0890847960629526,0.6799664328388657,0.241140161050193,-0.2952783948473904,-0.2912239356503981,0.0800087487281043,0.0895358363027008,-0.3690313965292409,-0.3534107235854845,-0.1189176330718636,related,8
CHEBI:37848,related,direct,plant growth factors,Mistral-Small-3.1-24B-Instruct-2503,-1,0.6162475864165164,0.1511469301561274,0.0218987393669519,0.5570317976421874,0.3611204230117829,-0.0915394548469066,-0.1568578154557073,0.2230658000956949,-1.0888905930791393,-0.6845661466159283,-0.0822210637792294,-1.1156264690657478,0.240981316487486,0.0222888906779305,-0.1165291942955111,0.0951543801100273,0.1499302085833889,-0.2953195678455796,-0.3127576970496538,-0.0214021722761216,0.1995988581259255,-0.3501915931719678,-0.3581740383340707,0.0213595753139422,-0.5667139757948672,-0.7400158503837299,-0.6628055955614995,-0.6849881868155073,0.4805784717877513,-0.2699497478910888,-0.30374803754044,0.3621163687653871,0.0664026820644054,-0.4174141084660949,-0.4556646728507713,-0.1055529355702878,0.142073081898809,-0.3367772618173111,-0.3305519539179207,-0.0657678653443223,related,8
CHEBI:37848,related,direct,plant growth hormone,Mistral-Small-3.1-24B-Instruct-2503,-1,0.5783801322186489,0.0931818240284388,-0.0084350914365907,0.5035295903281829,0.6934637104260358,0.3639344267326896,0.2236617279659236,0.6611647921070606,0.6869732559127748,0.3464812105472897,0.0027810112775531,0.6450131239446434,0.5016614588285102,0.1400730360842171,0.0593363317505644,0.3781856802378114,0.3468852296324326,-0.108536410045237,-0.1393161831443791,0.1972106956268024,0.3575265938273327,-0.2452537371042552,-0.2668906604336297,0.1905204426328656,0.8843456301930557,0.3574912226023963,0.3172671699620719,0.9008944848067538,1.0578304486500103,0.5407827357719793,0.3627767718604247,1.159118704615005,0.3779533948115972,-0.1991733177425689,-0.2964617466315326,0.2348715206075898,0.7228739986825395,0.2096771464529384,0.0107974344786967,0.6360581416916629,exact,9
CHEBI:37848,related,direct,plant growth hormones,Mistral-Small-3.1-24B-Instruct-2503,-1,0.715370684861388,0.3368806833558959,0.1835248012846519,0.7047828378893338,0.5641011916247541,0.1498479183560161,0.0601355837517221,0.4798993452816699,0.6787150851889516,0.3266975843155716,0.0213696711885925,0.6342184417258229,0.4283126481275275,0.1060065638658771,0.0209027747102726,0.2957296294587878,-0.1390153792604546,-0.4980857262720188,-0.3910085313052143,-0.3138290572851274,0.8751498399925789,0.3893818923173999,0.2625578686603633,0.8630521390409026,0.8258496531092878,0.301560382895593,0.2142636811355434,0.8102202730807638,0.8627918067052381,0.1605099513765095,0.0496684720988635,0.8550764800923015,0.4230971867376026,-0.155961804065263,-0.2393689323249533,0.288140573755252,0.8311926573081416,0.4177916479947241,0.1598160914404447,0.8064678917619026,exact,9
CHEBI:37848,related,direct,plant hormones,Mistral-Small-3.1-24B-Instruct-2503,-1,1.1113305175951655,1.9980739806548795,1.8033656773354327,1.5070653817924045,1.076601501275723,1.5860904439404966,1.4172568781134094,1.3467468807097565,1.2380266179110937,1.658940043832002,0.1468388175365739,1.5306466069845692,1.103954972852677,1.4987490011317102,1.3856174974257804,1.1904062471946617,0.701257760263924,0.3588999098159796,0.2553688023616388,0.6481843065381904,1.2311271084815087,2.2127006512482,2.08003476008943,1.615177343669069,1.2072002694215478,1.8727461539556147,1.6385957691531927,1.5463671907285197,1.152490107382775,0.771559736363729,0.6344412465689296,1.3282365048747884,1.123915077285302,1.3925792098869714,1.12675592722788,1.375939603654024,1.15379149037666,2.2530157047346737,1.9655838066214188,1.5735458203764645,exact,9
CHEBI:38180,related,direct,polycyclic heteroarenes,Mistral-Small-3.1-24B-Instruct-2503,-1,1.219333341465351,4.030870573799972,4.947014343314914,1.9180649533931684,1.2507324518619427,3.504053467466552,3.908526591745767,1.8572749129295865,1.070344342059504,0.7048088587258853,0.0365443326526792,1.2140247269954123,1.4473027801395353,2.823934285695992,2.870241363192842,1.919982550274408,1.2570129427579833,2.537555965470448,2.300902554569085,1.7124262113399225,1.1283070883505473,1.3360471337226607,1.1258185187911118,1.337917037157863,1.1101418875992086,1.293801971673422,1.084999072205865,1.3140132923550278,1.138412221354736,0.920023394026786,0.75460367074829,1.3019114364709825,1.0940417811602023,1.325108460577412,1.266851141411584,1.3107623601650014,1.114229882490098,1.801728320414168,1.415169118333782,1.4299228041575722,exact,9
CHEBI:38807,related,direct,calcium channel activator,Mistral-Small-3.1-24B-Instruct-2503,-1,0.8097334106170075,0.616775325708177,0.414057592196982,0.8581466983567823,0.6392966259109486,0.3123072615544479,0.2173474864150131,0.5832761966365828,0.7772208454628645,0.1975266674589072,0.0004795902493013,0.7662110896553863,0.4602139767971442,0.0682437264128364,-0.0387337446349308,0.331293992171238,1.1958385999903531,2.0129420421182416,1.616949212116128,1.5448658756723552,1.007287952798975,0.7831301294223704,0.6197190176646856,1.08846900099318,0.0397833820662793,-0.3769566433479925,-0.3625191920797147,-0.1297718637283527,1.1542002352543244,0.9103482267734594,0.7724073305455087,1.3314656885001546,1.0208869486945735,1.1210116695044194,0.9056687932165908,1.163711920924626,0.8711552065173918,0.5062752964459004,0.2278778583956422,0.8751827782602299,exact,9
CHEBI:38807,related,direct,calcium channel activators,Mistral-Small-3.1-24B-Instruct-2503,-1,0.8244142970937485,0.6593007633348689,0.4184069078376844,0.8833666566524944,0.5836773823769917,0.2243238601925189,0.1545732195735562,0.5063210187861131,0.7160704343891183,0.1297773695516893,-0.0083558464735396,0.6834279022861296,0.3221660082760464,-0.0689807329630346,-0.1498579616644896,0.1804440830181986,1.1407946567434493,1.6806486819694282,1.341559692822527,1.413091559384725,1.0814158622828032,1.0737899466881422,0.8850752563721511,1.2345703915677029,0.3445408704317643,-0.1295013474714922,-0.1425156931892856,0.1919263901158781,0.3727001453173688,-0.2670221628322295,-0.2584469715472012,0.2389112008383059,0.8453702533601607,0.5616449256569144,0.4109148955903088,0.8609930201072742,0.9347531692973114,0.6900273352132135,0.370915391156867,0.9931757008072564,exact,9
CHEBI:38807,related,direct,calcium channel agonists,Mistral-Small-3.1-24B-Instruct-2503,-1,1.0275446210671773,1.475487995866327,1.3051091113974576,1.2884944836094483,0.9746886707092026,1.1780893329910689,0.963325035315304,1.131715573506412,1.1193838213358789,1.0250583656009058,0.0772032764593503,1.3003765110930234,1.2806929370014055,1.996874542229383,1.9909752583751288,1.5151661162855294,1.2801688684767374,2.7598528072612885,2.6593432842210367,1.7841226366284155,1.302213338583591,4.094962493525909,4.567265721383983,1.90418062873756,1.171818576046778,1.8441334732955672,1.7388583964513238,1.4554382581557546,1.2565219901980864,1.3434978531780963,1.1712524166311118,1.5392848424732504,1.0905188654115547,1.4085424777048838,1.236562933578542,1.3032948063210883,1.180377976565674,2.8927914368064247,2.948989553389273,1.6988786030992284,exact,9
CHEBI:3892,exact,direct,L-seryl-L-tyrosyl-L-seryl-L-methionyl-L-alpha-glutamyl-L-histidyl-L-phenylalanyl-L-arginyl-L-tryptophylglycyl-L-lysyl-L-prolyl-L-valylglycyl-L-lysyl-L-lysyl-L-arginyl-L-arginyl-L-prolyl-L-valyl-L-lysyl-L-valyl-L-tyrosyl-L-prolyl-L-alpha-aspartylglycyl-L-alanyl-L-alpha-glutamyl-L-alpha-aspartyl-L-alpha-glutamyl-L-seryl-L-alanyl-L-alpha-glutamyl-L-alanyl-L-phenylalanyl-L-prolyl-L-leucyl-L-alpha-glutamyl-L-phenylalanine,Mistral-Small-3.1-24B-Instruct-2503,-1,-2.8938608753502875,-1.3456536300885855,-1.038997196524396,-2.3895867749085915,-1.2887838264466336,-0.9458904340532892,-0.7713978463336478,-1.2960451597846792,-4.219968826269933,-1.1451722365199222,-0.1313520137279962,-3.354138023873689,-1.797477709099869,-1.288829744621383,-1.0888206374761769,-1.6090280156351124,-3.652503575778567,-1.4812316358297528,-1.0063828840949738,-2.755429710280879,-2.55676335348121,-0.9964624426603156,-0.8397655240760316,-2.104876992333009,-2.484676812198493,-1.132554038498426,-0.9558607661977978,-2.091675965821007,-3.004861539452946,-1.074864088675936,-0.8894438417988569,-2.4415564890716355,-4.615865464182629,-1.299612875396357,-1.0886799051898173,-3.3352531045233222,-2.0013793536602247,-0.9261935097277946,-0.6688590009146677,-1.7232138461801028,related,10
CHEBI:3892,related,direct,ACTH,Mistral-Small-3.1-24B-Instruct-2503,-1,-0.252861449206072,-0.591129226616148,-0.5343015505771342,-0.435827773384828,-1.896049548691034,-1.187345888557338,-0.957806565416828,-1.733180163008772,1.5654281809645083,22.07922980971902,47.32789295936905,2.89288492452441,-1.6164751220605875,-1.0663518250202315,-0.8967734228057059,-1.4780891863499506,-1.0760027561303234,-0.9785131418901442,-0.7213763944646094,-1.1133551477469563,0.7167528079224453,0.1663283537751689,0.0997754427250248,0.6305964820068931,-0.6876185188929294,-0.7796492356054618,-0.6775284892136678,-0.7862554792986762,-0.8222941037825449,-0.8280173546946442,-0.7310625863369529,-0.8847702781714735,0.6985108477205612,0.1373306861312674,0.05583283853027,0.643105149276263,0.2588182164568413,-0.3562065041590606,-0.3569572415437437,0.0568845145401736,exact,9
CHEBI:3892,related,direct,Adrenocorticotropic hormone,Mistral-Small-3.1-24B-Instruct-2503,-1,-0.0248314629728403,-0.4633095284064549,-0.4413557196483407,-0.2099632484574918,-0.2193991703941643,-0.5079892755591389,-0.4786739959187124,-0.3946980481996526,-2.377807160414771,-0.999887469444085,-0.1120844421133847,-2.0946661175758408,-1.2069947390993037,-1.0154622434115956,-0.8785257097253706,-1.171844592973297,0.3278025513922015,-0.132297633894062,-0.1024757953246319,0.1752070622075623,0.4697812203726901,-0.1090219575912785,-0.16472684436668,0.318471838303612,0.1484217386922742,-0.4237085189901384,-0.4026748755196956,-0.0193361440237879,0.6929065602761245,0.0321420156845456,0.0062423850981908,0.6230807681122004,-0.094727820793184,-0.5149984182929496,-0.3380680576747538,-0.2666681327754489,0.3144241854069091,-0.2683933868504214,-0.2804636841271293,0.1177752615176179,exact,9
CHEBI:3892,related,direct,SYSMEHFRWGKPVGKKRRPVKVYPDGAEDQLAEAFPLEF,Mistral-Small-3.1-24B-Instruct-2503,-1,-3.161978942387122,-1.4057586602191887,-1.0785551913707865,-2.5523791112680123,-3.8627139438355447,-1.5116330242074965,-1.173044939793448,-2.953356185933828,-3.929730378458416,-1.202615523946496,-0.1269070819464471,-3.161104695570611,-2.569853009079284,-1.4763212975100952,-1.213788279912816,-2.144300822846142,-3.193752187745181,-1.4286592727923115,-0.9957274365551162,-2.4987241383596808,-2.955896492338021,-1.0499912933539273,-0.8760832928223532,-2.3575789619655705,-3.13940408624436,-1.163063259866703,-0.978387159205718,-2.512443032759484,-2.37684286006262,-1.0902419164420674,-0.9458779678590908,-2.028624755003264,-3.940769576790792,-1.272956689272483,-1.1716538872769555,-2.962233029022898,-2.541006125062669,-0.9995157939070464,-0.7025864392177421,-2.0554200642260674,related,10
CHEBI:3892,related,direct,adrenocorticotropin,Mistral-Small-3.1-24B-Instruct-2503,-1,0.4929228561164,0.0298086292777561,-0.0609933783115882,0.3878253799206823,0.27653720777419,-0.1034063374119523,-0.1460804232834229,0.1237802259517303,-3.04518169465745,-1.1137036273980732,-0.1174685233344156,-2.562711813623303,-0.7301490411088875,-0.8493079786191845,-0.7508230895880057,-0.7932154161519355,0.7590136003731864,0.4615188973549974,0.2984143865619059,0.7314773957795787,0.5661927209660435,-0.0185512495655559,-0.0854100921970302,0.4346237931346439,0.4305962171478938,-0.2031307611204077,-0.2049359589384583,0.290416986108328,1.2128465266778243,1.220238558842627,1.0311478941638366,1.446747080770325,0.3319002788530675,-0.248198315583241,-0.1870575707275226,0.1816874945529646,0.5636058633796344,-0.0529879017418804,-0.1514563435860587,0.4157426565241471,exact,9
CHEBI:3892,related,direct,corticotrofina,Mistral-Small-3.1-24B-Instruct-2503,-1,-0.034265997424885,-0.4522004914196527,-0.423508594591604,-0.2196634045332151,0.9359377684628852,1.1057702496544333,0.9178290936947828,1.058090239853331,-3.672814215251096,-1.1767968116644112,-0.1251899943183555,-2.989139520966044,0.7389138197586842,0.1538259489842472,0.0655238209221181,0.6640172638875236,-0.731062440482255,-0.8241895042117183,-0.6623230707481395,-0.8395153339370881,-0.3520829825268905,-0.5711868731934798,-0.5237741617966898,-0.5000929249476036,1.1396571439655987,1.2606667842952235,1.071536323838662,1.3793942451061356,-0.5133591861012032,-0.6888779201945455,-0.6092645287787228,-0.6244903084806989,-1.2119803743678232,-0.9154975847280402,-0.9236824254451232,-1.2143418286034415,-0.6625108862887462,-0.6986728234200927,-0.5447273645001118,-0.7831319506023181,related,9
CHEBI:3892,related,direct,corticotrophine,Mistral-Small-3.1-24B-Instruct-2503,-1,0.9929135528585704,1.2933812799891873,1.1224564296300283,1.2097615513024038,1.0147651534075042,1.4082934526323918,1.1939836602100642,1.2121221851879136,-3.895054181811792,-1.2049635113239614,-0.137151612011892,-3.137961684472102,0.7437043022277898,0.1830443026662733,0.094686041753865,0.6701430135853524,0.5995994432203646,0.1868745697394799,0.0071237765166728,0.509290128153635,0.8274633961719929,0.3546341068895007,0.2099028597396322,0.7895427817053547,1.1759403311008307,1.4930290248657538,1.2591952755250684,1.4656028800047467,1.2320254714641832,1.317463580888736,1.1332014792382374,1.4865934987439993,0.4664144669473347,-0.1144609353883273,-0.2142384485653989,0.3403865391212016,0.5902950359563125,-0.0253618108476413,-0.1367798924170617,0.4506809872330176,exact,9
CHEBI:3892,related,direct,corticotrophinum,Mistral-Small-3.1-24B-Instruct-2503,-1,0.8560474498596717,0.7752967622990315,0.5950993927687164,0.9391566833978636,0.4838433912187675,0.150692145664491,0.0365093219332148,0.374839041455228,-3.832544759396424,-1.1734465873462747,-0.1365358955283587,-3.096192537020553,0.7432820582827058,0.1875032716188218,0.0777625989887374,0.6696024328092512,-0.224486589215624,-0.5870719225934927,-0.5096117993033705,-0.3951152200571538,0.8357411147795285,0.3736875522215823,0.2396653255763853,0.8020593486818824,0.3991079493356079,-0.2522873562765128,-0.2963732767629251,0.2539158372931181,0.4877000131470957,-0.1870682619172436,-0.1846817101151031,0.3704496457413069,0.3357348811411654,-0.2768841300139522,-0.3322790663570671,0.1860731238640866,0.1302595032094607,-0.4024186569113712,-0.3861121858457637,-0.0778230253393107,exact,9
CHEBI:3892,related,direct,cortrophin,Mistral-Small-3.1-24B-Instruct-2503,-1,0.210585548209026,-0.2686536048454677,-0.3091098175863822,0.044037193374009,0.2732671320370456,-0.1331134680724568,-0.1711112926928438,0.1200197707814925,-2.76315985347067,-1.0624246748153012,-0.1161056167782905,-2.3671522139750203,-0.5451713815856237,-0.7275931922239617,-0.66381596890148,-0.6382425308561552,-1.127675735946725,-0.9908583697122542,-0.7508694532655821,-1.152758411256763,-1.387836041116008,-0.833999678424275,-0.727367675105398,-1.3141659759906748,-0.2800442604739855,-0.6573799768398159,-0.615204989602785,-0.4336548603074788,-0.7543361929795767,-0.7988673955288688,-0.7167247675349885,-0.828806317819699,-0.324412920149976,-0.7017179792734699,-0.6451007587769563,-0.4828302904782213,-1.0728854243180792,-0.8238894112743743,-0.6060747428774823,-1.0946906378264245,exact,9
CHEBI:4167,related,direct,D-Glc,Mistral-Small-3.1-24B-Instruct-2503,-1,0.288777468008853,-0.2644765219464453,-0.3176636074127733,0.1342807711386744,-0.3628088038972282,-0.6722658719864769,-0.6026656463522173,-0.5293711173371953,0.6170135649495555,0.0792753439669937,0.0082838751198203,0.5549917521482843,-0.971813462194629,-0.8859275736446464,-0.7778635768453811,-0.988495040901638,-0.8389030180223948,-0.8662327165796504,-0.6491719700858142,-0.9272750192158102,0.3366558357889729,-0.2390219415523654,-0.275338255738788,0.1674881816016245,-1.5169679069126951,-0.9569775790187688,-0.8232025294501427,-1.42578546966927,0.3253766696698576,0.0848040300821563,-0.0217167277529465,0.1865291780578911,0.2362575485170631,-0.1796429823314536,-0.1067665373392365,0.0746490612223459,0.4762414199814741,-0.143400157487421,-0.2261158426044943,0.3059285644770725,related,9
CHEBI:4167,related,direct,D-Glcp,Mistral-Small-3.1-24B-Instruct-2503,-1,0.3496104006164434,-0.2015219471396117,-0.2517890278091135,0.2069125166261317,-0.4432149264276019,-0.7185989522883908,-0.6246718026312869,-0.6025597934001097,0.9508883515827408,0.7262627504777001,0.0459962234463116,1.0194370056598443,-1.087750755539009,-0.9841436658313742,-0.839860414490061,-1.0796404274715217,0.0807152536844146,-0.341119957620118,-0.328001531638922,-0.0942037611497655,-0.397191338759473,-0.598257216622527,-0.5451194420245952,-0.5391848532546025,-1.5720760451653102,-0.9428856418932804,-0.8108930495077311,-1.465597763121349,0.3736023733970716,0.1353618180501812,0.0338210139768423,0.2399192647000781,-0.2464433885027031,-0.4399821785487725,-0.4402142528141686,-0.4110498001878414,-0.4093357914610867,-0.6278172514021483,-0.497243510310401,-0.5758575382633502,exact,9
CHEBI:4167,related,direct,D-Glucose,Mistral-Small-3.1-24B-Instruct-2503,-1,0.3743251265340028,-0.164406100105664,-0.1986718819550489,0.2370811567192209,-0.4907680866840193,-0.7299153258888441,-0.6462686490373568,-0.6451223555353615,0.1902918931623706,-0.3105793264605602,-0.0368230722888631,0.0610953943719024,-0.7790359618041246,-0.8459532047372851,-0.7397111107102415,-0.8333387528880148,0.2118759833668455,-0.2204152480945409,-0.2619215908018821,0.0454287958736732,0.5674260500776963,-0.047508564467444,-0.0894649538982924,0.4361521398703307,0.4214418354609222,-0.2043625283454857,-0.2202939174806776,0.2797479071988588,0.3600054150128178,0.1216242101127887,0.0583254280327714,0.2247651467652253,0.539052443064288,0.1367357105739909,0.1568512928463313,0.43071351027104,0.3341606123183353,-0.2389909235027981,-0.2724635492393807,0.1398120665188588,related,9
CHEBI:4167,related,direct,D-glucose,Mistral-Small-3.1-24B-Instruct-2503,-1,-0.496107663959381,-0.7629851073919649,-0.6585422037466493,-0.6599317432258808,-0.4907680866840193,-0.7299153258888441,-0.6462686490373568,-0.6451223555353615,0.1902918931623706,-0.3105793264605602,-0.0368230722888631,0.0610953943719024,-0.7790359618041246,-0.8459532047372851,-0.7397111107102415,-0.8333387528880148,0.2118759833668455,-0.2204152480945409,-0.2619215908018821,0.0454287958736732,0.5674260500776963,-0.047508564467444,-0.0894649538982924,0.4361521398703307,0.178825033688373,-0.3735176980726705,-0.3574850134974993,0.012350630000567,0.3600054150128178,0.1216242101127887,0.0583254280327714,0.2247651467652253,0.539052443064288,0.1367357105739909,0.1568512928463313,0.43071351027104,0.3341606123183353,-0.2389909235027981,-0.2724635492393807,0.1398120665188588,related,9
CHEBI:4167,related,direct,Dextrose,Mistral-Small-3.1-24B-Instruct-2503,-1,-1.5715542090695678,-1.0944912441832717,-0.8832263537501961,-1.5145762458478995,-0.9387801110071758,-0.8706408903512337,-0.7475313288530866,-1.0235395489484258,-3.507450484908205,-1.1176198100586556,-0.1248759108549182,-2.877762614900525,-1.4708533831452717,-1.055367978816374,-0.9248760623020208,-1.3708797852172463,-2.077248042957134,-1.2345252438834788,-0.8547928235401158,-1.818487959004201,-0.0569453865528508,-0.4800563875324093,-0.4565251795581554,-0.2323662186439367,-0.612935204050634,-0.7383969855227772,-0.6320001084157945,-0.7240027786155468,-0.8384589420859528,-0.7543385719357699,-0.6963000978164664,-0.897983145772106,-1.0151824941873278,-0.8675567584885524,-0.6942322040154655,-1.063284271327624,-0.582422212066781,-0.6941297217074515,-0.55029576832543,-0.7189827048454082,related,9
CHEBI:4167,related,direct,Glc-OH,Mistral-Small-3.1-24B-Instruct-2503,-1,-0.2657534589587812,-0.6638277942831565,-0.584232521823012,-0.4481057326977658,-0.4279245461700923,-0.7006520294609856,-0.6172816440126568,-0.5887622449052422,0.2943141330315525,-0.1201896791136647,-0.0373728997526533,0.1742592843227237,-1.6614545456849743,-1.1351420637600813,-0.9618964862303534,-1.5108585959288967,-0.214347768436192,-0.5413077913315514,-0.4799340245013189,-0.3855827844016279,-1.320397316259027,-0.8234712843373749,-0.710987837105375,-1.2653304565671415,-1.5241174741174457,-0.9111365319962,-0.7903879284688647,-1.4309661323197431,-0.3739243817358627,-0.3520694042004861,-0.3662130976945733,-0.5015833432070154,-1.3275796217572466,-0.8696388715674771,-0.8242238939788902,-1.3007320027108007,-0.3375899992278252,-0.6210341143308792,-0.5144001172783175,-0.5145429802001014,related,9
CHEBI:4167,related,direct,Glucose,Mistral-Small-3.1-24B-Instruct-2503,-1,-0.3154985540246466,-0.6685101173545185,-0.607464209355916,-0.4950365512972232,-3.054352930035828,-1.394781553453555,-1.073878524862515,-2.4793747847193983,-3.5073084742363307,-1.1176097489467864,-0.1248783491853497,-2.8776667031835497,-1.7991564461812457,-1.1480054709191747,-0.9612412842255714,-1.6102311628031922,-1.4647267006430231,-1.0769105993042167,-0.7828004599770156,-1.4008566987920157,0.3236501654342684,-0.2592432362225496,-0.2726392703919205,0.1532464142583325,-0.3240963585598481,-0.6390222595264274,-0.5752450430797865,-0.4734192440470495,-1.861365159298887,-1.0247217422066486,-0.8931785145729244,-1.672485473436236,-0.7378408088995595,-0.7952570258931632,-0.627992585195661,-0.84071245900929,-0.281195563944337,-0.5760457556577026,-0.4882289515046451,-0.465446679549452,related,9
CHEBI:4167,related,direct,Grape sugar,Mistral-Small-3.1-24B-Instruct-2503,-1,-1.8128870974550044,-1.158071512671675,-0.9288921384834418,-1.6852698443965946,-1.402788404651025,-1.0268790567267554,-0.8477875132292568,-1.3812487444660198,-1.5118930477037262,-0.7548158497445785,-0.1040892884654835,-1.4515974509305185,-1.846206134735216,-1.1107170441879548,-0.9461121836369653,-1.6438710740841167,-1.2370375687785786,-1.0097410513635567,-0.7583242613630566,-1.2349010096317234,-0.332820534329166,-0.5825979791997409,-0.5282508087425158,-0.4832654171855217,-0.5446932272579902,-0.6621501483206438,-0.5883744638171077,-0.6662646726043955,-1.185387632373935,-0.8363679558021295,-0.7449555206407278,-1.173226476318922,-1.403156458800071,-0.9559510851526204,-0.7786017481915094,-1.356346980778407,-1.0416316096043357,-0.8028194402162941,-0.602743707370897,-1.071856569456265,related,9
CHEBI:4167,related,direct,"WURCS=2.0/1,1,0/[a2122h-1x_1-5]/1/",Mistral-Small-3.1-24B-Instruct-2503,-1,-1.9960533347084288,-1.1931515181822985,-0.9508582121884218,-1.81105133785558,-1.5245235941029285,-1.0544529097780322,-0.8737011406680824,-1.4705174605987203,-0.3994576450843858,-0.4783418236760703,-0.0785919795028917,-0.5207274127492957,-2.0563365916700023,-1.2147561655457295,-1.0102761329692616,-1.7923059321835977,-1.8024605015213973,-1.139617343101292,-0.8085456672132814,-1.635850968971838,-2.961035934094073,-1.0299425165393865,-0.8526246232602258,-2.360792277930288,-2.91217200329435,-1.1125997365702354,-0.9384063969068864,-2.368459220589618,-1.0979536182404803,-0.5694020977035917,-0.5596819594546351,-1.1052702036423163,-4.608393923203125,-1.342195325792412,-1.0879548662648673,-3.331205733758376,-1.7787170803167331,-0.8835041013824093,-0.6510355959311066,-1.5800066325943014,related,9
CHEBI:4167,related,direct,glucose,Mistral-Small-3.1-24B-Instruct-2503,-1,-2.512689692751325,-1.3273855437012057,-1.0279257547816367,-2.150857299499468,-3.054352930035828,-1.394781553453555,-1.073878524862515,-2.4793747847193983,-3.5073084742363307,-1.1176097489467864,-0.1248783491853497,-2.8776667031835497,-1.7991564461812457,-1.1480054709191747,-0.9612412842255714,-1.6102311628031922,-1.4647267006430231,-1.0769105993042167,-0.7828004599770156,-1.4008566987920157,0.3236501654342684,-0.2592432362225496,-0.2726392703919205,0.1532464142583325,-0.4204122618033534,-0.6709228936598375,-0.5991198044637008,-0.5588510933472631,-1.861365159298887,-1.0247217422066486,-0.8931785145729244,-1.672485473436236,-0.7378408088995595,-0.7952570258931632,-0.627992585195661,-0.84071245900929,-0.281195563944337,-0.5760457556577026,-0.4882289515046451,-0.465446679549452,related,9
CHEBI:43474,exact,direct,hydrogen(tetraoxidophosphate)(2-),Mistral-Small-3.1-24B-Instruct-2503,-1,0.1369725410032423,-0.3458577680453677,-0.3426830547623378,-0.0380441991371397,-0.8274049501492509,-0.8246882215177058,-0.7013760385304348,-0.932913042163799,-0.7962654808187544,-0.6008359722001967,-0.0913937885903958,-0.8715453673560551,-0.2843257818694163,-0.6700849450253643,-0.6134912982776567,-0.4100574998736696,-0.7920098914805246,-0.8260486231996987,-0.63462657072533,-0.8893692775693395,-0.8189168763849716,-0.7071028604110383,-0.6178843668350034,-0.8861965846771802,-0.0938888569228317,-0.5720151467139911,-0.5275163410973578,-0.2602930411690851,-0.9682815472944596,-0.7585518500997502,-0.6667788794829167,-1.002784165631042,-0.4562112890621992,-0.6775664609609805,-0.6854092549607353,-0.6008274210262434,-0.5252903956377054,-0.7030943493717273,-0.543898238061936,-0.672446822646489,related,9
CHEBI:43474,exact,direct,hydrogentetraoxophosphate(2-),Mistral-Small-3.1-24B-Instruct-2503,-1,-0.0323352898218394,-0.4477610149149995,-0.4211648301662083,-0.2176810486083446,-0.5777089247993064,-0.7294509206513393,-0.6204661445924395,-0.7216342126217915,-0.7474226613074962,-0.558069950959699,-0.087790501315963,-0.829700882679799,0.0696215361281301,-0.3713334834852201,-0.3927265144056713,-0.0777433204031473,-0.7221963744852368,-0.7988190730260271,-0.6207551507862199,-0.8322062115747624,-0.5468675968982736,-0.6265034114642481,-0.566778721474747,-0.6659441133119296,0.1138497995501038,-0.4577144767799728,-0.4329238599756665,-0.0549399945053833,-0.7996313660643757,-0.7197890234493051,-0.6440634680661879,-0.8661827395650453,-0.0761810419411312,-0.5004657417703138,-0.5739051873539043,-0.2485552099262354,0.0578970766382167,-0.4428517944768611,-0.40355713666156,-0.1503692519469598,related,9
CHEBI:43474,exact,direct,hydrogentetraoxophosphate(V),Mistral-Small-3.1-24B-Instruct-2503,-1,-0.1308430925415776,-0.5166630640214527,-0.4622071596005229,-0.3171162479317402,-0.7316789382476151,-0.8002096441682884,-0.668595194188601,-0.8533077881063378,-0.7733798260390511,-0.6413107110407268,-0.0904090398946717,-0.8519812240591028,0.1581019152471723,-0.3159523122855718,-0.3485771227354218,0.0103972853666672,-0.4859588251008788,-0.6967843640613766,-0.5657215575882605,-0.6317250877019093,-0.931976608613144,-0.7277047687182847,-0.6407442194019709,-0.9744162702859108,-0.5460705433696323,-0.7277590899192705,-0.6711391776005139,-0.6674383841299143,-0.4503913883501126,-0.619739396319995,-0.5637753715114527,-0.5694461426196603,-0.1360741840550627,-0.6188573628646148,-0.5569251469319606,-0.3066709546295182,-0.038058450519835,-0.4695879810426363,-0.4280703642976669,-0.2433982861766266,related,9
CHEBI:43474,exact,direct,hydroxidotrioxidophosphate(2-),Mistral-Small-3.1-24B-Instruct-2503,-1,0.0645219908058461,-0.3845827627590611,-0.3622447883866758,-0.1163770903833349,-1.2175837708513932,-0.9537425699089122,-0.783760275901427,-1.2419966327786671,-0.7332570005747865,-0.5836543425881603,-0.08814180559478,-0.8175005849697292,-0.5740854674468575,-0.803504400441361,-0.7050691107508362,-0.6628128602791272,-0.9409783837467788,-0.8871094971347564,-0.6762388226758635,-1.0084905528339632,-0.6096882781527874,-0.6467107394601255,-0.5961166250970215,-0.7178953548007155,-0.2542984793746565,-0.6522345534001944,-0.6071464685035761,-0.4102035324461943,-0.8386265825146301,-0.7307387068616582,-0.6590050972599452,-0.8981199767661694,-0.6403022237410281,-0.7363368640870505,-0.7607044006231325,-0.7593643208763693,-0.0082040603455129,-0.4669850298529728,-0.4296601493913176,-0.2148187303159882,related,9
CHEBI:43474,related,direct,HPO4(2-),Mistral-Small-3.1-24B-Instruct-2503,-1,-0.7463585164875131,-0.8712981555110417,-0.7241715346050993,-0.8760665545336204,-1.3843032745520023,-1.037586816097461,-0.8536254312131766,-1.36754175405954,-1.1971327435637895,-0.7026788474786783,-0.1007751091043465,-1.2033266707410806,-2.238818056386973,-1.1890725832439468,-1.034466531742063,-1.9190083121385573,-1.7401322520410183,-1.1327394931968202,-0.8021722051528916,-1.5934033717419638,-0.7665488780270907,-0.6924106515140004,-0.6038936558097668,-0.8447137559800089,-1.1844777631399972,-0.9110619618792496,-0.7973175501926212,-1.1792932274458612,-0.7443061146200635,-0.7060368076297255,-0.6508302685394862,-0.8204882167331438,-0.9147436514816648,-0.7961515817805482,-0.710136140975403,-0.9840777599566304,-1.2695102482387604,-0.8956936842452343,-0.6567185322488702,-1.2354347773220369,related,9
CHEBI:43474,related,direct,HYDROGENPHOSPHATE ION,Mistral-Small-3.1-24B-Instruct-2503,-1,-1.8911096082287364,-1.1261931843229758,-0.9004759289487297,-1.7393617385663966,0.7264611120462541,0.4099160608919508,0.2476375303510014,0.7101968873431558,-0.5342638731177908,-0.4737626007114611,-0.0794849967854559,-0.6428469671249603,1.1869887736732978,1.1787081998558175,1.008357050631127,1.334414728597797,0.3736325279290672,-0.0766958282925095,-0.2038036948411088,0.2283802134611068,1.180917340992771,1.7663813811876377,1.5733607955875542,1.468479985718072,-0.8665786893410194,-0.8147070091641008,-0.7171834083292804,-0.9317808722508276,0.6237448641208768,-0.086075223056165,-0.1175514566734845,0.5350235963974984,1.0466439808422558,1.042885264426963,0.937236991924189,1.2136922050109638,1.0025803664153938,0.9085289157175516,0.548804981990485,1.13465268582201,exact,9
CHEBI:43474,related,direct,INORGANIC PHOSPHATE GROUP,Mistral-Small-3.1-24B-Instruct-2503,-1,-2.16996580235561,-1.182298689609109,-0.944652694530634,-1.927763986360276,-0.8434128678043196,-0.8361406139285242,-0.7141566127986648,-0.9460671008439554,-0.8837259666135114,-0.5911716510883764,-0.0875581452746955,-0.9456461536996652,0.2870235170638546,-0.2288396592063359,-0.2743296066448735,0.1432353240542948,-0.2556701618217586,-0.5772487732609598,-0.5286816647691092,-0.4242548888173466,-0.4379528088538524,-0.6013883555167047,-0.5504661367294111,-0.574143157858678,-1.6982460294314443,-0.9797659291799296,-0.8415755372375222,-1.5557485030882674,0.6550046722193129,-0.0463775890881886,-0.0765335372502034,0.5744224570350702,-0.3189398188976126,-0.6064730980643992,-0.6313891697999043,-0.4778415395043917,-0.269740097581817,-0.5841023369950461,-0.4797691528040141,-0.4553720810913489,related,8
CHEBI:43474,related,direct,[P(OH)O3](2-),Mistral-Small-3.1-24B-Instruct-2503,-1,-1.191265297968,-1.0038024741963054,-0.8099107101962165,-1.2322600421055003,-3.1510814752494216,-1.4113480052141818,-1.1110356273507356,-2.537789226836399,-0.8311500752399602,-0.6128486176063002,-0.0926433315825676,-0.901226106741642,-2.9434932358812853,-1.4233221279450383,-1.1803808144410477,-2.392621755583776,-2.0520695391800787,-1.200708833278351,-0.8432794210048095,-1.8020443019176424,-0.8838828581386634,-0.7243346839004492,-0.6348951544072664,-0.9371060594908768,-1.5609205185772317,-0.9874253099944053,-0.8592445827660673,-1.45756061170117,-1.0565391011431355,-0.7755827897708101,-0.6991767432493942,-1.0727653176964973,-1.444286929091963,-0.9301560347244398,-0.9036584247573204,-1.3863390612473772,-1.8691564392128328,-0.9623380818526782,-0.6881931360250817,-1.6386593442610904,related,9
CHEBI:43474,related,direct,[PO3(OH)](2-),Mistral-Small-3.1-24B-Instruct-2503,-1,-0.9867277891949444,-0.9429514796869306,-0.7691755497550249,-1.0724412788110078,-1.961090741623892,-1.186812903191571,-0.958517263346341,-1.7777910936379768,-0.9803825093308968,-0.6259730932974256,-0.0944394682575317,-1.0263695884578623,-2.746398280913598,-1.416093818229284,-1.1675104189363743,-2.2623462875794687,-2.31299291307088,-1.257761055077586,-0.8731726465696081,-1.9698050041590511,-0.7940152656625509,-0.7019157290611232,-0.6293182192637504,-0.8665217794502316,-1.3666716500124314,-0.9441681490068804,-0.8112105794884227,-1.3157590058206856,-1.1049431977463473,-0.7851148478411819,-0.7089088872663994,-1.1107356962156638,-1.6332233026799508,-0.9586735804804398,-0.8970358911927542,-1.5217612338456212,-1.6835267989521774,-0.940703104392372,-0.6763775732632173,-1.51751065225977,related,9
CHEBI:43474,related,direct,hydrogen phosphate,Mistral-Small-3.1-24B-Instruct-2503,-1,-0.0226428178398236,-0.5188330193643986,-0.460219496778002,-0.2077082084206553,-1.2984348597549284,-1.021432914476457,-0.8640041620607113,-1.303320845763555,-0.9917579874861194,-0.5646929888290125,-0.0878077927171433,-1.0357928798185587,1.2318105213337105,1.397735569231302,1.1990697829365582,1.4180496244889276,0.9894254334699596,1.0614140606352978,0.73192989001935,1.1069921117589931,0.8605621008421679,0.4424337292225188,0.3118778737284928,0.8401948840919973,1.292290516304564,2.930996100710028,2.908668391848708,1.8160856661792768,1.1743410353282535,0.8743428494976468,0.8065960936559474,1.3700318599451402,0.8898835234334251,0.5528191829628957,0.4102582587097012,0.9325753096572916,0.7885974148835051,0.2673530420098529,0.058823693953917,0.7369699021849191,exact,9
CHEBI:43474,related,direct,phosphate,Mistral-Small-3.1-24B-Instruct-2503,-1,-1.1326668969542837,-1.0238676269048006,-0.8199625606177706,-1.1870979844280276,-2.0195925596380864,-1.2047997237405383,-0.9643649008329952,-1.8175959397018928,-1.6629088895276387,-0.8335406998031336,-0.1063856088762528,-1.5675585485901706,1.0627638678432534,0.8492394303861991,0.6656567453547654,1.123316642915125,-1.2379213662420885,-1.023307932570096,-0.7775498324931243,-1.2355581311941528,-0.1138892146583136,-0.4801758498259127,-0.4635660470850644,-0.2857998234534893,0.6337177251163191,-0.1013074334097566,-0.1774503536897699,0.5410295116185343,-0.0495548146736895,-0.6356711672268109,-0.586184624221385,-0.1995142962908588,-0.2071051158126491,-0.5809596319378594,-0.564077039720418,-0.374233082587059,-0.2507843968238364,-0.607269214498213,-0.5022818738432181,-0.4386236765213179,related,9
CHEBI:46662,related,direct,Minerale,Mistral-Small-3.1-24B-Instruct-2503,-1,-1.01646916832461,-1.0241595657243856,-0.8179448768156705,-1.0960700874499103,-0.754207593486346,-0.8579698226939645,-0.6982507326334938,-0.8721914254195239,-0.2161903714868767,-0.5288615847582927,-0.071204041513207,-0.3490280608733259,0.5186712141836748,0.2380228664485473,0.121327832983646,0.3976633508025425,-0.2982653099897391,-0.6278179247769059,-0.5271794519378694,-0.4636328651735071,0.9114628825140306,0.498570890760326,0.3602545507551373,0.921501617074849,0.8684004847880852,0.3142252710855372,0.1746042062501407,0.8756843838411066,-0.1884021444172518,-0.6751750907895745,-0.6315169617321957,-0.3318510816759865,0.2551060056251893,-0.3472719742822358,-0.2736909268700512,0.0953992071752257,0.8916671994622805,0.6085301968320903,0.2934905043144559,0.911971801918183,related,9
CHEBI:46662,related,direct,minerales,Mistral-Small-3.1-24B-Instruct-2503,-1,0.4711886644063508,-0.1827411859789853,-0.195446041178476,0.3594039459087631,-0.6561915190463966,-0.8196754901344658,-0.6847563299010896,-0.7893363347889316,-1.2602366672945462,-0.8448158735214942,-0.1113910288876969,-1.253876029336095,0.5175154698451422,0.2171985548352335,0.1351880259487816,0.3963354981636988,-0.5499142126986729,-0.7581926826712181,-0.621861279308191,-0.6871402913534799,0.9266317277028646,0.5309635498598391,0.3666135085049741,0.9466240203273985,0.6333833855036646,-0.0643428695037547,-0.1116679984357749,0.5405921537080898,-0.8084117167966949,-0.8772332984043638,-0.8026517729747246,-0.8733930568747766,0.4454835720194418,-0.2535376826294371,0.1243697932368846,0.3149978764868825,0.729703417480195,0.2652811466380883,0.045217281298887,0.6462261554390016,related,9
CHEBI:46662,related,direct,minerals,Mistral-Small-3.1-24B-Instruct-2503,-1,1.034862121075119,1.24599847775276,1.0501133473090285,1.305849678272373,-0.0786639944638208,-0.5282824834377537,-0.495951089429027,-0.2567414319257483,0.4123808050111121,-0.2263452990520722,0.0006367772003389,0.3078314254872738,1.3018682046411965,2.100232208208199,2.0283605767004462,1.5594944978967116,0.9761857585092648,0.9318221885954908,0.6062658866101492,1.0830193191680375,0.685531669032175,0.0886556196106789,-0.0103453598653179,0.5882616933216435,1.0345134517543122,0.7024414335139305,0.5721243446628343,1.1612592027002837,-1.928218989261092,-1.1109340616153789,-0.7607792555260535,-1.719717415478423,0.8639556355909527,0.4747628002328868,0.2987961972298973,0.890518842649014,1.063373287972491,1.3170098425737635,0.9351210691260652,1.2819949883998487,exact,9
CHEBI:46662,related,direct,mineraux,Mistral-Small-3.1-24B-Instruct-2503,-1,-1.457613955264197,-1.1353199215230676,-0.8929231716409641,-1.4318217008851222,-1.9872536771879223,-1.1925192259235375,-0.9349702611120192,-1.7956294445487635,-1.358612347332433,-0.8514895142626386,-0.1105161404603253,-1.331878561224388,0.2626705668150367,0.0052787236045551,-0.0738708844093119,0.1177118055829748,-0.3711667159223263,-0.6701280919071433,-0.5807768769202677,-0.5299368889267947,-2.2953991232455144,-0.9809504430133834,-0.8242409976817964,-1.935516016468921,0.4016803256968721,-0.2840397700470518,-0.2883029270389295,0.2568770931112259,-2.086904584310796,-1.1116441425210757,-0.9894489920045486,-1.830521371538666,-2.100748107713508,-1.157446200819583,-1.0570152041169485,-1.8421875692581064,-0.6187866096118037,-0.6282518239890633,-0.5000244610694027,-0.7482626063674128,related,9
CHEBI:46787,related,direct,Loesungsmittel,Mistral-Small-3.1-24B-Instruct-2503,-1,-2.950160781824692,-1.401055439993977,-1.0576216833684249,-2.424100539763924,-3.4406745989482777,-1.4563469670983515,-1.1191602242490843,-2.7097733552849395,-0.7079625523119809,-0.7524802584262824,-0.1036895836672586,-0.7956419812934762,-0.8464893296443077,-0.6545967156293961,-0.6226714864395504,-0.8881689844881289,-1.897407143939868,-1.1898486494506173,-0.8666073016860333,-1.699766856141437,-2.889502845618204,-1.0345566917543183,-0.869303055010524,-2.315981576333316,-0.8010407860985269,-0.7281495289877664,-0.640160230394129,-0.8790554849340941,-2.624424313333748,-1.1756956468550075,-1.0389855541427726,-2.193827071947555,-2.2751288628846487,-1.1814651091766852,-1.1108945660544147,-1.957048615270716,-2.314872122994536,-0.9734951485281422,-0.6903041622312776,-1.9185331480902093,related,9
CHEBI:46787,related,direct,solvant,Mistral-Small-3.1-24B-Instruct-2503,-1,-0.3306028473902081,-0.7744233930647866,-0.6356600705653143,-0.5091500372920725,-1.9953003465748351,-1.2349454077739486,-0.9881394719673128,-1.801103721376168,-0.2819678674060198,-0.6333720241060636,-0.0974200287606652,-0.4114625815706003,-0.1581989353206811,-0.3154387892783974,-0.3069760200887014,-0.2949886358796987,0.2543371573472035,-0.2084971420572481,-0.2623700356262729,0.0922191096813038,-0.1892603411837674,-0.5178421296920592,-0.4853370275850666,-0.3551421287272605,0.3246762046652732,-0.2278044791078528,-0.252424253226053,0.1697365601810795,-1.0698335247596018,-0.9558254796892428,-0.8628529646777742,-1.0832223799117162,0.2392929178897819,-0.4634501073343519,-0.5213817467139548,0.0779797437581738,0.1308570451035057,-0.330774507110931,-0.3466069242580484,-0.0772147390042915,exact,9
CHEBI:46787,related,direct,solvents,Mistral-Small-3.1-24B-Instruct-2503,-1,0.1711725545795524,-0.4697365993316409,-0.4226028122195764,-0.0002376037332195,-2.153352712944105,-1.24961021956706,-1.0005578803890158,-1.9075118270326668,0.6808186904259922,-0.0536302368620948,-0.0403978322081781,0.636963736158657,1.0568004400213635,1.2281524022717327,1.1746559094373965,1.113812279107341,0.979859244298914,0.9991417247169824,0.6943132028242391,1.089634489519562,0.8368409568365437,0.3581313085585081,0.2209463669772884,0.8037298002220189,1.2065703246635586,1.927447739222964,1.7254355855509456,1.544669142511167,-0.1524415618493781,-0.6519982596658054,-0.4823269688282235,-0.2980425607875497,1.0130704793772616,0.6623916847456558,0.5089618737990961,1.148886695762832,0.95276508411038,0.7580608090726236,0.4630148343442243,1.0289298167853125,exact,9
CHEBI:48359,related,direct,HBA solvent,Mistral-Small-3.1-24B-Instruct-2503,-1,-0.0954201352584771,-0.5562010087126023,-0.5027345618801616,-0.2817516085099527,-2.04427770984762,-1.2043896452143072,-0.96142763823146,-1.8343028380519808,-0.0830774956384295,-0.5291328958517247,-0.0889263908628411,-0.2196296309177249,-0.4178793710953133,-0.5376741157930198,-0.5415850244444893,-0.5284192586643551,-0.8181089275789858,-0.8706175433081697,-0.6711429838231306,-0.9105138049341668,-1.2561181653334712,-0.7943610977190857,-0.6854469060665807,-1.2183565785076749,-0.8663063248760766,-0.7926200346260565,-0.7023855707119708,-0.931563051639922,-0.3950035772122999,-0.6634290670878734,-0.6242664344795297,-0.5204057810122692,-0.2023011397917658,-0.8130826934694365,-0.8009389405525091,-0.3697083397981008,-1.4512837308360325,-0.8427242719651519,-0.624854916765917,-1.361473597755711,exact,9
CHEBI:48359,related,direct,hydrogen bond acceptor solvent,Mistral-Small-3.1-24B-Instruct-2503,-1,-0.5390685153124202,-0.780795167612643,-0.673147017068821,-0.6979892947817513,-1.1161221191030348,-0.9369614509058636,-0.7851917380880596,-1.1637992026123802,-0.3506898718631427,-0.5772143760076137,-0.0934534054837198,-0.4757107517819083,0.3324313278527012,-0.1039491994113534,-0.1546128979695054,0.1913994442292645,-0.8755903366910216,-0.8608197721350767,-0.6873689374226631,-0.9566657559946274,-1.296116363294922,-0.8112197366317467,-0.6952158256933139,-1.247636371519923,-0.6992282580767362,-0.7264788475820012,-0.6567777907355351,-0.7958487268515744,0.3816315190597791,-0.2962159259587297,-0.2935580933151599,0.2489061360646657,-0.2481998422353386,-0.8122964932858966,-0.7417491223156787,-0.4126840402399054,-0.6130268836866484,-0.6235249328225586,-0.5064250832876218,-0.7436421736962916,exact,8
CHEBI:48376,related,direct,H2N-C(=NH)-OH,Mistral-Small-3.1-24B-Instruct-2503,-1,-1.458002599682671,-1.079150195882025,-0.8864482981382972,-1.432106495348046,-2.3987885541349487,-1.2762385917309798,-1.0216902583112557,-2.0687968052931063,0.0059331771111024,-0.3375109364168656,-0.0590374113273325,-0.1306052262708728,-2.7256858024667703,-1.4009131587323949,-1.1593059908473329,-2.2485660717811147,-1.0455754894220577,-0.9181048437188984,-0.6856418989513937,-1.08996842331345,-1.861997271389204,-0.910320773200682,-0.7776486867187664,-1.6461910458242943,-2.201894406471572,-1.020434338410993,-0.8686897156292669,-1.903514702414192,-1.3795626572998367,-0.8358167792986525,-0.7556228330364432,-1.32111275513647,-2.3111651169377296,-1.082755250812241,-0.9978559639701514,-1.9805024862622715,-1.738935135306892,-0.8970937341836464,-0.6583914467600961,-1.5539857552404437,related,9
CHEBI:48376,related,direct,H2N-C(OH)=NH,Mistral-Small-3.1-24B-Instruct-2503,-1,-1.4349064143844454,-1.0718052079803837,-0.8792671972007441,-1.4151510684343085,-3.0651291924448407,-1.3975776273277851,-1.092932162362531,-2.4859077593448915,-0.1794654111228374,-0.391474963860512,-0.0718381073054675,-0.3137488313490826,-2.879384850991125,-1.4539234604061428,-1.194583028736098,-2.350412022657587,-1.1573142836472134,-0.9555862768742518,-0.7279732485017558,-1.1751853739029288,-1.8420533166333288,-0.907172754645696,-0.7722474398111461,-1.632582605917113,-2.254618540193466,-1.0030273900941775,-0.8607556202977382,-1.9389432534022424,-1.5266522266620923,-0.8546167299395585,-0.7611454648901969,-1.4305843986899722,-2.3992973454768,-1.0747823789525155,-1.0115991173744905,-2.037473032283152,-1.4650070699311322,-0.8356626711673366,-0.6258618192712199,-1.370843382951577,related,9
CHEBI:48376,related,direct,HO-C(=NH)-NH2,Mistral-Small-3.1-24B-Instruct-2503,-1,-1.3170373061805112,-1.049491583006736,-0.8560679528376415,-1.3276173421237558,-2.706979408498462,-1.341128241509571,-1.057176914159008,-2.265197290698482,-0.2049234218125991,-0.4881696675679417,-0.0716518059959609,-0.3382374689041061,-2.85461068066712,-1.4198055546331454,-1.170531584255728,-2.334058823096066,-0.8053208752830184,-0.824139142456463,-0.6338336956601215,-0.9001683991371668,-1.902068868215456,-0.9161044181381622,-0.779589170133687,-1.6734484615839078,-2.30937032134674,-1.0374673673030503,-0.8719768311534006,-1.975560657914552,-1.2852847104469465,-0.8039091951083868,-0.7336812305717212,-1.2498118452914764,-2.255724231171724,-1.067329847613408,-1.0009848982951215,-1.9443801574145767,-1.7345273608173133,-0.8962825628746798,-0.6487696106652242,-1.5510941575408612,related,9
CHEBI:48376,related,direct,Isoharnstoff,Mistral-Small-3.1-24B-Instruct-2503,-1,-1.4563951830538482,-1.0352164858625563,-0.8411237493172076,-1.4309284831498326,-2.193245928514892,-1.2000425137552868,-0.945476129253896,-1.9340444687995912,-0.1639489171698546,-0.4443701259225409,-0.0685795498399036,-0.2987492304379403,-0.9554700413677396,-0.7664075132173749,-0.7071658112252016,-0.975520901352926,-1.6021993432616697,-1.1025764971330752,-0.8071752700523935,-1.4980197216821476,-1.2618292055029725,-0.8059274726338534,-0.6982484432608514,-1.222547423021503,-2.143692199742581,-1.019975928257538,-0.8866936974082293,-1.8642084219730417,-1.0881209939135783,-0.8007720754216957,-0.7336594152655439,-1.0975716908790325,-2.7098493745184595,-1.2189325335179826,-1.0157035280254645,-2.234083902611014,-2.048494345178073,-0.9285001796379796,-0.6684708496238656,-1.7530165615814737,related,9
CHEBI:48376,related,direct,carbamimic acid,Mistral-Small-3.1-24B-Instruct-2503,-1,0.8710265983319858,0.836068161122919,0.6335332580349752,0.9663172519724452,0.9643729057858528,1.1878526396166555,0.9539299412880056,1.111747726443728,0.8048817534041485,0.4386125259571372,0.0191312713037341,0.8046406558454593,1.1208181100387435,1.2378573165284716,1.0967813652396858,1.2186455749471967,1.0652958802701809,1.3398130613707089,1.000984909613899,1.252142635448837,0.7629313424221236,0.2489173960090916,0.1367165421482811,0.6951072659795089,1.0145741711718264,1.004846741744012,0.8224503456458828,1.1238442106261946,1.3828436963085913,2.36465180307481,2.325315848600836,1.8559752040141968,1.1000967926031906,1.4974542634088868,1.3858769106624889,1.3237005584983323,0.8526303757780015,0.5099714275989896,0.2344479592054085,0.8428700573050045,exact,9
CHEBI:48376,related,direct,carbonamidimidic acid,Mistral-Small-3.1-24B-Instruct-2503,-1,0.5983720289149307,0.2037286875690115,0.0489462444645346,0.5315915192464119,0.7893605645651856,0.6659621449028361,0.5099044280881893,0.8074168031985555,0.8512157177122841,0.4744634229910213,0.0196497844011802,0.8705130368052061,0.4134567054854539,-0.0514323228828303,-0.1194023417545035,0.2793182223377895,0.6862526512502036,0.375264740914609,0.1718759484820131,0.6270951902167133,0.1767079199330482,-0.3345246322204971,-0.3280519052411586,-0.0022530486152025,0.4510194747062587,-0.0798767336414332,-0.122135341805436,0.3143937613149147,1.064633815318192,0.7507795146639089,0.596460148578914,1.1707054100020151,-0.2991841823891142,-0.5405697463191755,-0.5656826514209823,-0.4597725283750176,0.4573935657311407,-0.0678936436975684,-0.1526336004817959,0.2830670508974333,exact,9
CHEBI:48376,related,direct,isourea,Mistral-Small-3.1-24B-Instruct-2503,-1,-1.2088252122388394,-0.9831020978365196,-0.8052827743443421,-1.2457005622044113,-2.007851038587119,-1.1852219732443907,-0.95936196891466,-1.8096308939813992,-0.0174735683182445,-0.2740306771670444,-0.059649903522089,-0.1542225097212826,-1.0840869395033914,-0.8005615594622938,-0.7024499897162297,-1.0767832919530371,-0.7569172978194043,-0.811409921888303,-0.6185619943486601,-0.8607467915341555,-0.6342099641812391,-0.6663234830804471,-0.6065164727367061,-0.7379871246284893,-2.058771772918919,-0.9853387576953316,-0.8528154109615058,-1.8064737155888528,-0.497127878123451,-0.722124496046511,-0.6585357894688117,-0.6103715494771285,-1.7432372130677134,-1.028084199006454,-0.871968710139186,-1.598944439808383,-1.3919516392461555,-0.8330987275939926,-0.6203846713150727,-1.3207344988531151,exact,9
CHEBI:48376,related,direct,pseudourea,Mistral-Small-3.1-24B-Instruct-2503,-1,-0.8691124470245397,-0.8736037644702186,-0.7276933393318022,-0.9775986452144028,-1.2966837268204092,-0.9622068201418156,-0.7876370410423128,-1.302001588881977,-0.222354558292892,-0.359248979319245,-0.0685531143044553,-0.3549194988949457,-1.261029268083349,-0.8664121772600982,-0.7708213590489392,-1.2131433868576738,-2.3029448489991924,-1.274184062398105,-0.9040061151345228,-1.9634495429134733,-2.076665562174125,-0.9354394293339806,-0.7985463324910709,-1.790952995628625,-2.519154769291009,-1.0584460676932408,-0.9169303545643406,-2.114320353193665,-0.5225393323747992,-0.7281557465308873,-0.6777602628545418,-0.6324544967608494,-2.484165443880252,-1.164656872494109,-1.0090190845839448,-2.091826950531184,-2.325007630665375,-0.9970723495797444,-0.697249708637505,-1.924736410629588,exact,9
CHEBI:48560,related,direct,dopamine agent,Mistral-Small-3.1-24B-Instruct-2503,-1,0.8114701436355195,0.6404492501636233,0.4649912383638389,0.8611090932252422,0.4540888858888164,0.0224421077882983,-0.056646175135425,0.3371186470171095,-0.4497979267210236,-0.6666590930964815,-0.0946981464028917,-0.5667174047158152,0.6055404316344721,0.2064693210805664,0.0810526832761042,0.4994117866944296,0.9726030294273597,0.9650196726686924,0.6638650556346298,1.0765939451913382,0.1843463458373186,-0.3373462504381999,-0.3441574550939948,0.0056027189503447,0.6796225539337689,0.1696834212383263,0.0709592700793465,0.6019921182295164,0.595788989835437,-0.1344077526746843,-0.1459221214276465,0.5003195126378052,0.1916013029669867,-0.4638922587488266,-0.1431361219832505,0.0261200896485434,0.934477618890213,0.7229858768455213,0.4243705549868993,0.99263762919016,exact,9
CHEBI:48560,related,direct,dopamine agents,Mistral-Small-3.1-24B-Instruct-2503,-1,0.8691299579498798,0.8105761385728769,0.6036727780844349,0.9628503474477044,0.4329285216614483,-0.0123592265790159,-0.0764567849451593,0.3106670816354272,0.0410502226049706,-0.3626764140189268,-0.0465954270962873,-0.0948834211666364,0.6038846292387643,0.2029579901267995,0.0891916577093526,0.4974349373225709,0.9770479472328352,0.9907284360775354,0.6880168629693617,1.0845694681507545,0.4847819707519802,-0.1145899925151711,-0.1670227257139075,0.3361350720562958,0.7367367298623102,0.2924990506702742,0.1925519396171853,0.6805728365151418,0.4788903375584482,-0.2457200117106266,-0.2376206805001658,0.3601448128230162,0.5678191089988628,-0.0902529915510621,-0.0191724973216858,0.4675071871071117,0.92568219437899,0.6888090807154545,0.3862849111699334,0.9755968699985876,exact,9
CHEBI:48560,related,direct,dopamine drug,Mistral-Small-3.1-24B-Instruct-2503,-1,0.7063247948278174,0.390171996939989,0.2156788871212833,0.690785655432289,0.5226486523588393,0.0930928438431229,0.0063670939686154,0.4250067687483385,-0.8841512289235974,-0.7677755747303304,-0.1032351162157256,-0.9460039456391536,0.5523102548406742,0.1525695565074579,0.0345961584897677,0.436601343242378,0.5051606061904631,0.0556257082955968,-0.088641743865699,0.3877382481187191,0.3140280686553814,-0.2527145776793826,-0.2697761496832017,0.1427633656249736,0.5039870239754155,-0.1134376778633105,-0.1519603945252016,0.3777520569523499,0.2127188803655564,-0.45141992821771,-0.4256079372367507,0.0654663050829468,0.3840848981346799,-0.3024772401960265,-0.1409031291692462,0.2420389186517632,0.8103210040004296,0.3986416707928092,0.1679787061744483,0.7719684753458721,related,8
CHEBI:48560,related,direct,dopamine drugs,Mistral-Small-3.1-24B-Instruct-2503,-1,0.7899834607143376,0.5770402520190002,0.3764421022143875,0.8248420298439082,0.5315774889358249,0.1098360582289811,0.0205310702237919,0.436713473843352,-0.1505564256506857,-0.4815123158801578,-0.0510907890861119,-0.2857570810707824,0.5094076489132039,0.0685387643949606,-0.0288632663073088,0.3870384954550398,0.744838266973128,0.4387644700356194,0.2228564906525046,0.7107093291613062,0.5573308538800932,-0.0439069152885385,-0.1064239447013806,0.4236754945061367,0.6272115578003112,0.0809363541972214,-0.0026294589976645,0.5325352848240976,0.4465870533223277,-0.2881493316730772,-0.3111350533624928,0.3226943222860643,0.6790840548087305,0.1169669733969576,-0.0125361671625573,0.6160439340919563,0.7785996824162158,0.3128743550914033,0.0893257974501362,0.721154804763747,related,8
CHEBI:48560,related,direct,dopaminergic agents,Mistral-Small-3.1-24B-Instruct-2503,-1,1.2182710003715618,4.075427195868095,5.0914470904301,1.9123158257389457,0.7797817509300216,0.5491903835767322,0.388409416047847,0.7922690905598505,0.9126336014606998,0.4130247154235941,0.0360567964679218,0.9610173912362376,1.232407232709062,1.602688145891075,1.4724636734587844,1.4191956535067862,1.182363389764322,1.904913921166908,1.6172612872699046,1.5112178130151068,1.3021247275188317,4.084233076207379,4.421611757017201,1.903693265358444,1.261015899659389,2.7901287001466986,2.7274530147690847,1.7055151628793372,0.9964193120223506,0.39404082440721,0.2611199498526862,1.057895437496433,1.105155979850183,1.281058600989966,1.3079093541593352,1.3346136507244637,1.181420836814262,2.970629144846724,3.0100356832390687,1.704634334160147,exact,9
CHEBI:50112,related,direct,Geschlechtshormon,Mistral-Small-3.1-24B-Instruct-2503,-1,-2.4330864166554296,-1.270443336677353,-0.9826395531382472,-2.0998026753238315,-2.209070579042445,-1.251010059704564,-1.0045689244073586,-1.9445341928113111,-0.1230136675095795,-0.4714617135305551,-0.0670150322136557,-0.2589018919815818,-1.1535393109283998,-0.8345921173940584,-0.7567664434620638,-1.1306963285545517,-2.2120303974533604,-1.242631048579053,-0.9033209765186776,-1.9055720762647583,-2.840869252197688,-1.0341643009312915,-0.8668238665137045,-2.285407003109354,0.907185918512171,0.5377887128663793,0.4139206693628919,0.9377056695593884,-1.7341778811790898,-1.018336033425233,-0.8996871859329295,-1.5816692598373927,-1.989295149151632,-1.0711934763643234,-1.0201113196492502,-1.7675278805880776,-2.740183144327,-1.0479699366666384,-0.7320334598890316,-2.1735356811297253,related,9
CHEBI:50112,related,direct,Geschlechtshormone,Mistral-Small-3.1-24B-Instruct-2503,-1,-2.2512842587384028,-1.2279658254371084,-0.9580506481009484,-1.981493480009069,-2.1699003367585936,-1.226585014740205,-0.9825944946017288,-1.9185329924438896,-0.1364373321030623,-0.466057307398149,-0.0654906704574242,-0.2720134753009885,-1.2359735335379605,-0.8484084602510502,-0.7557604805544685,-1.1940294546961363,-2.08513523303491,-1.2169591016863104,-0.8865417607262916,-1.823627370266775,-2.526791706665049,-1.0010381335538725,-0.8454292875671499,-2.0856257487657945,0.8231443563654318,0.3601995661941412,0.2341528589275349,0.8061421179350772,-1.534786941807582,-0.9772768689662166,-0.8702410145432206,-1.4365787229958606,-1.8621913800205303,-1.0558464615152257,-1.000857252495635,-1.681115454309613,-2.477397842042784,-1.0158066335060103,-0.7161841081444821,-2.0172281651090067,related,9
CHEBI:50112,related,direct,Sexualhormon,Mistral-Small-3.1-24B-Instruct-2503,-1,-1.119959823543818,-0.9665276612680784,-0.7857001792214067,-1.17724034945809,-1.9264641263022888,-1.1740857545089516,-0.9493899686403952,-1.754088602647932,-0.1328462709126441,-0.4374916089584136,-0.0629401644297533,-0.2685102146989176,-0.6015198565344845,-0.5847950534709896,-0.5482363740970689,-0.6860032481701153,-0.8713723106549066,-0.867740275565007,-0.6619821033159754,-0.9532982711228848,-0.8100314303890854,-0.7173117218980691,-0.6203976188103782,-0.8791866221588419,0.9217431467933908,0.5321771576090282,0.3951696889951491,0.9616221130833394,-0.042875589897298,-0.567582351337739,-0.5470309571484689,-0.1930214877751494,-0.6707531407924481,-0.835532902289416,-0.6692418595779808,-0.7849470074753814,-0.2014108207893774,-0.5348062480347481,-0.4594032681572224,-0.3945317384847857,exact,9
CHEBI:50112,related,direct,Sexualhormone,Mistral-Small-3.1-24B-Instruct-2503,-1,-0.97967587446045,-0.9029598000515348,-0.7424124021377297,-1.0668182878282992,-2.3931740569657363,-1.2421389518789203,-0.9852492846495106,-2.0651578687061614,-0.1343471967129475,-0.3069504909683714,-0.0592187868719724,-0.2699748250721456,-0.6591674176073088,-0.6041511002139938,-0.5521374591975986,-0.7343553102494336,-0.1528514554434689,-0.5081368142244789,-0.4351567068374207,-0.3271331230277884,-0.0256356365978209,-0.4506296194148885,-0.4325846987281617,-0.2025794798039489,0.908175482219381,0.5191604449019892,0.3749614050804328,0.9393199407218829,0.0056091500608165,-0.5341059692671519,-0.5020706364086938,-0.145518425464925,-0.1211661310878752,-0.5709458145227017,-0.4958980612951183,-0.2923063144440843,0.4766062404642805,-0.1179716686030531,-0.1996192787237351,0.306373802268382,exact,9
CHEBI:50112,related,direct,hormone sexuelle,Mistral-Small-3.1-24B-Instruct-2503,-1,0.1661173961417619,-0.3166388884926453,-0.3193565359551332,-0.0058609397178354,-0.1027861418451829,-0.5347030269401141,-0.4691933234100422,-0.280831805597866,-0.0060715353219396,-0.372824753399402,-0.0552947223455068,-0.1427368475099938,0.7094546255648542,0.5519832366097744,0.3657388058101936,0.6266917585354405,-0.7164354844174692,-0.814377859685442,-0.633442674871557,-0.8274490990299304,0.3695012573298353,-0.2028415042885113,-0.2210476936517991,0.2038366341158058,1.061543586243716,1.0300215265297077,0.8618528659102875,1.213735707751862,-0.6672804694927582,-0.820120795262846,-0.7406735465932547,-0.7560915060781431,-1.0955304228913685,-1.083019297327918,-0.2598980479904985,-1.1255937670031295,0.7732052929858652,0.2826439467081426,0.0737604702555552,0.7126947756919364,related,9
CHEBI:50112,related,direct,hormones sexuelles,Mistral-Small-3.1-24B-Instruct-2503,-1,-0.0387614800900965,-0.4851466105881248,-0.4333335726958849,-0.2242737732855943,-0.4647325062424995,-0.7314339491698006,-0.6437223832275043,-0.6218836764357201,0.2285731981254938,-0.2823049679115216,-0.0312694267882838,0.1022850258570668,0.0401050052201276,-0.2022477355344284,-0.2653417856687224,-0.1066458609219103,-0.7412790527254679,-0.8187718206303061,-0.6267146221231199,-0.8479197225227878,0.1993866479365015,-0.3159623270919573,-0.2971608836273455,0.0211396983080455,0.9099067090429548,0.5619421121117631,0.4087867640811176,0.9421480690767506,-0.5662509632178663,-0.7874013442134733,-0.7054672737275282,-0.6701705556349994,-1.4667011945917807,-1.1221672431904255,-0.6494360036473141,-1.402604029767111,0.7583008024266298,0.2581102218871156,0.0528514047201368,0.6895776278200986,related,9
CHEBI:50112,related,direct,sex hormones,Mistral-Small-3.1-24B-Instruct-2503,-1,1.0339395251121224,1.4862511825491949,1.3015001804154724,1.303646488807014,1.152760641092622,2.049345190804589,1.8676135149871247,1.5371741774799672,0.6786977668143327,0.2399175817062791,0.0105522524383748,0.6341958530361416,1.1686459397136244,1.5851791777894046,1.4524577561311232,1.3014722953584674,1.201080880299582,2.049647388443909,1.7414055935563546,1.55823183889218,1.227056704077555,2.183396787089224,1.9833321792074745,1.6021670574365734,1.220669670767936,2.039186465000786,1.869224557328071,1.5834648821342103,0.4292218508998784,-0.3251334592020617,-0.3372473524537384,0.3027738850486368,1.190486603921122,1.8053260394933013,1.6171973002230484,1.5357181460183449,1.1741388754940871,2.6623561205425474,2.564280733910677,1.666091312311532,exact,9
CHEBI:50315,exact,direct,chloranium,Mistral-Small-3.1-24B-Instruct-2503,-1,0.5258540395250622,0.0487188997987498,-0.0896980056602796,0.4316379318057698,0.2011025943554758,-0.3047885220438172,-0.3071363407993397,0.0384020100525522,0.0420766249407165,-0.4858881610269073,-0.0795685124767812,-0.0938340195145092,0.4784990644946867,-0.0609421535975983,-0.1305445236333012,0.3518832078704121,-0.4129904320744804,-0.666226826977014,-0.5658796254547316,-0.5673813965095849,-0.4175855746341261,-0.5778286169410504,-0.5225567432810662,-0.5567181897918969,0.9617807231399907,0.7267069355667396,0.6206237908505843,1.0293927885631131,0.8936547517480302,0.4377543371934719,0.2995051499433305,0.9000840979171417,-0.6177614249442319,-0.803142656055907,-0.77972825305376,-0.7403148445648776,-0.2723913672291426,-0.6086210655348463,-0.4971158880155543,-0.4577068817101277,exact,9
CHEBI:50315,related,direct,H2Cl(+),Mistral-Small-3.1-24B-Instruct-2503,-1,-0.5562196229319846,-0.7640906734787927,-0.6664103777133993,-0.7130665389132163,-1.4565206180160764,-1.0869614604257587,-0.8931760162907714,-1.4208617543444568,-1.3738779172798266,-0.81201865855284,-0.1075133396755768,-1.3438985132784884,-1.819805444694525,-1.0959056370528557,-0.9140538595829356,-1.6250139838673237,-0.9425017999124864,-0.9050064871799968,-0.6887599710884067,-1.0096896330748388,-1.087725957280463,-0.7580541742848258,-0.6595294196758209,-1.0931833743170345,-1.6545890229122429,-0.9290928494984542,-0.7946057285044882,-1.524707740766319,-0.6138129476968482,-0.6067543096423736,-0.5714954007421557,-0.7108323986377955,-1.0949242068696854,-0.8942204346578209,-0.8985953995535664,-1.125127018042132,-1.93945172171884,-0.9774735003300288,-0.6949861028879167,-1.6837837153774549,related,9
CHEBI:50315,related,direct,[ClH2](+),Mistral-Small-3.1-24B-Instruct-2503,-1,-1.0607071928381804,-0.956466720139009,-0.7905164487425268,-1.1309634110539295,-2.025370133488562,-1.224932299556755,-0.972687876578065,-1.821510882657123,-0.9727081602581146,-0.7823185683294216,-0.1058646941673249,-1.0200032898376732,-1.7686807539547305,-1.163741831243999,-0.9588165303045236,-1.588358019603707,-0.9858921497102264,-0.9092250026417718,-0.6977135845100869,-1.0436864905852614,-0.7590397558224693,-0.6803483733173269,-0.6012295615115663,-0.8387317802022858,-1.6710479096732431,-0.9129525026314232,-0.7806172667092413,-1.5364288697715194,-0.3998343585447933,-0.5293700639154861,-0.5101364037545147,-0.5247068618567976,-0.8419741379260446,-0.818322083288442,-0.8235528761739952,-0.925724166735782,-1.926764018704352,-0.9909700180755048,-0.700823820518613,-1.6756683613198,related,9
CHEBI:50733,related,direct,Dietary Supplement,Mistral-Small-3.1-24B-Instruct-2503,-1,-0.9562299787105384,-0.9337856731570154,-0.7679701132727016,-1.0480661555126425,-0.566681834923398,-0.7995780670977006,-0.6890941853858403,-0.7120201053421914,-1.2503763544920914,-0.7293828460786519,-0.1020292125487351,-1.2460045416489631,-1.0643217454842837,-0.9635173387527224,-0.8335369392929349,-1.0613443018944784,0.0582032684158462,-0.3452246343479934,-0.3424741605362903,-0.1174813846995662,-0.3310505948639693,-0.6090271013747922,-0.5402578046257046,-0.4817150971638981,-1.662560168555406,-0.93117940503438,-0.7900617919551662,-1.530387194822482,-1.1352924690557873,-0.9384273420344372,-0.8609184029001168,-1.1344000854887402,-0.5029220922140643,-0.7138001079274925,-0.6518109115364868,-0.6417127292019171,0.7877656035422266,0.3137429023687057,0.0797630714821445,0.7356472511613001,related,8
CHEBI:50733,related,direct,Food Supplementation,Mistral-Small-3.1-24B-Instruct-2503,-1,-0.5631742027495087,-0.7698488214260798,-0.6549982951104213,-0.719161636490468,0.0294240064332082,-0.4243109368188991,-0.444640959962286,-0.1463265490745517,-0.7305330126736204,-0.6529631495064933,-0.0929193157844603,-0.8151511562339216,-1.8239414695261489,-1.1560859256098588,-0.9760411159639316,-1.6279714055736083,-0.4726564847943605,-0.6935278581883895,-0.5683754722768454,-0.6200857821961256,-0.7822531926544715,-0.7396827363293121,-0.6451591844157519,-0.8571966643051552,-1.9951379745436169,-0.9658728152270918,-0.8311626344363817,-1.7628997838627904,-1.5023883517883945,-1.0080325940243426,-0.905792778537378,-1.412668343840484,-0.7330775808895676,-0.8132697558638029,-0.5915812432217079,-0.8367795612180357,0.4530353283934,-0.1494916084196611,-0.2336089608123758,0.2778194723618142,related,8
CHEBI:50733,related,direct,Nutritional supplement,Mistral-Small-3.1-24B-Instruct-2503,-1,-1.5737936074092904,-1.1134895281351431,-0.8879597334322957,-1.5161881710247778,-0.4280185094007251,-0.7179570977269134,-0.6323031616399593,-0.5888472035741666,-1.0511334575878144,-0.673734078047851,-0.0962157849845486,-1.084725537586262,-0.8033942361764014,-0.9975118404546616,-0.8689936514237855,-0.8532084747345823,0.011018423884798,-0.3837405673601902,-0.3394203628816844,-0.165665028462355,-0.3767202812750285,-0.6260970909788334,-0.5561486746011934,-0.5214980053239808,-1.3966080927445188,-0.8801607381391239,-0.7696805254622747,-1.3378496374212612,-1.3515999405479202,-0.9763836194686806,-0.851991133816137,-1.3000606472383631,0.2720393062214187,-0.2846910684397867,-0.3078946167863183,0.1141810649134217,0.8300847795477664,0.4429907472752062,0.1776558621709045,0.8046139891543382,exact,9
CHEBI:58001,related,direct,an aliphatic amine,Mistral-Small-3.1-24B-Instruct-2503,-1,0.7845410483568869,0.5708271823498829,0.4181533482212491,0.8157847014470638,0.5929541158740059,0.2093355598991629,0.0922477377903194,0.518958599277934,-1.3224269505509645,-0.7457296745254984,-0.1032378089862137,-1.3032974203876913,-0.2549620123498875,-0.4474826492931038,-0.4521952286960279,-0.3835671127631596,-0.2881589023202158,-0.588005149581388,-0.4716948532561785,-0.4543333790288906,-0.4994351968169981,-0.6381805988563192,-0.5732796552046456,-0.6262435489355545,-0.8876571709939399,-0.7693525516692205,-0.6743480932690965,-0.9486060377014476,-0.0849636011949843,-0.508860746716697,-0.4764964274819979,-0.2337339541739386,-0.0509401512647404,-0.5071276837931865,-0.5542651464112044,-0.2237317617601919,-0.3907784519658027,-0.5842690009800894,-0.48617702045752,-0.5601169161822207,related,9
CHEBI:58001,related,direct,primary aliphatic ammonium cation,Mistral-Small-3.1-24B-Instruct-2503,-1,1.0855423265933055,1.8757271108746616,1.666348040241589,1.4345250174625892,1.0529266499343977,1.4724609222303109,1.261251726346789,1.293485158315773,0.7987225696841341,0.4573007790394534,0.0159766269885111,0.7960277438779486,1.068194473771298,1.1026237748670007,1.0029212255206594,1.1320161094153858,1.196964415341181,1.9901943216895128,1.637246234968279,1.5477228497538542,1.2077474783649575,2.0358080214318486,1.8643224162195624,1.5434169037838268,1.0511855819511886,1.09003098633022,0.9177830735438752,1.1933742989577478,1.2873727165507416,1.623670118880835,1.4112357491239929,1.608903292758226,0.8541103442576783,0.477265472161519,0.3857014503287607,0.8748156709049606,1.0884555991864264,1.4897813383313163,1.0981091098507447,1.351248025178608,exact,9
CHEBI:58001,related,direct,primary aliphatic ammonium cations,Mistral-Small-3.1-24B-Instruct-2503,-1,1.0541844925925268,1.6383410650279515,1.4331207949442613,1.353050304345043,1.05016055879792,1.4598246050572217,1.2320145746941136,1.2874101190260527,0.2681849391121167,-0.1143029847968513,-0.045448941833292,0.1454592098203309,1.0676149634101983,1.103306062047214,0.9351832296548792,1.13108573915901,1.0410271044445625,1.2061393632752222,0.8346968782355424,1.2041521518178333,1.012565064964654,0.8381450621867609,0.6859596276186452,1.0983054002790835,0.54802525919929,0.0371460393072137,-0.0236651000362783,0.4318114761704509,0.9418853429512988,0.4436435060592388,0.3108940786376487,0.9725269241454916,0.6195969630489451,0.0743073366740287,-0.0368635305149835,0.535334692081763,1.0949155533932908,1.5465755818909184,1.1280931784737482,1.370159362342907,exact,9
CHEBI:58001,related,direct,primary aliphatic ammonium ions,Mistral-Small-3.1-24B-Instruct-2503,-1,1.2025062200694163,3.567370984936175,4.093277956209048,1.8338915136911813,1.2759029493371412,4.123402723370752,4.942373289419447,1.9684711484898447,1.314086994973392,2.027040871562287,0.188478642121426,1.7005148226181814,1.383365791069955,2.5225453240664684,2.5959018686401127,1.7466806295583437,1.2084645867367771,2.073225012602492,1.761814843589194,1.5773357458568362,1.1403072322879806,1.4495653427448447,1.220678742897535,1.3661371615536524,0.9874094853748908,0.8528483509463549,0.6894068036104626,1.0744606254651357,1.2031727453227008,1.1840832071104532,1.0281738788053645,1.4270791386837678,1.1045047265533046,1.2454208493949288,1.1212832669797868,1.3332035010616323,1.1946224877790688,3.474976931688796,4.121471896527179,1.7869566338093967,related,9
CHEBI:58080,exact,direct,2-acetamido-N-[(3S)-3-azaniumyl-3-carboxylatopropanoyl]-2-deoxy-beta-D-glucopyranosylamine,Mistral-Small-3.1-24B-Instruct-2503,-1,0.6152658942539309,0.2433650485724655,0.1250122648076883,0.5556258711867224,0.7879441271050689,0.6813829076600587,0.5454017445060179,0.8051686991133762,0.8337745750599892,0.8674797478489082,0.0604249351919352,0.845488052785426,0.7646743863404349,0.249880958294248,0.1622088465199018,0.6971490481704415,0.6810816797827737,0.391833771142276,0.1872528149772873,0.6198773537887327,-0.8046257751337555,-0.6990001627425276,-0.6190451566866322,-0.8749163049496816,-0.5075472808296158,-0.6729056711119566,-0.5929029528586256,-0.6344755192054866,0.4708431082343382,0.4594739261444308,0.3692578563162803,0.3507664665857427,-0.2410646510650357,-0.2591579199362686,-0.3613363207574236,-0.4060402510002864,-0.342310993000379,-0.5506611609747616,-0.4603637309186246,-0.5186162289203763,related,9
CHEBI:58080,related,direct,N(4)-(beta-N-acetyl-D-glucosaminyl)-L-asparagine,Mistral-Small-3.1-24B-Instruct-2503,-1,1.0320713899557006,1.440651713414046,1.2020783996517932,1.2991987355967172,1.263922249153654,3.897587632894963,4.554146828529785,1.9130137622273269,1.4420905654564988,4.010263906073702,0.4596305006568933,2.059008278592444,1.5039489964541342,3.5575552394512595,4.083354187224784,2.107734928602985,1.1652125328746477,1.8563913873864752,1.4925092777900164,1.469757856392743,0.284312176951026,-0.250000580640924,-0.286960825743636,0.1106686355387482,0.5747328782818528,-0.0110877924789358,-0.0872286161989804,0.4652550069110095,1.3257731271651356,2.8679630898406447,2.760991292311004,1.7016276475734575,0.6090117736231685,0.5147783365210161,0.4134509454498285,0.5212934564163781,0.3722278494577866,-0.2026197761355372,-0.2569822749404014,0.1829865394312662,related,9
CHEBI:58389,exact,direct,"N,N-dimethylmethanaminium",Mistral-Small-3.1-24B-Instruct-2503,-1,-0.146298486857639,-0.5565798211073968,-0.5065065055867991,-0.3324141388779945,0.0103440347253865,-0.3582615223182762,-0.3605597627542204,-0.1661233447516776,-0.3766127846982292,-0.3295552123666322,-0.0664266536090768,-0.4996976789021037,-0.8700379277028781,-0.9906054502691516,-0.8567624033623469,-0.9071704150905796,-0.7584968967089535,-0.8072821513728279,-0.6358473175270961,-0.8620399466899096,-0.3237164129588732,-0.5910817786495302,-0.5390471017684972,-0.4752835113533047,0.099893567109192,-0.3623374903418352,-0.354787289416432,-0.0691881304500017,-0.7342858112126598,-0.6985458131179526,-0.6078303119979599,-0.8121629481815226,-1.5749429239444586,-0.9124320726952032,-0.8677432495220175,-1.4803867058591185,-0.8562088901550033,-0.7451431312776403,-0.5645117141923813,-0.933506250281152,related,8
CHEBI:58389,related,direct,trimethylamine,Mistral-Small-3.1-24B-Instruct-2503,-1,0.749152853544133,0.4817688630504814,0.3155604471695011,0.7580811370914118,0.7061052594464522,0.4642796810683882,0.3226627512356379,0.6798000863363219,0.0854903264353388,-0.2102622636426039,-0.0513950179352916,-0.0491627940830197,0.5875645526455022,-0.0418720388413983,-0.1504596891479852,0.4780311031363926,0.5314908558062729,0.1098045843761931,-0.0197593920825951,0.4209756583050093,0.5218544823563709,-0.0825777118273341,-0.1320062066390593,0.3804160946841671,-0.3227447295160074,-0.6018470978950575,-0.5589807812299831,-0.4722058157311818,0.7025769203980097,0.014802166454926,-0.0368000155707475,0.6356587179337809,0.6670047716502685,0.1600564714192784,0.0379396722626551,0.5993982116875594,0.0511558958922726,-0.4490835613006496,-0.4033665422934605,-0.1570187482382541,related,9
CHEBI:58389,related,direct,trimethylammonium cation,Mistral-Small-3.1-24B-Instruct-2503,-1,0.6710958121292505,0.3086683844172645,0.2184495302079724,0.6373033044943743,0.6169698751347343,0.2889805942616103,0.1754963863244894,0.5520370313396685,-1.2068629761302183,-0.694412162393522,-0.0946969411188537,-1.2111481434816338,1.2619905199342796,1.5437438109281192,1.4458937644756304,1.4772020375897188,0.702037835775726,0.3715191517515043,0.1967619581979197,0.6492866332985933,1.232913401061661,2.2944357273775706,2.153452977872665,1.6209635660287456,1.0065165865068553,0.9979016147998352,0.8081461042831934,1.1090122203756796,1.0891181153619582,0.7089005931874718,0.5688912984021848,1.2130807695927242,0.9961193068464308,0.9431792304661304,0.7464711913112396,1.117247150345401,1.083273290687382,1.3973535100396683,0.9801721408662452,1.3364193124707415,exact,9
CHEBI:58389,related,direct,trimethylazanium,Mistral-Small-3.1-24B-Instruct-2503,-1,0.5810192989673565,0.1641234193951239,0.0339405970386627,0.507211108251816,0.8757733448554291,0.8753130254180523,0.6780848863496121,0.9504690861003956,-0.2210891623874055,-0.3345261253952579,-0.0686064180615563,-0.3537107898140501,0.921078294355874,0.4124527764684387,0.2543754890333298,0.9096166412277752,0.1390696558899905,-0.295948602029349,-0.3261303755631202,-0.0329524209080114,-0.2860688801960431,-0.5560783481854795,-0.5110477782423212,-0.442077245580573,0.0075558975250391,-0.3413283888668528,-0.349773613318771,-0.1617512931885149,0.2726183206494887,-0.3650385227296964,-0.3659811199885426,0.1292232216782687,-0.3886210621540937,-0.6514867756944651,-0.5529020631954703,-0.5408171817036448,-0.3957368112575799,-0.6136741107313323,-0.5054988270116135,-0.5643306236923697,exact,9
CHEBI:58389,related,direct,trimethylazanium cation,Mistral-Small-3.1-24B-Instruct-2503,-1,0.2814182530364954,-0.2105949407188921,-0.2348969058872087,0.1256432451946356,0.3848985562512417,-0.0091360671402437,-0.0791472693010274,0.2517175025205926,-1.4807565344028166,-0.7626681781666679,-0.1004032403514843,-1.427449420993668,0.7454403760233389,0.2013746370301328,0.0864001252396813,0.6723669463719536,0.2452009821009463,-0.2130145313397892,-0.2568140192864457,0.0820813906073916,-0.3067548100049045,-0.5640851055457402,-0.5113655043243903,-0.4603629413647304,-0.1619591788655639,-0.4193576941323116,-0.4090744417305339,-0.3247396725472216,0.3050760491289386,-0.3353368459820835,-0.3494725137593743,0.1643463278840424,-0.2051856700364479,-0.5586774590372408,-0.4755366525430898,-0.3724259646998625,-0.0252051076538887,-0.4560678367941432,-0.4053056455153611,-0.2311327371190298,exact,9
CHEBI:58496,related,direct,N-acetyl-D-amino acetate(1-),Mistral-Small-3.1-24B-Instruct-2503,-1,0.6435583736195538,0.2231045908626964,0.0484843049944535,0.5965693576196195,0.929924898258015,0.9291234057057018,0.6830638013817331,1.0469889940866,1.2679177476505206,1.84819573584047,0.1718125605776756,1.5948294902598872,0.955076918120326,0.3930516695938859,0.2732667653972263,0.958781853817836,0.9533323551496584,0.9572052934599736,0.6366117634350673,1.042466877421173,0.7041533033066385,0.1516558915878513,0.0439134560827038,0.6133935787558535,0.1173102145410769,-0.332717876941853,-0.332076446955074,-0.0513962532044082,0.6012854454065844,0.5076185534184465,0.4028919471538666,0.507104345800316,-0.1672592801799124,-0.4354732200169129,-0.4621108236155954,-0.3365094486756082,0.4712113350219316,-0.1112481782032867,-0.2033143864102297,0.2998003627621691,related,8
CHEBI:58496,related,direct,N-acetyl-D-amino acid anions,Mistral-Small-3.1-24B-Instruct-2503,-1,1.14382856062331,2.415972797116954,2.3450412681000854,1.6078818103184196,1.1903878673494717,2.477722287828969,2.4619518466704373,1.6462477081521536,1.515421566678861,5.731310397672862,0.7427348383664975,2.362422415515778,1.5259597419290087,3.951110763677999,4.786232674785973,2.195777628477082,1.3795669113226654,4.827238455960515,6.463135907527035,2.2051667111779083,1.0804879180853213,1.1067694890259354,0.9569940127360408,1.2326228003734152,0.9923242776809106,0.9993938033121532,0.834864355896966,1.083267291249104,1.4706486698745995,5.271800350585629,5.89451237707963,2.162707306766388,0.9512550319775928,0.9777651468369666,0.7543636970586782,1.0365999013778626,1.17749088943512,2.848302255790552,2.886313898413449,1.6833740261382644,exact,9
CHEBI:58496,related,direct,N-acetyl-D-amino carboxylate anions,Mistral-Small-3.1-24B-Instruct-2503,-1,0.9989072979957168,1.2670917238012167,1.074538735005392,1.2230144205577265,1.022157962958113,1.2895591848278352,1.0443158283155294,1.2274907627056462,1.0061866914463808,0.92326038048899,0.0652664842888413,1.1070323377512532,1.176164421133462,0.97093215129486,0.79980597295103,1.3148908780977868,0.9430833297965368,0.9278718201832912,0.6154139015497703,1.0246037367645022,0.8911618213641248,0.49687426150946,0.3667027958572312,0.8885428306666822,0.3048396723539934,-0.1028222698279084,-0.1423715579496047,0.1477695573336182,1.1333341337338734,1.6638796775875042,1.44534409456322,1.292525503964055,0.7206062779070879,0.4337340808610139,0.2371052391695448,0.6743361906532188,0.9908895985816436,0.9397526138677312,0.557127346058644,1.1088306916012582,exact,9
CHEBI:58496,related,direct,an N-acetyl-D-amino acid,Mistral-Small-3.1-24B-Instruct-2503,-1,0.7235815803572353,0.3583117991092576,0.2022341542081027,0.7175860064359986,0.979671828155238,1.098247654834153,0.8902408906347096,1.1414628276354504,1.274188153820865,1.9108338990015143,0.1984039233323981,1.6086871133983105,1.2338300023164548,1.180595905500706,1.0498302496343244,1.4219318664672569,0.7469191886292647,0.4756189622270617,0.239665992100881,0.7137443662806731,0.7840416926098331,0.2821748635071243,0.1761779432765966,0.7254164843925385,0.6451346074259972,0.203182456089413,0.1056088102568193,0.5560205476211398,1.0400498107629093,1.366076799640844,1.2069008396631529,1.1292033330614168,0.2227449362035609,-0.1412575980530118,-0.22899797129304,0.059872019625657,0.9542181738976256,0.7656876145500431,0.4375993703648725,1.0318660725954063,related,8
CHEBI:59549,related,direct,EFA,Mistral-Small-3.1-24B-Instruct-2503,-1,-0.5427060602094796,-0.7968182233414718,-0.687534772950663,-0.7011924703386265,-2.23728905734602,-1.2746890099451795,-1.0172547640933358,-1.9631905806199748,-0.134587344840996,-0.3995233397055353,-0.0729651515707657,-0.2702091118090313,-1.4506458773311195,-0.8897701980052996,-0.7769612178231383,-1.3558618516192025,-1.2820766654336728,-1.02269584756626,-0.7124097920747463,-1.268255642426106,-1.4525179350354709,-0.8585822446255772,-0.7203979374355433,-1.360593528220287,-1.3009865557941238,-0.8420446089448594,-0.724122160274545,-1.266968741163916,-1.7247983258824608,-1.0291307912996208,-0.9186345100340704,-1.5749203070631934,-0.296167399828381,-0.633220200486804,-0.6606321420145217,-0.4570047267489101,-1.856556974250056,-0.9385154092003056,-0.6743481146914705,-1.6305291285423076,exact,9
CHEBI:59549,related,direct,EFAs,Mistral-Small-3.1-24B-Instruct-2503,-1,0.0804765741960834,-0.4281412421614331,-0.418685615335418,-0.0993240669608903,-1.8229081040331336,-1.1521429203610156,-0.9287522569421264,-1.6825498829698269,-0.2310556945541894,-0.3709716891613563,-0.069845339327336,-0.3632211455994815,-1.3117341721658102,-0.8615355501711269,-0.7503413221121934,-1.2516363340342338,-1.3197623078874867,-1.030684396489998,-0.7153986322476776,-1.2959594393218692,-1.2415365110630436,-0.8186381387188342,-0.6914754516315077,-1.2076407325799523,-2.2417739869646307,-1.0336045658936923,-0.8696948674288261,-1.930327529172389,-1.4612094110368874,-0.988295721345092,-0.8798677725677598,-1.3821357676269166,-0.1389422721199114,-0.5820168195639294,-0.627687923875171,-0.3094269831868245,-1.8985180379287672,-0.9639527159087062,-0.6866613705904989,-1.6575556063688912,related,9
CHEBI:59549,related,direct,EFS,Mistral-Small-3.1-24B-Instruct-2503,-1,-0.7840347770984748,-0.8888937440797828,-0.7553411709818977,-0.907520010170576,-2.3478154429057496,-1.2799892287396963,-1.0193470639110151,-2.0356751989100137,-1.4036662913298483,-0.7461136892083502,-0.1025650212436838,-1.367290431703314,-1.7559249732432007,-0.9775700845956978,-0.8513661324651391,-1.5791830702220797,-2.825856907659793,-1.3822416139952465,-0.9113329538663932,-2.284129854823431,-2.441450504286653,-1.0031516588244735,-0.8304700945934876,-2.030575764692045,-2.555099947232472,-1.070596092996795,-0.9180667536150414,-2.137864179202083,-1.53397855326813,-1.001175072213999,-0.8910347249955793,-1.435983309040122,-1.239126413272734,-0.9538049896625788,-0.9134699301913975,-1.2347773003214255,-2.553287726634486,-1.025467151947069,-0.7130016922527989,-2.062767155198231,related,9
CHEBI:59549,related,direct,acides gras indispensables,Mistral-Small-3.1-24B-Instruct-2503,-1,-1.727057167670641,-1.1185984293221465,-0.8994880680965207,-1.625241448236809,-1.5502648599625488,-1.0579934876122643,-0.8533871117010069,-1.4891781621453657,-0.5417169318482205,-0.6075420031103916,-0.0798211710681701,-0.6495044425625153,-1.2127722321480916,-0.9067134610035952,-0.7749722348589654,-1.1762743451277304,-1.4156381261233393,-1.0522090382175195,-0.7556147778938009,-1.3656255744460162,-0.5949792217077057,-0.6648601574867241,-0.6004987892648684,-0.7057938226793554,0.4534320204234247,0.008588165413236,-0.0650080017895896,0.3172422501401934,-1.4326289173116535,-0.9661294635085,-0.8565124476647297,-1.3608489925125244,-1.5674245584962996,-1.0949904976942246,-0.7728968496187043,-1.4750239410133943,0.0583181424288391,-0.3647682376581799,-0.3646083160078431,-0.1499533174242866,related,9
CHEBI:59549,related,direct,acidos grasos esenciales,Mistral-Small-3.1-24B-Instruct-2503,-1,-2.13360286787434,-1.2038068243779187,-0.9480209225742416,-1.903567936736718,-1.642304562312006,-1.1012817018983825,-0.8830086757032429,-1.55531245504702,-0.0737440462771581,-0.3814422142676622,-0.0651435329824248,-0.2103930818307147,-1.1302151451510185,-0.8575155082985776,-0.7295263181243182,-1.11264850831818,-2.5852219796978253,-1.3182063188394175,-0.953046249838744,-2.139017943951088,-2.056003591580199,-0.9438312014964448,-0.7999413187904544,-1.7771500232936406,0.5357036212792703,0.0876061133942729,0.0248042555495934,0.4165530557297102,-1.7698491251645234,-0.9920818900111444,-0.8725475725968641,-1.6072702681416693,-2.5305166637079344,-1.1994235333941727,-1.032679488369416,-2.121309460069412,-0.4096072137721986,-0.5635991621953582,-0.4804017603519621,-0.5760871629806036,related,9
CHEBI:59549,related,direct,essential fatty acids,Mistral-Small-3.1-24B-Instruct-2503,-1,1.0907615638911317,1.8941745886830468,1.681678122142461,1.448760580150081,1.1047104852361636,1.803047756251694,1.651358966433906,1.4132569198036091,1.0157117974867678,0.868918835421398,0.06256055493189,1.122530899600673,1.200364200445848,1.442727472847196,1.3539755138415548,1.3588875627419132,1.1587558413808403,1.7868674790852053,1.5152496147747463,1.454516608651742,1.2403099529865875,2.3898946085206942,2.295551828224466,1.645452808919309,1.1254016367982378,1.5628660483377097,1.3519426821217155,1.3473402651590158,1.1589738331169774,0.8976937469094379,0.7515829227146215,1.3405163888930358,1.255102226034154,2.657189486335975,2.598044725510578,1.7188715605540394,1.1818419026048843,2.983869666112545,3.2002942606544416,1.7069830934696906,exact,9
CHEBI:59549,related,direct,essentielle Fettsaeuren,Mistral-Small-3.1-24B-Instruct-2503,-1,-1.5406225629552373,-1.065598605927002,-0.866066057474086,-1.4922551139705762,-1.6265567907913336,-1.0877071361854311,-0.8903557371737089,-1.5440610361695803,-0.2673653987801448,-0.551564887595837,-0.074546048130101,-0.3976835534338774,-1.4312283895286717,-0.923459907351863,-0.8159326757504504,-1.3413974890185956,-2.188744819294972,-1.2467960435115917,-0.8920282267787755,-1.8906380351989645,-1.76385043908556,-0.8985636455665269,-0.7511538055488564,-1.5789435205464943,0.3889558493167274,-0.0244838810389799,-0.0665869831833928,0.2422640453005741,-1.272147174811837,-0.87560332312051,-0.7775434769293957,-1.2398021777386796,-2.2955550543793954,-1.2089702056521925,-0.952581784425316,-1.970354344976676,-1.9015831491987387,-0.8935163996919413,-0.6471025734996473,-1.659524200634554,related,9
CHEBI:59888,exact,direct,4-azaniumylbutanoate,Mistral-Small-3.1-24B-Instruct-2503,-1,-0.0337237028874793,-0.4453919408287184,-0.4160966954343151,-0.2191067433865734,0.3600759556960718,-0.0355029625176853,-0.1106138200382638,0.2218150314477164,0.503204904009626,0.0369311181577593,-0.0188888145347429,0.4148335594916719,-0.3909155526118585,-0.5582788220704765,-0.4821830136378946,-0.504792372802598,-0.127623251564554,-0.465363165515771,-0.4389419033508771,-0.3028314678266915,-1.3639555493158162,-0.826258740594736,-0.7134471489028498,-1.2969241049396665,-0.6728716955874604,-0.6474643000999534,-0.5673178501259412,-0.7740379228772726,0.2384147857232899,0.1451865920022202,0.102280655702705,0.0926528940588785,-1.056548159138576,-0.7683777207157896,-0.7778947061215803,-1.0954764946394355,-0.9060128201960544,-0.7331764525358769,-0.5734925445721499,-0.9711712202050838,related,9
CHEBI:59888,related,direct,4-aminobutanoate,Mistral-Small-3.1-24B-Instruct-2503,-1,0.1940212310889109,-0.2817040942680235,-0.3110483628946116,0.0253350633028018,0.403681883710289,0.0052130878890418,-0.0799567613863325,0.2745959685632632,0.2396942886002034,-0.1415378844522107,-0.0422049178142504,0.1143483722827173,0.2495506979685123,-0.2117291669346098,-0.2203273188359776,0.1040474343852062,-0.0290873974421965,-0.3933016389844685,-0.3694940668901107,-0.2059999150178584,-0.9200677378754628,-0.7365129720968845,-0.6350551590741911,-0.9652067511705636,-0.8079481609497199,-0.6850837910956883,-0.5965095429824605,-0.8846424791380153,0.6002512554734039,0.5425400285599716,0.4100499374278558,0.505826323039713,-0.7030748919579533,-0.6452882281309003,-0.6843437192142727,-0.8119147742392475,-0.4977750878517302,-0.6285376316361895,-0.503605862483665,-0.6497930252669679,related,8
CHEBI:59888,related,direct,4-ammoniobutanoate,Mistral-Small-3.1-24B-Instruct-2503,-1,0.0968990604371848,-0.3541399754303336,-0.3632154335327938,-0.0816567960367576,0.2272981452557588,-0.1767303849785902,-0.1904267185773812,0.0677332381744377,0.2838272799206634,-0.2592660497896101,-0.0290339019136858,0.1626691374718224,-0.378402633839645,-0.5537771529815022,-0.5101565881418134,-0.4937828525618735,-0.4482818261430405,-0.6615115143540651,-0.5472239962639618,-0.5986544228051444,-1.280909487606191,-0.8108334834459856,-0.7022843516649393,-1.2365240755532865,-1.0274779970060124,-0.7294073245218238,-0.6491829181185528,-1.0586695365388177,0.4553522528788772,0.3536055466259916,0.2359387139433428,0.3328048936623269,-0.8696155868581088,-0.6856438575416237,-0.6806000133705304,-0.9479886799007904,-0.6794004750054867,-0.6842724004598998,-0.5434977003375848,-0.7965054038481937,related,8
CHEBI:60039,exact,direct,(2S)-pyrrolidinium-2-carboxylate,Mistral-Small-3.1-24B-Instruct-2503,-1,-0.3635792220103208,-0.6399610384921616,-0.5612513684043704,-0.5397495499577424,-0.3301981269782918,-0.5626016947448641,-0.5326240701077646,-0.4992289702338055,0.258814928737761,-0.1599497989876484,-0.0360129384397869,0.1351943284748683,-0.9852355774344338,-0.779203684016534,-0.7109043354446394,-0.9991263721636972,-0.0117723141289849,-0.3915186280614912,-0.359177386723032,-0.1886540755147794,-0.853787802350337,-0.7091320354026851,-0.6332535384376977,-0.9135969509610504,-1.2856697242222026,-0.7977196728596907,-0.6972433236961876,-1.2555267616437469,-0.3984707527255241,-0.2577223524376128,-0.197264939374984,-0.5234932463476041,-0.8748592124701889,-0.6904530484126249,-0.6854760755959719,-0.952198488581594,-0.9340704565922552,-0.774348629702276,-0.5820759433938966,-0.992222641036092,related,9
CHEBI:60039,related,direct,L-proline,Mistral-Small-3.1-24B-Instruct-2503,-1,-0.0447600919730914,-0.4875364277823111,-0.4615295715380934,-0.230414035335458,0.269823884395512,-0.1920398132437964,-0.2074988830765545,0.1160661759562248,0.3604653209896942,-0.0250805451333773,-0.0287906901206369,0.2483770365014142,0.3348546231224026,-0.043476152064631,-0.0966700387957446,0.1939914520109962,0.1971561097203214,-0.2315759063840068,-0.2767769608724852,0.0293979582284906,-0.2643063069351036,-0.5442676732871324,-0.5108349117209523,-0.4227322123995131,-0.2339518752884612,-0.533260271120342,-0.4994310347960324,-0.3915565664933398,0.5617095968010284,0.3504424126535876,0.2554032937170722,0.458657560423064,-0.1751765472083769,-0.4378014211603791,-0.4232296519359422,-0.3440404481285161,-0.2528505088650765,-0.5659359738084122,-0.4747488785307839,-0.4404539488952712,related,9
CHEBI:60065,related,direct,a ganglioside GM3 (d18:1(4E)),Mistral-Small-3.1-24B-Instruct-2503,-1,-0.8821560211479598,-0.8637638019663041,-0.7078818685516919,-0.9882304876711968,-0.2591471700630637,-0.5641945744811468,-0.4933524879545704,-0.432586579934375,-0.4694296513362229,-0.497314846505663,-0.0447712032427762,-0.584525260192093,-0.0830870206588965,-0.5120473910953303,-0.4832635403110047,-0.2247859660852375,-0.6738165666355557,-0.7741115755528736,-0.5557463176002855,-0.7920607514152208,-0.7572945361822055,-0.6904761791473901,-0.6190384061681328,-0.8373402592966942,-1.0441517581278286,-0.8293005162962565,-0.7235192953169234,-1.0716232799551784,-1.0217730177230375,-0.401177706601911,-0.2975186029980814,-1.0453160089281557,-1.5161485483698274,-0.8990796488747997,-0.7227508123115427,-1.43829177661843,-1.0163232851351398,-0.7895295444819185,-0.5963853792641233,-1.053267659190704,related,9
CHEBI:60065,related,direct,alpha-N-acetylneuraminosyl-(2->3)-beta-D-galactosyl-(1->4)-beta-D-glucosylceramide,Mistral-Small-3.1-24B-Instruct-2503,-1,1.074870943446332,1.7432539725779015,1.5867461934134717,1.4060512726165126,1.2045770917306404,2.932359533643802,2.969702827527062,1.691059797582202,1.3128735541917622,2.726255206275993,0.376162999728533,1.697620997346582,1.4410059802795283,2.6246082444262973,2.702413841215626,1.901474064028528,1.197279902944292,2.055350955452667,1.8060616587062608,1.5485247694714583,0.668763641322681,0.1317372944306786,0.0414708911845387,0.5659197721461016,0.8721487580309291,0.4591567580634481,0.3552485762674177,0.8815757913074125,1.2739678359754387,2.7126402366218403,2.668201538658637,1.5781727926421725,0.486598315008885,0.4086142519728228,0.2606892007097475,0.3651319932503533,0.7851618069987457,0.2596327397220324,0.0307023910349935,0.7315150735560595,related,9
CHEBI:63624,exact,direct,"1-(2-deoxy-beta-L-erythro-pentofuranosyl)-5-methylpyrimidine-2,4(1H,3H)-dione",Mistral-Small-3.1-24B-Instruct-2503,-1,-2.2242383615594057,-1.1648674564735375,-0.9178695904850462,-1.963680928527096,-0.4800073553875078,-0.6299755748947643,-0.5512139791002791,-0.6355363404935286,-0.6513745708183878,-0.5682385693306402,-0.0746168018068986,-0.7463907647897932,-1.7814766703661806,-1.1356817346280732,-0.9714051896228492,-1.597550048023944,-2.539662112410199,-1.2837800754716624,-0.8952011131162888,-2.1110859318967203,-1.8718507837599627,-0.918508426107984,-0.7772439341988684,-1.652904014834199,-1.1210824875371377,-0.7865665170402995,-0.6552525509649152,-1.130943031544006,-3.2092738717230813,-1.0292664333881465,-0.91926366141551,-2.571983410593465,-2.330250913337364,-0.9782336386332428,-0.9291248611999005,-1.9928864695876911,-1.7543958868003071,-0.9158029299879537,-0.6585506415373026,-1.5641148399953162,related,9
CHEBI:63624,related,direct,1-(2-deoxy-beta-L-ribofuranosyl)-5-methyluracil,Mistral-Small-3.1-24B-Instruct-2503,-1,-2.0789882459623343,-1.1637390708799409,-0.9209883777531588,-1.867024196025311,-0.4698531140341713,-0.6298281375145179,-0.568750860158595,-0.6264664382678778,-1.6591269413636436,-0.809232955965113,-0.095135692709543,-1.5646771078231738,-1.646247620442574,-1.1096547903344536,-0.9481626335330092,-1.4997973096598205,-2.714215352764364,-1.3223790046009505,-0.9174041729889724,-2.2173002965384483,-1.6897012325217902,-0.8971139118102728,-0.7675910543766576,-1.5276596032083916,-1.3517303389078938,-0.8630503085321731,-0.7088876468695594,-1.304699757230061,-2.94036347294912,-1.0151345070566329,-0.9199319396426304,-2.400033704118748,-2.372615261994144,-0.9897522415788068,-0.9583873077089952,-2.020282680161812,-1.5803961249576013,-0.9106417472918816,-0.6600507896656622,-1.4488686003227709,related,9
CHEBI:63624,related,direct,2'-Deoxy-L-thymidine,Mistral-Small-3.1-24B-Instruct-2503,-1,-1.5606930228345022,-1.062999247266421,-0.8502529382811814,-1.5067505357074196,-0.5208285549302456,-0.671357317765302,-0.603629616867106,-0.6717635687481285,0.1285915274812825,-0.2760074359445102,-0.0567935868909562,-0.0042451957038585,-1.5099660322659452,-1.0119905030311749,-0.885173986013262,-1.3998481678968484,-1.698295570644901,-1.106589713606057,-0.8052734952741494,-1.5646865332913968,0.03699451185221,-0.4212754682792263,-0.4028472666804699,-0.1420772617855921,-1.1160739170470806,-0.828003605005784,-0.7280609242966837,-1.1271029342506522,-2.602258876304147,-0.96512410604244,-0.8676720501345563,-2.1791732982402734,-1.8726128625253573,-0.925484437259689,-0.8444003145613699,-1.688253379475328,-0.7492752077328699,-0.7361026612143474,-0.5723553891406777,-0.8512870090140364,related,9
CHEBI:63624,related,direct,Beta-l-thymidine,Mistral-Small-3.1-24B-Instruct-2503,-1,-0.770040101786374,-0.7917818960889468,-0.6805301399129988,-0.8958675868748344,-0.1628449538876305,-0.488244351479791,-0.4810877399767577,-0.3399970435719603,0.6481096687096878,-0.0176233207448896,-0.0321537767358986,0.5946125261183998,-1.3013013474741804,-0.9870833552244564,-0.8523202922986954,-1.2437364286196515,-0.7932653592709871,-0.8270517177583271,-0.6542490464683692,-0.8903891748385446,0.270530304093428,-0.2861084565403055,-0.2813877483021821,0.0959233341380911,-0.865137359425491,-0.7379477788526609,-0.6600625454123984,-0.930628062875178,-2.2076540789713053,-0.9165965068277204,-0.8196639614838797,-1.9136756847482288,-1.1017591495386831,-0.7783208091408215,-0.758296325205974,-1.130386590151403,-0.8394323080658932,-0.7770709791159865,-0.5882588967027292,-0.9207309192561398,related,8
CHEBI:63624,related,direct,Epavudine,Mistral-Small-3.1-24B-Instruct-2503,-1,0.2255028194841233,-0.1841137709581774,-0.2355761480621706,0.0610000785213394,0.5768848503245572,0.2333943345753975,0.1173041481718332,0.4971157236342639,0.9012050136233124,0.4532416519098826,0.0267493853502446,0.9438813122262651,-0.5454805902941965,-0.6387629513734924,-0.6121405144673632,-0.6385059985453256,-0.8356400982915886,-0.8650312509510524,-0.6989273831591027,-0.9246498835871688,-0.7928568566356946,-0.7111428941055644,-0.6414677845872407,-0.8656042930118792,0.1500090363899127,-0.2689224972216384,-0.2490660562932016,-0.0176906786391755,0.118468792126178,-0.3833945173480334,-0.3420229268399867,-0.0322632786473311,0.5117026641049203,0.0245478185348638,0.0304209998314106,0.3962837682252883,-0.4049538175714236,-0.6622799595326755,-0.5224433999927273,-0.5721479825481919,related,8
CHEBI:63624,related,direct,L-DT,Mistral-Small-3.1-24B-Instruct-2503,-1,-1.1957072464288778,-0.949369313144862,-0.7701679222160078,-1.235663946727709,-0.9389688140240664,-0.9061704513929068,-0.7777695850040609,-1.0236913669819243,0.7753112060215555,0.1660927668515567,-0.0179581664683806,0.7635814783531166,-1.8466889917781388,-1.0777080700635522,-0.9277510628448612,-1.6442155123771771,-1.6038740206069506,-1.1178385216577178,-0.8193862491639324,-1.4991901443785645,-0.5212103201429037,-0.6319725693077067,-0.5765182320352074,-0.6445212456149898,-1.8667258762165235,-0.9420960217025952,-0.8106034241499797,-1.6741107138522784,-2.4597950586538886,-0.9853185956876191,-0.8707331990457711,-2.08435747028055,-1.94726679286536,-1.072350244117266,-0.973592090839003,-1.7391079551603583,-2.2096067073629446,-1.0055990412777327,-0.7111214227406264,-1.8537089550253807,related,9
CHEBI:63624,related,direct,L-deoxythymidine,Mistral-Small-3.1-24B-Instruct-2503,-1,-1.0714599201657649,-0.9019865416790684,-0.7424363375551006,-1.1393999858985515,-0.2111933071041133,-0.470771718604096,-0.4465562421108474,-0.3868197293136918,-0.3644706798265439,-0.5108535056585627,-0.0683556754342522,-0.4884789136013006,-1.432479968089464,-1.0256876963805666,-0.902385328554442,-1.342330807148535,-0.8981563438094378,-0.86312212462591,-0.6901594069597076,-0.9746307718390386,0.1369812597408606,-0.3674599750010026,-0.3654288565667883,-0.0427414323121703,-1.0061454987937215,-0.804413208550722,-0.6899876390435873,-1.042044702976526,-1.98236684772382,-0.9097337108249276,-0.8045864421759166,-1.7577290644927297,-0.6823448775749812,-0.6486637888896374,-0.6720849063465854,-0.7946404864882983,-0.8895499734019178,-0.7778765287045242,-0.5880300311437658,-0.9587635304952624,related,8
CHEBI:63624,related,direct,L-thymidine,Mistral-Small-3.1-24B-Instruct-2503,-1,-0.8989998285296609,-0.8448900475382136,-0.7216523544005593,-1.0019170259206496,-0.3670682115007041,-0.5789574481666159,-0.5474555678296101,-0.5332881057442559,0.6193765609531101,0.0128559787297375,-0.0343558682664141,0.5579813139093639,-1.008288212915413,-0.8358487461027789,-0.7597963774071572,-1.0173364244793637,-0.3851735011508596,-0.6353111050144712,-0.52964348415863,-0.5425241503291648,0.1806684161923,-0.3419962673091518,-0.3286291802701327,0.0018172285220362,-0.7659396118133986,-0.7053769879320753,-0.6201021341281037,-0.850552009392717,-1.9876052445592776,-0.9064358453774408,-0.8161706401377776,-1.7613950937640808,-0.9011087951354884,-0.7477966487918554,-0.7492783514310306,-0.9732075105384514,-0.6575009257971378,-0.7302293329202331,-0.5645892933016768,-0.7791548384149917,related,8
CHEBI:63624,related,direct,LDT,Mistral-Small-3.1-24B-Instruct-2503,-1,-1.4839687745327053,-1.047911768146684,-0.8424849942946767,-1.4510944397255832,-1.8074134896462324,-1.1497445673217388,-0.9252750336611364,-1.671759509177282,0.9189551930493624,0.4178884419699186,0.0116764307529022,0.9705570298603482,-1.955685266323989,-1.0679233489530138,-0.8977984376923608,-1.72156361913147,-0.8125533205406398,-0.860938903097689,-0.6490357875700311,-0.9060229053268292,-1.1018002846822674,-0.7791214092603352,-0.6707240875898475,-1.1037688732709194,-2.2465874580587664,-1.0128065471362877,-0.8618684852284729,-1.9335574005738725,-3.158141097238515,-1.218156548309655,-1.0574013018611017,-2.539518905394571,-1.377239294118359,-0.9898471059735676,-0.900860491478202,-1.3373498460143816,-2.456441562767348,-1.032988930892949,-0.7241112222888257,-2.004593226836746,related,9
CHEBI:63624,related,direct,beta-L-2'-deoxythymidine,Mistral-Small-3.1-24B-Instruct-2503,-1,-1.371287617403285,-1.0055139014121657,-0.8175229194754694,-1.3681175911375418,-0.2347625468804299,-0.5112396718979484,-0.4838541377953857,-0.4093959250335522,-0.8177825991507964,-0.6263836162286234,-0.078301587071364,-0.8898725913298196,-1.6653419749058644,-1.0863230644692574,-0.936919611528578,-1.5136833950549682,-1.7369190324120722,-1.1193930553446578,-0.8490535198467389,-1.591204273004066,0.1761268138946252,-0.3442859249345629,-0.3367420222701064,-0.0028497370368465,-0.9339097945547974,-0.773579030812759,-0.688247325525381,-0.9853069803845592,-2.504690924945016,-0.9578698914735526,-0.8420839453436065,-2.114357904308916,-0.8125640823458159,-0.6651274127545931,-0.6786467315714261,-0.9018987871257992,-1.0571971115334085,-0.8102633795804235,-0.6078876660308965,-1.0832454001774845,related,9
CHEBI:64570,related,direct,"5,10-methylenetetrahydrofolate:glycine hydroxymethyltransferase inhibitor",Mistral-Small-3.1-24B-Instruct-2503,-1,-0.0658233680054528,-0.4208924017584614,-0.4213714524067118,-0.251870500768362,0.465882436166663,0.0938436005634133,-0.0293698932063028,0.3519946565998491,0.1124692752694079,-0.0437612402647692,-0.0411783699054213,-0.0211148315371459,0.8111879766168925,0.3287056315100663,0.2324267934175259,0.7582110172478723,-0.9139372065869724,-0.8381204077862947,-0.6706489772875316,-0.9871437953731064,0.0387861287023478,-0.3807546658046322,-0.3843946887221412,-0.1403278031659018,0.0166474886018293,-0.4138020390142919,-0.4243969188574781,-0.1527640032699678,-0.5055929866502402,-0.234286694868016,-0.2409306620591357,-0.6177408843051116,-0.8568314345989637,-0.6614235466274784,-0.6603244486031595,-0.937706625866212,0.2186126255963862,-0.2650156688068699,-0.3087801379846178,0.0138904747589778,exact,9
CHEBI:64570,related,direct,"5,10-methylenetetrahydrofolate:glycine hydroxymethyltransferase inhibitors",Mistral-Small-3.1-24B-Instruct-2503,-1,0.0038225460843864,-0.3602194852718527,-0.3914883433329159,-0.1802954491768324,0.4325790716301695,0.0538786649670945,-0.0720397395027634,0.3102327830730181,0.1391534268821868,-0.0515248542499146,-0.0411630178955301,0.0068512297784663,0.7817517171087314,0.2416664281477114,0.1524248253110724,0.7193775572024049,-0.8965875492898582,-0.8333412421635676,-0.6647867134044758,-0.973384586354392,-0.1079100594645401,-0.4532797147147265,-0.4468425120645746,-0.2802327591205289,0.0646655884099961,-0.3598683631240405,-0.3313209400378201,-0.1048448677661543,-0.517176304899946,-0.2414942468610682,-0.2484434776746207,-0.6278036751883154,-0.9072860506111508,-0.6860934834418847,-0.6885146383684363,-0.978135837194327,0.0906524862670473,-0.3462375377598711,-0.3575672093896543,-0.1178001319491476,exact,9
CHEBI:64570,related,direct,EC 2.1.2.1 (glycine hydroxymethyltransferase) inhibitors,Mistral-Small-3.1-24B-Instruct-2503,-1,1.1505933373527424,2.706897538511825,2.748258200438757,1.6305296844049333,1.2271919446437534,3.144771363481061,3.430959255855148,1.7679309551225302,1.5332398650450785,7.249597330134572,1.3067231108708266,2.4673943062476096,1.5446433197900495,4.908984045295347,6.474831249619251,2.2817907499788315,1.4036952303386794,6.343741700203376,11.330452965467002,2.3928245670102486,1.0451328638562698,1.0275941676302098,0.8341167337019272,1.1608078890492304,1.0449179374076234,0.9735216832712336,0.8237566026143676,1.181208262888042,1.446327611531061,4.718881894040842,5.295331305046834,2.0647484686300723,1.3012361231370824,3.863431774955981,3.905256653845441,1.8787211933801773,1.202643378280826,4.044301708448519,5.646802350375939,1.850714661924522,exact,9
CHEBI:64570,related,direct,EC 2.1.2.1 inhibitor,Mistral-Small-3.1-24B-Instruct-2503,-1,-0.1525946654868001,-0.6303872899869756,-0.5551022686655736,-0.3386236350646757,0.1477516698023309,-0.3427149936597908,-0.3601483064216451,-0.0203503703351528,0.2988603987953946,-0.1204562081520463,-0.0223829733695833,0.17929707641726,0.2709061667099879,-0.2583576074511419,-0.2912106484858291,0.1263198142214113,0.4575651956005718,0.0660815044300433,-0.0531527968781631,0.3288381588590112,-0.0513047028081588,-0.4101608554272387,-0.4102247888146876,-0.2270217543050327,0.1123432326369842,-0.4511023995365428,-0.4150735531837135,-0.0564814727911253,0.1303859249904218,0.1046176519294535,0.0443058222648858,-0.0200717643817739,-0.2538109148228256,-0.440212982623186,-0.4157067779901581,-0.4178992635877037,0.2339056731903503,-0.235315744487903,-0.2710155238461502,0.0301463741366756,exact,9
CHEBI:64570,related,direct,EC 2.1.2.1 inhibitors,Mistral-Small-3.1-24B-Instruct-2503,-1,-0.0122961161658864,-0.4759974356988833,-0.4434488676821822,-0.1970230674731866,0.2895701408296386,-0.1995919818958632,-0.2502141989914508,0.1388232616686502,0.0958205444691193,-0.3123234420064888,-0.0411164322621846,-0.0384497983522312,0.3214177641560964,-0.2454261251083069,-0.2782924445598168,0.1796470918076212,0.5606540112281004,0.2044560053552643,0.0591165116251175,0.4583642954265923,-0.2505563796974189,-0.4974709656429441,-0.468525291122057,-0.4104517599616643,-0.1781338769558081,-0.5738817521771353,-0.5139718605723079,-0.3398682951575308,0.2018154100350633,0.1614770201426246,0.0900480616264934,0.0540027446317035,-0.3323301871784406,-0.4912411803667292,-0.4760281928345524,-0.4900339185916889,0.2089879698038763,-0.25291163768737,-0.2821798044874737,0.0037198303006878,exact,9
CHEBI:64570,related,direct,L-serine hydroxymethyltransferase inhibitor,Mistral-Small-3.1-24B-Instruct-2503,-1,0.0054695919294043,-0.3927114751502826,-0.4176224487749304,-0.1785805095863386,0.5371601473244098,0.1871109354502166,0.062919251812617,0.4440650723253591,0.3470528171265214,0.1189677128265666,-0.0238944696490396,0.2332049701346392,0.6034419078957616,-0.0427960288287172,-0.0672023222451383,0.4969066330958498,-0.7564397446667499,-0.7846507058937622,-0.6131168570965806,-0.8603557480084345,0.134404693372853,-0.3296496144013036,-0.3293854547122859,-0.04534651664781,0.5567694632639075,-0.0110287639173776,-0.0398460118761183,0.4427045088025698,-0.1957226060520236,-0.185628824842282,-0.1868737267392577,-0.338695354239335,-0.7761918359222267,-0.7106612525293918,-0.7100488019828829,-0.8722345578345696,0.4573853095391677,-0.0774230487526066,-0.1909684339027406,0.2830570963635452,related,8
CHEBI:64570,related,direct,L-serine hydroxymethyltransferase inhibitors,Mistral-Small-3.1-24B-Instruct-2503,-1,-0.0195517389766114,-0.4041828958540696,-0.4047872393972448,-0.204520276812365,0.4554618362339295,0.0802767957785561,-0.0194026223413819,0.3388454664004543,0.3860653423513308,0.0906558700979548,-0.0227896678809556,0.277547416777923,0.5095919454944724,-0.2224269901408875,-0.2259093141678358,0.3872494706957488,-0.8589062285840321,-0.8279700692988772,-0.6485773155095153,-0.943328311694618,-0.1231142730182781,-0.4614864842716361,-0.4346372976915963,-0.2943695375966518,0.1731123113555671,-0.3100707309985405,-0.2934947877082741,0.0063692096335548,-0.1947778569306447,-0.1876139194068435,-0.2053926500476548,-0.3378127750154592,-1.047732291238348,-0.8041128037214995,-0.7898039811583899,-1.0886360482924986,0.3804505006508837,-0.1476543068878163,-0.2379669080493295,0.1924329215931629,related,8
CHEBI:64570,related,direct,L-threonine aldolase inhibitor,Mistral-Small-3.1-24B-Instruct-2503,-1,-0.7236899095745495,-0.78579573241369,-0.6643100255319003,-0.8570132641474896,0.1465107339134786,-0.2744096511101229,-0.2983779020236362,-0.0217017762361084,-0.2022575466795987,-0.251091538120708,-0.058746596603309,-0.3356800850809462,-0.0729277740034608,-0.6177358261288736,-0.6046386156456546,-0.2151882187581183,-1.171392377717546,-0.9422888467972884,-0.7192467918683031,-1.1857944359617667,-0.4617808185641866,-0.5940003279347212,-0.5362614197437521,-0.5944230771167993,-1.113569224070817,-0.8427445082366403,-0.7159113471063594,-1.1251814468495818,-0.3636171834840465,-0.2846243729802052,-0.2502994225971469,-0.4923469746782075,-1.234471131747735,-0.8412977933067531,-0.8546048137394342,-1.2312794158408755,-0.4565622415705707,-0.5969160530682894,-0.4937176671064198,-0.6155565138415654,related,8
CHEBI:64570,related,direct,L-threonine aldolase inhibitors,Mistral-Small-3.1-24B-Instruct-2503,-1,-0.6980101774801707,-0.7667667062676798,-0.6547362411447929,-0.8353095746667422,0.0327383458409813,-0.3566283003260975,-0.3542274761435167,-0.1428737363061358,-0.1347555255011839,-0.2297250650673541,-0.0561434845183979,-0.2703731792580857,-0.1961828702680746,-0.753729104244738,-0.6948190046724594,-0.3300008906065105,-1.199613392078028,-0.9532790212121072,-0.7268212734765067,-1.2069780676743458,-0.6710588564462366,-0.6605699356356765,-0.595120596352957,-0.7679884878102188,-1.3509393403121015,-0.8623331623620584,-0.7479173053749438,-1.3041136431027294,-0.3854431853016462,-0.2979179847536174,-0.2584089692964537,-0.5118799863109478,-1.4428049882748069,-0.9088784964769012,-0.899224209108318,-1.3852617284946245,-0.4951950278601716,-0.6105462593645707,-0.5027921466260198,-0.6476605503399446,related,9
CHEBI:64570,related,direct,allothreonine aldolase inhibitor,Mistral-Small-3.1-24B-Instruct-2503,-1,-0.6403441059211481,-0.7381724656966206,-0.6259652185667964,-0.7860962043365506,-0.0279362748121419,-0.3916272621781194,-0.4029948282708723,-0.2054385102963569,-0.128132979046922,-0.3876292955893445,-0.0547658441652623,-0.263907388013642,-0.0545042590959877,-0.5259929980529127,-0.5355596267729494,-0.1977185764160599,-1.581809336255122,-1.0773733669869792,-0.7790761784146002,-1.483744268273245,-0.6892845932167746,-0.6522427450836618,-0.5922618103141823,-0.7827446265717088,-1.3687074520685087,-0.9054876347904584,-0.7754508156426793,-1.3172641119931323,-1.153676221488042,-0.7193633651650018,-0.633871271598908,-1.1486820479184996,-0.9059149157885238,-0.875708804574169,-0.833529724027998,-0.977042433071655,-0.3391261669467991,-0.5443384143101352,-0.4595705757294506,-0.5158689892906235,related,9
CHEBI:64570,related,direct,allothreonine aldolase inhibitors,Mistral-Small-3.1-24B-Instruct-2503,-1,-0.6308268367896787,-0.7276834909022711,-0.6119826367143595,-0.7779090723083837,-0.1286229240466863,-0.4539899342901561,-0.4371340917918777,-0.3064241145667664,-0.1635432823510033,-0.4186096851853705,-0.0596809360652224,-0.2983563475063552,-0.0775700001116348,-0.5812429131390214,-0.5711616293537357,-0.2195769785227149,-1.6495786664521697,-1.100197169439649,-0.7923826688301523,-1.5310139429351832,-0.7849989947470197,-0.6828040901965384,-0.6195426829821861,-0.8593754165310297,-1.611968876923505,-0.9349161791405416,-0.8051852252068973,-1.4942493532731038,-1.422755726933497,-0.8186122496133044,-0.7284138659711785,-1.3534769732828469,-1.0317354800152374,-0.8985208549574248,-0.8587183749588875,-1.0761956533674757,-0.3935097034728665,-0.5660668621243974,-0.4725460014508316,-0.5624387062972601,related,9
CHEBI:64570,related,direct,glycine hydroxymethyltransferase (EC 2.1.2.1) inhibitor,Mistral-Small-3.1-24B-Instruct-2503,-1,1.143857761098401,2.614504264343482,2.676566018360718,1.6079781756975036,1.0990726913981992,1.8305616440159147,1.6446160981709004,1.3996048756998725,1.1315236170909484,1.6168268238064554,0.1790517572476585,1.322449715843663,1.4405313141957723,3.031123273696337,3.2625010705893,1.9000938675899783,1.2165765077099202,2.231147201879972,1.8899418300934083,1.598717625632258,1.1898811298184442,1.9062904197872947,1.7512189033905972,1.4927627672742367,1.1512864542486827,1.4928124173126869,1.3273756113390205,1.4062602528293353,0.7288006731696538,0.8036456903251399,0.6297765198439987,0.6701162064619316,1.1283172922163436,1.7474614620999194,1.9599526649486405,1.3858444548063475,1.1764273887065997,2.822965464719448,2.8675274915314124,1.677811330840023,exact,9
CHEBI:64570,related,direct,glycine hydroxymethyltransferase (EC 2.1.2.1) inhibitors,Mistral-Small-3.1-24B-Instruct-2503,-1,1.0309527336599498,1.623460672536944,1.4533705573763929,1.2965439049031262,1.0562666156777978,1.5857851185018477,1.3626036251616036,1.3008602789146118,1.1761746202388976,1.7846085181345623,0.1867447572133244,1.4063232680055695,1.407742904648317,2.646983885273619,2.746658905313085,1.809275628323345,1.2051173929202084,2.1461525131035173,1.818699498357805,1.568634352920672,1.049612856744112,1.042723719638584,0.8603163702899207,1.1696648980343924,0.8955818875656534,0.5350629321797611,0.4155530839133107,0.9188978076233608,0.8100798887073891,0.941213820344687,0.7498130637331628,0.78040733377934,1.0473781599156853,1.3500893138735082,1.3089613376213505,1.2151434600614943,1.162533765652057,2.4825957885843994,2.267021046727034,1.6110934692732028,exact,9
CHEBI:64570,related,direct,glycine hydroxymethyltransferase inhibitor,Mistral-Small-3.1-24B-Instruct-2503,-1,0.3505941785272498,-0.0795643676129064,-0.1474852728190699,0.2081058476701762,0.3452150106992226,-0.05383454565842,-0.1408253158866607,0.2040881854439205,-0.0406686447244719,-0.2747074649866288,-0.0582068983578475,-0.1774784810392989,0.72356928640227,0.0405818032723073,-0.0651870855093569,0.6445022062691681,-1.06487425506168,-0.9069693435720996,-0.6616210629195837,-1.1048177176288576,0.8029116660486227,0.345985145220005,0.1963376709151926,0.7529781625296571,0.9292201221798012,0.5632624949049714,0.4537935103288572,0.9740507853201988,-0.9640880928395028,-0.7363708968453693,-0.6287126374121227,-0.9994343057531035,0.0312178469757399,-0.3855211473462159,-0.4016644073848885,-0.1414873708603553,0.9258318378585004,0.7076586222725249,0.3778142777790072,0.975884655506312,exact,9
CHEBI:64570,related,direct,glycine hydroxymethyltransferase inhibitors,Mistral-Small-3.1-24B-Instruct-2503,-1,0.3034527924903385,-0.117485099167791,-0.1853461618460419,0.1515989133972434,0.3015749142375026,-0.0991796574828989,-0.171044311548649,0.1527594303601719,-0.0756929407009367,-0.3148374853542173,-0.0555772730678195,-0.212323594477458,0.5956068459041006,-0.200380269149745,-0.2482006430023398,0.4875748359044886,-1.1779916868949512,-0.9458687045458184,-0.6872200357689796,-1.1907580189309657,0.531238888510903,-0.0209634934990035,-0.1021602887097188,0.3917726459830657,0.6208277098547869,0.0588156814639971,-0.0082584359752583,0.5242345843493883,-1.1685659172887717,-0.8196846509489524,-0.7150267135262506,-1.1602209064753608,-0.1763224956550251,-0.5429542655550644,-0.5568505577391535,-0.3451290185494361,0.8514337439539167,0.4980813422740892,0.2133845074542449,0.8408108589908648,exact,9
CHEBI:64570,related,direct,serine aldolase inhibitor,Mistral-Small-3.1-24B-Instruct-2503,-1,-0.8606679477279638,-0.8263618915389128,-0.6797777333955165,-0.9706999151417136,-0.2379052674950638,-0.5468729573716374,-0.5080257514198642,-0.4123941918631232,-0.0396761094324251,-0.1207629130968927,-0.0489933511913591,-0.176486305620167,-0.1021117519692633,-0.5931095954674886,-0.5694050965363044,-0.2426923434895289,-1.6466528430644136,-1.0916792607015091,-0.7679297276713621,-1.5289835372115217,-0.7733281949386925,-0.6829957888805401,-0.6129302234368267,-0.8501070011046474,-1.0585944139320291,-0.8399715583703043,-0.7228788015082352,-1.0828153656457915,-1.1548506819839932,-0.8072006721883291,-0.6741454053285119,-1.1495931305251577,-1.1138155566208552,-0.8854954210805349,-0.8474028043098846,-1.1396486226871383,-0.4294958642231267,-0.5821232977435054,-0.4831360923746489,-0.5928665874121062,related,8
CHEBI:64570,related,direct,serine aldolase inhibitors,Mistral-Small-3.1-24B-Instruct-2503,-1,-0.9200311230893036,-0.8456469857988805,-0.6984923078657476,-1.0189391156247516,-0.3835078940833084,-0.6153650942070964,-0.5702458510525804,-0.5483635537000366,0.117337277948392,-0.1411079202459213,-0.042997419148798,-0.0160298203776964,-0.2593871780401231,-0.7652322767117674,-0.707969893118555,-0.3875705205950431,-1.6275096603523531,-1.0871323748688737,-0.7851465035309683,-1.5156759865182845,-0.963795206656793,-0.7341400768042601,-0.6542490848408682,-0.998930391730336,-1.4098120610569582,-0.901017810407723,-0.7773565026340411,-1.3475647344395318,-1.1503556702564597,-0.7887775547088268,-0.6671421236708961,-1.1461052821239828,-1.2272165560542942,-0.9330432892141224,-0.8894354239016279,-1.225823044605323,-0.4523520996763455,-0.5915605233860445,-0.4912165094965418,-0.6120379626537673,related,8
CHEBI:64570,related,direct,serine hydroxymethylase inhibitor,Mistral-Small-3.1-24B-Instruct-2503,-1,-0.1510004585967088,-0.5001693718978392,-0.4782563400321654,-0.3370525998857458,0.1921931716691169,-0.2153291686802912,-0.2564501941336708,0.0285001225914875,0.223787938791911,-0.1098272696627571,-0.0382840343655693,0.0971079925598134,0.2972888366405093,-0.2570707894862886,-0.2633983293657099,0.1540575121692269,-1.4053545267863152,-1.0171823353050011,-0.7374756766050045,-1.3582079767284565,-0.0337064692859178,-0.4163452332385906,-0.398365980855301,-0.2102862000688577,0.3242489023310515,-0.2945851088644552,-0.2824819572067941,0.1692613695578455,-1.1361731922408491,-0.7996625248513389,-0.6761503335760769,-1.135085198656841,-0.6389039235778067,-0.6946964813047288,-0.6620231818435476,-0.7581854044300197,0.387402214292139,-0.1404670813366201,-0.2236655331153789,0.2004537139936239,related,8
CHEBI:64570,related,direct,serine hydroxymethylase inhibitors,Mistral-Small-3.1-24B-Instruct-2503,-1,-0.2190222700719588,-0.5344011533161908,-0.4872620892358599,-0.4033671071151757,0.1067518624658284,-0.2807686455647852,-0.3081529512024023,-0.0646496516390462,0.0109524269284248,-0.2877436073462137,-0.0524054810222984,-0.1255209824541537,0.2685680574156283,-0.3415205986863062,-0.34116430076024,0.1238735588287086,-1.451893269993184,-1.0296154131340671,-0.7433201547797176,-1.3916740458321404,-0.2111183709994478,-0.4956193512637781,-0.4606611213201679,-0.3749731292152684,-0.0597890705507269,-0.4813586566034011,-0.4455394683519212,-0.2275151191416918,-0.924657402272772,-0.7398313991228742,-0.642338927320761,-0.9678226401833332,-0.8460632365628677,-0.7805198692595023,-0.7326974607948006,-0.9290255976238092,0.3055183343280474,-0.2087136847207845,-0.2683477272584047,0.1079061424970396,related,8
CHEBI:64570,related,direct,serine hydroxymethyltransferase inhibitor,Mistral-Small-3.1-24B-Instruct-2503,-1,-0.0088935655683694,-0.4048281653257432,-0.4063416469966079,-0.1935003040981883,0.3721910000026948,-0.0267649795724474,-0.1293730925417293,0.2363629580727271,-0.0599397622948291,-0.2744019018315143,-0.059673844390533,-0.1966908039627123,0.5639606656125512,-0.1723202990557402,-0.2052082663308129,0.4502205189743299,-1.163490061521812,-0.9401442319257732,-0.6779765688907983,-1.1798427884429172,0.0491965977440953,-0.3749648624411435,-0.368637283505021,-0.1301410779577706,0.6017964467325222,0.0178577243960495,0.00115796578985,0.4996834699438998,-1.1712677140518253,-0.8136950216258938,-0.6952716128223552,-1.1623119528310129,-0.6631640024832671,-0.6928185919772838,-0.674369976900528,-0.7785872791833456,0.5071355743323944,-0.0224427879564555,-0.1530573659044036,0.3440127534523023,related,8
CHEBI:64570,related,direct,serine hydroxymethyltransferase inhibitors,Mistral-Small-3.1-24B-Instruct-2503,-1,-0.0623269587380002,-0.4319594928702204,-0.4268114293363434,-0.2483199485702546,0.2950060302050865,-0.1038275475994407,-0.1742803611281532,0.1451241334958203,-0.0600417482786959,-0.3102553365135692,-0.0572904591051279,-0.196792218449357,0.4630902321088077,-0.3525146799810761,-0.3372561287293131,0.3345226511362558,-1.3333045052073291,-0.99526093991765,-0.7175736732244772,-1.30586987707124,-0.2263244860781807,-0.5040038765969364,-0.4759182766271478,-0.3886980789121441,0.2615174131786812,-0.2648479278348242,-0.2552380302582068,0.1004331071403192,-1.06658090944518,-0.7952378977239624,-0.6879552926581975,-1.0806659511768164,-0.9067599008564828,-0.7890315337734803,-0.7460840529942669,-0.9777162963976698,0.4349393036246067,-0.0958457426568659,-0.1955827551842461,0.2561822000079483,related,8
CHEBI:64570,related,direct,serine transhydroxymethylase inhibitor,Mistral-Small-3.1-24B-Instruct-2503,-1,-0.1909647850058783,-0.5074016181923828,-0.4797822488332404,-0.3761897448169435,0.2032218146562754,-0.2034719395634135,-0.2699835218927137,0.0407627718270889,0.123609608382583,-0.0862320425061203,-0.0381128605995837,-0.0094668550716279,0.086997017810123,-0.4705531287985941,-0.456787415788104,-0.0606150918412931,-0.8982665483831273,-0.8463197476198638,-0.6606654707879263,-0.9747182984408886,-0.1974616184865103,-0.4884183948426989,-0.4472637901140783,-0.3625971047598991,0.33320594210031,-0.2907753856778739,-0.2728095056913887,0.1792408763404872,-1.0720910499492808,-0.7622003520796847,-0.6568436018878265,-1.0849959484722962,-0.7356275485185098,-0.7157297092200354,-0.7156028667154726,-0.8388855110116451,0.190802674959375,-0.2658943473743476,-0.2899632454444213,-0.0153733556097163,related,8
CHEBI:64570,related,direct,serine transhydroxymethylase inhibitors,Mistral-Small-3.1-24B-Instruct-2503,-1,-0.2126002513001433,-0.5121970568540303,-0.4687532168465262,-0.3971678628437902,0.1157824278296973,-0.2716619905511885,-0.3141624690626055,-0.0549536015380281,0.0630618767455741,-0.1522720473874188,-0.0448578534385546,-0.0723109115061107,0.1135332682250349,-0.4845053332149268,-0.4892405063159397,-0.0342888967344147,-0.8936725302720717,-0.8444234623289131,-0.6606101313829135,-0.9710679301593412,-0.4184142592268771,-0.5730995118965116,-0.5224103560308371,-0.5574288117730375,-0.0201135595407575,-0.4723220220705287,-0.431566517110947,-0.1889411444740351,-1.0043037120606226,-0.7218439763527074,-0.6452646548922473,-1.0314660922424954,-0.8172908516092207,-0.7661221801297949,-0.7482026936984433,-0.9057375849764824,0.1611985506042341,-0.2860085553506549,-0.3037370820445264,-0.0461191571322854,related,8
CHEBI:64570,related,direct,threonine aldolase inhibitor,Mistral-Small-3.1-24B-Instruct-2503,-1,-0.6835927905286564,-0.7659282055639888,-0.6490322834846314,-0.8230678868113624,-0.0070003351604173,-0.3862520023091954,-0.3981720034119117,-0.1840023638263008,-0.010691692817489,-0.1863799343742412,-0.0529421391984934,-0.1473952005293671,-0.1227034137683705,-0.6049967083833623,-0.5973252862754477,-0.2619768455321291,-1.8014816256021555,-1.135465861731163,-0.808914411785979,-1.6351873673740525,-0.4742110874554527,-0.5960462351782378,-0.5288383987623623,-0.6049578940731113,-1.0144040949575204,-0.8131361828212722,-0.6849813104955511,-1.0484877289383574,-1.254506318739901,-0.7880530789656237,-0.6685557504756797,-1.2263321901783375,-1.0151038576750813,-0.8358665644846038,-0.8457691223084298,-1.0632228405688018,-0.4820439460711995,-0.6020059699819629,-0.4910876015171846,-0.636768570739014,related,8
CHEBI:64570,related,direct,threonine aldolase inhibitors,Mistral-Small-3.1-24B-Instruct-2503,-1,-0.6950505007548683,-0.7594720250356332,-0.6389786885935865,-0.8327998806980356,-0.081712751847822,-0.4304251415023226,-0.4272521717609287,-0.2597968249434008,0.0658840021029138,-0.2196686166092729,-0.0476437945266185,-0.06940653138818,-0.2385129281497375,-0.7358118735282484,-0.6920806558575756,-0.3686502483903391,-1.847689755087956,-1.1486418272101526,-0.8182205072099059,-1.6664086906815518,-0.650138278453012,-0.6525409983435588,-0.5875159081218118,-0.7509832994166924,-1.2475529697234258,-0.8458203979748601,-0.7296353704479841,-1.2269435973594474,-1.3690066865168349,-0.822456452227221,-0.7059674923015218,-1.3131748710762794,-1.1731110612417124,-0.8964385628694397,-0.8872067984034626,-1.184917309477316,-0.5047293815529771,-0.6103548859920411,-0.4974193134375517,-0.6555337919138091,related,8
CHEBI:65065,related,direct,DNA adenine methyltransferase inhibitor,Mistral-Small-3.1-24B-Instruct-2503,-1,-0.0597204687114183,-0.468815297328546,-0.4379349407554804,-0.2456702318391662,0.3397666964337738,-0.0583945294308557,-0.1245570137151134,0.1976213100259914,0.2302065132784393,0.0124254858545599,-0.0315625985222983,0.1040539373665072,0.4197731636474625,-0.2056555883750185,-0.240360603724642,0.2862845685691125,-0.8657864513806458,-0.8344858497738546,-0.6077313693139913,-0.9488341437822154,0.0598143330102803,-0.3738419286292515,-0.3401164448789551,-0.1197138887110617,0.3606943664977914,-0.1664112595059738,-0.1486412964642627,0.2101160533454385,-0.6406608311606811,-0.6476151152673444,-0.576806886872545,-0.7336171813573503,-0.8833633938309668,-0.7296448102139578,-0.5050252555723084,-0.9590167426230968,0.4016524016375151,-0.162021067434979,-0.2270317455187723,0.2169959866229051,related,8
CHEBI:65065,related,direct,DNA adenine methyltransferase inhibitors,Mistral-Small-3.1-24B-Instruct-2503,-1,-0.0059721275604481,-0.4175497607417732,-0.4126810775336788,-0.1904721065074125,0.3056790107159657,-0.0899435770931726,-0.1574346801674492,0.1575416361210169,0.1123734469298501,-0.1440636560193692,-0.0400756763076455,-0.0212148570327402,0.2806185965428371,-0.4089074421292015,-0.4162002043345056,0.1365021519727064,-1.0550141870274623,-0.903493575374704,-0.6459366661977147,-1.0972379476174932,-0.0607739169774607,-0.4360630732206348,-0.3933230618570192,-0.2359883000351801,-0.0412103890992505,-0.403390998229907,-0.3720376191825799,-0.2095118427031413,-0.5213467882174456,-0.5948129083282337,-0.5543604882931187,-0.6314207688720782,-0.9252566382916514,-0.7675549952566848,-0.5967314032481112,-0.9924395212929688,0.272672106587514,-0.2680544654847681,-0.2901302494668233,0.0718954724954761,related,8
CHEBI:65065,related,direct,Dam inhibitor,Mistral-Small-3.1-24B-Instruct-2503,-1,-2.4481288328237745,-1.2541514112379442,-0.9843053859621684,-2.109484190685353,-1.8520832988667872,-1.1336783817780691,-0.9083264248687898,-1.7028055639506203,-0.6175606368013984,-0.5444488138607404,-0.0781584914934214,-0.7167231960066367,-0.8845445259364584,-0.8049832625240787,-0.7114491731486147,-0.9188405748392464,-1.8815463288245589,-1.1700900122557076,-0.8076390429187755,-1.6891510001979289,-0.947132523432013,-0.7146988721114237,-0.6223287006153538,-0.986109526270969,-0.5272623092328822,-0.6711897421539578,-0.5919647863635132,-0.6513799028689706,-1.576666746625337,-0.9257033605927064,-0.8043696476273064,-1.46734344574418,-0.5682475875694677,-0.7779327469135293,-0.7466665391174044,-0.698125683353117,-0.9376092668766768,-0.7360552893815712,-0.571477138466346,-0.9948693803151384,related,8
CHEBI:65065,related,direct,Dam inhibitors,Mistral-Small-3.1-24B-Instruct-2503,-1,-1.6349672122262766,-1.071014558733813,-0.862491317924773,-1.560011462022787,-1.508869009257264,-1.0308913533042197,-0.8427959716413581,-1.4591328862126414,-1.461516974759543,-0.786870641656016,-0.1084021697843922,-1.4124855000044014,-0.8803429734314953,-0.8539462937555743,-0.7418761897166396,-0.9154632845071664,-2.089865386207582,-1.2089646979632396,-0.835846126363507,-1.826706973569211,-0.9552292168600398,-0.724539746161091,-0.6114411088779657,-0.9923439521593406,-0.9794635667789602,-0.7946058482005572,-0.6869741820615142,-1.0211679061938843,-1.5379721099524484,-0.9108314004133428,-0.7847703081273477,-1.4389241554655752,-0.5251583532452507,-0.805332843003549,-0.7549350406392873,-0.661013572760566,-0.9937100913331256,-0.7495135875614267,-0.5808089322633073,-1.0365822179591164,related,8
CHEBI:65065,related,direct,EC 2.1.1.72 (site-specific DNA-methyltransferase (adenine-specific)) inhibitor,Mistral-Small-3.1-24B-Instruct-2503,-1,1.2244538533473932,4.397126429444452,5.731866445253545,1.946811672659782,1.2802866058406273,4.367579203324797,5.433125952778299,1.990202222353064,1.4880504528728664,5.193247414258394,0.6922881220450212,2.2327952591614504,1.4826144146585356,3.6852464520651695,4.358761658638489,2.031756918675572,1.384938844071529,5.1056324231935815,7.05324210576398,2.23968135687393,1.3076018801139673,4.593986893109861,5.444520021691821,1.9350020865134347,1.2292316189705337,2.1546069663213294,2.0674527530598774,1.607890387649869,1.5035496924322134,7.008908340417792,9.047473858859329,2.3269266395046126,1.349587569885365,5.624564218257176,6.557147187211332,2.101954792757389,1.1855546089327371,3.056741729325032,3.278153748426751,1.728361716577652,exact,9
CHEBI:65065,related,direct,EC 2.1.1.72 (site-specific DNA-methyltransferase (adenine-specific)) inhibitors,Mistral-Small-3.1-24B-Instruct-2503,-1,1.109990076738604,2.191038040154772,2.094177208535189,1.503150438848243,1.2434677739894693,3.4329504248651026,3.7629933210121007,1.828479287547142,1.4791880633012289,4.944881361770082,0.6445564608702851,2.1959382926806064,1.4687782464328143,3.4540891481633413,3.951942522578557,1.9861771679594395,1.3859544548486673,5.149681884805439,7.127448461586935,2.246528167812914,1.1637731916392973,1.7070120159839426,1.5218897512588951,1.423858492946605,0.8750224477748171,0.5624640812042041,0.4028061386372403,0.8861069090728267,1.442768551468008,4.645420670308448,5.128181937109144,2.051495874269025,1.3051536512017312,3.8211657316988656,3.915184372487985,1.894040323864924,1.1578891416552533,2.3345856112365406,2.12273531459438,1.5907906997661607,related,8
CHEBI:65065,related,direct,EC 2.1.1.72 [site-specific DNA-methyltransferase (adenine-specific)] inhibitors,Mistral-Small-3.1-24B-Instruct-2503,-1,1.1598714406882276,2.8037035685111755,2.915465455752513,1.662726159114602,1.2802904886187525,4.364889247350828,5.457396540392841,1.990221863239532,1.557477892456132,11.804286003689333,2.437796276321986,2.681489154764433,1.5688639860483125,6.212344093536025,9.792577780630046,2.420369923450068,1.412232843488623,7.519998219966512,19.67221458421968,2.506090257004668,1.1703589333064246,1.7597650527869275,1.5715853157918749,1.440733097755304,0.876790370409536,0.5757918032562866,0.4470125125304663,0.8889007391778253,1.5080525241214344,7.347278997055821,9.685178891652512,2.354173745346593,1.3407130820396442,5.144423008230882,5.863774300892706,2.053630228560318,1.20131258333718,3.9063011098181937,5.192823994172482,1.8389877839360471,exact,9
CHEBI:65065,related,direct,EC 2.1.1.72 inhibitor,Mistral-Small-3.1-24B-Instruct-2503,-1,-0.6316347166005317,-0.8486347974050595,-0.7085217501737839,-0.7786047697412919,-0.0551561025818842,-0.4918137192476177,-0.454337852315806,-0.2330770728137617,-0.5357151529108534,-0.5023951744442624,-0.0610126324434057,-0.6441440740447232,0.1943833593316034,-0.2731495521199369,-0.3037530292262524,0.0472271087992687,-0.0374521406726274,-0.3889414567940008,-0.3727022854779514,-0.2143430532082227,0.0360920480896591,-0.3593436103633317,-0.3615531761630071,-0.1429580857845141,0.2830607084394383,-0.2998216773168228,-0.3124385020095552,0.1238652427837379,0.1511611194562548,0.0883066518983326,0.0427388790424666,0.0012937258104999,-0.8957250535561324,-0.6954507531097102,-0.6097900860126358,-0.968907415058428,0.2069693308664809,-0.2692314223558826,-0.3096492188841309,0.0015924751574975,exact,9
CHEBI:65065,related,direct,EC 2.1.1.72 inhibitors,Mistral-Small-3.1-24B-Instruct-2503,-1,-0.3227764248163933,-0.6659512362912072,-0.5895934143113417,-0.5018447885577548,0.06197877134714,-0.3972348596450028,-0.3797225761642706,-0.112228988423507,-0.6253100321641958,-0.5816280330260276,-0.0623542117015336,-0.7235383795972173,0.1871691720448381,-0.3262196070081098,-0.3451495377738776,0.0398706321824391,0.0018671225205834,-0.3579992345701107,-0.3556496052294061,-0.1749177471112854,0.0544699068597843,-0.3451497262583675,-0.3491348744843195,-0.1249671870526727,-0.1048392946997334,-0.4893554423709972,-0.4594159862499723,-0.2707476887863714,0.13836424090216,0.1045786167954458,0.0583194297429147,-0.0118837119370553,-0.678245055777397,-0.6301294389048322,-0.5639801421086803,-0.7912148630694694,0.2024789944571724,-0.2722174518464182,-0.3082363493800898,-0.0031325435145814,related,8
CHEBI:65065,related,direct,modification methylase inhibitor,Mistral-Small-3.1-24B-Instruct-2503,-1,-0.410531500208547,-0.660774672226193,-0.5781915514728888,-0.5828269093408995,-0.4461037133528399,-0.6552518858480779,-0.5713067673098441,-0.6051603495128416,-0.2739706268597878,-0.4044279169068176,-0.0631310246191098,-0.4039219573249799,-0.3167910580777147,-0.5282092456522417,-0.499753128745425,-0.4391443768055478,-0.8576442781715878,-0.8475498494944911,-0.6102141575392618,-0.9423175743583035,-0.4148914940214374,-0.5647875857223065,-0.5142737874848315,-0.5544069605980485,-0.1035916371208035,-0.5088889025637476,-0.4667872850488716,-0.2695582419642803,-0.7550458545027232,-0.7195109167065373,-0.6535233989781215,-0.829394274688961,-0.6660199376325868,-0.7463327490594538,-0.7573585081541838,-0.7809818122973977,-0.0259321685595099,-0.4463812611541423,-0.4021058443166869,-0.2318281081745827,related,8
CHEBI:65065,related,direct,modification methylase inhibitors,Mistral-Small-3.1-24B-Instruct-2503,-1,-0.3898061153879537,-0.6432602365542875,-0.5473385386217386,-0.5638817195669471,-0.4951564025212558,-0.6567823715549485,-0.5720782068050048,-0.6490241012300793,-0.3549921409712432,-0.4289727274455264,-0.0657827657743845,-0.4797009355677509,-0.402371837651466,-0.6280435909986677,-0.5724914311013406,-0.5148470053717789,-0.9465512777770764,-0.877230441234856,-0.6342782309392211,-1.0128751576290316,-0.6091938816541291,-0.6339960723273659,-0.5580082079399092,-0.7174892113834054,-0.6627530295298453,-0.7014318591920953,-0.620448102048289,-0.7656337483590933,-0.9366370948305164,-0.768541647494552,-0.6972913564630271,-0.9774485833381176,-0.370027816272077,-0.7174730851914637,-0.7029310257477226,-0.524126113442311,-0.1064981538799134,-0.4874826182463181,-0.4261299375789674,-0.3077559406929427,related,8
CHEBI:65065,related,direct,restriction-modification system inhibitor,Mistral-Small-3.1-24B-Instruct-2503,-1,-1.0055308094053752,-0.9203221584207546,-0.7727201907285901,-1.0873959103379538,-0.4253960810548841,-0.6552284264452185,-0.5986913818916904,-0.5864752942467053,-0.1614354437335003,-0.168825970041985,-0.047607268747113,-0.2963141450805403,-0.4036070342939233,-0.6070749057128035,-0.5729581516080258,-0.515929649321165,-0.5688067340274399,-0.7363923357044182,-0.5735085812777931,-0.7033417871544355,-1.1491973163986386,-0.770085024821005,-0.6750796753533101,-1.13924703741472,-0.7431360193054284,-0.7910966028732247,-0.686501637747528,-0.8319325664324713,-0.1642707201446368,-0.19562344567064,-0.2185320460503208,-0.309198459445026,-1.2088134675564377,-0.89112088256874,-0.8704573967654439,-1.2119517057282987,-0.8443860232496856,-0.7249361618892823,-0.5588595583465522,-0.9245078393651311,related,8
CHEBI:65065,related,direct,restriction-modification system inhibitors,Mistral-Small-3.1-24B-Instruct-2503,-1,-0.7463911932096388,-0.807154056596496,-0.6864990363137957,-0.876093949289276,-0.5413568028788117,-0.7092484183708991,-0.6269670367803134,-0.689842311338804,-0.1923302694952842,-0.2000346378699831,-0.0507135716578972,-0.3261425036764982,-0.4280697433955855,-0.6617198663472472,-0.6296091432874961,-0.5373143766116566,-0.537041886316943,-0.722633897615459,-0.5544413949008612,-0.6760581119920913,-1.2393375875590111,-0.7958909668958828,-0.689286629501826,-1.2060228181838593,-1.0690046078226294,-0.8564800684577613,-0.7432044634909852,-1.0908664177715095,-0.1894065207464984,-0.1877166985039861,-0.2187828523204611,-0.3327908783924751,-1.0974134099209825,-0.8798709915581173,-0.8462749319569034,-1.1270432299866795,-0.924860674446388,-0.7473113846503106,-0.5709576658652422,-0.9853257002088496,related,8
CHEBI:65065,related,direct,site-specific DNA-methyltransferase (adenine-specific) (EC 2.1.1.72) inhibitor,Mistral-Small-3.1-24B-Instruct-2503,-1,1.1415502283167995,2.547831696899284,2.519892372254509,1.6003988994577951,1.186727960688545,2.593887268564508,2.5476198519805213,1.635053915459378,1.399141381254432,3.482943338625118,0.3960681829237171,1.9241038185182693,1.4084858246448082,2.7788722090543487,2.9346272843299075,1.8112435960851176,1.2789933530240496,2.8094050124183827,2.58670899777234,1.780342936380965,0.8872100721198493,0.5549539376475987,0.4111142857194079,0.8822114968954969,0.7978809213170419,0.3868821266543608,0.2648788322270021,0.7685116061015498,1.2186841280775915,2.235901973163275,2.202384380960748,1.4587523673421705,1.2173702828260826,2.400691902976709,2.3507400063069817,1.607686443666005,1.0291709807003944,1.0452561143811667,0.6586918553955029,1.1961290959368336,exact,9
CHEBI:65065,related,direct,site-specific DNA-methyltransferase (adenine-specific) (EC 2.1.1.72) inhibitors,Mistral-Small-3.1-24B-Instruct-2503,-1,0.9844329005928342,1.3334882257803966,1.1116879994430042,1.191255722467131,1.1529454613313872,2.2568717027549194,2.1416877501021614,1.5376806270643022,1.3927104914792858,3.399216358536814,0.3817181745931376,1.9054656976593265,1.3918876649878098,2.622825194745168,2.718122742019621,1.768144173316815,1.274474965502781,2.756904192411255,2.5229464261390326,1.7659626546120704,0.6980227867232759,0.2079670429171605,0.0719235923200906,0.6050817228867105,0.6444520653387001,0.1822875457378325,0.0858355840067352,0.5551212298275243,1.2341031375350482,2.321902129550438,2.313676796535628,1.490981553356055,1.1536539764621982,1.8584967236405965,1.720868889536615,1.4445293838913271,1.000397119650537,0.9040382347481558,0.5397388359319644,1.1297782846088873,related,8
CHEBI:65065,related,direct,site-specific DNA-methyltransferase (adenine-specific) inhibitor,Mistral-Small-3.1-24B-Instruct-2503,-1,0.6214077275147534,0.2559996414366797,0.1199143443355568,0.5644389808421734,0.873345055415854,0.8686462311926214,0.6690998764238374,0.9462763497961544,0.7799602274748029,0.4195765594583972,0.0559181282095985,0.7699884793874372,1.038996571174911,0.8291413090872425,0.6901924948707296,1.0857317031074534,0.4064259516606658,-0.0290733955678216,-0.1349353940131484,0.2671380420197875,0.3101075044210212,-0.2025769529389698,-0.2495126538690443,0.138504888037042,0.5681945001982844,0.0385424459690768,-0.0245203885292191,0.4570197744400457,0.8304337827373046,0.8568126693725029,0.6961086364296752,0.808925681617465,0.4074463761683769,-0.1339308618377832,-0.2000775857750337,0.269540637007879,0.6255685841369042,-0.0045853462533755,-0.1203786298172175,0.497977953089089,related,8
CHEBI:65065,related,direct,site-specific DNA-methyltransferase (adenine-specific) inhibitors,Mistral-Small-3.1-24B-Instruct-2503,-1,0.4908141646651803,0.0705489958437681,-0.0174756195788653,0.3850510582205703,0.7624940696048473,0.5946175692272212,0.4147017388550162,0.765251979177774,0.5424152435578601,0.1780713388511047,0.0173238550974231,0.4623087744901706,0.9059950525969028,0.4460844951999639,0.3265890602096182,0.8881807935754803,0.321062785405192,-0.1190310758683294,-0.1966142514508196,0.1674810918854465,0.0570784188477052,-0.3663091112108507,-0.37333080654761,-0.1224043680035778,0.1714361282487107,-0.2691209152534569,-0.26889072188109,0.004616629114429,0.7761915959867203,0.8042292542523666,0.6518579735211416,0.7337500785660543,0.2851987691071953,-0.2843127750388808,-0.33154722942806,0.1288707173989265,0.579101703688935,-0.060692444682481,-0.1627768128927032,0.4359423540058214,related,8
CHEBI:73558,related,direct,D3 vitamin,Mistral-Small-3.1-24B-Instruct-2503,-1,0.3857981322471672,-0.1392132935211332,-0.1723759121259573,0.2512227877541805,-0.0884128737808739,-0.4803706480999299,-0.4618138905703597,-0.2665006446210903,1.3758574038584943,2.556750834133733,0.2549927296248993,1.8581852502220888,1.240960641819712,1.4675618307691494,1.2919660490470073,1.4357242796354357,0.9607333485788048,0.894461722368162,0.6095581503018299,1.0554885373846237,1.2056348840956908,1.9436052907229195,1.7665872965830254,1.5372567464613185,1.1161065878352103,1.4009057749022558,1.1938350850515418,1.3269244662791817,0.8811931540512897,0.267455405714584,0.2029874162942002,0.8817905350185957,0.6782126192775613,0.1189893384366902,0.4234471038798983,0.6148384959109303,1.1629300628667605,2.265642123836378,1.953444830217757,1.6128661000963602,exact,9
CHEBI:73558,related,direct,vitamin D3s,Mistral-Small-3.1-24B-Instruct-2503,-1,0.6376028671997886,0.2271753556139794,0.0780576714248611,0.5878765021213024,1.0043694032547728,1.2409467599774784,1.0270131872223298,1.1908062916597129,-1.174058126074356,-0.8044399224974171,-0.0658443272055802,-1.1847383302693957,1.1915200122847522,1.2865708363146648,1.1070054093851631,1.3426616149020851,0.5287206153460785,0.0736720572812763,-0.0559704924764613,0.4174559299499716,0.8855188557894389,0.4541342868675943,0.3106403984077766,0.8795100499664986,0.4437716442738871,-0.1132797863734442,-0.141628310917599,0.3058569672581225,1.08724376829497,0.6893661365735112,0.5792136755132679,1.2097981762961454,0.6395599139988207,0.0629810720979703,0.2919275102514879,0.5620717993606849,0.8668016132876359,0.3761652357418574,0.1160476931596931,0.8675138206227913,related,9
CHEBI:76713,related,direct,C-N lyase (EC 4.3.*) inhibitor,Mistral-Small-3.1-24B-Instruct-2503,-1,1.1401854537309952,2.484036777052616,2.4588089746560606,1.5959498828341607,1.1905113396938567,2.4804007835376343,2.3541473791453145,1.646627825821109,1.1033862614212604,1.003660097871582,0.1120725931030939,1.2717265295200444,1.4118310123688105,2.9754360632247785,3.1495384943857623,1.8201523944919529,1.2057915856063088,2.1088237037008573,1.7710043199951189,1.5703814360147623,1.0502179219974697,1.0603598324575914,0.8841188275729671,1.1708662364970317,0.7688251780524343,0.3049493528233089,0.1770833387856078,0.7261950578731472,1.234159832257283,2.141969849398084,1.9858527129465569,1.491101495825374,1.2385828394432952,2.3485694623499858,2.240751821909144,1.6685066316156274,1.1539963471399897,2.2527328484597287,1.9566345918942007,1.5743941663910503,exact,9
CHEBI:76713,related,direct,C-N lyase (EC 4.3.*) inhibitors,Mistral-Small-3.1-24B-Instruct-2503,-1,1.0004639614178337,1.375521099130424,1.151699045825229,1.2264806413191975,1.0373753469868667,1.3525171160288525,1.098272480983004,1.2597049791423442,1.1426766503455108,1.124716920038184,0.1193481857117564,1.342992946041808,1.3662937844251175,2.54441820978822,2.6275924749165283,1.704908712801616,1.204054242915204,2.0987170535043727,1.7616632642447054,1.5658849702156286,0.7693056345098246,0.3263953548355667,0.2081342216509716,0.7042025313208098,0.3521254868642,-0.1651060808742988,-0.218929599663252,0.2004505894981071,1.1830793537665023,1.8904980769327435,1.7862082862379296,1.3870838032353163,1.1923481446292143,1.8726851494329968,1.7459879283045574,1.5405400456583742,1.1604444330708927,2.3683469593019377,2.145417015571208,1.6018551817533495,exact,9
CHEBI:76713,related,direct,C-N lyase inhibitor,Mistral-Small-3.1-24B-Instruct-2503,-1,0.175097932731081,-0.3160275384071464,-0.3228614622137992,0.004137513088259,0.5071928657531911,0.0426085475780484,-0.0672262229950115,0.4048890991454666,0.9574089120531356,0.53719588388765,0.026399761584372,1.029565082496549,0.6862144171189396,0.2167132388924211,0.0994223186389555,0.5976507381059654,0.060571586313173,-0.3533365182001476,-0.3304371824975788,-0.1150414714848305,0.6292031744150423,0.1049327407720971,0.0252855419325606,0.5142313960766698,0.4473531554416387,-0.1251959060731848,-0.1638013645657943,0.3100715486914388,0.5918853627105256,0.3758157544272697,0.2529210476852978,0.4955120865197677,0.542744784752958,-0.0929963203853141,-0.0869506940810061,0.4354022609382201,0.9978438922828906,0.9131127345757734,0.5475971183862772,1.124108722513051,exact,9
CHEBI:76713,related,direct,C-N lyase inhibitors,Mistral-Small-3.1-24B-Instruct-2503,-1,0.1717774215635818,-0.2941459302111696,-0.3220946337616845,0.0004360760621355,0.1762706751328052,-0.3001956369448129,-0.3426569719252544,0.0108953874356934,0.7412286447715887,0.2228999675294028,-0.0070171418366552,0.7171383044459847,0.4791727708862127,-0.1162752033260178,-0.1735001948556309,0.3526447230830557,0.0004214978186567,-0.3879005431181667,-0.3677424056508976,-0.1763767068291031,0.3432233228161497,-0.1735440795047071,-0.1861557715345792,0.1747119626572032,-0.10383709132424,-0.4753337696051345,-0.4462454027256358,-0.2697922791147648,0.5270368641735756,0.3213237518418643,0.2215225088762485,0.4169598277160823,0.4736483111966379,-0.1857276732567465,-0.1740830632574334,0.3492251082630099,0.9382089016500048,0.684367147866029,0.3691113717928556,0.9999459419532882,exact,9
CHEBI:76713,related,direct,EC 4.3.* (C-N lyase) inhibitors,Mistral-Small-3.1-24B-Instruct-2503,-1,1.1262345791315311,2.31505774582288,2.217831987181895,1.551811065864518,1.1944174144879285,2.5252939213013104,2.4617122823723507,1.6587387358057368,1.5504762660241014,8.299944525794427,1.415682735974364,2.602955343767356,1.468774560501189,3.5279348968442985,4.0802868269356125,1.986165357134584,1.3958534186147753,5.682631228807221,8.857150954944888,2.3203596721607447,0.9628371439096084,0.764969175707697,0.5886583396138533,1.0084580639726604,0.8928390795481824,0.6177604432419543,0.4631332433874011,0.914484501433662,1.501309273408726,6.609468997524604,8.149950154549243,2.313949175259177,1.3380651762090858,4.599559541188066,5.337385879942201,2.0400729563328177,1.2024354254455063,3.965487211673723,5.383081267109671,1.848843710424828,exact,9
CHEBI:76713,related,direct,EC 4.3.* inhibitor,Mistral-Small-3.1-24B-Instruct-2503,-1,0.2806347069548849,-0.291850746333905,-0.3167794658638556,0.1247254220481208,0.6671741962951201,0.2637026141509151,0.0966260357646807,0.6229769669587589,1.1120358274114706,0.9303409582515226,0.0603228035859796,1.287156574897271,0.9723692615667692,0.97440661057065,0.808551865119373,0.98426237525378,0.493293086215902,0.0737102300849617,-0.0990871038428958,0.3729126555041975,-0.1713217346874501,-0.4509897488001528,-0.4207070742577674,-0.3387753894959448,0.6732329977509554,0.1644020610490211,0.122688847184674,0.5933948823768679,0.6333135647408237,0.5035515255753278,0.3842906129883285,0.5470157519713008,0.254768583499913,-0.2966260772415344,-0.3340746087998575,0.0950263083290429,0.3257630330578106,-0.1918928047919839,-0.2429088572460961,0.1304074802300123,exact,9
CHEBI:76713,related,direct,EC 4.3.* inhibitors,Mistral-Small-3.1-24B-Instruct-2503,-1,0.4488676821968524,-0.0495681693841674,-0.1536281931653765,0.3306042754567451,0.6783666925191671,0.3036875591267967,0.1626428645649942,0.639143558678008,0.8366147884974864,0.3859179830358721,0.0121583758141919,0.8495439848688936,0.8658794205261703,0.712253943427443,0.5313893229141432,0.8322219012159366,0.5978793875212112,0.2159348804721507,0.0063447613028577,0.5070159462098798,-0.2621480760659607,-0.4895795090539156,-0.4666603460222203,-0.4208076285158442,0.3895617379318548,-0.1282054863446085,-0.140317504883792,0.2429578777230355,0.5026791497596267,0.3597217823240998,0.2503777050201818,0.3880634218820397,0.1145089258699555,-0.3905095561728513,-0.3950981219100292,-0.055685509758342,0.3223604499409432,-0.1950261120329573,-0.2399361093494428,0.1266088286725054,exact,9
CHEBI:76871,related,direct,EC 2.1.1.* (methyltransferase) inhibitor,Mistral-Small-3.1-24B-Instruct-2503,-1,1.2023748179315066,3.632992291372151,4.173758988696254,1.8332838903572235,1.2575063465793757,3.6196972802046337,4.141425554250128,1.885292966439363,1.4342030079495196,2.9254592687333365,0.3753109269813697,2.0326696553287973,1.525397842130119,4.363917879014656,5.468912548443934,2.193375187075678,1.342672148750623,3.786202803094752,4.113292046871952,2.016094923684308,1.204578396808558,2.055640049201456,1.8905808992566573,1.534194207558676,1.316729926527131,4.050940307595877,4.297956917283121,1.9183523934484168,1.4448149376921229,4.814084199531693,5.448455265444351,2.0590866963019563,1.3228125523427816,4.106709657410828,4.273982045998217,1.9679425246330096,1.1685293090604405,2.58885502346263,2.3922758825126915,1.638661532948057,exact,9
CHEBI:76871,related,direct,EC 2.1.1.* (methyltransferase) inhibitors,Mistral-Small-3.1-24B-Instruct-2503,-1,1.087235258899181,1.9682318713407896,1.7916278991641714,1.43911946859286,1.186944619707938,2.512264962916681,2.479943529952509,1.635712655740459,1.1649738652409412,0.926562952763522,0.1147731842518417,1.384864077388576,1.452478647237471,2.9622214328732763,3.3106796372844007,1.9354847406606908,1.2749201055455266,2.744980544766787,2.486889344996225,1.7673691318733782,1.106255863595391,1.2970993529551014,1.145831519549291,1.2880463262274349,1.0402229122372386,1.0786072129474806,0.9166517557395516,1.1721687223089858,1.3805773736620135,3.6732039543578177,4.025176038142986,1.849370042220916,1.3210968466210375,4.015033169195243,4.105562564970073,1.9603666594248863,1.171772960481828,2.668874802080205,2.538862037579723,1.6543096562997512,exact,9
CHEBI:76871,related,direct,EC 2.1.1.* (methyltransferases) inhibitors,Mistral-Small-3.1-24B-Instruct-2503,-1,1.1272788437407406,2.355480275739194,2.3021830892167374,1.5550350578656078,1.1942791875866672,2.596880484832081,2.585442107768523,1.6583072800004663,1.4358655719129327,2.8378997575286324,0.4502048763212072,2.038154773583167,1.507956832774786,4.001621094934474,4.836473619360876,2.1229336799738183,1.3178177760726548,3.316555597322762,3.2581646985934727,1.9151945903299632,1.1656884076140996,1.6866142024043635,1.5105334689200391,1.4287331176651967,1.0393797240433735,1.0724415484693255,0.8866788555645698,1.170551879725526,1.4255475295891733,4.391833548644769,5.11743216397321,1.990445330823063,1.3328279844934623,4.460211856736518,4.779698857049837,2.014240497078832,1.2095357505422757,4.711006807911202,8.206708523739938,1.924682874185776,exact,9
CHEBI:76871,related,direct,EC 2.1.1.* inhibitor,Mistral-Small-3.1-24B-Instruct-2503,-1,0.2762351687078297,-0.3169142844369533,-0.3475677053997032,0.1195784163248022,0.5192364669423082,0.0115254338425881,-0.0759000871072939,0.4205495138363701,0.7062597675939044,0.1220741087863157,-0.0021869183596064,0.6704083289686202,0.5859374186068806,0.173048866251695,0.056608556676768,0.4761044541671976,0.8230273315688162,0.6425978773059288,0.330101540987487,0.8281530142655619,0.7252990218592521,0.2362157872635067,0.1250412197585719,0.6423593495570995,0.5123748709406917,-0.0131095976711985,-0.0729622148644111,0.3879483362864839,0.724445932004891,0.8005664990957655,0.6855070982946121,0.6643581597221676,0.2768890343948818,-0.2429237667498684,-0.3107185707876619,0.1195851008459873,0.1820603996839781,-0.2931065747759897,-0.3169793855773055,-0.0244955462386339,exact,9
CHEBI:76871,related,direct,EC 2.1.1.* inhibitors,Mistral-Small-3.1-24B-Instruct-2503,-1,0.3010534867870219,-0.2383863123331251,-0.2750458270810371,0.1487589052824643,0.6235527371684016,0.2025423842185788,0.0776914481992167,0.5611977949028414,0.549661636351171,0.0086571977854434,-0.0147171394648143,0.471172956265338,0.651382772807154,0.2289339884477611,0.12754129137213,0.554761092270602,1.0524149103924751,1.3141678858935582,0.9191700758085044,1.2264726780145616,0.6498799769039284,0.1328793620754578,0.0518509810810104,0.541072627415272,0.229789399400248,-0.2331182747487488,-0.2629733470181741,0.0662965341802037,0.7407930731651404,0.8381220108422344,0.6846864847316819,0.686049030138019,0.212334891736879,-0.2911056191485949,-0.327421713863648,0.0485431413960485,0.1858634081115354,-0.2910543880563268,-0.3169713348373077,-0.0205317286957762,exact,9
CHEBI:76871,related,direct,methyltransferase (EC 2.1.1.*) inhibitor,Mistral-Small-3.1-24B-Instruct-2503,-1,1.0223907372136027,1.5103229362632822,1.325113411092408,1.2764305933654163,0.9767636273393736,1.132860818157757,0.9258766079026532,1.1357660940652758,0.6369177653254253,0.4150727861867032,0.0673740507441041,0.5802821635734455,1.3639663233776755,2.427351397631257,2.458235039633519,1.699332770811758,0.8824772968893052,0.7980815807426128,0.508319426861598,0.9226851785449364,0.8192875993041809,0.3912797953927712,0.260368080827139,0.7772752119683765,0.9649744819033104,0.7777143397025014,0.6743643644908455,1.0349333456792806,0.7732845252293679,0.9402378214749734,0.7150495156833753,0.7297937697881776,1.151445720222837,1.635157931287217,1.4758712720312184,1.439294428695988,1.145911471150442,2.1494191650011354,1.837835443347471,1.541915031985876,exact,9
CHEBI:76871,related,direct,methyltransferase (EC 2.1.1.*) inhibitors,Mistral-Small-3.1-24B-Instruct-2503,-1,0.91586392783433,1.023252086787082,0.8146094319413555,1.050823423530865,0.9081083445274678,0.9087473519819256,0.6654610926314172,1.007379325197785,0.8529159972470894,0.7081947883521833,0.0951086291261813,0.8729679446801017,1.3438427748949904,2.252519381992854,2.2691749334584586,1.6522151248928834,0.8669514172430521,0.7602788004412134,0.4656912784894612,0.8975138347220505,0.7632960549161337,0.293027946248896,0.1967186894566182,0.6956263650057439,0.6441144638761662,0.177393122389957,0.0966522683629641,0.5546765527547757,0.7622393180932877,0.9013049155510616,0.6857414338717456,0.7148264216930786,1.1601393440903909,1.701352265769326,1.5326012575332308,1.4600454520440214,1.1536903520249908,2.280341234817432,2.021177611631234,1.5731275063814762,exact,9
CHEBI:78804,related,direct,C. elegans metabolite,Mistral-Small-3.1-24B-Instruct-2503,-1,0.7255734699080907,0.4044556356027833,0.2891587494034295,0.7207062507739123,0.7976627207527445,0.577283370624108,0.3882305442678564,0.8206516620748535,0.0128920848857399,-0.2579490149994322,-0.0486302938330691,-0.1235543106630859,-0.0374084986695645,-0.2390954675674495,-0.3035184713867552,-0.1814325865004128,0.92511350166317,0.8431528100155498,0.5978719182861734,0.9937413918343606,0.9968626518622682,0.8352743085413484,0.6561361539632855,1.0692577065363371,0.6581029070846386,0.2402707352914503,0.1552664557307665,0.5731837832740264,-0.2377720062888776,-0.5029742820358138,-0.4671129276708266,-0.3777662885128292,0.9942942248849256,0.5541302661940142,0.588214180531669,1.1138809046395743,1.1540453682798293,2.1561032409038576,1.859257235469772,1.574597379523823,exact,9
CHEBI:78804,related,direct,C. elegans metabolites,Mistral-Small-3.1-24B-Instruct-2503,-1,0.6291222149340524,0.2209942384331996,0.1183674905341768,0.5755670322407636,0.6549783902034905,0.3036617103077159,0.1740065896490815,0.6055111366789732,0.400472305770397,0.0065459535955619,-0.0336790737439392,0.2940889000537089,0.0589380680859751,-0.1499224438614614,-0.2296024193516171,-0.0882324780995854,0.8335183748092558,0.6154879850855131,0.3868615614157044,0.8444814830853816,0.7146771032380785,0.2111152049128488,0.0996931318728571,0.6277511054948873,0.4774151793940891,0.0344077295093625,-0.0420396628903732,0.3457499369097169,-0.2836610077143261,-0.5228889229577762,-0.4779215192174897,-0.4199454162822471,0.6742364712674195,-0.076739720129235,0.1622472836425715,0.6093474323057343,1.1290786437535156,1.7716082239939976,1.4168584029674502,1.4798395606715624,related,8
CHEBI:78804,related,direct,Caenorhabditis elegans metabolites,Mistral-Small-3.1-24B-Instruct-2503,-1,1.210583627679133,3.754502573291385,4.424968332575743,1.8725990388001807,1.2401976982523248,3.294878428912907,3.537982045991502,1.8158990994513693,1.5531259773407908,9.495399450672902,1.6640362617226263,2.629906141875482,1.4062529691757508,2.9213301827916696,3.1228988862934592,1.805340233820036,1.2236555309139738,2.2103678735335333,1.9103889743639728,1.617733069040989,0.9305926042671154,0.6273857356141248,0.4320758176802072,0.9532571318199466,1.22408727397924,2.468367751845652,2.3209220251414284,1.593131545006453,1.2942630802926975,1.6665491975422924,1.475932175342554,1.6250080918876912,1.186389641633074,1.4730052414622972,1.6919739050186686,1.525183894930933,1.2014199138328288,3.793954207933688,4.860985894454582,1.8399127222914835,related,9
CHEBI:83820,related,direct,non-canonical amino acid,Mistral-Small-3.1-24B-Instruct-2503,-1,0.3564843315027636,-0.1664187497549511,-0.2009750739025239,0.2152636024214284,0.4158124591294133,-0.0677687567077737,-0.1720855566737136,0.2894897542738829,0.6879084481421947,0.3541385381478254,0.0175380392146076,0.6462385207001832,0.5155320290827349,0.1626879177605043,0.0776960645720247,0.3940582053494145,0.5222099020024237,0.1196647874899389,-0.0305637036900716,0.4092050334170931,0.8487779701441484,0.3458880840994601,0.2299081299288222,0.8219740011914344,0.6697782909972714,0.2481114301654821,0.1399398623361511,0.5887619742558872,0.9145203645208758,0.8020252165945485,0.6611244469863818,0.9310958693786234,0.5634805181550026,0.1328430060879069,0.0578235246988331,0.461918668026661,0.4893326443786421,-0.1820372543704191,-0.2249803902457093,0.3219717800827659,exact,9
CHEBI:83820,related,direct,non-canonical amino acids,Mistral-Small-3.1-24B-Instruct-2503,-1,0.3476247683102503,-0.1741394322306106,-0.2158122587778283,0.2045058039754115,0.1880976173025295,-0.2991233834231752,-0.334049667908172,0.0239607278331931,0.748184858576841,0.4461522970993479,0.0358695586605513,0.726543442287363,0.4347699907872169,0.078273958745785,0.0115755943053068,0.3028925261672061,0.3592583941215689,-0.0732705364732592,-0.1396849345663722,0.2115812503628402,0.7459355120182477,0.1653779542040341,0.0729776739382558,0.6710879949893633,0.4288242172008255,-0.0688765060174426,-0.1466621101115006,0.2883480607127935,0.7898134804988531,0.5771217636421523,0.4624282253433014,0.7523842357265126,0.4342156746918879,0.0071279160616152,-0.0777320523737095,0.3014419106542303,0.5112327095989894,-0.1604208638327986,-0.2136369825544548,0.34912261304971,exact,9
CHEBI:83820,related,direct,non-canonical amino-acid,Mistral-Small-3.1-24B-Instruct-2503,-1,0.3701807448192911,-0.1595970980067383,-0.192481304897197,0.2319943697882147,0.4269218639015785,-0.0499773100932688,-0.1448128438003291,0.3032132449908657,0.9990619121281712,0.7832372167657801,0.0549635905225874,1.0955216434044408,0.5001940484936547,0.0846153759244101,-0.0065722950872106,0.3765118575405208,0.5897220881941959,0.2116193949937133,0.0408616460207162,0.4962627405111875,0.8437423516528143,0.3368700603792293,0.2141525127365871,0.8142520029357011,0.4607646589526648,0.0052103183461993,-0.0509895685770559,0.3259212203793643,0.8171901888718076,0.6294238435042359,0.5164864069461955,0.7903263078579887,0.5312281100957512,0.0779796082384651,0.010423438264703,0.4208099892976961,0.461719810324986,-0.2234351546996554,-0.2500984198909022,0.2882903612046788,exact,9
CHEBI:83820,related,direct,non-canonical amino-acids,Mistral-Small-3.1-24B-Instruct-2503,-1,0.4185075310950186,-0.1010442624548277,-0.1587409832434237,0.2920359822356809,0.3294175396185462,-0.169193447459512,-0.2332616098589799,0.1853841185805328,0.9556066465344636,0.7070146352943666,0.0435271393007662,1.0267605693130173,0.4761834803380378,0.0656606444153097,-0.0108374290886734,0.3492674085851552,0.4478520669979403,0.0279429040906644,-0.0728606148640041,0.3169965683947737,0.7240907928775311,0.1327669419492777,0.0386078846913098,0.6406916666486325,0.087412914007544,-0.3020290230550006,-0.3150725727629869,-0.0818706156028573,0.6988409337017755,0.4568285686607365,0.3594788895853719,0.6307913597797055,0.3784416560649102,-0.0606701470418079,-0.1282581605196402,0.2354415096681401,0.4831900375507396,-0.2031022962284632,-0.2400846178022097,0.3144269910507622,exact,9
CHEBI:83820,related,direct,non-coded amino acid,Mistral-Small-3.1-24B-Instruct-2503,-1,0.6244292814372726,0.1968435127398788,0.0391488142869435,0.5687897460099549,0.336941587069791,-0.1636288968654748,-0.2480866781042672,0.1942747545951995,0.8396081733371684,0.5819668589626077,0.0394240916672263,0.8538267019947692,0.3954472435638974,-0.0106853009142765,-0.097531962062678,0.2595475835070906,0.1167824015167889,-0.2903953505926562,-0.3197005365565238,-0.0565050052393871,0.6417057012561123,0.0172727428860128,-0.0494976730245942,0.5304165999752822,0.3594267300883493,-0.0723626722902333,-0.1223528540133743,0.2086838310565381,1.1113199640881666,1.3220321125814984,1.1413172128015214,1.2524766710520243,0.5401826642084869,0.091192094889846,-0.0405253711495844,0.432147688294988,0.5392893139711935,-0.1159852751206743,-0.2060967169595876,0.3845039554980265,exact,9
CHEBI:83820,related,direct,non-coded amino acids,Mistral-Small-3.1-24B-Instruct-2503,-1,0.5976114260637488,0.156916323149218,0.0084386753503289,0.5305164530711,0.2744436138090176,-0.224937534799788,-0.2719228832256958,0.1213720364985498,0.7384669412990305,0.4438503602274806,0.0308497462796656,0.7134146105681269,0.4449595439915724,0.0837240173186346,-0.0248325517404772,0.314232240031513,0.0226849825779253,-0.3643184559666297,-0.3563194581569036,-0.1538262557223293,0.570653698603937,-0.0667939272840981,-0.1198403564931609,0.44015727340466,0.2912357197000735,-0.135467735221635,-0.1854380412912689,0.1328122272592846,0.9555531697383464,0.8928456311290208,0.7315121954613784,0.9935598492355402,0.5415666668240271,0.1061006790165284,-0.0370703420777832,0.4339051507261585,0.5711164180150613,-0.0819961944977323,-0.1855181962835343,0.4255039240775859,exact,9
CHEBI:83820,related,direct,non-coded amino-acid,Mistral-Small-3.1-24B-Instruct-2503,-1,0.5991604417423897,0.1497018310772893,-0.0007387080748467,0.532706523638995,0.2959743950695412,-0.2087733513497419,-0.2737127047952096,0.1462482470249891,0.9836543315089028,0.7975084092666775,0.0501166400387475,1.0708631693594572,0.3577995474903293,-0.0998469095048082,-0.193078865444592,0.2186455905684999,0.2943976003203259,-0.1396662464799649,-0.1968682689650431,0.1371411271003094,0.6196407855209932,-0.0073609416620072,-0.0699085050579148,0.5019427064433389,0.2430997855650079,-0.1603918365069761,-0.1971410368775077,0.080564213683577,0.9250225730672758,0.8572704362647858,0.699202506308839,0.946891868846717,0.5301715213221105,0.075061899147295,-0.0376298740208968,0.4194759651000447,0.5219631791038812,-0.1428072756186558,-0.2240008851176229,0.3625732930448988,exact,9
CHEBI:83820,related,direct,non-coded amino-acids,Mistral-Small-3.1-24B-Instruct-2503,-1,0.5836355224856353,0.1257649251866133,-0.0058399642952746,0.5108674473098563,0.3007727322768115,-0.2061884182530192,-0.2541518681424809,0.15182577258231,0.8766979741265123,0.5910985375933903,0.0290205938988143,0.9075989128277794,0.4108028347151877,-0.0065677770317942,-0.0920663318831128,0.276396321054926,0.2171571594079649,-0.2063547650411861,-0.2327678871613382,0.051203765454483,0.5567847359015753,-0.0800031020391316,-0.1286869402458341,0.4230027016522531,0.0462055567478885,-0.3030954586602941,-0.3086480577888404,-0.12335814521541,0.796191148002668,0.6290202050526832,0.4935834989635453,0.7611637124533325,0.5186598508065923,0.0669976767974246,-0.0576805070252802,0.4049924177925377,0.5717315043170489,-0.089525241415769,-0.1917801995981546,0.4263057514547183,exact,9
CHEBI:83820,related,direct,non-proteinogenic amino acids,Mistral-Small-3.1-24B-Instruct-2503,-1,1.176473301276317,2.9565942616258134,3.109313070985143,1.7241716578286042,1.21276431768569,2.800217103990541,2.8840651067041208,1.7180447908093943,1.2026028447600865,1.5103598509809586,0.1736039740253288,1.4581751513178696,1.4711405190567182,3.567362668613275,4.035085285743925,1.993781257702084,1.240827996543587,2.3890599081372774,2.115694289886467,1.6653612993035698,1.2293845509762378,2.1880434368517334,2.041902518337676,1.609578337101888,1.2416307258251924,2.496752369457476,2.377169135701436,1.6445685876311682,1.369459343132718,2.895967538273773,2.8573757572467025,1.8176082253514527,1.2451060955728428,2.8121953366771737,2.759833525167585,1.6880514607228718,1.2018832926073129,3.7758614570191145,4.947699326103818,1.8439467935035216,exact,9
CHEBI:83820,related,direct,non-proteinogenic amino-acid,Mistral-Small-3.1-24B-Instruct-2503,-1,1.161834129763992,2.69054876186476,2.7809137017655003,1.6697195615461038,1.1961996096474503,2.5485847501908805,2.5337848510526224,1.6643209167149453,1.1395208576371805,0.9937020708283794,0.1039415490883914,1.3371538840965065,1.4458591235862654,3.02469367187672,3.2693511637021664,1.9157058457167595,1.306205239229375,3.1170803685996566,3.347158810425888,1.872448968471808,1.3202911367095305,5.332199092695251,6.780374422515959,2.0202151151636434,1.219474610518314,2.2470688489936914,2.162126491077422,1.5801098717374396,1.3261323566551582,2.472516890570833,2.680497205006525,1.7025316905862309,1.3398137662904968,5.150166996308699,5.903871089648045,2.0489857785583374,1.2010272287021135,3.578214288595685,4.375770401620382,1.8365454763301936,exact,9
CHEBI:83820,related,direct,non-proteinogenic amino-acids,Mistral-Small-3.1-24B-Instruct-2503,-1,1.0866922691123684,1.8625677965578176,1.7012304444527662,1.437643464798492,1.1145750713413511,1.7993590606501202,1.6682322050025924,1.4375528363386765,1.0623240103471137,0.9271335579438598,0.0728602165987438,1.2003003117207445,1.3485820638692991,2.189247306810919,2.137817526786608,1.663141837431097,1.165977482268492,1.8432367630473108,1.4930007637422231,1.4715764083459957,1.2014903202169385,1.8525864987154343,1.7246642380692283,1.5253100807257949,0.7566951738128385,0.3598716633777394,0.2253156683030935,0.7088166351087694,1.1631501814057426,1.552109581831226,1.489452956952187,1.348479846040399,1.194915984192758,2.2465675800697187,2.0562460702782865,1.5472285844149791,1.1962566977777218,3.2733076462471344,3.7287782692471567,1.7987906860987326,exact,9
CHEBI:83925,related,direct,non-proteinogenic alpha-amino acids,Mistral-Small-3.1-24B-Instruct-2503,-1,1.205085595369128,3.599666670072622,4.148035969532742,1.8459551581611373,1.1576576008642754,2.146450973481877,2.040619335533328,1.550681361745506,1.316777115830859,1.996529471982445,0.2028611349453903,1.70695476553611,1.503047581397752,3.8191790694138033,4.40705529553295,2.1043611497608308,1.2939876576678004,2.93488523638396,2.8232006399797123,1.8298369641750665,1.1527626013091783,1.4809303665552318,1.282479972540121,1.396329439034428,0.8855056255564725,0.6229741835336711,0.4946343362999893,0.9027438121087517,1.3868269892931946,3.378827733253305,3.400738893693729,1.8676976299287,1.2485546640735483,2.8928706318285946,2.7885137737229693,1.6985609631785823,1.205105271524771,4.049131106697373,5.701747639305796,1.874125709599788,related,9
CHEBI:83925,related,direct,non-proteinogenic alpha-amino-acid,Mistral-Small-3.1-24B-Instruct-2503,-1,1.19317180153197,3.2810017126859723,3.563796871478845,1.7922499688908404,1.2241315389253764,2.9360792196372616,2.984763285590024,1.757078563008954,1.3092959628482697,2.018128005863424,0.2081601813693835,1.6891285473659208,1.5167973350042565,3.998303345095945,4.861162430969163,2.157696796972895,1.3481672513171397,3.863408637965428,4.375102906226614,2.040605388660182,1.3245246919580411,5.895846164940608,7.97791678107016,2.0548874368047056,1.2028163431834256,2.0503306697606734,1.8910298189350423,1.5346149134198197,1.4158639732819402,3.8249052407082855,4.32851434571583,1.958065382100374,1.34221075015925,5.357326859283552,6.185370717766588,2.061459925883808,1.205947919118014,4.018128309706459,5.498700078395755,1.8827623049864743,exact,9
CHEBI:83925,related,direct,non-proteinogenic alpha-amino-acids,Mistral-Small-3.1-24B-Instruct-2503,-1,1.1700332060199214,2.821641883486908,2.956295940061511,1.6996925581906046,1.1225409789432574,1.849276942770174,1.6818770272315309,1.457572566234107,1.1627374857984891,1.3110575425327506,0.13309575442051,1.3806144185800096,1.458704595300679,3.045577013358874,3.3464613402181924,1.954498271273032,1.267190659269306,2.622959639993227,2.4361099266606483,1.7432518159485872,1.136223136904064,1.3685287663491812,1.154194633613307,1.3564410622687724,0.4336354457731694,-0.0638289969042022,-0.1212438933653254,0.2939696782467775,1.2832818990929342,2.409808627334132,2.424544098401,1.5994428248506236,1.1909720056648987,2.247044867203678,2.05088784697229,1.536973310340641,1.199297556483773,3.49309359471951,4.177568397966192,1.8222278093237405,related,8
CHEBI:90318,related,direct,EC 6.4.1.1 (pyruvate carboxylase) inhibitors,Mistral-Small-3.1-24B-Instruct-2503,-1,1.1264431539536102,2.3589107390242123,2.298417378162907,1.552454024828417,1.2254959471586138,3.031850455065177,3.1884478762647226,1.7618977953911297,1.4855993255851403,5.0018001023663485,0.6531150228155489,2.2224004932064774,1.5416712302561264,4.699353065806739,6.214010184623755,2.2672031669027146,1.3982908844799071,5.888065236764738,9.658080440510046,2.3411298775252525,1.0624047956893965,1.1217133418411158,0.9351401004873576,1.1953301197558006,1.0042993440512276,0.85535226254669,0.7389177339737283,1.104958664627271,1.4670861885783082,5.065068746066487,5.716741776486407,2.1474300117344467,1.294965933601492,4.007286719724376,4.123219199518652,1.8548878427802755,1.2040113260883505,4.12057806042527,5.812090858613534,1.863416556364256,related,9
CHEBI:90318,related,direct,EC 6.4.1.1 inhibitor,Mistral-Small-3.1-24B-Instruct-2503,-1,0.1207064858787002,-0.494195983201345,-0.4748347331686095,-0.0558341426751103,0.5664906532830759,0.0948992346369902,-0.0025522293057034,0.4831067399454055,-0.02645410769006,-0.3724942352101177,-0.0315062745136151,-0.1632438819683468,0.6464980943076223,0.1333114442358514,0.0325258603750951,0.5488052788822854,0.6528801132882367,0.3443355583391949,0.1135177705975413,0.580946982121465,0.2263145236934231,-0.235689642545627,-0.2496307661346191,0.0491897617937338,0.56705366820291,-0.0664678474924404,-0.1106677782952019,0.455586085993616,0.1938175442191061,0.0991160849412296,0.0663633741689408,0.0456210130229293,0.3955908496311257,0.0801722890694875,-0.053135502948278,0.255545378212231,0.0982827556860825,-0.3379496679377212,-0.3523551805427049,-0.110150189438223,exact,9
CHEBI:90318,related,direct,EC 6.4.1.1 inhibitors,Mistral-Small-3.1-24B-Instruct-2503,-1,0.2628335411398407,-0.2812641544145028,-0.3300369279262666,0.1039671027926349,0.6133783053688134,0.1947400494722121,0.0906069636885212,0.5470562291381303,-0.1596235568955956,-0.4741364985350459,-0.0423669609989546,-0.2945578362375174,0.6788372297447413,0.1524282561847264,0.0784554285540381,0.5885043086533553,0.7573129925399782,0.5322140504107334,0.2688761044173552,0.7289742304903438,0.173190478997594,-0.2656526162162622,-0.2697638132317253,-0.0058627611132798,0.3477232127205053,-0.219922089053688,-0.2366900297109381,0.1954994349554262,0.1273943008973226,0.0746614692894433,0.0687364239766515,-0.0231366311331648,0.2684863656226405,-0.0742767441718713,-0.1845957976410453,0.1102291081889494,0.0901885914805651,-0.3432853417587333,-0.3567643639697094,-0.1182644429729668,exact,9
CHEBI:90318,related,direct,pyruvate carboxylase (EC 6.4.1.1) inhibitor,Mistral-Small-3.1-24B-Instruct-2503,-1,1.1314781501585998,2.416432476899598,2.345041695133413,1.5681259662836489,1.0673053538880823,1.573522486323888,1.3104839543837268,1.3255542360118364,0.8542491272399743,0.9390009196770648,0.1026345240153288,0.8748946820666914,1.413858684310722,2.58232870481104,2.620423132775674,1.825590908225348,1.193355755771349,2.064636717726645,1.7279979094255162,1.5385907418091742,1.1230098200199232,1.4123927311917075,1.2104185794970344,1.3257115680732532,1.007991350383649,0.853989892008378,0.7384407266492892,1.1117149701914952,0.8428860942295411,0.9165426364061962,0.778955068418063,0.8265648765182296,1.1678235610916516,2.2970794423526053,2.156921776491372,1.47871323883817,1.1469584594950164,2.125723980828959,1.815480993204808,1.5460111316471747,exact,9
CHEBI:90318,related,direct,pyruvate carboxylase (EC 6.4.1.1) inhibitors,Mistral-Small-3.1-24B-Instruct-2503,-1,1.007027115819256,1.4442461308086365,1.1936888922920277,1.2412077948586402,1.0478386574789786,1.4748865290263549,1.262619695420653,1.2823332910175185,0.9076847797001608,1.039559395985651,0.1098113774006379,0.9535798206460372,1.3986886183845753,2.476896713005803,2.513471772208956,1.785588963989991,1.1717448549582417,1.9248436250603107,1.5615188061167855,1.4853774854201771,0.9522562982283233,0.7200631588935399,0.5519172414541142,0.9901003141714608,0.6301517077354953,0.1061500792812515,0.0445382073953113,0.5363695046953295,0.9049326027443156,1.0379340831784931,0.87814615917881,0.9167855591262312,1.0817165801816238,1.7146881002552243,1.4966068851298682,1.2848239617427673,1.1488243588809115,2.152301028045371,1.8339200440722745,1.553388971279088,exact,9
CHEBI:90318,related,direct,pyruvate carboxylase inhibitor,Mistral-Small-3.1-24B-Instruct-2503,-1,0.0130234767357024,-0.3961535191087003,-0.395050237670109,-0.1707016374682734,0.1869615164230609,-0.2399646410355078,-0.2628498300121017,0.0227028794934968,-1.13032923016167,-0.6478455504527784,-0.0952912598471927,-1.1493535086493312,0.7973772003645905,0.2221625270620215,0.1298494377358016,0.7399079420867403,-1.429031223137602,-1.021076778891853,-0.7377584791629442,-1.3752667224551507,0.5493961703816268,-0.0067333122531945,-0.0832072447461836,0.4139217932041849,0.6831335275978752,0.1327227928979268,0.0980442839776606,0.6067321256424468,-0.7753533175101188,-0.6484365131174227,-0.5802829803235344,-0.8461870251331496,-0.4169588016582324,-0.5708099284349177,-0.5079265900041023,-0.5661022556705726,0.8724473005611643,0.4947825651653418,0.2321989007916157,0.8774679581081415,exact,9
CHEBI:90318,related,direct,pyruvate carboxylase inhibitors,Mistral-Small-3.1-24B-Instruct-2503,-1,0.0191819959822913,-0.3760450182363155,-0.3746159841259223,-0.1642615289012641,0.0783532232572389,-0.328490120847573,-0.3472500239212947,-0.0949219815871186,-1.1600783492292224,-0.6515443311191729,-0.0961906932593172,-1.1734487537707456,0.7314231876000162,0.0649122899428915,0.0042739670294546,0.6544706037899449,-1.5901503098716196,-1.070819791484838,-0.7623050189675525,-1.4895895469230178,0.0940729679273074,-0.3553469245069022,-0.3499069087399423,-0.0858047919656319,0.2132428504237345,-0.3020486769432866,-0.2816868380611804,0.0486646786005246,-1.107549688726334,-0.7868933402984974,-0.6837925935531411,-1.1127723468261148,-0.4841358294383513,-0.636236209638929,-0.5847491878660026,-0.6253255234110053,0.8350988681353613,0.4093670099909488,0.1844992565457228,0.8130253990335928,exact,9
CHEBI:90318,related,direct,pyruvate:carbon-dioxide ligase (ADP-forming) inhibitor,Mistral-Small-3.1-24B-Instruct-2503,-1,-0.0428154793819073,-0.4567880481284426,-0.4159087354604404,-0.2284249570440146,0.2901432388809359,-0.1618354353206885,-0.1968568860514007,0.1394868105451291,-0.0191022652379584,-0.096001840856836,-0.0446689944346044,-0.1558602424743702,0.5868748738835997,0.04487690841418,-0.0039681047891439,0.4772142974021343,-1.1200629768661758,-0.9256491549444466,-0.6919882070154466,-1.14697768504944,-0.5035934516757132,-0.5961992887776237,-0.549660115951577,-0.629740839837237,-0.0156970148038397,-0.4437636203966819,-0.378549944423571,-0.184617325291387,-0.4437082535928773,-0.2988879954706733,-0.2898122658171443,-0.5635603791978393,-0.6306978460861818,-0.7186439350375309,-0.6078439927540532,-0.75125935833929,0.1325614327339292,-0.3917425736099688,-0.3716559011290095,-0.075478845121506,related,8
CHEBI:90318,related,direct,pyruvate:carbon-dioxide ligase (ADP-forming) inhibitors,Mistral-Small-3.1-24B-Instruct-2503,-1,-0.1087133039189851,-0.4895928169871364,-0.4510191539622267,-0.2950729880450427,0.1972143803407805,-0.2434833903873158,-0.2796745110501266,0.034076110783921,-0.1733370156243678,-0.1945867515724417,-0.0524290472667736,-0.3078313446346236,0.5622028857752082,-0.0270521398085396,-0.0736350280070908,0.448161201039621,-1.039101510936299,-0.8985397857944003,-0.6745019369814582,-1.0849744996532389,-0.7423660437527193,-0.6689958618936368,-0.5985189743391186,-0.8254181961863521,-0.3076986314840893,-0.5596958280827606,-0.5015386219212851,-0.458669998421921,-0.430533573139752,-0.2878138913067863,-0.2847928352528928,-0.5519325228275028,-0.760898464045031,-0.7646030488035896,-0.6478632965477,-0.8596947862637021,0.1101469035512653,-0.402652522071248,-0.375984832505691,-0.0982069740752314,related,8
CHEBI:90318,related,direct,pyruvic carboxylase inhibitor,Mistral-Small-3.1-24B-Instruct-2503,-1,-0.1614987246413568,-0.5012949542592423,-0.4736748639964084,-0.3473831003197475,0.0497122986936295,-0.3618955537528803,-0.3696397717949993,-0.1251248533610435,-0.4190920636689703,-0.3601835859531598,-0.0666848376998616,-0.5387217479336759,0.473045523880973,-0.0880472132247972,-0.1202613616936017,0.3457265387653085,-1.0805016957856468,-0.901371150340826,-0.6653763581667043,-1.1168013717272511,0.478788363968246,-0.068792715195956,-0.0942119108085205,0.3290605401190819,0.6487373206179657,0.0641853454207446,-0.0008957939365253,0.5607740855514805,-0.8123319613401924,-0.6078049900054814,-0.552480097256249,-0.8766086932528445,-0.6181174338814939,-0.6437740885195189,-0.6336907579905617,-0.7406164643120808,0.6774499784831582,0.1575837560424416,-0.0262126315523305,0.5700982471163748,related,8
CHEBI:90318,related,direct,pyruvic carboxylase inhibitors,Mistral-Small-3.1-24B-Instruct-2503,-1,-0.1876901602992364,-0.5102775319681365,-0.47521764681631,-0.3730019547477047,-0.0099861915387882,-0.4000684160960012,-0.4053411524180347,-0.1870691911726872,-0.5409753205617629,-0.3770472678515948,-0.0709259327939649,-0.6488424204866668,0.4491213703445731,-0.1367527443154396,-0.1614328255433262,0.318876922386698,-1.1431346284991672,-0.928022193367276,-0.6839203220929833,-1.1644714898160071,-0.0054574139625816,-0.4046678672706904,-0.3755296249461574,-0.1832232900530658,0.1680185250374067,-0.3420774982718808,-0.3536372516486579,0.0010466739074592,-1.14129037967015,-0.7540901631957232,-0.6656947569253591,-1.1390640594646293,-0.7105131911390976,-0.7092160862258692,-0.6856722799725227,-0.8180942148296152,0.6192479531695841,0.078362099716071,-0.078382422359713,0.4894046284058388,related,8
CHEBI:9300,exact,direct,octanedioic acid,Mistral-Small-3.1-24B-Instruct-2503,-1,-1.047506492348794,-0.9487118738401,-0.7889950020319473,-1.1205823829490158,-0.264091499727846,-0.5751154915465173,-0.5358568627895361,-0.4372685127029037,-0.5024650282009011,-0.6411615165955074,-0.0866182672921644,-0.6143347612785188,0.3506615361238215,0.024774833399947,-0.0510896715207647,0.2109540242534951,-1.2196727853635072,-0.9909012659721782,-0.6837329173212949,-1.2219685134546916,-0.5447036614541462,-0.6337372388953242,-0.5746600543507554,-0.664141984042142,-0.1196277065911666,-0.399524112778739,-0.3594633574112054,-0.2848127083566706,-0.1939528509726066,-0.5805414263680677,-0.5580128622613109,-0.3370418861831336,-0.7913551001155236,-0.7693468220661147,-0.7706061294780995,-0.8846283423099697,-0.4244090179437699,-0.6102913488914637,-0.4989056653466985,-0.5885836623546609,exact,9
CHEBI:9300,related,direct,"1,6-Hexanedicarboxylic acid",Mistral-Small-3.1-24B-Instruct-2503,-1,-2.355758691868417,-1.2302325492943151,-0.980671406448148,-2.0497783989163985,-1.1754517454135474,-0.9484247414228016,-0.797805114347075,-1.2096970265418237,-0.7650473787307513,-0.656116419185117,-0.092460870400405,-0.844839625899128,-0.5599794071165675,-0.6740848021271214,-0.6449104021645593,-0.6508426859906872,-1.9284070422565205,-1.1704771547587671,-0.8154854649048735,-1.7204459084754369,-1.0103259035855154,-0.7496690723567928,-0.650974175070183,-1.0345429346829271,-0.8298498519659931,-0.7042528598174391,-0.6228648193756475,-0.9023103757505856,-1.5368431029838063,-0.8596470489551644,-0.7422461099936504,-1.4380929058539578,-2.8130755241445726,-1.1272178411633382,-1.0231918082356275,-2.29810842197734,-0.3535445742036248,-0.5863598189655952,-0.4884208036620721,-0.5282862062752818,exact,9
CHEBI:9300,related,direct,"1,6-dicarboxyhexane",Mistral-Small-3.1-24B-Instruct-2503,-1,-2.3666608978184915,-1.2520537905073228,-0.9880619348269468,-2.056857354092672,-1.5213808734882943,-1.048333393244427,-0.8535175829195313,-1.4682341605289306,-1.0387238800414598,-0.7197910113452313,-0.0946046076734659,-1.0745331798482962,-1.1870460675948442,-0.8935914685826042,-0.7875295832164546,-1.156523267898433,-1.2143181396065947,-0.9836871876438302,-0.7000685474224759,-1.2179723563905172,-1.5002051394660547,-0.8443025232317356,-0.7278024085295451,-1.3945746627587905,-1.948985245135321,-0.9934451003720138,-0.8551142024926653,-1.73112287753359,-2.0525177690325447,-0.9514421288888606,-0.8239341123853523,-1.8066613213546887,-2.868881712253833,-1.1325059738607468,-1.0555553817017365,-2.332463089438185,-1.0460878892217556,-0.7749086522826344,-0.5960495282565843,-1.075120500312578,exact,9
CHEBI:9300,related,direct,"1,8-Octanedioic acid",Mistral-Small-3.1-24B-Instruct-2503,-1,-1.9330609574429127,-1.1628619784462126,-0.9229657618407616,-1.7681382583201086,-0.7471797650795171,-0.8001923094635893,-0.6991230011848131,-0.8663106973918804,-0.7971025355920005,-0.678285430836488,-0.0970966221253412,-0.8722595364106553,-0.0825140630651307,-0.3152378689241084,-0.3473355306189357,-0.2242453413117731,-1.5272515896568482,-1.0736357854181755,-0.7385348112238819,-1.4453171812466408,-0.7632539155160327,-0.6923143719097782,-0.6122247878565275,-0.8420899532133425,-0.1819102836538631,-0.4020745434311422,-0.3874597078429552,-0.3433905489294637,-1.214257464681609,-0.8004546914146697,-0.7007906406671851,-1.1954724249261952,-0.9545794788310248,-0.7914070382409605,-0.7543649597859339,-1.0156730213310747,-0.698218400559918,-0.6980616755510041,-0.5518211219875638,-0.8113443312658429,exact,9
CHEBI:9300,related,direct,Cork acid,Mistral-Small-3.1-24B-Instruct-2503,-1,-0.6942662594238509,-0.8600087795260408,-0.7261507564342062,-0.8321345850008486,-0.1534175685993539,-0.5391682535436857,-0.4901711731432231,-0.3307848151719209,-1.3000142798247412,-0.8109680361814392,-0.1073537558001476,-1.2855308187032923,0.2860250391413378,-0.0187670951906223,-0.0872098186629957,0.1421847079085405,-0.5065281846489209,-0.7359887592176065,-0.588444580845179,-0.6496452355995084,-0.6568476192448038,-0.6461581993676346,-0.5781604355958024,-0.7564448510405273,-0.6831024877346852,-0.7126223338977254,-0.619752468341649,-0.782517837488823,0.1879643028959636,-0.4093474138871718,-0.4015304361233767,0.0395011649513621,-1.3861638233809643,-1.0946327763629404,-0.8897221691078536,-1.3439001678383289,-0.7808339855376156,-0.7102948008059484,-0.5456428504623585,-0.8757497783219338,exact,9
CHEBI:9300,related,direct,Korksaeure,Mistral-Small-3.1-24B-Instruct-2503,-1,-1.3710039556452576,-1.04690813001614,-0.8563125833809284,-1.3679067779242655,-1.9733230458299,-1.1776151701688822,-0.9316858146347796,-1.7861388018484987,-0.5704504244575674,-0.6418219332477727,-0.091706925770404,-0.6750826100097073,-1.1304883136392545,-0.8109161515662112,-0.7233414352170257,-1.112860215897923,-1.0400004345177665,-0.95284632979927,-0.7264962596184236,-1.0856682943846228,-1.674309148298562,-0.8706171011232627,-0.7493783867400894,-1.5169602071795771,-1.3635060247043231,-0.8932913912004805,-0.7498409350057926,-1.3134177677235708,-1.9166703720913747,-1.020928267902242,-0.9001276254367856,-1.7115823867377573,-2.391452281064125,-1.1953295961449646,-1.0597815449392058,-2.032423848061821,-2.253763402094473,-0.9626462018479852,-0.6945659237075897,-1.8809909439548853,related,9
CHEBI:9300,related,direct,Octanedioic acid,Mistral-Small-3.1-24B-Instruct-2503,-1,-1.0109169065608643,-0.9390594901873184,-0.7837006512245123,-1.0916694398691833,-0.264091499727846,-0.5751154915465173,-0.5358568627895361,-0.4372685127029037,-0.5024650282009011,-0.6411615165955074,-0.0866182672921644,-0.6143347612785188,0.3506615361238215,0.024774833399947,-0.0510896715207647,0.2109540242534951,-1.2196727853635072,-0.9909012659721782,-0.6837329173212949,-1.2219685134546916,-0.5447036614541462,-0.6337372388953242,-0.5746600543507554,-0.664141984042142,-0.2362274233106858,-0.4229878537270159,-0.382144834636307,-0.3936470837682825,-0.1939528509726066,-0.5805414263680677,-0.5580128622613109,-0.3370418861831336,-0.7913551001155236,-0.7693468220661147,-0.7706061294780995,-0.8846283423099697,-0.4244090179437699,-0.6102913488914637,-0.4989056653466985,-0.5885836623546609,exact,9
CHEBI:9300,related,direct,Oktandisaeure,Mistral-Small-3.1-24B-Instruct-2503,-1,-0.9233759679860454,-0.909506450995044,-0.7709878207132563,-1.0216395397302012,-1.0823489384133778,-0.96305023830121,-0.79079561283525,-1.137449462793926,-0.5327256165988644,-0.6310002319324086,-0.0937218326450606,-0.6414717288035715,-1.127293020468017,-0.7697320779040816,-0.7025134925626167,-1.1103833411133952,-1.2302502635637032,-1.0137892522267176,-0.7695995043840894,-1.229850995990161,-2.0714057538859,-0.9220940753469484,-0.7819626798997216,-1.787441770340917,-1.0949648555515392,-0.7242848690273227,-0.6387884808828761,-1.110885369966348,-1.2803400509223777,-0.9136273665179236,-0.8217587723699997,-1.2460466074676115,-1.5800750286846257,-1.0576901874706437,-0.9000447843609378,-1.484044024181289,-2.191357943042651,-0.9512717458378526,-0.688920521788353,-1.842395436782157,related,9
CHEBI:9300,related,direct,Suberinsaeure,Mistral-Small-3.1-24B-Instruct-2503,-1,-0.5326444107923839,-0.7590988090379656,-0.6408151448587867,-0.6923250657896601,-1.111708176930171,-0.9542318256360846,-0.7759334352551807,-1.160364755509125,0.0631704052265191,-0.4280083524925653,-0.0778398125758541,-0.0721992636345209,-0.7382408896704491,-0.733690031686865,-0.6754558324160098,-0.7998796375728869,-0.382995340164997,-0.6648339171209717,-0.5478613522789414,-0.5405698751251778,-1.5836995807694632,-0.8421027939800163,-0.7302909399956327,-1.453586119603992,0.4732991325773254,0.0022158086245195,-0.012829079420174,0.3408324194106039,-0.992752651152878,-0.8630042814601248,-0.7850903598021776,-1.0222869557938654,-1.5420764362122998,-1.0077776433902723,-0.9660866909983572,-1.4569000770150808,-1.4995850339379997,-0.8751831643168723,-0.6538510939426843,-1.3943655240245074,related,9
CHEBI:9300,related,direct,hexamethylenedicarboxylic acid,Mistral-Small-3.1-24B-Instruct-2503,-1,-2.15522373393106,-1.1986723826666992,-0.955008661839635,-1.9179674097947272,-1.1575202994751952,-0.944736413333528,-0.7923038335563662,-1.1958768375340698,-0.983927388188998,-0.7183413147131729,-0.0915873879232409,-1.029307817014217,-0.8210883461700096,-0.8614865187889954,-0.7618032923200239,-0.8675922603708011,-2.1988858009483976,-1.2310894343137129,-0.8210183709721649,-1.8971474821175385,-0.7715133794836178,-0.6930988181681121,-0.6153254105727066,-0.8486639166083875,-0.9732281330029556,-0.7372497655152835,-0.6383805183609138,-1.0162756232753758,-0.709727710280467,-0.7761154404534789,-0.7113149172140333,-0.7916938422132398,-2.439184643997812,-1.1008298700923032,-1.0446728199150177,-2.063079665853458,-0.7824217544564208,-0.7022542061903443,-0.5416688661079325,-0.8769760731709336,exact,9
CHEBI:9300,related,direct,"octane-1,8-dioic acid",Mistral-Small-3.1-24B-Instruct-2503,-1,-2.1422489894989254,-1.2054613010432418,-0.9517280822647936,-1.9093307899482723,-0.8675769491894352,-0.8674352737624824,-0.7195416402468495,-0.9658402768072444,-1.3015964095593686,-0.7875261582785976,-0.1061515936085692,-1.286786601519594,-0.4136745422066831,-0.5707279014885464,-0.5036032310242725,-0.5247434643531823,-1.8068016973751653,-1.1447479493424948,-0.7683077140368882,-1.6387928027118952,-0.6753015390147226,-0.6693044501393504,-0.5897304279248551,-0.7714283344969823,-0.3339928110944186,-0.5422386735708474,-0.4911754701631432,-0.482291215774534,-1.4644502964087778,-0.8497731707629835,-0.7276927919235853,-1.384544607996368,-1.15020638985643,-0.8406043341423115,-0.8302029199337746,-1.1674862234654149,-0.8262002123931861,-0.7373431733892986,-0.5771084641581372,-0.9106228485846776,exact,9
CL:0000049,exact,direct,common myeloid precursor,Mistral-Small-3.1-24B-Instruct-2503,-1,0.7242358100491567,0.4127114479334596,0.2446923324662619,0.7186102192715732,0.8585190554221328,0.7723091723554358,0.5879375367146097,0.9209100148822176,-1.0882359585185457,-0.7113804661932822,-0.1041746045192699,-1.1150921039680166,0.9641955034135326,0.5711920524644053,0.423097406334278,0.972177005995672,1.1364772305036144,1.6695435872040751,1.3398881778036666,1.403336141365106,0.9981381948288064,0.7682224987785569,0.554549867311968,1.0715927920718968,0.5608174189644355,-0.0146317692962504,-0.0152983753902156,0.4477656979923918,1.2406181431160008,1.0371348813784145,0.9329852227481644,1.5048360311404487,1.2193004517630446,2.103280354618266,1.8308742301916827,1.6130610516042565,0.9406088734541528,0.7229488868163726,0.3769366375340608,1.0046722485514104,exact,9
CL:0000049,related,direct,CFU-GEMM,Mistral-Small-3.1-24B-Instruct-2503,-1,-0.9608471300219626,-0.916356631506486,-0.7686267238097725,-1.0517659534092787,-1.9580955665780204,-1.183716267674073,-0.9720186223292384,-1.7757450732069613,-0.7585780036786743,-0.736146736611206,-0.100823953323176,-0.8392879679613394,-2.102026785776148,-1.174330048525747,-0.993140108831538,-1.8242127506200068,-0.7536608607105799,-0.8129616039022661,-0.6000465724996136,-0.8580794373109407,-0.7768041826292593,-0.710493699220251,-0.6240019593444819,-0.8528696113237564,-1.742289565161373,-0.9446388319030536,-0.8229357909749568,-1.5869057181724004,-2.989671263874851,-1.1617360191369728,-1.003655057560263,-2.431793749585541,-0.308877919716968,-0.6433633199952615,-0.6679038750146319,-0.4686507962586369,-1.0618009705823457,-0.8116373123441829,-0.6033942681915604,-1.0866075600432414,related,9
CL:0000049,related,direct,CFU-S,Mistral-Small-3.1-24B-Instruct-2503,-1,-1.0963561061785332,-0.9640409913690752,-0.7959368983871083,-1.1588674943959514,-2.537670091788265,-1.30809582792112,-1.0484788644746037,-2.158098843127336,-1.4617024737943496,-0.8110989128233355,-0.1129407673796698,-1.41262993234588,-2.3040662132452896,-1.2161910268760634,-1.0218009861514803,-1.9638571744084248,-2.0591961016119984,-1.2063116377308345,-0.8597470103465832,-1.806704273874348,-1.704420176896845,-0.8921915490287058,-0.7584078328888797,-1.5378735816003275,-2.356104679361684,-1.0646212936046868,-0.9094667040192084,-2.0066802132196684,-2.908818236249088,-1.1784576203134018,-1.0298139027572504,-2.379657763130989,-1.0228352565836902,-0.8808633002563299,-0.8768398851722198,-1.0692583390632524,-1.352047399392715,-0.8651424049292479,-0.6329671275564391,-1.2931205103988497,related,9
CL:0000049,related,direct,CMP,Mistral-Small-3.1-24B-Instruct-2503,-1,-2.344430993281301,-1.2614086083504517,-0.9831444413362186,-2.042413937129618,-3.5482461903546394,-1.4404076446456913,-1.1252513978283556,-2.772616194534407,-0.5677687703610252,-0.6109896017190778,-0.0938602236974097,-0.6727013073938488,-2.139490185268448,-1.2033584914022688,-0.9908034631513816,-1.8502817515044268,-2.2022459600089297,-1.2635740225514849,-0.863182897186223,-1.8993024434325567,-0.9695457985461868,-0.7554362417705401,-0.665745912880258,-1.0033466966675868,-1.2407030849763598,-0.8812922649180283,-0.7700789829763993,-1.2217902386409598,-2.887194820313957,-1.237978472308757,-1.079979498480187,-2.365664448012363,-0.5670022711664352,-0.7685195749038656,-0.7788103276362603,-0.6970583674912261,-1.7246973322494754,-0.9163892976678392,-0.6644481744662145,-1.544639249980594,related,9
CL:0000049,related,direct,"colony forming unit granulocyte, erythrocyte, macrophage, and megakaryocyte",Mistral-Small-3.1-24B-Instruct-2503,-1,-0.6990739090727741,-0.83977441597509,-0.690124092738119,-0.8362111585623735,-0.3032454343435715,-0.6116780828333245,-0.5413998621639764,-0.4741080569973448,-1.3455970115271865,-0.7269058120978619,-0.1058502953967701,-1.3216128861450496,-0.65077250355655,-0.8365307298577371,-0.7475682928950401,-0.7273452709455198,-0.4926661779779795,-0.677828812206492,-0.4914886282571645,-0.6375788830580369,-1.0665338415179753,-0.7743882965606333,-0.6648141315625222,-1.0772000535006585,-1.6209426336733963,-0.9524398926302826,-0.8146037858017544,-1.5006753457053852,-1.4638315419402492,-0.9631610679025936,-0.8403831611873269,-1.3840847865249617,-0.105068522153612,-0.5278863361702116,-0.548121352443503,-0.2767210570018709,-0.5438446390609994,-0.6634097458984274,-0.5324821379427962,-0.6876331311015805,related,8
CL:0000049,related,direct,multipotential myeloid stem cell,Mistral-Small-3.1-24B-Instruct-2503,-1,0.8296516108761547,0.6751860129179423,0.4714739398459731,0.8924636680492634,0.6657903741712561,0.3247254072813592,0.2183732555406285,0.6209873799206685,-0.5563167065047102,-0.6042625081309737,-0.0922516705054446,-0.6625183548987061,-0.0036044101853402,-0.4721601126462286,-0.4700005124711208,-0.1490112492936933,0.5180934370440226,0.1036679227167655,-0.0440524109270913,0.4040036164530562,0.0377581642901375,-0.413959811145631,-0.3724488303928648,-0.1413317092662133,-0.6334648794613194,-0.7563360779827658,-0.6632966083005533,-0.7412104351775207,-0.1703849526891018,-0.6601002513507075,-0.6211545291518583,-0.3149513049090215,0.2996307137365988,-0.2638165273897268,-0.3276949648348431,0.1450768866134229,0.6963220852974124,0.1865445518598547,-0.0086616257765461,0.597161342418849,related,8
CL:0000049,related,direct,myeloid stem cell,Mistral-Small-3.1-24B-Instruct-2503,-1,0.8288054923479204,0.6366675996941652,0.4515458068558148,0.8909903547638472,0.6959929520968692,0.381442721190134,0.2540990522512509,0.6648787497453076,-0.5948931935418931,-0.5871951276131672,-0.0915886712135761,-0.6967328081331666,0.2378757143191329,-0.3106194041537396,-0.3478809682129532,0.0919376541327264,0.1300717765793436,-0.2975643828917841,-0.3231247815996628,-0.0424852353338873,0.0566676894488198,-0.4013199448108521,-0.4049882844568696,-0.1228080562209766,-0.784328290509391,-0.8130166836727908,-0.7039077931866946,-0.8655078101043576,-0.0383292596711898,-0.6359943173785078,-0.5662605040808194,-0.1885950596864149,0.3861508937746133,-0.1922186111197355,-0.2266034659097392,0.2444586592284239,0.6892351765125994,0.1817357059025458,0.0053360085200152,0.5869435500813673,related,8
CL:0000049,related,direct,pluripotent stem cell (bone marrow),Mistral-Small-3.1-24B-Instruct-2503,-1,-0.0026460543976934,-0.4809813198454337,-0.4433032782068679,-0.1870204846898065,-0.3166355829865495,-0.6298030797707944,-0.5604942679035362,-0.4866120938500819,-0.8856167482691245,-0.6894407286017976,-0.1007602212383249,-0.9472367695252952,-0.9013691656144376,-0.8877640314780025,-0.7901271089568815,-0.9323422997764894,-0.3624022110030218,-0.6279144614154356,-0.4592421770318171,-0.5220361688982784,-0.68644903914447,-0.686443460072898,-0.6045426638507128,-0.780452417273047,-0.9937773795129182,-0.8027272360306424,-0.6949862485604704,-1.0323790600915863,-1.308602369956449,-0.933240575188926,-0.8248483432070511,-1.2675327030129406,-0.752059005191129,-0.8219691179634682,-0.7758822865541068,-0.8524285591059294,-0.4881442399152405,-0.6326503409871801,-0.5048555018988906,-0.641825607794514,related,9
CL:0000169,exact,direct,B-cell of pancreatic islet,Mistral-Small-3.1-24B-Instruct-2503,-1,0.3020671604223263,-0.1939846078681393,-0.2550225048111536,0.1499583555984694,0.5093159688321159,0.0831236616703501,-0.0055361280541054,0.4076417283168393,0.3795086057206208,-0.1343776155434145,-0.0370484291165946,0.2700493559164155,0.4397136441927545,-0.035340282468896,-0.1406939611496337,0.3083885447512026,0.4980513307504948,0.0524856178791021,-0.0400439554160934,0.3788455677890427,0.6303703304568747,0.0412097307062899,-0.0388877381838075,0.5157366343865821,0.4978665704076651,-0.0938175666689203,-0.1454763715650176,0.3703409157798665,-0.0795262840840992,-0.4661926091193907,-0.4247636005943757,-0.2285009409493388,0.4731121531585929,-0.0603401593665293,-0.1538189742195112,0.3485688643408108,0.7420593247797688,0.1038089624880089,-0.0510468615426308,0.6648003117726053,exact,9
CL:0000169,exact,direct,beta cell of pancreatic islet,Mistral-Small-3.1-24B-Instruct-2503,-1,0.1114089155598209,-0.3827959155802657,-0.3738537456272537,-0.0659488058841919,0.6450050863107938,0.2917897398116328,0.141619145331489,0.5913415467519982,0.3604583936398467,-0.0951048741111446,-0.0421570321858517,0.2483691808781656,0.3891483959640989,-0.0951135577231146,-0.1479787779351869,0.2526644108367398,0.4899761446352481,0.0492529157968619,-0.0571068537459363,0.3687857828663913,0.4628786846414226,-0.1461902616906492,-0.2008202712118659,0.3103916642954345,0.4677919067869314,-0.1225989573059304,-0.1745468434323285,0.3342691435642041,-0.2885059627273781,-0.6304506174024451,-0.5927467642166964,-0.4243714595143009,-0.1286030005142515,-0.4895729740668596,-0.5280730775393554,-0.2994803213927889,0.3700208661410075,-0.2935464565542158,-0.3086145752357054,0.1804585507325359,exact,9
CL:0000169,exact,direct,insulin-secreting cell,Mistral-Small-3.1-24B-Instruct-2503,-1,-0.5382668927462295,-0.7509897317959743,-0.6336402560937239,-0.6972829979920877,-0.598329582867255,-0.7559890616816477,-0.6585099909141428,-0.7395443000490083,0.2660409243342986,-0.2127876757449582,-0.0503896858390083,0.1431075369895161,-1.338921194286579,-0.9432889920711188,-0.8380607821176874,-1.2721743242953212,0.4444832644414325,-0.0051497638606042,-0.1174105778789897,0.3129032411431949,-0.2330935347548105,-0.5541261519534292,-0.5367831871644122,-0.3947893235677862,-1.0807211725899917,-0.8443004490475577,-0.7261804439418404,-1.0999117523678543,-0.3943745590440564,-0.5862236688767692,-0.5385516209458308,-0.5198453939971247,-0.8469396762357254,-0.7773373338057381,-0.7214536308376497,-0.9297328594056196,-0.172046126001453,-0.543167993997106,-0.4670110537940957,-0.367976202069753,related,8
CL:0000169,exact,direct,pancreatic B cell,Mistral-Small-3.1-24B-Instruct-2503,-1,0.5276269255127345,0.1017026189118372,0.0249365266535889,0.4340232070406275,0.2764665412123092,-0.1644613370232908,-0.2231268665631787,0.1236989033735967,-0.7740136785501024,-0.6882469034740142,-0.0919850958199591,-0.8525240821996402,1.051958764057461,0.8568351810136999,0.7632645605910263,1.106132621045385,0.4782404379743156,0.0155147238315017,-0.0774219351981464,0.3542426671038404,0.5648118335147909,-0.0346129421093602,-0.1083574248040511,0.432913944484018,1.085830912715649,1.083747034181064,0.9614853853013448,1.2628138200161456,0.8937784048922148,0.2522470088211895,0.139437317627346,0.9002664592277166,0.8118081899333114,0.4054900210063116,0.3216568234753967,0.8088947392212397,0.938508704621024,0.6768957701979358,0.3495167634157054,1.0005352467079405,exact,9
CL:0000169,exact,direct,pancreatic B-cell,Mistral-Small-3.1-24B-Instruct-2503,-1,0.350961270214109,-0.1278069928032489,-0.1594569166824706,0.2085512911389882,0.7458990758972304,0.4832545423261704,0.3164744308873425,0.7396914673730721,0.7602426806920478,0.2053558670388805,0.0067169301234454,0.7429350845802756,0.979777574585804,0.6859020671257654,0.5703960602369934,0.995281114640843,0.5611639774906635,0.1340221541210898,-0.0022914601759606,0.4590236506193677,0.6629141701335556,0.0792660059858243,-0.0256263340525863,0.5581881179928917,0.931120557465877,0.5657537123401084,0.4652582065385046,0.97722586273149,0.1446837474409236,-0.3572186301031375,-0.3367414959227852,-0.0053831072170821,0.6495267344873854,0.1508674066191184,0.3074024939860753,0.5755495174330713,0.848325287676087,0.3786212814696748,0.1302068225995885,0.8354771560202611,exact,9
CL:0000169,exact,direct,pancreatic beta cell,Mistral-Small-3.1-24B-Instruct-2503,-1,0.011969478634796,-0.4432969814297648,-0.4158083168019633,-0.1718023267137234,0.8923869758980477,0.855332707973237,0.6759101243859162,0.9794530421102956,-0.6202007267988552,-0.5941315350586573,-0.0849025132287444,-0.7190460956239421,0.7906782244094601,0.3537074907139987,0.3097227261219836,0.7310833332880609,0.7309611341842294,0.4042899157260237,0.1898375813445744,0.6905874039275108,0.4554825130214947,-0.1543576587010574,-0.1976063629050634,0.3017662840485385,0.6853683024966054,0.1267984401487699,0.0708720246389672,0.6097551371082941,0.3603690432312896,-0.3251830515014951,-0.330376411883063,0.2251693697132611,-0.0307284229852118,-0.4577974733050127,-0.4700114263928098,-0.2037072078402907,0.6240102279020029,0.0063890875443486,-0.110900730485017,0.4958600957712481,exact,9
CL:0000169,exact,direct,pancreatic islet core,Mistral-Small-3.1-24B-Instruct-2503,-1,0.3837193365204455,-0.0960009892789951,-0.1569292722218964,0.2486539016743842,0.1930248627435604,-0.2637970217454067,-0.3037151880560679,0.0294228944235225,0.6006546282845563,0.0658760821066588,-0.0283538081521589,0.5343884019798386,0.126091646820628,-0.3062784232841087,-0.3559298639064822,-0.0217579018545811,0.221370863696092,-0.2504235228099575,-0.2884234065247545,0.0558204252692015,-1.1195814449090118,-0.795625008566691,-0.6773711110190614,-1.1171090861546693,-1.7901963543424,-0.9974529369477146,-0.8398295868739061,-1.6206201668541964,0.1481206206026084,-0.472940551541006,-0.4490490202555973,-0.0018421516767935,-0.7775744087829988,-0.83565759838828,-0.8191437251994372,-0.8733662270551424,-0.1470536008752238,-0.5531929377762647,-0.4745762186352094,-0.3451718513955539,related,8
CL:0000169,exact,direct,type B enteroendocrine cell,Mistral-Small-3.1-24B-Instruct-2503,-1,0.2611545138221039,-0.2032009740003419,-0.2552654481627111,0.1020182966609598,0.4675116498680472,0.0376175519545863,-0.0902862140312413,0.3540573552399593,0.4574139669589847,-0.1427930063075889,-0.028533894313885,0.3603891394588897,-0.045199329481721,-0.4885156239325702,-0.4918086699178765,-0.188863468897388,0.2554889031859583,-0.2048310700990272,-0.2032546110703462,0.0934998923836905,-0.034510053748737,-0.4477329095243971,-0.4192420193989739,-0.2110524388820249,0.041435101299039,-0.4835213494995139,-0.4465992416201915,-0.1281236374591703,0.6458450533451467,-0.0016634970554596,-0.0581424228751358,0.5628112441618196,-0.2325125729195258,-0.5362026676566737,-0.4282988235690788,-0.3980593785860382,0.1407345467751884,-0.3558935729889576,-0.3543985898272236,-0.0671368730878715,related,8
CL:0000169,related,direct,beta cell islet,Mistral-Small-3.1-24B-Instruct-2503,-1,-0.5030045380761299,-0.7575912008337724,-0.6339284091009442,-0.6660699514748823,-0.4165689732647818,-0.6864284208047619,-0.6087990432661016,-0.5784793515682571,0.3795751852497112,-0.112688137640994,-0.0455742399400959,0.2701254002056573,-1.1939645612556633,-0.9082480818484272,-0.8152503155629439,-1.161841544590838,0.5813746319557164,0.163250784449808,-0.0027144033948938,0.4853130060993536,0.4132511641061044,-0.1848115809001168,-0.2300784819015441,0.2531424958818716,-0.601253296438242,-0.7478209599286652,-0.6393730652707252,-0.714178248634712,0.3410112168213277,-0.3440364954203802,-0.3452766076032904,0.203729490835669,-0.0562095124626467,-0.534562943040166,-0.571132984910963,-0.2289306739141449,0.3233124920778283,-0.2982913399973979,-0.3099506456015483,0.1276710002433729,related,8
CL:0000748,related,direct,BC,Mistral-Small-3.1-24B-Instruct-2503,-1,-3.5196694667658264,-1.4602600581938452,-1.0999763764739832,-2.763803663650634,-2.3114143979808763,-1.2922425347044426,-1.016311168857129,-2.011904944616876,-3.84731223364714,-1.1491640646526604,-0.1393219217472218,-3.106066237309125,-1.85539065724972,-1.1297363882654743,-0.9521862486964728,-1.6504199561250048,-2.023984659881213,-1.2307032586347322,-0.8569654307611024,-1.783635519855995,-1.9402024307669663,-0.9411468642165962,-0.7914630990506195,-1.699284560043728,-2.69197104162534,-1.131702270219626,-0.9469164657958328,-2.226936951730756,-1.8008723794219106,-1.111535332273059,-0.9584191274489476,-1.6294518466579466,-1.476468564290193,-1.0332081043990948,-0.9840057536331316,-1.4096744708994444,-2.4660450620679275,-1.0044911775775285,-0.7046459153093392,-2.0103866163055746,related,9
CL:0000748,related,direct,BCs,Mistral-Small-3.1-24B-Instruct-2503,-1,-2.2876722221983226,-1.246136194355511,-0.9780323150061674,-2.0053700627411573,-2.5709058959853777,-1.3337794879932408,-1.0424420808328323,-2.1792720745890093,-2.1475634108107657,-0.894024856804572,-0.1165897840863399,-1.928355518651052,-1.870183529506204,-1.1035749235470858,-0.9624847955798492,-1.6609556398613654,-2.071593035715068,-1.242209423788103,-0.8542966384524842,-1.814799680881361,-2.3863030468438144,-0.9970054654186464,-0.8272354622753673,-1.9948116658682755,-2.481635748782661,-1.1065854570562306,-0.9376019041064166,-2.0896757257287,-1.7390350548822786,-1.0716138763763885,-0.9479195115663044,-1.5851613355420884,-1.8095914169787792,-1.1301965552386886,-1.031147598931449,-1.644940150263763,-3.4340931171226594,-1.1292481890637338,-0.7723497858919346,-2.56998477686072,related,9
CL:0000748,related,direct,BPs,Mistral-Small-3.1-24B-Instruct-2503,-1,-2.4012648513002284,-1.2654085710498029,-0.9960385305444108,-2.0792689800398905,-2.574891956008831,-1.3195742993869377,-1.0513256921516796,-2.1818064390979903,-2.212554075243057,-0.9009391740433544,-0.1187923641932045,-1.9755960778872803,-2.013289620087205,-1.1672347549860145,-0.9913668865470456,-1.7621283877217075,-2.3640478829250235,-1.306448078461664,-0.8997696380068799,-2.001973263440833,-2.3447125118516854,-0.9923513085959662,-0.8274836223417671,-1.96773662352116,-2.2692976801139344,-1.074651732186618,-0.9197934303334168,-1.948777639110703,-1.230444296627263,-0.974083825122188,-0.8710665186242746,-1.2079046765519663,-1.3003813968032998,-0.9665562989337662,-0.9195561656717176,-1.2805530470541189,-3.147814820579307,-1.1219035954188885,-0.7707680725841455,-2.408999807019954,related,9
CL:0000971,exact,direct,IgM memory B lymphocyte,Mistral-Small-3.1-24B-Instruct-2503,-1,0.930414802671975,0.9687117081830448,0.7759269429503051,1.079391108418559,0.0405605906522506,-0.4390548031635411,-0.4116945309295519,-0.1347081035787145,0.1400693764731412,-0.3235575413302005,-0.0659923910408992,0.0078152268650569,0.2948237674790537,-0.2348991913656228,-0.246953381798561,0.151455241615495,0.8755128000069289,0.71757850574007,0.5428153920855251,0.9113496830969394,1.2298869338798744,2.247290100968043,2.0971305392974093,1.6111879916833696,1.1100831743013768,1.4151528374534157,1.2425177212495346,1.3138869173549337,0.6500922700367056,-0.0156346104243243,-0.0483823640276111,0.5681882580606559,1.117840764152944,1.4799874522055427,1.3133822665657202,1.3624047134539263,1.141354569193351,2.024540079544653,1.7040759452656542,1.5244343734211652,exact,9
CL:0000971,exact,direct,IgM memory B-cell,Mistral-Small-3.1-24B-Instruct-2503,-1,1.1846216243255403,3.096459822712813,3.3421226300934666,1.7564850819632938,0.6052159291937661,0.1443727041617615,0.0155331429383872,0.5357813376480164,-0.8255739434654483,-0.7055835982412412,-0.0974774959609641,-0.8964930645633181,1.2480880049393015,1.5474473571031198,1.3739053612815146,1.449645019050423,1.2743431521891524,2.706040162082544,2.703987004894391,1.7655465955705707,1.3233712268961717,5.739165610251483,7.817305133237353,2.044991279566727,1.294206037646333,3.4739517403208886,3.518729517801227,1.8234941102874465,0.3892061294493968,-0.1892424574241158,-0.1927006540159098,0.2574105996190954,1.2988198375789597,3.434277197089912,4.320686477823942,1.869440306957688,1.194614747599094,3.1331905534140088,3.4410160449258376,1.7869017028384588,exact,9
CL:0000971,exact,direct,IgM memory B-lymphocyte,Mistral-Small-3.1-24B-Instruct-2503,-1,0.8729719061725769,0.7645025647578031,0.6034587474354142,0.9698816927841836,-0.0793644476376285,-0.5266677082041701,-0.4868005348164667,-0.2574436846494213,-0.772045156635089,-0.6737315114388713,-0.0951962486916451,-0.8508379692754626,0.1960649632486888,-0.2961104717974904,-0.3105249097510442,0.0489442856996014,1.0574713555382278,1.3041930680228733,0.9519138111633588,1.2364947313136347,1.2195612728528966,2.1094430793101933,1.9009807149680809,1.57880780310693,1.084475614090694,1.2996693704996456,1.1156869435577492,1.2600230256015053,0.3284738632457389,-0.232815997392649,-0.2169989028280667,0.189928440128127,1.0641298816563636,1.2463909149835597,1.0884941794137328,1.2486835028167218,1.107086728397469,1.486883119945558,1.118220703397017,1.4072102585940438,exact,9
CL:0000971,exact,direct,memory IgM B cell,Mistral-Small-3.1-24B-Instruct-2503,-1,1.091924716148926,1.912652276371783,1.7385228738148757,1.4519621551835311,1.127306700814275,1.875740246325408,1.720945892318043,1.4697298059724222,0.9336634961867972,0.57060509817782,0.026296664374772,0.9929252365706436,1.380082035539709,2.271799617481001,2.246640503194375,1.7385223004353223,1.2845251904484627,2.803803977444892,2.656370727645324,1.7982735164093824,1.2658778580672,2.8845170551222954,2.8134668450518934,1.7380422293527589,1.2239804483956844,2.330772577066471,2.160403750792097,1.5928277481263784,1.1141791375801826,0.8170995274977174,0.6583287851146085,1.257621055634081,1.3332154480356229,4.624246818718424,5.017722293254721,2.016110021112306,1.2112788390725724,4.972372932640043,9.4578712140411,1.9496826208342264,exact,9
CL:0000971,exact,direct,memory IgM B lymphocyte,Mistral-Small-3.1-24B-Instruct-2503,-1,0.7976499759245583,0.5526780203028886,0.3568254147433696,0.8376877676851243,-0.1316934249881893,-0.5548109716030964,-0.4916209177095695,-0.3094513611812665,-0.0852099648331682,-0.4463194256243333,-0.0779230339163273,-0.2217368245700229,0.1669358647093085,-0.3452037008297192,-0.3411691364457015,0.0193265986737624,0.7624148160396029,0.4690656460426355,0.3547996232112579,0.7364933670291731,1.1543070199099872,1.4939161045790788,1.2804154319925407,1.400141573920802,1.0249064883965524,1.0638269094339312,0.959075859099574,1.143102339767423,-0.570194178898821,-0.6811359933618891,-0.6337459315696597,-0.6735564348280777,1.0566844337013783,1.1923831390515405,1.0327783038885856,1.2336738496843542,1.128617329027025,1.8523177524101568,1.4715453576596471,1.4782273235716872,exact,9
CL:0000971,exact,direct,memory IgM B-cell,Mistral-Small-3.1-24B-Instruct-2503,-1,1.0241455467166949,1.4257818102319066,1.2210701593879922,1.2805236514524465,0.3743482715291226,-0.1531945394916012,-0.2075033580260971,0.2389626748405586,-0.847209211597668,-0.7196127578201033,-0.0953686911058715,-0.914833481174571,1.0833096602710226,0.9578788825084188,0.8030183777094129,1.156457699813065,1.2063577345927134,2.092661528093307,1.8208633221239647,1.5718506911066457,1.260604168646512,2.7676884080599056,2.667414404719268,1.7177688184134494,1.1827971472788907,1.9384151700979355,1.7643247906019106,1.4827463571915571,0.3164492059082911,-0.2360149920797821,-0.2326627386908872,0.1767532043569527,1.2572754532816963,2.7216233557135805,2.818152514458838,1.7257209365823505,1.1891491485129764,2.9364369095781715,3.047511619202562,1.7503586418648518,exact,9
CL:0000971,exact,direct,memory IgM B-lymphocyte,Mistral-Small-3.1-24B-Instruct-2503,-1,0.753263863287312,0.4468399383977584,0.2813758823702882,0.7646825195029576,-0.1578214155490916,-0.5705284244761811,-0.5125009001935755,-0.3350915603059853,-0.5934215165520571,-0.6017731718251811,-0.0885878805334468,-0.6954320509887583,0.1049319420032554,-0.3640139244939663,-0.3651042131156662,-0.0428445969625766,0.990948849635667,1.059223790972082,0.7600732687962408,1.109774081158468,1.1563990777093096,1.507018739412597,1.2743498477449415,1.4053305828692586,1.0105665808635578,1.0206364884554249,0.8978629528128242,1.1164472427631584,-0.0991705165908682,-0.4503725665509797,-0.4136239108790537,-0.2473704814186361,0.9904717755123564,0.9599474071022008,0.8194654707531004,1.1068552946831598,1.0939800236403516,1.3797299958852505,0.9821915656330872,1.3673900237388374,exact,9
CL:0000981,exact,direct,dn memory B cell,Mistral-Small-3.1-24B-Instruct-2503,-1,0.4686357085841026,-0.0625320401415847,-0.136118996971016,0.3560903327309775,-0.361276659648977,-0.6563038987010419,-0.6032983993237954,-0.5279610250350132,-0.7217468239503059,-0.5519310617395575,-0.0768336475046932,-0.8075656464677955,0.0660252955056443,-0.4254973718806695,-0.3928759490994407,-0.0812777217401652,0.7253709531619807,0.4296148509144331,0.199416766143155,0.6825386611383193,0.8449315653845869,0.3829773893084597,0.2359391587673288,0.8160722227021456,0.5049456001087698,-0.1328546725775404,-0.1610425754511698,0.3789149767448524,0.4261236798287862,-0.2863793089280375,-0.302765161264868,0.2992350094007888,0.6046395835422574,0.0839225023080374,-0.0148590065895765,0.515520613047688,-0.0858829585353624,-0.4945450973432101,-0.4470691505835418,-0.2885349616693476,exact,8
CL:0000981,exact,direct,dn memory B lymphocyte,Mistral-Small-3.1-24B-Instruct-2503,-1,0.3597944139291589,-0.1832140342704926,-0.2207427676390117,0.2192958325285599,-0.070145179256869,-0.4794681580929177,-0.4761145694749428,-0.2481875447587038,-0.8698870458819447,-0.624937974429706,-0.0842270680382291,-0.9339898317595808,-0.8731353389120639,-0.8647762639051879,-0.7459054769547716,-0.9096644400979892,0.0004171760706689,-0.4074643289051759,-0.362421593165227,-0.1763810673481289,0.862895272010836,0.4170676763222964,0.3007814777995097,0.8438279511945428,0.0858313245471947,-0.4342662028414887,-0.4066382002326572,-0.0834738366072935,-0.3085284858807831,-0.6741461216599923,-0.623666203357763,-0.4426087506581542,0.4547841267860625,-0.0941423335115314,-0.1547476466331516,0.3262455428973422,-0.1458451007751778,-0.5253324257250821,-0.4631017730627476,-0.344064334766298,related,8
CL:0000981,exact,direct,dn memory B-cell,Mistral-Small-3.1-24B-Instruct-2503,-1,0.5208621487833024,0.0080653766319046,-0.07281556583566,0.4249366103854714,-0.0952519991708123,-0.4988967034808704,-0.4891298527462031,-0.2733282056615551,-0.3426857039670631,-0.548917714963478,-0.0487761510506729,-0.468277345909995,-0.0452533898122264,-0.4818491114256624,-0.4513187074292544,-0.1889149782894886,0.6474087803356532,0.3003118680431686,0.1062828054408756,0.5734770333483069,0.8171552291749679,0.3288362995218093,0.1864751259621509,0.7740908676821051,0.3907249951451511,-0.2268518111857022,-0.2361907728713079,0.2442905323700082,0.2707806296529109,-0.296113014621375,-0.3018077623782998,0.1272469999715203,0.6071259270840182,0.1323477702320314,-0.01518717536159,0.5188015591472188,-0.1852849298301382,-0.5558677477768728,-0.4809342458124857,-0.3799799261010935,exact,9
CL:0000981,exact,direct,dn memory B-lymphocyte,Mistral-Small-3.1-24B-Instruct-2503,-1,0.3191383143600937,-0.2253882779354106,-0.2535999300622726,0.1702499186144983,-0.0274353964339757,-0.4524971334788952,-0.4732485561556175,-0.2049274921798397,-0.2993266515656828,-0.4862538485676155,-0.0223058934937997,-0.427783620614193,-0.8172140224837877,-0.8432728902737763,-0.7207273504602355,-0.8644463196829073,0.4791480050517583,0.063060301877362,-0.073822848380942,0.3553641278845905,0.8412764540395063,0.3718027945057655,0.2493233460834306,0.8104843494885379,0.0697565206095118,-0.4512156372661242,-0.4246543998755145,-0.0997187645756429,0.1574962659183935,-0.3624503296441077,-0.3528808644748744,0.0078376025523157,0.4518888733806194,-0.0557554230561549,-0.1741779361904964,0.3227384270339054,-0.2330939574857162,-0.5797273471996802,-0.4922802624993311,-0.4229043556707991,related,8
CL:0000981,exact,direct,double negative memory B lymphocyte,Mistral-Small-3.1-24B-Instruct-2503,-1,0.8643570707713031,0.6844406735337435,0.4643446193161964,0.9541620259450576,0.6145757541426621,0.1909342813076697,0.0860542303073702,0.5487155103698392,0.6506523909565095,0.3360009425802209,0.0138300368844337,0.5978795162661321,0.289021292004805,-0.2401217611308375,-0.2488420579137996,0.1453384933418963,1.1409394353010414,1.674071058676862,1.420400232821625,1.413420006497112,1.2176684948730334,2.113096014476564,1.9619503962183344,1.5730247022869113,1.0430961942498918,0.8692142690558111,0.7266388814972439,1.1776933567363237,1.1496617249899037,0.8582513764485658,0.7168756035551848,1.3229108573636974,1.108773259413527,1.4734721084785147,1.359027872437388,1.3424752681239926,1.124980476462924,1.7674315334994706,1.4041644565828113,1.4656631394595396,exact,9
CL:0000981,exact,direct,double negative memory B-cell,Mistral-Small-3.1-24B-Instruct-2503,-1,1.1668239347575309,2.7044066955486765,2.8347823936128984,1.6878096090380252,0.9264606836146048,0.9074532826443062,0.691927597496453,1.0406301974647612,0.6566268453472557,0.3541955147293512,0.0435098713672607,0.605572279898227,1.245009023388243,1.477029661555734,1.3094004237643704,1.4436145555644544,1.301429707702831,3.033769036963708,3.3296318056680128,1.855525741107237,1.323366663236184,5.7783783396721695,7.728089678183802,2.0449528586493595,1.3031483990911332,3.312092651888461,3.542181114275167,1.8593149216210856,0.687395442276813,0.0224068413811837,-0.0158699612008904,0.6159428709110165,1.320327638555789,3.9558386577473046,5.097388917890952,1.9570007572639323,1.195167396449286,3.12756692670853,3.479926493569764,1.790849584743741,exact,9
CL:0000981,exact,direct,double negative memory B-lymphocyte,Mistral-Small-3.1-24B-Instruct-2503,-1,0.7858244787620803,0.4769821438660893,0.3081489280337603,0.8179160373811742,0.5709768151290705,0.1247265032158552,0.0378252263885835,0.4891416785432563,0.7112189803792146,0.389786968010861,0.039131801309288,0.6769809356786702,0.1609572836129587,-0.3417516154780751,-0.3457101675220831,0.0132808245718452,1.1682572043320687,1.840962526082076,1.5062680178952337,1.47701257214778,1.2122906018826285,2.048891859592036,1.8891759814277096,1.5568326031560569,1.0346153845630484,0.8270521264317836,0.7164762526787243,1.1614531859910793,0.6023494489436987,-0.0562511827126319,-0.0955527781640058,0.5084198993742769,1.0468277043299592,1.1761066072686974,1.07374332695907,1.2140552284402069,1.1120213511373238,1.5235134183655552,1.112808765665172,1.4228178754479492,exact,9
CL:0002104,exact,direct,IgG- dn memory B cell,Mistral-Small-3.1-24B-Instruct-2503,-1,0.784789947644568,0.5326093673934078,0.3780228909518349,0.8161978184688647,0.0970394812631533,-0.4234165465773161,-0.4424310945660115,-0.0750399538509488,0.7641893458413072,0.1830390110178305,0.0022019545694667,0.7483251057151719,0.5427956366717197,-0.0344888780080551,-0.0910590219205019,0.4255304549589282,0.808674806501257,0.584672946235362,0.3682802882495585,0.806044544719143,0.8230997766138352,0.3552089422878854,0.1989170171236243,0.7829836976897647,0.399503040902269,-0.1188376174318468,-0.1335662407473988,0.2543704221668381,0.3865795998175859,-0.0424066273533345,-0.0775042313373864,0.2544587256591729,0.5202811927136404,-0.0441437219687055,0.0863717849738719,0.4070267324303949,0.2437888509940144,-0.3318883351180091,-0.3450460454364732,0.040715161250166,exact,8
CL:0002104,exact,direct,IgG- dn memory B lymphocyte,Mistral-Small-3.1-24B-Instruct-2503,-1,0.7379440426056021,0.4200063702816516,0.2430908842805194,0.7402122299436805,0.2977690151190641,-0.2282971686993641,-0.2748077939393925,0.1483328390946271,0.6863170819411037,0.0529662023233551,-0.0104283309232757,0.6441536900404238,-0.1381454195388778,-0.5429088802965507,-0.5294512132924093,-0.2763737728790407,0.5479761635058226,0.1406190397193592,0.0381549769114525,0.4420345495890075,0.8902829365115099,0.4950165824902168,0.3486238449621098,0.8871323974069816,0.1684030155919593,-0.3043875861393378,-0.2825229439429732,0.0014480761306545,0.7790830268206974,0.5745357194626256,0.4862630999923492,0.7376921834424672,0.4125220055952029,-0.1594424800503567,-0.0465869814925861,0.2755570337756426,0.234160067105518,-0.3423665459562088,-0.3439179851630519,0.0304177868598546,exact,8
CL:0002104,exact,direct,IgG- dn memory B-cell,Mistral-Small-3.1-24B-Instruct-2503,-1,0.7800247082094675,0.517863061391865,0.3604239336328253,0.8083067807158728,0.110364399233626,-0.4096340066964566,-0.4271260472952221,-0.0607749858237617,0.6749673889214247,0.0871064562427128,-0.0007883832899719,0.6293350009682851,0.6239438786919849,0.0505685505371819,-0.0223453170815751,0.5214868507763881,0.7691610646485941,0.5104579152432003,0.2748661402773788,0.7464808344003958,0.8096845177752423,0.3294637010770645,0.1879195659806982,0.762983413368687,0.3229665875971514,-0.1705533040445423,-0.1903048924276826,0.16783587643409,0.9218549998362064,0.874535306061247,0.7305828372430703,0.9421141466601054,0.5298762769624938,0.0100650870905946,0.0646918874786047,0.4191033376110056,0.1954859998560521,-0.3814984218835079,-0.3737469241070842,-0.0104715077166517,exact,9
CL:0002104,exact,direct,IgG- dn memory B-lymphocyte,Mistral-Small-3.1-24B-Instruct-2503,-1,0.708075432834468,0.3569470948426763,0.2061158677887036,0.6934858003933729,0.2545622366961298,-0.268692251275019,-0.3063868697468876,0.0986158329860182,0.719437511267799,0.1355414647801037,0.0118857644216297,0.6879123862114784,-0.0331287225045518,-0.4932402604839983,-0.4903951641828263,-0.1773440282131664,0.5755056981882531,0.1879676260418841,0.0416463626243816,0.4776468089909195,0.8799915029344394,0.4717180203904413,0.3478868125842163,0.8707146483950218,0.0573896245224133,-0.3733738441954225,-0.365429270579889,-0.1121556541323283,0.7467699676324675,0.558025562299546,0.4394901918285558,0.6940319654738099,0.4375856066803468,-0.0919360114131129,-0.0718342942305307,0.30548807489748,0.188220034907825,-0.3866651601595902,-0.3705075402733987,-0.0180720110606211,exact,8
CL:0002104,exact,direct,IgG- double negative memory B cell,Mistral-Small-3.1-24B-Instruct-2503,-1,1.189097640007358,3.189563362733968,3.449740148296848,1.7749507993463964,1.184446440262107,2.3642703236284213,2.291765776538367,1.6281463376492231,1.2531497923338428,1.5802930807740774,0.1384330708525116,1.562744957665033,1.4936836768774795,3.528075829566766,4.04267476625866,2.070214141832058,1.2664257098754612,2.605752972146328,2.3864577108152885,1.7408992564546482,1.2683285434805494,3.0057692927635764,3.044936291331944,1.7477100750163344,1.1555619239783097,1.5813285597354378,1.4327076782735098,1.416310383664398,1.2751354540049131,2.049857705952869,1.8713545195788088,1.580819144365102,1.2306012334502652,2.3976757093386656,2.8361546747279056,1.6451533823649538,1.1419474669794114,1.997490175174771,1.636818158534453,1.5266779324838182,exact,9
CL:0002104,exact,direct,IgG- double negative memory B lymphocyte,Mistral-Small-3.1-24B-Instruct-2503,-1,1.0091594457503117,1.3222623148849624,1.0935874896795656,1.2460326592011384,0.7656849366682352,0.4400287975788772,0.2501963140933014,0.7702082021680703,1.2349389441429308,1.3792096235754852,0.1411223970359595,1.524182567414476,0.7283978568315044,0.2200227644506488,0.1237914271376507,0.6506257989579006,1.032117820967666,1.2070180717638574,0.8890480047422531,1.186923391354063,1.225257100822439,2.239860556554408,2.1491867273617125,1.5964897254300283,0.9010744350315892,0.561551694774277,0.4474727449115281,0.9277723998726086,1.1633403042242716,1.5488370085290806,1.4073685095459472,1.3488433866656615,1.07562010585036,1.3168952084769792,1.3101389322430603,1.27218325886148,1.063031688029609,1.2175264549363478,0.8201626932901258,1.2810925948107663,exact,9
CL:0002104,exact,direct,IgG- double negative memory B-cell,Mistral-Small-3.1-24B-Instruct-2503,-1,1.145696000530325,2.457083320826547,2.45593539566961,1.6140684473398377,0.9837596169655748,1.075674695517642,0.8898391358224074,1.1495094542199358,1.0680259889771893,0.8648254663860829,0.0767880231281387,1.2100466601014097,1.3612723169074887,2.0734892243277905,2.048191350124608,1.6929126146492517,1.248246276964685,2.432690995902279,2.07612723080816,1.6866523170189625,1.263059798024848,2.885505963677224,2.924334528704661,1.7271218324328717,1.031735578850636,0.9872979618119112,0.8472177924521436,1.1559836573078148,1.3356433850576592,2.5928862887856554,2.3866696946136483,1.7267420258258264,1.2195499439700817,2.393843901708221,2.3524657365336625,1.6137579681657326,1.1331943554520498,1.80731719107749,1.4259698903808742,1.4944171857348656,exact,9
CL:0002104,exact,direct,IgG- double negative memory B-lymphocyte,Mistral-Small-3.1-24B-Instruct-2503,-1,0.9572277912996502,1.0725210645056418,0.8719805710220522,1.1336963316297812,0.7681000246621842,0.4455222302614667,0.2622633919094471,0.773968513682656,1.1119119048197532,0.9517075576745913,0.0926803651571853,1.286934511921673,0.693967979066884,0.1595607482726473,0.0554775419991653,0.607300936208142,1.0731679442299995,1.366604907378301,0.999128653590004,1.268061629880139,1.2219358972664522,2.195936153951268,2.0709348862838937,1.5861276361002818,0.798254403128251,0.346384384075951,0.2292808697360083,0.7690620989253779,1.1212146593609638,1.400140339738405,1.1787962094966589,1.2703512980191698,1.0621646837275829,1.29548485755914,1.1710212656129109,1.2447054724632574,1.0599232317517788,1.157673251885872,0.7719673133715891,1.2729266658478289,exact,8
CL:0002104,exact,direct,IgG-negative dn memory B cell,Mistral-Small-3.1-24B-Instruct-2503,-1,0.9116034394686608,0.9090205533529078,0.7108782948173566,1.042570974725857,0.8528261261347888,0.6425946972432496,0.4517438071213376,0.9112733818071648,1.0740804927439516,0.95553896160418,0.0648127741149562,1.2204544631737042,1.0385124854881125,0.7763838569868009,0.6447678581408524,1.0849742249024192,1.146039097926672,1.7134180557001777,1.359918874215929,1.4250445180553803,1.0389262862731137,0.9340620922808494,0.7123864190802153,1.1486455663998558,0.9184160599162444,0.6534357324886768,0.5658759690339815,0.95612356667039,1.261709557282575,2.0460036298683604,1.8227668370965169,1.5507236428604787,1.0199761949072812,0.9952071296486164,1.162091121853014,1.1619766227129027,0.3119509398990011,-0.2845005227688817,-0.3227153169467674,0.1150299031315066,exact,9
CL:0002104,exact,direct,IgG-negative dn memory B lymphocyte,Mistral-Small-3.1-24B-Instruct-2503,-1,0.8506092089986627,0.7050051413988236,0.5135673236328253,0.9294177802362594,0.586653920087862,0.1111934159298555,0.0003872694130742,0.5103676032386515,1.1206753872296786,1.0394282436313749,0.0807639664378297,1.3027110136677535,0.3826750809340328,-0.1618659242711465,-0.207431017080056,0.2456074489267625,1.0515894565268011,1.2772616841363442,0.9849968828683806,1.2248431882446804,1.0469457777863498,0.9646685528529,0.7870389193406514,1.1643840511746155,0.6538604635850421,0.1597806756514351,0.094003860253707,0.5675529701871032,0.9927136276776556,0.9966595349060928,0.8422225382314685,1.0519679808744,0.9194208271880164,0.7124624319602747,0.729996379945983,0.9818092557503364,0.2730895602941481,-0.3157582435269204,-0.3386852730804319,0.0723493984836536,exact,9
CL:0002104,exact,direct,IgG-negative dn memory B-cell,Mistral-Small-3.1-24B-Instruct-2503,-1,0.9150581337716976,0.9174063688350726,0.7324430736583896,1.049258813876007,0.7137302591289553,0.32138529529297,0.1932995226896666,0.6911290415100108,0.968733974495579,0.6705936817784568,0.0414912588809821,1.047279277802259,1.0385464779686575,0.77248658971376,0.6109074217961058,1.085027404748292,1.1197628701607103,1.5773318245842285,1.1857188847137643,1.366257826364937,1.032603715665272,0.9093220190212732,0.7024237012810601,1.1363814649966206,0.868687527577486,0.5445356611288785,0.4685999743702664,0.8761348033982335,1.1599786981938294,1.522745122352014,1.475612003037162,1.342428587028858,1.0058616558364004,1.022912558546807,0.9628115682095632,1.135347533052485,0.2702277577515114,-0.3320663645843236,-0.3499762854724598,0.0692394630263374,exact,9
CL:0002104,exact,direct,IgG-negative dn memory B-lymphocyte,Mistral-Small-3.1-24B-Instruct-2503,-1,0.8251707284484887,0.6327171438196557,0.4609143923968399,0.8846772436156165,0.5981756758969361,0.1301180002456429,0.0114360401471318,0.526105704251461,1.0907592420602463,0.926625123743431,0.0814958243110206,1.2494485921628495,0.4298189655184286,-0.1259612568240395,-0.1674219322644882,0.297398925381836,1.0278392904597216,1.1910848322232943,0.8101591017701862,1.1787201749507843,1.0550900093392477,0.9976201592017572,0.827124465155276,1.1805847644693377,0.6071201934671911,0.0958923715918362,0.0214222727488574,0.5065223599869584,1.012597835258712,1.0868417677672857,0.9844909425990244,1.084004241759129,0.8992755825052055,0.7075985874288363,0.5974073319439493,0.9480720857611008,0.2379852640490027,-0.355554039588181,-0.3629579967216312,0.034502881307324,exact,8
CL:0002104,exact,direct,IgG-negative double negative memory B lymphocyte,Mistral-Small-3.1-24B-Instruct-2503,-1,1.072025982873173,1.7166895076648878,1.5382130819911024,1.3985964868106664,0.8089553926524248,0.5287909813368626,0.3547463729126811,0.8388162506967276,1.3181968376968385,1.9103098740586373,0.180589289955214,1.7103672402140044,0.977493935169908,0.6443250488132262,0.5229669380923765,0.9918778740119842,1.2942599277910332,2.9326984517688497,2.920099224987369,1.830762846341564,1.2578541831989754,2.774076950585199,2.782748406351112,1.70746560607818,1.1545752143897443,1.5954339461281488,1.4585724445513495,1.4139824421395153,1.31251535961908,2.356588203002238,2.274478358151817,1.6687638471963149,1.2389938939391298,2.681014625988124,2.577744952394761,1.669725709072188,1.139437068607625,1.9561913555311008,1.620866252412457,1.517238880701519,exact,9
CL:0002104,exact,direct,IgG-negative double negative memory B-cell,Mistral-Small-3.1-24B-Instruct-2503,-1,1.2177871067843382,3.967734697742946,4.756294900593672,1.9097197378214537,1.111486709620472,1.7173178734713743,1.488426516711338,1.4298889015306515,0.8641902591239838,0.5411208151224888,0.0182013996045903,0.8893163188335473,1.4826451307554138,3.327240178146132,3.592037033878592,2.03186103567939,1.3642419929578462,4.2780456206225335,5.511601915330132,2.11860152290348,1.3297824085687726,6.8439886927543165,10.595327000821351,2.1059829775744427,1.315146706141842,3.931736656223172,4.285714899233438,1.9111341377055544,1.3924769116124605,3.1039122061594413,3.797659381357545,1.8845818315043616,1.34676237446356,5.3714454686883935,7.723798361971624,2.086040907377708,1.20064021970338,3.458158367639797,4.129348921005469,1.8332710640775376,exact,9
CL:0002104,exact,direct,IgG-negative double negative memory B-lymphocyte,Mistral-Small-3.1-24B-Instruct-2503,-1,1.0331323405506765,1.456391311859211,1.2863903608560512,1.301722506623344,0.8409417188488097,0.6147527167646006,0.42789781543689,0.8913352367860378,1.1229017605001286,1.1100279117235945,0.0816260041354428,1.306742865976022,0.9257180631762978,0.5286030333274507,0.3953353158103484,0.9162559735342484,1.28576121037298,2.829986784027785,2.6155759286064284,1.8023308354616128,1.2506223033386017,2.6357725521003976,2.606770174210012,1.681168952509157,1.1236948738487604,1.3953400546493684,1.2679440077312367,1.3435637672588003,1.2894777524875132,2.1993451088486364,2.3071252349291376,1.6138004590425996,1.200018064082794,2.2604478004921296,2.121415106765811,1.56064906844547,1.125323108429803,1.6951946110699037,1.307830478386443,1.4668359896776106,exact,9
GO:0003857,related,direct,3-oxoacyl-thioester reductase activity,Mistral-Small-3.1-24B-Instruct-2503,-1,0.3988952405749209,-0.0566203235812061,-0.1313015785506067,0.2674753703046668,0.5278135238211398,0.1691901828807063,0.0875011046026337,0.4317708343628079,1.0287448365194023,0.9964489138887684,0.0712330613763091,1.1439467636776226,0.0349856557404474,-0.4218825955614927,-0.4632484833644568,-0.1116343146745065,0.628501132888929,0.2829317153206764,0.1473451102528302,0.5478628981877679,-0.502244890149373,-0.624185979390188,-0.5647373300994452,-0.6286069950014174,-0.3233763051989363,-0.5451735848689242,-0.4888025407403902,-0.4727728659826188,0.4773458951251541,0.3072386170189861,0.2886733800703968,0.3583423476470385,-0.1430942799665319,-0.4456743300210378,-0.4622900295829206,-0.3134125026783524,-0.434914506217398,-0.6523906597301317,-0.5206452867198099,-0.5974223575654779,related,8
GO:0003857,related,direct,L-3-hydroxyacyl CoA dehydrogenase activity,Mistral-Small-3.1-24B-Instruct-2503,-1,0.9470695022149912,1.0882197771855373,0.8449475356982155,1.1128562630486802,1.013645360196162,1.346470903783528,1.1035617611975528,1.2098097449419147,1.2020690539690553,1.637991648657015,0.1554106359523904,1.457110062159352,0.9876589154967612,0.7840990069268997,0.6084065807898416,1.0070727131607846,1.0332976581683415,1.2381230716023726,0.9412129591844994,1.189193466914232,0.980948789180456,0.7116789613813749,0.5178167948417665,1.0404727723099276,1.0204622179356584,1.0471130006841185,0.8884423776693459,1.1347852259961069,0.9824435742438552,1.2704210023423472,1.115861318236964,1.035640362971362,0.5754968921036673,0.1790739150011115,0.4789131815678276,0.4774318793349245,0.6368357061200404,0.0457262304846692,-0.0833802169038205,0.5133713510458621,exact,9
GO:0003857,related,direct,L-3-hydroxyacyl coenzyme A dehydrogenase activity,Mistral-Small-3.1-24B-Instruct-2503,-1,0.8513475638688227,0.7454739398567988,0.5252441133632901,0.9307363239335787,0.9150321144805382,0.9825870218135522,0.7704891405258034,1.0198392238731089,1.1451093047003102,1.4195890745320243,0.1323482833187174,1.3475083935897691,0.8799666416503751,0.5743752039410698,0.4289077476357457,0.851703636436581,0.9726527295292196,1.0380224254543715,0.7949701986976525,1.076682902238009,0.9153640511934434,0.5425767902812615,0.381890945805643,0.927921000720924,0.9418394039013304,0.7970558393212774,0.6849847901172912,0.995258694835755,0.7401894698723814,0.776459323876335,0.6319113138408222,0.6852444088331383,0.3706337652762068,-0.0419842432114688,0.2736208607644816,0.226342392982675,0.5804386907765606,-0.0201826948796057,-0.1337590970552893,0.4376962158182591,exact,9
GO:0003857,related,direct,beta-hydroxyacyl dehydrogenase activity,Mistral-Small-3.1-24B-Instruct-2503,-1,0.6339674080509499,0.2290219056700008,0.0733018024455171,0.5825898420491227,0.7075442170196957,0.4543589096512232,0.3329613324637411,0.6819328708127135,1.0357791754368244,1.013900879175292,0.0778962860034252,1.155608960507706,0.7034666248654619,0.1671473674777151,0.026222912471902,0.6191756863889553,0.6748972584121995,0.3632693459233214,0.2286974671767239,0.6112778047703827,0.3471123217355956,-0.2183496005246317,-0.2657262650092216,0.1789998714275023,0.205568533119611,-0.3082216440877701,-0.2552012567616278,0.0405257355402745,0.5821978964224489,0.3788096221347519,0.3817819160348021,0.4836215364826103,-0.2240612924851684,-0.4901301539821034,-0.4082432144861921,-0.3901533832643414,0.2107465386941226,-0.3419564202037499,-0.3457687508549027,0.005574740865667,exact,9
GO:0003857,related,direct,beta-hydroxyacyl-coenzyme A synthetase activity,Mistral-Small-3.1-24B-Instruct-2503,-1,0.6240357702729501,0.2310428264661281,0.1007008373503978,0.5682225596800554,0.5714303236141078,0.2424759845909007,0.1405251967492352,0.4897527115836895,0.8563119380834682,0.7194203573307225,0.0502352780656541,0.877879362655984,0.5884839878120528,0.0658852784734292,-0.0199682756462522,0.4791204150367857,0.835097973698805,0.6766945761018437,0.4683918802765682,0.8469525836870327,-0.6581866731461699,-0.6785094777317421,-0.591654443283298,-0.7575339746652784,-0.0903835914960147,-0.4832007027454441,-0.4632532786415353,-0.2569392372126967,0.463384819774823,0.4194959555902402,0.3112251964764072,0.3421036662287242,-0.7461290972903513,-0.665788282457922,-0.439451659011643,-0.8475464653977632,-0.4085014000598166,-0.6306697121521562,-0.5169811247328651,-0.5751515310209565,related,8
GO:0003857,related,direct,beta-hydroxyacylcoenzyme A dehydrogenase activity,Mistral-Small-3.1-24B-Instruct-2503,-1,0.6230109726471348,0.2461144150737378,0.1008251847641035,0.5667462663247993,0.71597295177414,0.4870423477502267,0.3352097707787926,0.6944740911953163,0.9542858318301968,0.8221481986927809,0.058487033470608,1.024707744140671,0.5880338946057994,0.1118170194199239,0.0179966125640676,0.4785871046398274,0.726559433858632,0.4453919817560196,0.309219875435289,0.6842471296882725,0.2778268358036262,-0.2616757896142221,-0.2711501969488038,0.1037190913769389,0.779738512286956,0.4265801306753649,0.333412034609675,0.7419729174096849,0.6779948708331488,0.505177202351381,0.4314937846723882,0.6038173666521427,-0.3077655705073706,-0.5246193037456885,-0.4361290635386711,-0.467633212456378,0.1436025414618049,-0.3733676635024542,-0.3536779349854594,-0.0642026105309781,exact,9
GO:0003857,related,direct,beta-keto-reductase activity,Mistral-Small-3.1-24B-Instruct-2503,-1,0.0634860691895199,-0.4056324754904675,-0.4078333287377085,-0.1174806091467218,0.3082299959443008,-0.1240201592447361,-0.1776548271588413,0.1605187320633691,0.4926787959162674,-0.0478192330728814,-0.0268945224437329,0.4022253319190761,-0.4876470944482701,-0.8393779961173861,-0.7601177871686129,-0.5889540888868257,0.344194941510013,-0.0749415512828271,-0.1341251369969251,0.1940969705326692,-1.1432463037747889,-0.7943080524765187,-0.6996993883945964,-1.1348067025717057,-0.7421517561042726,-0.6532915132741708,-0.5786931284052594,-0.8311270643186186,0.2940660318204524,0.3002621807106331,0.1971463032937749,0.1523853616917802,-1.0282504527679448,-0.7982200588882898,-0.7286343234157049,-1.0734805857464904,-0.8896031226377439,-0.7858389592531847,-0.5967592534726766,-0.9588036550074628,related,8
GO:0004565,related,direct,beta-D-galactanase activity,Mistral-Small-3.1-24B-Instruct-2503,-1,0.5649652949119282,0.1392714344152905,0.0313207544883464,0.4849219595371071,0.5642518434160165,0.1635475265029078,0.0286200729640719,0.4801014235732479,-0.2959203197045326,-0.3309910774004744,-0.0437844812192561,-0.4245859272411391,0.9299081483384264,0.5194976668783012,0.3903235132504596,0.9222705278203974,0.5469022091308486,0.1505122689578407,-0.0037290738912584,0.4406566647295868,0.1127379569716533,-0.387920518483048,-0.3782362608049368,-0.067155202670218,0.8205642331107036,0.2046406883541107,0.1300940102629528,0.802261589947795,0.5951746340953578,0.403819426279995,0.3342348374609267,0.4995623006473775,0.2685471302002856,-0.2166936498353903,-0.2963531513190801,0.110296646901807,0.1930344268520732,-0.3683177107364274,-0.3617188499859234,-0.0130387829256341,related,8
GO:0004565,related,direct,beta-D-galactoside galactohydrolase activity,Mistral-Small-3.1-24B-Instruct-2503,-1,0.2909021501964321,-0.1940725713590884,-0.249342320849118,0.1367803145411524,0.6408334294929502,0.3016678232226746,0.1763192987969522,0.5854443242322583,-0.2774362260474114,-0.3264563204896654,-0.0451612945569332,-0.407191356244803,0.7912560965787264,0.2247859543237383,0.1343306598207771,0.7318432117427982,0.3190013116150006,-0.1162542018587628,-0.1587342047270017,0.1651226469569046,0.472330404780772,-0.1364710998155363,-0.1796778214773046,0.3214634504483246,0.9435119174270722,0.445321118104131,0.3605037547692971,0.9980918762301964,0.7775801279338685,0.6320043047148594,0.5102206819564499,0.7356422846219506,0.3823120022222111,-0.1050706144795671,-0.1264751354276015,0.2399643570492041,-0.0111644211798272,-0.4744933346007217,-0.4277765261212558,-0.2176669474248954,exact,9
GO:0004565,related,direct,beta-D-lactosidase activity,Mistral-Small-3.1-24B-Instruct-2503,-1,0.6521280178093771,0.2681923939171854,0.1247744663876569,0.6091495505691885,0.8293780290359821,0.6598098517198617,0.4716601630278917,0.8721606539657046,0.430940714663787,0.0471698261376214,-0.0250770373749656,0.3293780533879974,0.56526098038039,0.1461819486300296,0.0632219459821867,0.4517449310028797,0.516984908685146,0.1111532176298548,-0.0196967588056128,0.4026049318912019,0.0335588364915339,-0.4232612142730454,-0.4146066043782426,-0.1454291113904313,0.8373643909153525,0.2335318824976697,0.1851182177354903,0.8276873356246218,0.868133818033056,0.798971079463517,0.7465980931337952,0.8627956933367414,0.3839712326306144,-0.1041266096545214,-0.1901109246629268,0.2419058600590186,0.0312424768654255,-0.4719869929576093,-0.4196859806370229,-0.1765577673246811,exact,9
GO:0004565,related,direct,beta-lactosidase activity,Mistral-Small-3.1-24B-Instruct-2503,-1,0.6644673042835767,0.2864251365097162,0.1422643157250705,0.627415404080416,1.1103785647435056,1.8273249144340635,1.6796370321364604,1.4271519155452117,0.5538980956357198,0.1269046313891991,-0.0128827269908281,0.4763686204877987,0.7064043123708815,0.3176833695320893,0.2092356608129098,0.6228601037857273,0.8042774279236474,0.5840709421007113,0.2956749189692996,0.7993227875776884,0.2009976199121295,-0.3242742705078384,-0.3343110661191751,0.0228093344162764,0.943813230809696,0.457906937527249,0.3575804003596208,0.9986028568363908,1.1630631843319683,1.565412410273131,1.4121804336266963,1.348313525456094,0.5815268828382134,0.1006106608582522,-0.0509388462067701,0.4852582389668101,0.1088532614714979,-0.4286116802357731,-0.3959014756889272,-0.0995121279276803,related,8
GO:0004565,related,direct,exo-(1->4)-beta-D-galactanase activity,Mistral-Small-3.1-24B-Instruct-2503,-1,-0.2788151095667814,-0.6332802041514283,-0.566330183409864,-0.4604962553594726,0.301956203049409,-0.1531227508105377,-0.2140028147378707,0.1532033336192563,-0.9768453275281818,-0.550562388534489,-0.0765220495067267,-1.0234362010127684,0.3075164778049936,-0.2115048579876211,-0.2688355326825683,0.164878078211627,-0.3324136017155202,-0.5976940193534231,-0.4759955149453583,-0.4948585167059608,-0.4383388184278048,-0.6160598844839791,-0.5650175382166116,-0.5744725929494809,0.2389906701792382,-0.4020248604351617,-0.3821076351801385,0.076151457507805,-0.3461996850678116,-0.2378924344006815,-0.2269725351276487,-0.4766895711309729,-0.4658535552184006,-0.6043105790973038,-0.5789169810205628,-0.60930560955403,-0.2799277224644851,-0.6047741461910421,-0.498766461918124,-0.4643333890061505,related,8
GO:0004565,related,direct,hydrolact,Mistral-Small-3.1-24B-Instruct-2503,-1,-1.3858364064927091,-1.030711606713445,-0.8361692967627102,-1.378916791253115,-1.333116610525911,-1.0097545066854166,-0.8483405990425615,-1.3293694062617174,-1.411590794702681,-0.8157694662199074,-0.1127319034112565,-1.3734994058148464,-1.596688221999686,-1.0613473692111155,-0.9186244771660678,-1.4636232795061803,-1.9482914047484925,-1.1830716563735748,-0.8678360192987561,-1.733662157440366,-3.224890021158012,-1.0722921242922796,-0.8929232940405815,-2.5245617123887856,-2.4384292852780725,-1.0830123251643342,-0.9152389280768662,-2.061204761838583,-2.13013821999571,-1.0302511136877697,-0.9096578305520102,-1.8604055621268585,-2.451753618164355,-1.222884881806445,-1.0472911089272212,-2.071126199742706,-2.411376686918792,-0.9945420471931308,-0.6976678340209582,-1.977333047181138,related,9
GO:0004930,exact,direct,G protein coupled receptor activity,Mistral-Small-3.1-24B-Instruct-2503,-1,1.1136436123720228,2.065078985126791,1.874308321996246,1.5138617463163984,1.1590289980981383,2.186339708777674,2.0583662224589387,1.5544975626375803,1.1268180222806126,1.1743919469899913,0.0982154419193852,1.313858836267289,1.3588805568305822,1.6819759916607304,1.6198213693845267,1.6872427749714536,1.2913016912933686,2.9135134909254288,2.8860663572541885,1.8207575143372647,1.2714344944071203,3.014631503844533,2.9883563817581145,1.7602053356232754,1.1267251323868672,1.210893209602905,1.0141203744934162,1.3502774930580954,0.7114902104790175,0.1298740641857981,0.1050944227419162,0.6473127379478287,1.3128164218814704,4.151201887663001,4.764797815913684,1.925061680546795,1.1764691856784628,2.72503022713024,2.7372951809688764,1.67802851804052,exact,9
GO:0004930,exact,direct,G protein linked receptor activity,Mistral-Small-3.1-24B-Instruct-2503,-1,0.8729816396642739,0.762448880360224,0.5196956707516139,0.9698995496719236,0.979924208733384,1.1271469704641588,0.902224445403733,1.1419582926564211,-0.211482467559925,-0.4021827973219559,-0.0708275488404046,-0.3445227015872086,0.7663076635984322,0.0081578857427125,-0.0982043050118561,0.6992657064679502,1.195283255373918,2.030780897311678,1.7880060517888097,1.543459256718926,0.63477540325992,0.0465014949261033,-0.0310511380511212,0.5214282336254092,1.199830119618693,1.7101510664887785,1.549937205205304,1.5266945274444803,0.2387505553282497,-0.2637626204587698,-0.2317162686076968,0.0930097525599981,1.0425942004615558,1.2564582201316123,1.4871730596044097,1.2057143281275535,1.085331146536649,1.4813334981211137,1.083288848930671,1.3422725593542215,exact,9
GO:0004930,exact,direct,G-protein coupled receptor activity,Mistral-Small-3.1-24B-Instruct-2503,-1,1.187241324090854,3.1059845124852217,3.261149051625254,1.76722673134029,1.14272365963867,2.0565504506623387,1.97094622588824,1.5100477517381268,1.2563983345595764,1.7074313907817342,0.16504277530175,1.5697380516206103,1.4111904793619128,2.0194540945996367,1.9019583397469595,1.818440471799469,1.3708585891272027,4.51187680991352,5.587251813999821,2.154166542609591,1.2862679105868646,3.4408306864235696,3.633363128705186,1.8242626630247645,1.1205761376326708,1.2140590735196883,1.0628639916344091,1.33669555825972,1.4041648218497371,3.4812202597570323,3.480232486710291,1.9205376114557613,1.350609844544571,5.869706177829524,7.104715184922278,2.1078497341124214,1.1991185003203586,3.76064291166107,4.801558328339736,1.8207900389413487,exact,9
GO:0004930,exact,direct,G-protein linked receptor activity,Mistral-Small-3.1-24B-Instruct-2503,-1,0.9130752824631324,0.8943280074678448,0.6413755111057531,1.0454162945063057,0.983629155620564,1.1522850311324115,0.9346027113061292,1.149251931344792,0.3723068558485495,-0.2096088946340152,-0.0472043536869832,0.2618351184183781,0.8486386801224826,0.1245754994040738,-0.0035202461033471,0.8086182009850235,1.2559843667368815,2.527063816986836,2.2670936800007344,1.7093662314508518,0.6172501882974809,0.0240485954720177,-0.0542204983059172,0.4988825556725514,1.1875125590110227,1.6286601493115052,1.4538963490051986,1.4947124887903411,1.0433341946716863,1.1918104445044002,1.0853716194038845,1.1346901502813151,1.0775352623622567,1.4472040182966677,1.684112518344932,1.27614109111138,1.1021423014296463,1.6405658153389284,1.2450588706253618,1.3919215893316428,exact,9
GO:0004930,exact,direct,GPCR activity,Mistral-Small-3.1-24B-Instruct-2503,-1,0.3105610224267942,-0.2135805333440223,-0.2627296813399804,0.1600327877534548,-1.084972919870469,-0.9809392227764868,-0.8144904977342785,-1.1395025841122035,-0.7358382080985391,-0.5499473665274508,-0.0831450152982607,-0.8197258600404739,-1.7600851614043682,-1.229782183163431,-1.0433881193621777,-1.5821766958796717,0.0902403862495758,-0.341753534064994,-0.2351923668883361,-0.084296775445187,0.5167196042603062,-0.0800411365221537,-0.1266459429226258,0.374227826562256,-0.0317273760369137,-0.4856031341518514,-0.4623144285217723,-0.200282246965462,-0.954362504238199,-0.7595074775934643,-0.6733760792019349,-0.991656356252458,0.6579351222786992,-0.0294998399577314,0.1546526495077338,0.5869882883745204,0.6225844867506676,0.0136176048458805,-0.1153337091741969,0.4939248226166062,exact,9
GO:0004930,exact,direct,ligand-dependent GPCR activity,Mistral-Small-3.1-24B-Instruct-2503,-1,0.1559431163207434,-0.3547641453363959,-0.378128694685699,-0.0171415444103463,-0.1198858967090916,-0.5295922224947167,-0.4769930220645821,-0.2977937608717405,0.5908266431147233,0.1125327554414879,-0.0232441435350994,0.5220876782411344,-1.460804714438597,-1.1267845382837969,-0.9819161809456572,-1.363416181835165,0.7146897530100769,0.408346891034118,0.1934732322008101,0.6672490005083731,0.3264298146717249,-0.2456830363992796,-0.2747832311575374,0.1562832125647633,-0.2464272278840549,-0.5717031943483429,-0.5302435688141052,-0.4030018313526869,0.0830204170488399,-0.0621934578407783,-0.1090974639233365,-0.0682578651057639,0.4814812226937834,-0.0170633545054022,-0.0699596163488714,0.3588335065789361,0.3680079033355934,-0.2619502507481324,-0.2800800297998281,0.1781555305980204,exact,9
GO:0004930,exact,direct,"receptor activity, G-protein coupled",Mistral-Small-3.1-24B-Instruct-2503,-1,0.4744945753363045,-0.0329060448656946,-0.1011263375181728,0.3637025271188701,0.5198802315554862,0.0678024542006898,-0.0377414923644121,0.4213897545750062,0.4403253494433764,-0.0236629596844312,-0.033459503332833,0.3403334906758051,0.8850208730046737,0.1798130678979476,0.0402262143830477,0.8587372622335031,0.9053371828708934,0.8284066977656748,0.51234490804822,0.960417386342298,1.0436462516153042,0.9043779178641678,0.6724327626846784,1.157883417979059,0.8790793735625139,0.3873557519999144,0.2617587920606123,0.8925251403716737,0.930545909756724,0.944749779837914,0.8188208674640884,0.955251077574696,0.5347781911849933,0.159834101242537,0.8843603352451085,0.4252980372958266,1.183855897434295,3.0523368941259434,3.2693484674385567,1.7184254170357942,exact,9
GO:0006915,exact,direct,apoptotic cell death,Mistral-Small-3.1-24B-Instruct-2503,-1,1.0253740524187407,1.4239137240127695,1.1944461316536623,1.2833979794463828,0.3492771731739322,-0.1310516297285716,-0.1680624648343496,0.2089209253051528,0.2172223505475069,-0.2341427063707198,-0.0143175033799765,0.0900181353150031,0.5532685970632703,0.1615454801215105,0.0796602619039861,0.4377189947039636,0.58791775840928,0.1941369575883932,0.0464939477993866,0.4938913083513339,0.9521269945286742,0.5649755233013856,0.4077321297160226,0.9898774874106244,0.1775928698963711,-0.3326190975629886,-0.3494314660502478,0.0110594199318157,0.466351517740043,-0.2714756967367989,-0.297267831014451,0.3455461424298235,0.577638664746311,0.0457826283992251,0.301648330774818,0.4802084863456617,0.676542313378128,0.1430371614191286,-0.0418286295976559,0.5688083079812488,exact,9
GO:0006915,exact,direct,apoptotic programmed cell death,Mistral-Small-3.1-24B-Instruct-2503,-1,0.7499565618585444,0.4405278842802831,0.2921858597631888,0.7593696809311946,0.0158467078845898,-0.4380729175209344,-0.4077284603473472,-0.1604278943878533,0.0192529314568719,-0.2490289350181762,-0.0562769931940017,-0.1170974201141648,0.2234899327332731,-0.1399975337385506,-0.1748749073804343,0.0770795644855184,0.4581615968228913,0.0236933681803302,-0.0948982912268888,0.3295671745112612,0.954617611966915,0.5698759680297033,0.4117617591674686,0.9941758879568404,-0.0200230432065998,-0.4313340753488914,-0.4036877377068634,-0.18885258954967,-0.6107827125429167,-0.7689808554964688,-0.6823442887401485,-0.7082532202686159,0.3096633029444969,-0.2146507431925273,0.1227630501538872,0.1564031140856251,0.5799495114021611,0.0124370478316193,-0.1275912486975247,0.4370543037321205,exact,9
GO:0006915,exact,direct,programmed cell death by apoptosis,Mistral-Small-3.1-24B-Instruct-2503,-1,0.6531131862189974,0.2357708234603357,0.1098089783168801,0.6106012605905535,-0.2349031034485665,-0.563757836073654,-0.5233962239165423,-0.4095300810364707,-1.0709306688938165,-0.7122822065353257,-0.0770096805676006,-1.100948354903159,-0.165774753454691,-0.3669549344000715,-0.3920157721836511,-0.3019973182124797,0.0107569581315347,-0.397915246563147,-0.3400996733488751,-0.1659298008767983,0.8705135417501612,0.3726566077795807,0.2599505051329945,0.8557506219189274,-0.0324649618409281,-0.4466496975396428,-0.4230406511009363,-0.2010011085334814,-0.6881636771794007,-0.7821653285881401,-0.6972165969243752,-0.7736428104810218,0.5471663013733692,0.013237507994914,0.014905495135292,0.441029931984305,0.3953642794260886,-0.1804512249745353,-0.2466506152600878,0.2096796203628535,exact,9
GO:0006915,related,direct,apoptosis activator activity,Mistral-Small-3.1-24B-Instruct-2503,-1,0.1600826312896066,-0.3436799216801144,-0.3349851787530729,-0.0125578790296124,-0.0525173665679169,-0.4562247555427429,-0.435668327532097,-0.2304090110838694,0.5276084181114823,0.0939545568294729,-0.0196567548812257,0.4442849931571312,0.1799406505795296,-0.1881163698900683,-0.2210538589738127,0.0325162273027106,0.1657953454466861,-0.2779650793725624,-0.2855165908065405,-0.0044417438337409,-0.9954092006109972,-0.7786229497618795,-0.6691035416467186,-1.023156428710108,-0.7652334213144749,-0.7494928074310875,-0.666920372345476,-0.8499766127747918,0.1855743271052015,-0.4725570922015996,-0.4684816453215551,0.0370057885863341,-0.8377535018505543,-0.8225970043968445,-0.7601057642682965,-0.9223136882479986,0.0535754761523562,-0.3883743002572721,-0.3828268375260976,-0.1546341362525077,related,9
GO:0006915,related,direct,caspase-dependent programmed cell death,Mistral-Small-3.1-24B-Instruct-2503,-1,0.1987892515216391,-0.3142045466937002,-0.3266447878107803,0.0307042194617274,-0.8116028197348242,-0.856180231913736,-0.728379988390517,-0.919884531596846,-0.6791578619403118,-0.5477428001901891,-0.0758928277680068,-0.770633136114584,-1.2037994459280663,-0.8238630778189531,-0.723053413703468,-1.1693932231347697,-0.4098917387672115,-0.6560911161860459,-0.4952420583628118,-0.5646215549352708,-0.5546908510320424,-0.6698331658561636,-0.5946241314233397,-0.6724522171972048,-1.3413486862037396,-0.8677440696082646,-0.7558669012962584,-1.2970020645872349,-0.7919321250353624,-0.7684827337625221,-0.6910403663818078,-0.8598509451351574,-0.2106694944495722,-0.5324053622355873,-0.4758141285567535,-0.3775861970271999,0.0622651182039253,-0.4193215849522282,-0.3988383165536925,-0.1460510197685716,related,8
GO:0006915,related,direct,commitment to apoptosis,Mistral-Small-3.1-24B-Instruct-2503,-1,0.3453241880227178,-0.1672394489773592,-0.2070739334531614,0.2017204832221636,-0.1424122222809473,-0.501138828082346,-0.4695839565852964,-0.3199958422404857,-0.1146050193529566,-0.396010464839908,-0.0492325967613065,-0.2506661747138115,0.2872819418255888,-0.0543324288713807,-0.1502217168945198,0.1435073014633252,0.0506337268151747,-0.3633890818806042,-0.314836177705053,-0.1252657987414424,-0.1367463057062828,-0.5185299263758322,-0.4708666910183555,-0.306990200049718,-0.3062295758445846,-0.5448703681973468,-0.4962049682382486,-0.4573456184849829,-0.6428440667143281,-0.7351692675106433,-0.652234573097235,-0.7354647797767647,-0.3051434002626385,-0.6060365705570457,-0.5729185687820939,-0.4652332157242478,-0.0047369757288565,-0.4817114286838133,-0.4169050458432267,-0.2114789350414581,related,8
GO:0006915,related,direct,induction of apoptosis,Mistral-Small-3.1-24B-Instruct-2503,-1,0.6284429562634815,0.2074316736613587,0.0794962354959795,0.5745845769779178,-0.226472039027247,-0.5475385838202012,-0.5045609712287464,-0.401472959052997,0.1427564185084536,-0.1852157548255403,-0.041143459827545,0.010644788339641,0.1350546038896521,-0.1371520605205283,-0.152502639783627,-0.012785699717878,0.0470012976314097,-0.372481828015326,-0.3406170483306354,-0.1289938272589057,0.3524354508061494,-0.2728714923273302,-0.2797168367293801,0.1848815127183258,0.4758364440523844,-0.0741442278766199,-0.1320347480585608,0.3438625541310744,-0.5407070583654349,-0.6989638904911574,-0.6263950517048471,-0.6481713061230839,0.4128050970392907,-0.1794064097706172,-0.1956732168397483,0.2758930360620103,0.341741860597531,-0.2422910496673503,-0.2895444468098082,0.148338911934766,related,8
GO:0006915,related,direct,induction of apoptosis by p53,Mistral-Small-3.1-24B-Instruct-2503,-1,0.3267325236319938,-0.1765306442454457,-0.2334841746483452,0.179333194667886,-0.3740812853506568,-0.6413335553375897,-0.5756091531290048,-0.5397274582970015,-1.281069902255527,-0.7740047410201691,-0.0889773497340625,-1.2704747857915388,-0.5311103715307549,-0.5076694784009687,-0.4673627945451939,-0.6262451228379341,-0.1951959422281557,-0.5347946291913992,-0.4644822543583651,-0.3674970657244009,-1.489489665815135,-0.8836478399607669,-0.75989336583566,-1.3869569079573552,-0.4359937109467536,-0.6288968497865347,-0.5709950822958181,-0.5724863709528445,-0.9712140329272964,-0.8103581004576669,-0.7367623254418529,-1.0051253637309496,-0.483155732544805,-0.6688519613269301,-0.6750182663273369,-0.6244685296558156,-0.7109401603662948,-0.7589905134306215,-0.5759667262533861,-0.8213399308372642,related,9
GO:0006915,related,direct,signaling (initiator) caspase activity,Mistral-Small-3.1-24B-Instruct-2503,-1,-0.0375649558607694,-0.4849137614968209,-0.4516747753689885,-0.2230474033744558,-0.7577781962503901,-0.816009557358739,-0.6866225629370691,-0.8751757619451129,-1.0435614793516683,-0.8075466600220714,-0.085443546604533,-1.078508597089947,-1.458454318705486,-0.8737411061255979,-0.7778392566462966,-1.3616691745849487,0.1266921696528663,-0.3112893572710681,-0.3093044231644199,-0.0460573033817398,-1.2319022445241896,-0.8301252232328445,-0.7052251335018848,-1.200548252223996,-2.4421802087739435,-1.0513758224551568,-0.901143773112798,-2.063680335154037,-0.6413748914122769,-0.7333634878052646,-0.6811155572521328,-0.7342215523879114,-1.3505236113986527,-0.9666761754393994,-0.6813450815076328,-1.3176862468676136,-0.3254203722596419,-0.5791048675132087,-0.4812663446038153,-0.5040172735209606,related,9
GO:0009056,exact,direct,breakdown of chemical,Mistral-Small-3.1-24B-Instruct-2503,-1,-0.2439184560847271,-0.6066329321615437,-0.5552975152400902,-0.4272821792316097,-1.0301869205222058,-0.9273123630373724,-0.7951720251447361,-1.0964254218847895,-0.9921836346489746,-0.7526610901661939,-0.0848416204877679,-1.036145173258075,-0.8433141043230308,-0.6880896918176905,-0.6371964361162916,-0.8856014145137747,-0.2535633096776951,-0.5852843689824434,-0.5127847650099695,-0.4222945311346575,-0.5146686938556567,-0.6543350967260246,-0.5780544463365332,-0.6390396856769812,0.0545326517591579,-0.444290913858728,-0.4105438486628036,-0.1150213617368347,-0.817670551434772,-0.7348865273941049,-0.6694491468277557,-0.8809841683024993,0.2092065883042325,-0.5123109768049251,-0.5454090591967451,0.0451480109089361,0.1922495726026411,-0.2314140501934825,-0.2890715973783758,-0.0138600687450564,related,8
GO:0009056,exact,direct,breakdown of molecule,Mistral-Small-3.1-24B-Instruct-2503,-1,-0.6262354097063108,-0.8150634289343743,-0.6905203610901353,-0.7739526397319039,-1.100499373037998,-0.9500813852066234,-0.7881935727594304,-1.1516307749851544,-0.3665346452283458,-0.5972342642593889,-0.0899778591743837,-0.4903879724195403,-0.9848395445586856,-0.7737856411974788,-0.6954607226551948,-0.9988129887155782,-0.2005484271110741,-0.5470297623949458,-0.4896097835693442,-0.3725621214405807,-0.319702673999766,-0.593613586015668,-0.5406210109949149,-0.4717586267019981,-0.3277753174927514,-0.6236101219008969,-0.5660372799868176,-0.4767199406955924,-0.5766554222431717,-0.6705759213604694,-0.63183279413501,-0.6790986291651971,0.367907937810786,-0.3990657539415371,-0.4800303554831265,0.2231736320036961,0.0157394123881485,-0.3398308632150912,-0.3402259488971557,-0.1916641822372483,related,8
GO:0009056,exact,direct,breakdown of substance,Mistral-Small-3.1-24B-Instruct-2503,-1,-0.4348763534416195,-0.7053952098417711,-0.6348138894223081,-0.604942962422729,-1.218007770222678,-0.9792477012029868,-0.8155562346768607,-1.2423204679036408,0.606662180013463,-0.012260936192238,-0.0187427886519177,0.5419358357582852,-1.325506450910025,-0.9115298473012616,-0.8040002325999369,-1.2620490869923982,-0.0826900377351614,-0.4758039993842158,-0.4292551356729999,-0.259062434191927,0.1511122525875111,-0.3788637547740482,-0.3804026065460636,-0.0284093070800625,-0.0504230763528191,-0.500706891235431,-0.4571602112262259,-0.2184521725031592,-0.532370490458885,-0.6544933457361168,-0.601095201901534,-0.6409666880287201,0.4264871352928152,-0.3194770928920121,-0.3965505405510837,0.2921882549054302,-0.070670408813135,-0.3935040220032679,-0.3703876444965543,-0.2742614251886028,exact,9
GO:0009056,exact,direct,catabolism,Mistral-Small-3.1-24B-Instruct-2503,-1,0.9657731017602308,1.142265330232448,0.9375537057897094,1.151493408846586,0.5449513299106765,0.1306274516938977,0.039045264467434,0.4543668798961391,1.0569337624601778,0.6279173896828897,0.0326630419935744,1.1911354117828976,0.4167834635513293,0.0718383563467971,-0.0237687675274085,0.2829851607443091,-0.418533073868863,-0.6886062448688258,-0.564229777162444,-0.5723122612115308,1.0300670813221562,0.8204823878118984,0.6368137528237108,1.131495793586943,0.9549133059498224,0.6336643984489845,0.4391387168327981,1.017549162341153,1.0049215653671555,0.4493582589259763,0.3229473986206558,1.0715690607322172,0.9735191732267576,0.3953298420991917,0.3234433637681421,1.0760876284827705,0.7359002055679202,0.3243419905398763,0.0812242795461265,0.6555124951640453,exact,9
GO:0009056,exact,direct,cellular breakdown,Mistral-Small-3.1-24B-Instruct-2503,-1,-0.0291406187969945,-0.5060281418534088,-0.4470862003906496,-0.2143978603358504,-0.841838789552315,-0.8741632155788106,-0.7457311885416958,-0.944775600257272,-0.4678779249703708,-0.6263641062429176,-0.0887824831635278,-0.5831202473244426,-0.8601981284549745,-0.7862127948649148,-0.696181030990827,-0.8992393169140659,-0.1960322004637994,-0.5443414327344689,-0.4943487207105521,-0.3682889579188821,-0.6734794977646673,-0.7099699184144813,-0.6209927231977959,-0.7699514361903096,-0.0667457808813482,-0.5043206575658656,-0.4611029601939302,-0.2342298281558138,0.0994838801391918,-0.4864909043771406,-0.4651099004570054,-0.0515904116503943,0.2889447265996698,-0.4290447061264003,-0.5139631983357315,0.133067459812459,0.1320252962676834,-0.2582221054669329,-0.3006086818394834,-0.0760250296093943,related,8
GO:0009056,exact,direct,cellular catabolism,Mistral-Small-3.1-24B-Instruct-2503,-1,0.8650092147150038,0.7714653535429405,0.5775026991660643,0.9553461289929996,0.330082271233601,-0.129704436742563,-0.168513077799044,0.1861682934276391,-0.4465409177343652,-0.6654517160496198,-0.0950948043205824,-0.5637561650726485,0.1215907147580932,-0.2560223676214854,-0.3268212968814278,-0.0262544059277546,0.368617139389199,-0.0853742265610762,-0.1412256002229556,0.2225058782187285,-0.1212287208333952,-0.5214994654102809,-0.4840112659662585,-0.292619852946227,0.1581094328345531,-0.3695275145938637,-0.3451469214461407,-0.0092784054549259,0.4391233886391523,-0.2449004280486326,-0.2592891308984764,0.3141145990216447,0.5912942525366253,-0.1701693549099609,-0.2603500485943333,0.4979953902201061,0.5832328957474185,0.1323631118020815,-0.0571245056155843,0.4413674014766212,exact,9
GO:0009056,exact,direct,cellular degradation,Mistral-Small-3.1-24B-Instruct-2503,-1,-0.0709466608851224,-0.5251272471204927,-0.4810971077584998,-0.2570652115208157,-0.942958756825645,-0.9179309725330488,-0.7670254288290366,-1.0269000785690072,-0.8345583313649568,-0.7779639139163039,-0.106145958073634,-0.9041169540846948,-0.821181723104519,-0.749057891555201,-0.6956870351757973,-0.8676680577336573,0.1386158723512691,-0.3038458692606113,-0.3020311882133023,-0.0334339703107151,-0.1930029226786105,-0.5541185456755396,-0.5198645549795153,-0.3585462792073445,-0.1890655590959024,-0.5617977356085992,-0.497020436832056,-0.3500540707516564,0.3070588981643418,-0.3663455777305054,-0.3388303831078746,0.1665056199984048,0.4109907382385464,-0.3520852218657437,-0.4350666561778131,0.2737403739388088,0.2212411907157861,-0.2068241994074253,-0.2644004133712623,0.0166761562384163,related,8
GO:0009056,exact,direct,degradation,Mistral-Small-3.1-24B-Instruct-2503,-1,-1.855764518879212,-1.2303754993949405,-0.9485990348122698,-1.7149912489379169,-2.472388166611637,-1.2822606451727876,-1.0016468125313942,-2.1162904013656254,-0.1903813750715056,-0.6361767911620392,-0.0965198556401584,-0.3242674522841336,-0.9791918782127024,-0.750972979675794,-0.6938972069652477,-0.994341940990367,-0.7420850587251968,-0.8459827423452477,-0.6550642145490921,-0.8485819374769272,0.6531855879549575,0.032222190737206,-0.0445340069474376,0.5453987444540125,0.4982347517128199,-0.1899584647365783,-0.2340095576084425,0.3707860562046978,-0.4018255162894896,-0.6606407820854726,-0.5730398085811813,-0.5264783394942624,0.7179433596514643,-0.0459465237560905,-0.1742579067218,0.6705459994367363,0.302544557181777,-0.1729774627600376,-0.2347673747809727,0.1046208862454372,exact,9
GO:0009057,exact,direct,biopolymer catabolic process,Mistral-Small-3.1-24B-Instruct-2503,-1,0.5800042348332382,0.1658102266912384,0.0558540623357095,0.505794323580839,0.6446486472788895,0.2803512158420667,0.1313235157546733,0.5908369916386039,-2.014911203727181,-0.8602502607323627,-0.1120213343993389,-1.831154906589151,0.4864594481616102,-0.0317181029634033,-0.0955693740483002,0.360894519731354,0.8610716791056193,0.7085336520373499,0.4624894270395357,0.8880735836785277,0.2231732044019482,-0.342885456695059,-0.3473512751133689,0.0459018510945537,-0.3025000582385482,-0.5894091790419843,-0.5346429667038641,-0.4539811527963403,0.8832028842049939,0.3075164101052367,0.1911868114634242,0.8847295751331394,0.4403707689686446,-0.1185136953173048,-0.1342950826166407,0.3088373087063306,0.3885859458162661,-0.0658672694157273,-0.1613541992186036,0.2018226679935441,exact,9
GO:0009057,exact,direct,macromolecule breakdown,Mistral-Small-3.1-24B-Instruct-2503,-1,0.4365958349151251,-0.0491705973301366,-0.1155886857614822,0.3149325930675067,0.4387682199619294,0.0143096526197477,-0.1091489588474759,0.3179367637028724,0.0914270652546927,-0.2341525403949339,-0.0449924272407981,-0.0430100696116812,0.8062942880622765,0.3879048187765327,0.2715072076964104,0.751708411013027,0.7731846120252571,0.498678335814719,0.2698543369420765,0.7524620469090612,0.9459843081853444,0.5565639250489366,0.4306699030477871,0.9793331287878952,1.128845742539813,1.209730740133157,0.9677265997548664,1.3549998985046834,0.8753081441337915,0.2740834052074963,0.175643645250926,0.8732087630626821,0.9580399332297064,0.7920688547806207,0.7176793775549579,1.0485271896582544,0.9726774711132304,0.9564839295972808,0.5828375117658326,1.0698912817996449,exact,9
GO:0009057,exact,direct,macromolecule catabolism,Mistral-Small-3.1-24B-Instruct-2503,-1,1.0779397743285224,1.83782473305786,1.650042015060691,1.4141556495542376,0.93757164149802,1.030562462297077,0.8097763306942231,1.0611210520356809,0.7501025799263057,0.3827982981847921,0.004558917251634,0.729142849654991,1.1259579369163424,1.0705404339800884,0.931620128259716,1.2273481326577846,0.9362009461259292,0.8872816178053738,0.6001080138744382,1.0127159559454308,1.2026175442338791,1.858158400332624,1.6868166965898963,1.5285414664083758,1.2742855127006545,2.7108544543424884,2.582504876375346,1.750287436011848,1.0742860917786747,0.6828972211203247,0.5073974153299714,1.187282084041575,1.1974523691514027,1.9895744231152064,1.829847724015228,1.5538782173121564,1.0734721587914495,1.5246906365112198,1.091668988061046,1.309141786606624,exact,9
GO:0009057,exact,direct,macromolecule degradation,Mistral-Small-3.1-24B-Instruct-2503,-1,0.5297112832347117,0.086918639799223,-0.0018438150141072,0.4368311031609752,0.1949895484749723,-0.2425873191607511,-0.2652504566357637,0.0316040149297455,0.0977725177150524,-0.2562116664652195,-0.05383314670923,-0.0364218155440304,0.8976947441245284,0.5412786127824813,0.4053870572990359,0.8764790176221068,0.8055350565881039,0.5611719427673649,0.2918163081167209,0.8012427266218266,1.0067802456253532,0.7284553754093382,0.5253998624887299,1.0875266762642128,1.0850064801585917,1.0543872333592872,0.8816606836380821,1.2611154072448796,0.8025096770462206,0.1454587209076622,0.0750658345127771,0.7698970565932608,1.0684856295574412,1.201955013113045,1.025111990644088,1.2575429814096049,0.9043796710526876,0.7323563585333629,0.4147169094658633,0.9353478884778792,exact,9
GO:0009057,related,direct,cellular macromolecule catabolic process,Mistral-Small-3.1-24B-Instruct-2503,-1,1.1581340124203088,2.6840677293676736,2.6941136275454767,1.6565905095352886,1.2004124239134224,2.685586402640045,2.69629076884601,1.6776620141091851,0.9267149794369308,0.666786241933173,0.0478820566655523,0.9823276019745,1.3426530380759127,1.899685475956244,1.807619272281432,1.64948785704297,1.2390539189945862,2.3590502234141963,2.1623780088130653,1.660336367554513,0.7688975672459321,0.1843247794239302,0.088929444993147,0.7036188257030032,1.0708679918556596,0.9888245544263724,0.8067524856028203,1.232349251219152,1.2247260259764468,1.262688309530781,1.0870923799276813,1.4712898390129336,1.0862124440499772,1.3128752644465478,1.1904367230654636,1.294225133825703,1.1091002072148812,1.848950065974916,1.4771317232453804,1.4135351398703797,related,8
GO:0009057,related,direct,cellular macromolecule catabolism,Mistral-Small-3.1-24B-Instruct-2503,-1,1.0277093951766196,1.488128298329846,1.2691343257588947,1.2888823217530463,0.8056938590271561,0.6406089852116685,0.4684470223307748,0.8335504561012967,0.3279479559525055,-0.031451681218067,-0.0320399216515634,0.2117223224715423,1.043341465465305,0.8134231437772157,0.653313997400923,1.0925445377344407,0.9949162142884882,1.0718411475965868,0.7228681091394162,1.117042356312328,0.691278457871579,0.0745389444969001,-0.0187485353303039,0.5959810130756313,0.9303279279451452,0.5375468101296357,0.3917541475233704,0.9759008090792828,1.1542036564875626,0.9712148502467178,0.8450307672044888,1.33147215565119,0.9190698223924432,0.6909149477302194,0.5167061655387374,0.9812154378018216,0.9936316863406722,1.0817650509841814,0.6793482132151166,1.1148265791676186,related,8
GO:0009057,related,direct,cellular macromolecule degradation,Mistral-Small-3.1-24B-Instruct-2503,-1,0.6623016023809887,0.3026457129348639,0.1602366727981939,0.6241963435999341,0.187047714097443,-0.2549839598946186,-0.2777262137293732,0.0227982934689042,0.4829543361413785,0.0898049309074589,-0.0154078237501312,0.3906272223474909,0.7391194128337882,0.2352544119268483,0.141914944325764,0.6642798346367452,0.8420300574712726,0.6528042365929169,0.3632886100532316,0.8578366057428655,0.6336774627278997,-0.0009188081503869,-0.0835359657627543,0.5200080693551242,0.8011929221384954,0.2642763319946293,0.1427237197277397,0.7733992951383422,0.8971571170888484,0.322587274549076,0.2192039414348498,0.9052557803381744,0.8706683342272762,0.5761733105715828,0.395157879140775,0.9013080667990462,0.92301389633572,0.8096243130905699,0.4734679709409264,0.9704775601527053,related,8
GO:0030217,exact,direct,T lymphocyte differentiation,Mistral-Small-3.1-24B-Instruct-2503,-1,0.4078563101808459,-0.1382763155810178,-0.1599357004920783,0.2786637472916202,-0.080293208165205,-0.5154677088121419,-0.4704109174412821,-0.2583745781596246,-0.0252499033748935,-0.324909929559908,-0.045026529672011,-0.1620354748011008,0.1620941887454061,-0.3324738255022833,-0.3418248508320882,0.0144296505182589,0.8255641976376681,0.5975566248320876,0.3413463236165344,0.832088236116855,1.1631688869959371,1.5501400597964292,1.3506281837378924,1.4223258657428697,1.0055828819788324,0.7585244594187357,0.6006364027199098,1.1073037787197926,1.0334429206321276,0.5506345562801,0.425678237307741,1.118218309932035,1.07640718585021,1.348240169507751,1.254779432228401,1.2738083815906165,1.1173641393678433,1.7832898522728002,1.3950060931538195,1.4401392942285856,exact,9
GO:0030217,exact,direct,T-cell differentiation,Mistral-Small-3.1-24B-Instruct-2503,-1,1.11022646153696,2.0021992908481976,1.9398717208735776,1.5038395920883223,0.9638751336301868,1.0823724314700445,0.8628689922540999,1.1107912206595782,0.695989586592136,0.3222387648367223,-0.0023440377052482,0.656852689943165,1.3049525103157142,1.7964932940328129,1.7242998572582278,1.566078907092269,1.281417853645218,2.755982619302187,2.7231224398575136,1.7881564244489887,1.312153750646614,4.6709583332561335,5.498368138722025,1.9631585958099047,1.30383094117843,3.351618405778812,3.502175212498892,1.8621392537857568,0.1248293534638012,-0.3852938113795575,-0.363454432337501,-0.0257620407426646,1.2656009152964591,3.040701858500706,2.950889883906473,1.752491521526701,1.1896130432994587,3.017222148695889,3.118337016159148,1.753303757381321,exact,9
GO:0030217,exact,direct,T-lymphocyte differentiation,Mistral-Small-3.1-24B-Instruct-2503,-1,0.1928365260995016,-0.3520273509897644,-0.3285579901472456,0.0240027640191419,-0.2435143287749009,-0.6145608582103911,-0.5465514607234723,-0.417738468225147,-0.0145121262584151,-0.2428981640879799,-0.0445030309146319,-0.1512427794121658,0.0447271634783412,-0.4649194048655813,-0.4495016531128414,-0.1021357414032045,0.653117809427567,0.2785842102884595,0.0909486076851812,0.5812721050162947,1.1713154003788289,1.6094834418757942,1.393413627200396,1.4432106758910033,1.0503375009825042,0.9180691839554156,0.8122953348776496,1.191721397701951,-0.1298369850962603,-0.5001637547605854,-0.4606047389495911,-0.2766282926133705,1.0388639702715308,1.21149783866258,0.9928580067225092,1.1984064042249505,1.1101616438954085,1.6541784173936247,1.279295116995112,1.4168933306657492,exact,9
GO:0030217,related,direct,T cell development,Mistral-Small-3.1-24B-Instruct-2503,-1,1.0050025495462749,1.2579731433420207,1.0218288327905545,1.23664513118568,0.8960841572289773,0.847968695224818,0.671483425339525,0.9859757914250122,0.8633251100985783,0.5547734851625813,0.080000326015365,0.8880574333776418,-0.1376945072367076,-0.4206283356013726,-0.4321388199611098,-0.2759541559475361,1.1101188895258838,1.5109322940813292,1.154612683802276,1.3453363205579236,0.783759506300599,0.2402912669021937,0.1330513781899287,0.725007744666169,0.1570256832120709,-0.369785440604729,-0.357747673511222,-0.0104053429630308,1.075934148704329,0.6731041404810195,0.5398427416936993,1.1901289317013048,0.9782516615092348,0.962883978557042,0.7716607628470041,1.0846137958869375,0.7328072296500399,0.2471209691740575,0.0203685030825471,0.650870208417199,exact,9
GO:0042101,exact,direct,T lymphocyte receptor complex,Mistral-Small-3.1-24B-Instruct-2503,-1,0.4425367410973448,-0.0061797887252032,-0.0747263650273109,0.3225052837328781,0.137009575840821,-0.3446944564169765,-0.357527631703167,-0.0320265209899546,0.839510420733764,0.4935889381567662,0.0607555838525828,0.853686713662625,0.1743032229325058,-0.5887830746948437,-0.5464153245591904,0.0267921323899229,0.974007597523402,1.0260725775016024,0.7203743159220848,1.0791098579945853,1.155136845417735,1.5047658490673208,1.342988671892322,1.4021963401649813,0.9078937399360344,0.463955848811329,0.367314071183206,0.9388601673502616,0.9848804698047428,0.4194529945919921,0.3010305075003456,1.039501457843127,1.1326737549948052,1.5691514028936129,1.5462411838174055,1.3957278533860653,1.1330230394686105,2.02101692760506,1.6787665881401683,1.493803261040718,exact,9
GO:0042101,exact,direct,T-cell receptor complex,Mistral-Small-3.1-24B-Instruct-2503,-1,1.1383263568168636,2.4508219840830003,2.430977048938148,1.589928817969589,0.8459473964079721,0.7116210992268832,0.5379819231934889,0.8997039997865262,0.8246023790090581,0.4317706456170277,0.0772839563671203,0.8324400754747007,1.3085512082259505,1.378595573479314,1.2376209596202896,1.5738044567976357,1.2967081980261348,2.990509620908562,3.09884996396794,1.8391351009898924,1.312409315605921,4.704624987550234,5.5882960292128425,1.964807346423466,1.3152710641685,3.636896115809528,3.9104935369805145,1.911697577250595,-0.0309403733716518,-0.4957875613583046,-0.4468331071539612,-0.1813888978865885,1.32150933087164,4.228637296331618,4.471661570176244,1.962179340420499,1.183011701805057,2.867671075605897,2.917084211279575,1.7135862974518954,exact,9
GO:0042101,exact,direct,T-lymphocyte receptor complex,Mistral-Small-3.1-24B-Instruct-2503,-1,0.2611621615655801,-0.221065943653606,-0.2429631181398248,0.1020271696727777,0.1048314404050452,-0.3746026133666816,-0.3756594730643937,-0.0667072122962451,0.4440680426249022,0.0351054365676314,0.0033159568117338,0.3447141564871504,0.0682298921655738,-0.6797348259089719,-0.6320698384170264,-0.079111465299221,0.975228491329962,1.02960420472913,0.6977468315352237,1.081299992235372,1.128190715020863,1.3231709247638224,1.1530986769571263,1.337647291590785,1.0228947424833366,0.7856074940557255,0.6966611366079712,1.1393311601370162,-0.2822495046297206,-0.5943171767485181,-0.54375132553622,-0.4186549913508402,1.0588898304312038,1.2298805001938418,1.0980730221490749,1.2381024283034074,1.099804767077294,1.5607015375979687,1.1199573066668458,1.3848090413605705,exact,9
GO:0042101,exact,direct,TCR complex,Mistral-Small-3.1-24B-Instruct-2503,-1,0.8020926196348432,0.6537377150912652,0.4924065902192391,0.8451791744460276,-1.2854337654801076,-1.0248054538914566,-0.8493483348005417,-1.2935168483714938,-1.9535954983890165,-0.9653940086024828,-0.1170905050760572,-1.7858540610037774,-0.9289530397068714,-1.0102910973926542,-0.8723886709220653,-0.9544020953704864,0.3564082013235999,-0.0964652130176537,-0.1076616610863758,0.2082636414390037,0.7645563856827134,0.2253791662796977,0.1158015266921822,0.6974214136527207,0.6010927026210081,-0.06424701298953,-0.0993048005956697,0.498781100987935,-0.3676200263728688,-0.6943028962753115,-0.6392488568167911,-0.4959365242714562,1.0258975242794504,0.8943076838942894,0.8401589633701977,1.1732967227141673,0.3692365279035736,-0.1965107028536891,-0.2325564797924624,0.17956088459678,exact,9
GO:0042101,related,direct,TCR,Mistral-Small-3.1-24B-Instruct-2503,-1,-0.0264263651123385,-0.4761628480240186,-0.421966036846233,-0.2116053973729569,-2.077215316684708,-1.2196354345295466,-0.9809163632239414,-1.8565142950602187,-0.2849843434118604,-0.506360956220018,-0.0679283396425913,-0.4143032931155677,-2.239264668435581,-1.3410906968948455,-1.1060470071855797,-1.919316081005631,-1.5924710885410804,-1.117136156717953,-0.802233592243757,-1.4912145476676215,-0.1110570833309996,-0.4951573368960561,-0.4634039408637901,-0.28316413344216,-0.674113644929101,-0.7712248258003742,-0.6661759604974156,-0.7750682569559171,-2.011908707989019,-1.0853522133545,-0.9486526843027066,-1.77837785533325,0.3227298317703457,-0.3028089393037746,-0.3103011384341451,0.1712299060941055,-0.3137430207378479,-0.5988047901216794,-0.4828838356695967,-0.4938820293653911,related,9
GO:0045787,exact,direct,positive regulation of cell cycle progression,Mistral-Small-3.1-24B-Instruct-2503,-1,1.0887891413236703,1.925492580949219,1.7863360090156195,1.4433559232059625,1.045366104368775,1.4650120949719714,1.294875417139571,1.2769494970462645,0.8904402968129826,0.6048373200137642,0.05214438661137,0.9278677134073609,1.2262529555385695,1.499348906797298,1.3592647536301394,1.40741921942383,1.2383127392146744,2.346370059568956,2.0244263099529443,1.658244457205079,0.6139898335413291,-0.0093050754021149,-0.0591913839711161,0.4947167149588964,0.8405414326980393,0.5422722390657371,0.4072154376686229,0.8325382526180993,1.4061110148147302,3.328808146060286,3.3036163865493164,1.9266685212028216,1.266374412626012,2.8237641895205674,3.151740064208867,1.75502339295725,1.0892321972438856,1.600281396333953,1.1982019290250217,1.3534958582708407,exact,9
GO:0045787,exact,direct,positive regulation of progression through cell cycle,Mistral-Small-3.1-24B-Instruct-2503,-1,0.8781640287435326,0.8417825885000618,0.6290703610096606,0.9794383842967108,0.9033076776533224,0.8915995040573673,0.6829196189727124,0.9987986719346033,-0.0343420500498084,-0.2847776366086789,-0.0426734667297821,-0.1711496646386612,1.056922485312959,1.0054405916932918,0.9101385138762604,1.1140062868814549,1.165716016515229,1.8272406398793912,1.417797275555499,1.4709545021562955,0.7835309429962193,0.2256492073363782,0.0838429481030734,0.724676749156537,0.7185270451784586,0.3353168710261096,0.2828879689252958,0.6551687216720484,1.225495314707461,1.8059425835198253,1.6323237333638705,1.4728945231832709,1.1241945943424694,1.4887703124180391,1.375918241687505,1.3765660872681504,1.0093535399052334,1.0823785328980176,0.6821933511971352,1.1499338692038323,exact,9
GO:0045787,exact,direct,up regulation of progression through cell cycle,Mistral-Small-3.1-24B-Instruct-2503,-1,0.8053144053865584,0.6165489517854565,0.4434904779805844,0.8506340651071749,0.5317048440583354,0.11222642641861,0.0256625287236312,0.4368809062128602,-0.1674649320702576,-0.3428898877637649,-0.0532429163736065,-0.3021530824317672,0.691594239100146,0.2991481467801252,0.2001223493056181,0.6043424733453806,0.96664766070014,0.9903469383241412,0.6229927466402829,1.0659701556019374,0.7030671522295862,0.1041224879304201,-0.0162849387183186,0.6119181952065955,0.5977855945743741,0.1644524271045772,0.1133719516180419,0.4945457573886803,0.0144740541288825,-0.3227251286390791,-0.3132466964085453,-0.1367608497027293,1.002413802213079,0.944324919586863,0.8252532429000968,1.1289161987158818,0.6815940708415995,0.2078608879001228,0.0152815305510131,0.5760010988356897,exact,9
GO:0045787,exact,direct,up-regulation of progression through cell cycle,Mistral-Small-3.1-24B-Instruct-2503,-1,0.6979018482628565,0.3732278293220578,0.2239919863970345,0.6778518100000875,0.6112388946217623,0.2301532122984008,0.103521799774334,0.5440950258869988,-0.3270887757852949,-0.4113906738761096,-0.0564481520202509,-0.4537554667152979,0.5248533406153366,0.098273959402547,-0.0136986526223021,0.4047771657023614,0.9691737223990224,0.9970165238053512,0.6425887105386705,1.0704678140733506,0.6657892759257529,0.0522776999876177,-0.0528640748809859,0.5619843826528147,0.5693838522106173,0.144655130889923,0.1059575847869966,0.4585154517171088,0.9081681118925456,0.819880222212048,0.7018142067046907,0.9216031406307112,0.9851788233607764,0.8842878044414005,0.7860678298281161,1.0971812596298005,0.5976585271722206,0.0680044289668656,-0.0763992795237274,0.4604460696974947,exact,9
GO:0045787,exact,direct,upregulation of progression through cell cycle,Mistral-Small-3.1-24B-Instruct-2503,-1,0.5152507908199677,0.0698328717658842,-0.0212309975426778,0.4174296615820962,0.3067568699235545,-0.1435853123486987,-0.1953172203116821,0.1587991054365219,-0.2164801656221661,-0.41482431359591,-0.0653141502082277,-0.3493052239218356,0.3027268144318048,-0.1059724213069263,-0.174059302629176,0.1598059798939221,0.9009959870171256,0.8078726867758825,0.4949624508311435,0.9531884203299796,0.6679391400849185,0.0581038138249366,-0.0476514264817914,0.5648280480813985,0.5947047773631342,0.1843428983432313,0.1375653727725584,0.4906078442927483,0.0250153624837203,-0.3522107333824332,-0.339560495013871,-0.1263174533544394,0.8739524809296478,0.5603968461144448,0.4703749829060266,0.9066114710428697,0.5832256715794422,0.0706117839492779,-0.0733524666378511,0.4413578999032243,exact,9
GO:0050769,exact,direct,up regulation of neurogenesis,Mistral-Small-3.1-24B-Instruct-2503,-1,1.0186071899410878,1.4738426666141555,1.2331779282188708,1.2676555088685442,0.9393181150987888,1.021114986022697,0.8333723201890051,1.0643675642824335,0.8319115028037664,0.5351658958259043,0.0260815322500861,0.8428315331953099,1.2994752159204148,2.256671642378323,2.211441477929187,1.5544089980889224,1.0256740947178222,1.177430451627909,0.8476172202515787,1.1745859612801093,1.2907505656096994,3.500641158813029,3.698017780903716,1.8453446992937192,1.264534620216959,2.5739687932831066,2.488447878691284,1.7171207571504576,1.224809113069377,1.839047913834231,1.7157803731694694,1.4714630614096065,1.236494682604456,2.3840554702556527,2.1691826777100194,1.662338973440095,0.9369730529140484,0.6816127394604551,0.3497528382544976,0.9975200093143992,exact,9
GO:0050769,exact,direct,up-regulation of neurogenesis,Mistral-Small-3.1-24B-Instruct-2503,-1,0.925863004804802,1.041605695861149,0.803532075004619,1.0703895429733528,0.8861100767806557,0.8503955741904101,0.652533076681215,0.9684403356386146,0.7975256775715845,0.5346448514100561,0.022271328590324,0.794357794163768,1.1310326456685598,1.53643290081806,1.3635064636642669,1.2359853891361148,0.9589484666598338,0.9583874530782248,0.7224562822086736,1.0523385772783267,1.2666571030100855,2.8047450593603576,2.7395869643367363,1.741098631769963,1.2351950960128302,2.1258970933710395,1.9667857250298124,1.6253282578172623,1.0368196778383394,1.164491862066934,1.173124130793673,1.123824042961179,1.172059209592207,1.7791778198106,1.622883163650628,1.489140111036008,0.810233797972715,0.3108595000446416,0.0895339440792729,0.7718261736621655,exact,9
GO:0050769,exact,direct,upregulation of neurogenesis,Mistral-Small-3.1-24B-Instruct-2503,-1,0.7161570119406262,0.4462031065939456,0.2498256133396139,0.7060048748064659,0.709744975661127,0.4256639687286079,0.3024544096990452,0.6851994118723652,-1.6534072595061795,-0.8657068578311509,-0.1009864026419857,-1.5603171777285254,0.927083496069518,0.9678220457828806,0.8221065465438061,0.9182139919422916,0.8710095386036176,0.7221193571523423,0.4152291861312588,0.9040586347262516,1.266664328805066,2.8105064377939635,2.8085700945269285,1.7411270494983164,1.268127955590524,2.6796657580658434,2.598298817511272,1.7291653445381845,1.062613821464773,1.216977798177934,1.0665425215918245,1.167256896925935,1.1440274376084465,1.471302273751545,1.3621404953627367,1.421881874208582,0.8029265520646229,0.2934554925810452,0.0707817010208862,0.759954906238909,exact,9
GO:0050801,related,direct,electrolyte homeostasis,Mistral-Small-3.1-24B-Instruct-2503,-1,0.4171580519961668,-0.0607670067784907,-0.130737389261251,0.2903372867787386,-0.0328938059225503,-0.4550127490597612,-0.4138595164917262,-0.2104916170622303,-0.7700142885714477,-0.6213429332841791,-0.0967798153524146,-0.8490978748095923,0.0426069336978369,-0.3158794860968458,-0.3171176125266836,-0.1042053036752366,0.0345330546865413,-0.3946824476853221,-0.3766056212328549,-0.1417534712821436,-0.9162772379507498,-0.749315050393665,-0.6427550971434223,-0.9622714407388024,-0.214953638396227,-0.5582156121174706,-0.5112375347960235,-0.3740527828102923,0.945427785595766,0.3208163345668596,0.1993697510985904,0.977955974579147,-0.6125714151359563,-0.768656149286768,-0.7127152970775922,-0.7359149744979046,-0.1598419262293828,-0.5196337308516497,-0.451707853987862,-0.3568641726163566,related,8
GO:0050801,related,direct,negative regulation of crystal formation,Mistral-Small-3.1-24B-Instruct-2503,-1,-0.3783185094372438,-0.6404551702293266,-0.5843923151425018,-0.5533335684406685,-0.770109899576406,-0.8123850529128771,-0.702585155063159,-0.885464847605632,-1.2307199992996565,-0.7160742294982795,-0.0971356780353866,-1.2302831355350228,-1.1290553053329022,-0.8151166450102776,-0.728476332747835,-1.1117495351406217,-0.7864089060883064,-0.8296320269162586,-0.6694218682312492,-0.884815812435434,-3.544543598585519,-1.106412177956858,-0.9145372793694072,-2.720203945302506,-3.3393304083901434,-1.1591210725094956,-0.9772799868564952,-2.6376032179134814,-0.6492363966463072,-0.6843541531161418,-0.6151664563309065,-0.7408699081234023,-1.718691898086013,-1.0421593970197625,-0.96063703985096,-1.5818254213175913,-1.532252205515119,-0.8575971715749705,-0.6311959129996495,-1.4164760601672657,related,9
GO:0050801,related,direct,regulation of ion homeostasis,Mistral-Small-3.1-24B-Instruct-2503,-1,0.4463334981085914,-0.043356271682058,-0.1040756211038412,0.3273587362750518,0.0600319463951047,-0.3776503334155388,-0.3761609936885036,-0.1142796333488496,-2.795105519719051,-1.0190941646913163,-0.1226123293274352,-2.389453416322464,0.4405012049167084,0.0728950217912588,-0.0364265263760841,0.3092650839329551,0.0413592556333072,-0.3752562285297209,-0.3425769329457244,-0.1347747570624407,-0.5727142655431294,-0.6637727913148608,-0.5918992970203262,-0.6874036727203638,-0.7109648016746106,-0.7166086062379414,-0.6430975447948125,-0.8055243525191043,-0.4342851997593613,-0.6152248764212367,-0.560904052772717,-0.5552470763397872,-0.1878713397945146,-0.5948803815988245,-0.5508179104483728,-0.3560790045463327,0.1418620329914995,-0.3652449202085696,-0.365207662411152,-0.0659837718241192,related,8
GO:0051130,exact,direct,positive regulation of cell organisation,Mistral-Small-3.1-24B-Instruct-2503,-1,0.8796289192439348,0.8587879311858766,0.6845273257744705,0.98214613021699,0.5074374807750862,0.0822645540928893,-0.0134516428548217,0.4052060708900453,0.8490894061618544,0.538193931936216,0.0568357829357501,0.867446880847065,0.8119505549153856,0.628394159980977,0.5320053288587336,0.7592260201095812,0.7427962410488818,0.4633927567314218,0.2536611520390479,0.7077355457432231,0.6122145698061469,-0.0126671213848301,-0.069739964762309,0.4924521147701831,0.8042810785119642,0.5500324853843487,0.4039912325315107,0.7779688376764244,1.1671222331954203,1.5570570728418536,1.4103810329268838,1.356093507213278,0.8748996934635274,0.3848662607187399,0.2235077849977307,0.908144142286217,0.8713002058889173,0.6537631856164561,0.3478265718991943,0.8754390127247333,exact,9
GO:0051130,exact,direct,up regulation of cell organization,Mistral-Small-3.1-24B-Instruct-2503,-1,0.6690781983503387,0.3016468875049322,0.1759700144407377,0.6342878998965897,0.2041738718526038,-0.2497950494592335,-0.2876410254719578,0.0418240294006199,0.7365707717046471,0.3411972177830833,0.0061676153211658,0.7108612969394223,0.8389778533323885,0.7068065408422272,0.573025679366659,0.7955037510823761,0.697599400592232,0.3878148636695054,0.2158056236157309,0.6430225901711362,0.6496704288494971,0.0352688118015411,-0.0312702271182817,0.540798717915641,0.7817478118127621,0.5074673805089092,0.3813420168945696,0.744892876446596,1.0985807577515176,1.283377607766019,1.0895432191078949,1.2297544553272255,0.8567053491618162,0.3448647796781715,0.1876612854555862,0.8789409032436486,0.5418012603789749,0.0829915279490825,-0.0878351871737225,0.3877057266617443,related,8
GO:0051130,exact,direct,up-regulation of cell organization,Mistral-Small-3.1-24B-Instruct-2503,-1,0.6783542159376031,0.339320977122244,0.1564308125609853,0.6481928986055047,0.1429137282581823,-0.3137916284875308,-0.3412832577714945,-0.0256151944823607,0.8450484520841144,0.5128461327396443,0.0212463655161069,0.8616315781851754,0.6696445162710691,0.4510048305898078,0.318537638267064,0.5771544953766705,0.7190439141078083,0.4233689306803702,0.2425463419984335,0.6734677805319617,0.6354105126081965,0.0143029393379557,-0.0514806074665196,0.5222502107832154,0.7716450472733097,0.4823819147221236,0.3498739586620768,0.7302587608540916,0.9502487919761498,0.9375731836853508,0.815848252230746,0.9853694558056508,0.7858309755513389,0.2145343791256271,0.1029906356247108,0.7695760120404697,0.3596732775388628,-0.120897263477452,-0.2192621023415119,0.1686474154628214,exact,9
GO:0051130,exact,direct,upregulation of cell organization,Mistral-Small-3.1-24B-Instruct-2503,-1,0.5349256537866892,0.1211312243971101,-0.0200420013760681,0.4438724878856985,-0.085743852097529,-0.4753555160662331,-0.4368318660202809,-0.2638319383020222,-0.4332126966276709,-0.4808532501747903,-0.0684335835628974,-0.5516178534021483,0.5291458127670589,0.2635782776176629,0.1514434492675843,0.4097275800976079,0.535144893729977,0.1377325421442932,0.03641714608539,0.4256266264649919,0.6804161864910576,0.0779717502838142,0.0012260696258979,0.5814173361100513,0.813236487356283,0.6008504679728383,0.436297029553448,0.7912876008881988,0.0588205681114587,-0.3742870253801781,-0.3623430716569381,-0.0926044447034365,0.7351282970868829,0.0420415260757112,-0.0181650248524816,0.6951358766064373,0.4659134398352653,0.0092978665840487,-0.1230065628161755,0.2933672303228988,exact,9
GO:0051130,related,direct,positive regulation of cellular component organization and biogenesis,Mistral-Small-3.1-24B-Instruct-2503,-1,0.8093934336570187,0.6685599643700694,0.4691205531468488,0.8575674415334668,0.7421886931206747,0.4765362149668938,0.345369007447127,0.7340250265644649,1.295952347630803,1.7857353470796855,0.1686783896051605,1.657954938802377,1.1877308745738722,1.6227691144031184,1.554527643058829,1.335762328253021,1.0647686270156664,1.3503654256794482,1.0081642261478454,1.2510827908842757,0.8401222283676387,0.3347182683226047,0.2168560432611206,0.8087238804603671,0.9285636748915408,0.9684177376012244,0.8084475182726625,0.972955576276914,1.336401921341353,2.5975218987720265,2.513932947553737,1.7286962588674444,1.192345999997062,1.7052602161044557,1.5848375434779318,1.5405344775409295,0.7746583827731109,0.4179182570886105,0.1620325162124567,0.7149686915775665,related,8
GO:0051726,exact,direct,cell cycle modulation,Mistral-Small-3.1-24B-Instruct-2503,-1,0.4579358202114448,-0.015027175896434,-0.084404517086574,0.3422579506808988,-0.720169607328542,-0.7924714843954935,-0.6810399925627353,-0.8436242743181842,-0.2463016370103483,-0.3493139774802847,-0.0639302430967926,-0.377726591695753,0.2811272551071381,-0.155622985892456,-0.2176074752517897,0.1370363434115258,0.5147375997314783,0.0973520932449118,0.0293347348674472,0.3997720008310259,0.7900505115935261,0.254692005687446,0.1406039491235449,0.734143773702536,0.0595811799102394,-0.391702999496053,-0.3762011327224323,-0.1099555147386593,-0.1747191664544347,-0.5297938241785157,-0.4857102427312056,-0.3190238505267658,1.0533931382251662,1.1285392427159446,0.9062441270878028,1.2270915028875966,0.9593251446449166,0.8519781327292836,0.4909419176122262,1.042250025662579,exact,9
GO:0051726,exact,direct,cell cycle regulation,Mistral-Small-3.1-24B-Instruct-2503,-1,0.736079383696215,0.450578126985577,0.3099967731532128,0.7372577688147154,-0.5973557821134248,-0.7513662387801611,-0.6562964116449141,-0.7387004903196063,-0.2746075581929935,-0.3600095242873933,-0.0700873378942662,-0.4045230221197108,0.7796875953985243,0.4804916765368792,0.3832776242941008,0.7166793234107094,0.8548959012310208,0.6866995312060162,0.4629826160646197,0.8782112539347322,1.1453405689493208,1.413797006606477,1.2086346135130743,1.3782227338827706,1.162657262928812,1.6842306252945507,1.5180491064545407,1.4332052129792052,-0.1170718751365212,-0.5381205270117079,-0.5057967592506142,-0.2644787086665345,1.1803310558031657,1.8989348701096624,1.8027668236824248,1.509796697292424,1.1769604291008555,2.801593547150578,2.843368725917472,1.6805898706778477,exact,9
GO:0051726,exact,direct,control of cell cycle progression,Mistral-Small-3.1-24B-Instruct-2503,-1,0.8604038826434972,0.7784010006984132,0.58378635056776,0.9470044701826958,0.461427336545671,0.0347158777928648,-0.0680186306138762,0.3463637239404322,0.5789624019424788,0.2310581349308257,0.002451286163052,0.5073139999516421,0.6306002616594442,0.1882893775909652,0.0448521787920644,0.5295185834749148,1.1101361765178352,1.5284459418072338,1.1187254360158976,1.345373527052958,0.5659808910816183,-0.049960564098502,-0.1171668386047093,0.4343614074580582,-0.0260484953966081,-0.4343265990456504,-0.4169891152584974,-0.1947419250634741,1.2861479150514268,2.167607553604579,2.018363225851826,1.606063039460793,1.1423124467640862,1.6318798851148382,1.6284535083445095,1.4178935212638677,0.949868192751858,0.8124000199579494,0.4678738423468085,1.0230998259336934,exact,9
GO:0051726,exact,direct,modulation of cell cycle progression,Mistral-Small-3.1-24B-Instruct-2503,-1,0.7639178651991124,0.5148963774705331,0.3688173658701655,0.7819126838230838,0.0774733857340415,-0.3541763442412423,-0.3483500292471603,-0.0958546431053712,0.7922578128652888,0.5116193016167175,0.0180659478671287,0.7870223142454004,0.4516708063854539,-0.0630995207636596,-0.1319584959159646,0.3217259213315081,1.0407872474312383,1.236138826551021,0.8646548013538404,1.2036856702116847,0.412035329024404,-0.1966442499599325,-0.2326799999371356,0.2517579535264184,0.3446211934850483,-0.1521818577797544,-0.179983574095092,0.1920165121128657,1.2559037244771634,2.025393246809774,1.8410700560451287,1.5379283509471675,1.1454936511231533,1.6255821546346916,1.4332013154391712,1.4253026043750818,0.8125940368529927,0.4293682940367671,0.1630223796839205,0.7756828672214402,exact,9
GO:0051726,exact,direct,regulation of cell cycle progression,Mistral-Small-3.1-24B-Instruct-2503,-1,1.0508500764368889,1.631144653274877,1.4437865984564875,1.3447551236462318,0.8415295714569831,0.7243256780228411,0.5354767043700739,0.8923158694279895,1.241955964685734,1.747026119331619,0.1656059217160236,1.538915773048835,1.1047904506877608,1.104458258008544,0.9519505972958848,1.19179431710413,1.1826507860055122,1.929400424130412,1.5653554543162465,1.5119252251623327,0.6029746795512225,-0.0100652107578482,-0.0752037263491101,0.4807070400462778,0.8756519848015712,0.5739435612443876,0.4315724517978278,0.8871012130086805,1.3779078342409212,2.9939352899690403,2.9327376327970183,1.84164797353194,1.267734109410494,2.893215486481671,3.089847504621083,1.7594932523399107,1.0433979475058466,1.2421905411938776,0.8425034661444961,1.2308099425039292,exact,9
GO:0051726,exact,direct,regulation of progression through cell cycle,Mistral-Small-3.1-24B-Instruct-2503,-1,0.8140967958949024,0.6427088816139876,0.4464505991846757,0.8656000807545127,0.7629856293155128,0.5246313875531393,0.3716266401490485,0.7660146108193031,0.7111227671868874,0.3825804351416393,0.0086423145082054,0.6768532528487604,0.930047804192232,0.6775777259209282,0.5775298177134981,0.9224713011159285,1.1389103746207587,1.6739831357321022,1.2667574923371447,1.4088246522203245,0.8543243382490963,0.3680771220165421,0.1957190531899856,0.8305234096603372,0.7427788990329512,0.3167208374771322,0.2417587597396206,0.6890782778263004,1.177006176020897,1.6031868816180908,1.4418096935221756,1.3752114753724802,1.142769253412501,1.6319917071633745,1.5230393338713528,1.418954523592809,0.9544957883527172,0.8229770301910386,0.4645147579505218,1.032427961271624,exact,9
GO:0051726,related,direct,cell cycle regulator,Mistral-Small-3.1-24B-Instruct-2503,-1,0.5926522120441148,0.1657389952127974,0.0539398818512233,0.5235214758561132,-0.5331090055850073,-0.7207199407339936,-0.6341379481197889,-0.6825897073975379,-0.313815973477381,-0.4034178537134304,-0.0690296975021963,-0.441358441597699,-0.1278338210429268,-0.5005664507492937,-0.515056924151522,-0.2667661519932667,0.5211013736435471,0.1129035279305907,-0.0251008351752097,0.4078031759500818,0.2490464943967319,-0.3104266090173909,-0.3220162155310542,0.0731088668483792,-0.6311424423470761,-0.7229211462932372,-0.6413753153272945,-0.7392674748421753,-0.4851716454507694,-0.6655964785206685,-0.5956376209833838,-0.5999406146509322,0.4778875340841138,-0.0368937068698032,-0.168285726137932,0.3544203168426819,1.0773061279389051,1.4523213229040484,1.0546055295514538,1.3196974276818298,related,8
GO:0051726,related,direct,tumor suppressor,Mistral-Small-3.1-24B-Instruct-2503,-1,-1.127566547305043,-0.9740698288294464,-0.8066445586892959,-1.1831441280026465,-1.2574995065353065,-0.97345280234815,-0.8188792934676039,-1.2723784580770208,-0.4188788552347733,-0.4474580171577916,-0.0724956721466775,-0.5385267416687884,-2.12353931615966,-1.160761271537604,-1.0129438224970708,-1.8391923909887933,-0.8289867672643355,-0.8453754538629685,-0.640694473292217,-0.919291331310766,-2.3711916277098246,-0.9989166542939044,-0.839574987793398,-1.984984651627251,-3.145932067181437,-1.1202409976169303,-0.94977407354121,-2.516551202906235,-1.508733761950248,-0.9424513399422858,-0.831933614478574,-1.4173589900576018,-1.4977840632507098,-0.9897238693088386,-0.9561662288018832,-1.425068366598202,-1.1707698043258203,-0.774467684340014,-0.5872268208898679,-1.1653654049578284,related,9
GO:0065003,exact,direct,cellular protein complex assembly,Mistral-Small-3.1-24B-Instruct-2503,-1,0.7369797316781898,0.4291049924300281,0.2552143336077273,0.7386836875016055,0.6463873553234077,0.24145959148384,0.1246578760957063,0.5932994133104708,0.7463210166150797,0.2851752968327087,0.0109301552316794,0.7240197903120086,0.6258245229168401,0.0884183384861216,0.0176087328695389,0.5237534987716067,0.9096718961026796,0.8131119687221754,0.6326171557257817,0.9676660289884644,0.9830556788747382,0.703351452662048,0.541832484957517,1.0442475054182372,1.042919238893926,1.0938711588316852,0.9259669790510012,1.177352439313314,0.2459454088284151,-0.3540869211211648,-0.3493658104321307,0.1006666106768701,0.7024348096816665,0.1513324490953582,0.0799884250546263,0.6486157509258307,0.9925150363763257,0.9328337920302018,0.5612750391154678,1.1123805090221932,exact,8
GO:0065003,related,direct,cellular macromolecule complex assembly,Mistral-Small-3.1-24B-Instruct-2503,-1,0.2959440988954909,-0.222205945447567,-0.261418096642007,0.1427223015671879,0.2231521147735422,-0.2663333547176743,-0.2662424337289817,0.0630689769162762,0.3477640250442036,-0.0760209404940353,-0.0396182054049227,0.234007595028018,-0.6154256479131294,-0.7716845504408552,-0.6875663928639285,-0.6977131112362702,0.5805405345940665,0.1798805213633981,0.0496353634751557,0.4842218611184468,0.50618705731389,-0.1030518751351507,-0.1623204828328454,0.3615906105248578,0.3361073575681744,-0.2247087303896109,-0.2618767571949988,0.1824819376055513,-0.0275548187085415,-0.4490082519969995,-0.4135451497078437,-0.1780820172703684,0.1774095571386274,-0.39210867251076,-0.436758121353854,0.0108777594008884,0.5775149667941265,0.0359576901413287,-0.1108367112054891,0.433863167569344,exact,8
GO:0065003,related,direct,cellular protein-containing complex assembly,Mistral-Small-3.1-24B-Instruct-2503,-1,0.9227086582455593,0.9569835424901566,0.753776268955084,1.0641866414756946,1.1432524940193387,2.052283507053084,1.962189931144174,1.5114589983195148,1.173013439591797,1.2901365355138408,0.1178110274609419,1.4002369058508368,1.1031968995817258,0.8742868464208313,0.7321817467489886,1.1891477554952103,1.165938586536602,1.81683810217513,1.4132293958804842,1.4714838729109012,0.924708145018085,0.5424799493254708,0.3964354555534828,0.9434137856303966,1.111725107984498,1.363612391683301,1.1622501243976555,1.3174262453944257,1.3920736948379453,3.222003834359937,3.269416975244717,1.8833665655643108,0.9883164201994156,0.7129643712013356,0.7358161038040005,1.1029083490967304,1.1506515573669331,2.2049642197270525,1.9116058115525,1.5607140221564444,exact,9
GO:0065003,related,direct,chaperone activity,Mistral-Small-3.1-24B-Instruct-2503,-1,0.2908180250181935,-0.2069025612849304,-0.2360159474978627,0.13668129736859,-0.7370208643924302,-0.8201471827806939,-0.693587359278606,-0.8577938973162577,-1.815362541297688,-0.8652909306990717,-0.1106011798714488,-1.6828032471398602,-1.703454917460146,-0.9826722834629332,-0.8529473237447008,-1.5413172148696066,-0.2129107872302409,-0.5470511276632108,-0.456517619010974,-0.3842294070925793,-2.042152883517788,-0.9526343046922194,-0.797182332722867,-1.76788224594053,-2.745193015185101,-1.0647785990089822,-0.9107170537219648,-2.261336369955899,-0.5697103187694029,-0.7015956208049373,-0.6478587139199032,-0.673141108775806,-0.9165022498464526,-0.9048308416503952,-0.8747487031963384,-0.985477689230504,-1.4509142662452412,-0.8533827747622326,-0.6291711488302801,-1.3612210689733122,related,9
GO:0065003,related,direct,macromolecular complex assembly,Mistral-Small-3.1-24B-Instruct-2503,-1,0.1999454512853642,-0.3125214845780452,-0.3566922068329343,0.0320079132127226,0.0897546129444282,-0.3646414264060617,-0.3420620444074034,-0.0828078622607698,0.267600347755537,-0.2210788952780674,-0.0311339168736097,0.1448178269496846,-0.7624304302838756,-0.7968539523537912,-0.7197872786282606,-0.8197469957320853,0.7575895844111988,0.4763587076522304,0.3034102431124875,0.729381134649164,0.8682781089662278,0.3985073179373585,0.2929570110480525,0.852242547412616,0.3765122997574593,-0.1703631559636713,-0.211305963457259,0.2280575989527501,0.0977312312259663,-0.397151747606103,-0.3948699015265303,-0.0533688448369199,-0.3152117333397397,-0.6458140870691109,-0.2482622446800302,-0.4744391520433073,0.7224555129519087,0.2146180743500258,0.0119521433410115,0.6354373086711559,exact,9
GO:0065003,related,direct,macromolecule complex assembly,Mistral-Small-3.1-24B-Instruct-2503,-1,-0.0169174389737523,-0.4808010871357429,-0.4751251830213799,-0.2018005794623694,0.1361041119819964,-0.3350656594943952,-0.3295572620727637,-0.0330084316304309,0.2340527318549091,-0.1977485272727492,-0.0483809784896579,0.1082232507208564,-0.7535403727514421,-0.7898986232732562,-0.7024368610040957,-0.8124548465897271,0.6082083652121074,0.2158313335008441,0.103478524488417,0.5207082032005691,0.6782347570169777,0.087397658781574,0.0109297744610924,0.5785062977176036,0.4038335543486135,-0.1553083406155388,-0.1910752864325505,0.2593586194392334,-0.0154783541249136,-0.4590588397254319,-0.4291020644485676,-0.1662601406651128,-0.0750165066824974,-0.5428474414320663,-0.4455646824454386,-0.2474143533198873,0.5153484212975236,-0.0431453618697248,-0.1712545880976021,0.3542699898302064,related,8
GO:0065003,related,direct,protein complex assembly,Mistral-Small-3.1-24B-Instruct-2503,-1,0.8820636826670049,0.8052686407512679,0.697448929016927,0.9866578971570454,0.6036418509417614,0.1848721848786509,0.0956138063038009,0.5336141023765053,0.7908858127427039,0.369943990929414,0.008345601573205,0.7851156541052499,0.6555548378591141,0.30765269039099,0.1682920640043451,0.5598593045807453,0.9630519663742716,0.9659442091276512,0.6714282050715034,1.0595895998629,1.1914304923842394,1.8043597145553985,1.6270614950003304,1.4970323066275342,1.2651723118684122,2.866578331402204,2.8266666779589587,1.719243752556782,0.2593175433141514,-0.3721250562364745,-0.3774183771844094,0.1149491774944547,0.5933781201111602,-0.0001686612064737,0.8648284027113956,0.5007225767094212,1.0789682025854674,1.4235182825750297,1.0420304764411614,1.3243185001369722,exact,9
GO:0065003,related,direct,protein complex formation,Mistral-Small-3.1-24B-Instruct-2503,-1,0.7620754542707471,0.4778169719179279,0.3213812347474887,0.7789202769693909,0.3618488321880929,-0.1064518093102769,-0.1936009501941522,0.223938465844953,0.3983317546675028,-0.1278391301833738,-0.0134691554937125,0.291625406155183,0.1845173490143637,-0.1589067096770934,-0.1891537943149771,0.0371706952143098,0.8258580765008401,0.6167273201737054,0.4377357146109445,0.8325446460247684,0.8982860749097906,0.4801342178411395,0.3578600696282941,0.9000254067057911,0.7997980735837505,0.4782493221913781,0.3716689447416252,0.7713392027411978,0.207330926762824,-0.3466142869829983,-0.3653569274863699,0.0597962532359164,0.6983328432519302,0.1221800340918993,0.5069970926673937,0.6428555296278544,0.773375576945308,0.3241996852263288,0.0794346376195627,0.7129610618900172,exact,8
GO:1901657,exact,direct,glycosyl compound metabolism,Mistral-Small-3.1-24B-Instruct-2503,-1,1.0484778854604426,1.6676424664752107,1.489880573042739,1.3388929823362918,0.5308902372076433,0.1368238113269516,0.0169902891585894,0.4358101738721761,0.3204221600486764,-0.3055700819301729,-0.0604165712187162,0.203300631648633,1.234452515213184,1.6353210268918374,1.4549085156244494,1.4231306934628751,-0.0259908650089216,-0.4127324743954839,-0.380049120621341,-0.2029053859883866,1.2136494316439406,2.0713875268800765,1.960639138775015,1.560891234134714,1.2093559444606987,1.9818616953937425,1.8681598965987465,1.5522020422003298,1.2134149401429892,1.2358810172541463,1.0793362885751487,1.447911454313932,1.2046132959075315,1.8321060600211112,1.9098610747135427,1.5728902911545586,1.061108511311901,1.371198273446794,0.9673744212153256,1.2760307839124474,exact,9
GO:1901731,exact,direct,positive regulation of blood platelet aggregation,Mistral-Small-3.1-24B-Instruct-2503,-1,1.1718700549530314,2.981373516988344,3.168163461536311,1.7065859386024564,1.23801480039027,3.2952703805136365,3.549120853908138,1.807624135034969,1.0837576156282156,1.0314605758421822,0.1105587519648004,1.237218370854331,1.369867909457851,2.4804115290127853,2.478938286175511,1.71352520200968,1.247152874723766,2.4271035523093025,2.108319152453975,1.683485171057565,1.0824845193299029,1.0258656088892193,0.81990344394197,1.2368175741547758,1.165086525626611,1.7267557431089056,1.554079944293521,1.439053596394837,1.4429166419924664,4.014184734997205,4.149371323943941,2.0520425966956872,1.2771254536048906,3.037858038107402,2.9226020176999983,1.7910675243224137,1.166730491234326,2.546442656684908,2.373043955308443,1.6302152533138194,exact,9
GO:1901731,exact,direct,up regulation of blood platelet aggregation,Mistral-Small-3.1-24B-Instruct-2503,-1,1.0422081263087448,1.6280361773096896,1.4125760511889096,1.3235520243970762,1.027826042465455,1.407353349635432,1.2405641953018527,1.2393966068093227,0.275918170658603,-0.09043802309125,-0.0223453451609819,0.153955822637047,1.1151823205835532,1.32506591270716,1.2115102652983871,1.2091550555493624,1.028409761194114,1.1941756428217196,0.8502319068453191,1.179811333672332,1.0025805375217507,0.719090040674142,0.533060866975658,1.0797585566455905,1.0435899567754094,1.0116503763505666,0.8575376784880908,1.1786450969475766,1.1628803927275215,1.4903954302409113,1.364613686937115,1.3479641259134296,1.1592764870878305,1.7270750429467148,1.4667957368561333,1.4579686932224467,0.9508321031647042,0.7798217224103973,0.4138589032537553,1.0250362053328683,exact,9
GO:1901731,exact,direct,up regulation of platelet aggregation,Mistral-Small-3.1-24B-Instruct-2503,-1,1.103373388132848,2.1267566159821665,1.943283814663004,1.4840704122160566,1.07789834916958,1.7013420531160603,1.563923986902976,1.349733387745785,1.1287326648079228,1.0023853428738418,0.1072172010318417,1.3173489558806808,1.2862627892352978,2.1059498645693497,2.0507040924019195,1.5266822451179485,1.196136800601513,2.02382853755003,1.7461493110306123,1.545621908788074,1.254847111572136,2.5813225145174576,2.4916072178872324,1.6963955528779342,1.304003003759577,3.6616442477692126,3.9468975945554536,1.86285340126808,1.262050703111195,1.995936038602488,1.8987396093592044,1.5514795010007507,1.2573762509928488,2.7088530838054568,2.511171090351007,1.7260399708367211,0.9743596702277264,0.8574135348719016,0.4867372284397248,1.073426253976124,exact,9
GO:1901731,exact,direct,up-regulation of blood platelet aggregation,Mistral-Small-3.1-24B-Instruct-2503,-1,1.016757826518653,1.461622549066352,1.2511146851177348,1.2633907894970169,1.0666926514999069,1.6203345810775078,1.435910642508109,1.3241704420415426,0.9314563655548124,0.6811722200842619,0.0477145523222458,0.9895530356824656,1.0594575871752967,1.1900692651720823,1.0690793448498483,1.1180409365916453,0.9899116301185896,1.0610090817246698,0.7828792334090197,1.1078794377382082,0.9651573847083116,0.603583044576971,0.4179202579113876,1.0125169950846198,1.0343263031174728,0.9746318791446802,0.8680913837824791,1.1609031232908245,1.0540744233019517,1.171998711484066,1.0318210579924467,1.1527556186131414,1.151562245236439,1.680019714495246,1.4091797671606645,1.439570064887305,0.8482582061163064,0.4615016607252657,0.172879770771362,0.8353622968131793,exact,9
GO:1901731,exact,direct,up-regulation of platelet aggregation,Mistral-Small-3.1-24B-Instruct-2503,-1,1.05669781919858,1.7302661230551784,1.5619475563313223,1.359346299199132,1.0511778466667536,1.543401081307911,1.3456878941851524,1.2896409095224033,1.1251416036175044,1.13354383959213,0.0917854111501503,1.310808994997653,1.131058856737896,1.4549608062690766,1.2940994613672188,1.236030118138724,1.1276997603403465,1.616633611310894,1.344803288434364,1.3837312983847188,1.2330624806212562,2.216354089840803,2.1010373127736304,1.621448643866345,1.2747923226256903,3.0013315918763066,3.0461410978412,1.7520544493330443,1.1284241752892934,1.4111930611101215,1.3844294343969663,1.2835040823133872,1.2186048760683543,2.23914881092917,2.1072818713946493,1.6111207396556095,0.8533362801916919,0.4485826395431205,0.171118144903645,0.8440863558760299,exact,9
GO:1901731,exact,direct,upregulation of blood platelet aggregation,Mistral-Small-3.1-24B-Instruct-2503,-1,1.0100479744923685,1.4389514715839735,1.2233070732616529,1.248049065007327,0.977801105654459,1.2095217736825543,1.0676057277773456,1.137795718459633,0.8994989612969677,0.5044033094381809,0.0243071270901188,0.9413352507948626,0.7566972112072181,0.4631802578967076,0.3323205571521501,0.6868387309160421,0.9175439600624984,0.845576280375908,0.5759524767360954,0.980909081094607,0.9228089018532392,0.4970173863370222,0.3713251193912259,0.9402512276176116,1.0401964097069671,1.0309763816282878,0.8709159994651315,1.1721178724851031,0.7758460514296509,0.3791021913703071,0.3123129213822688,0.7332794449080903,0.9766746419999984,0.8082874290349636,0.6537875241255265,1.081767274739263,0.8140068777043702,0.379996498172102,0.1278026187158215,0.7779967634935085,exact,9
GO:1901731,exact,direct,upregulation of platelet aggregation,Mistral-Small-3.1-24B-Instruct-2503,-1,0.9831028884773764,1.302752092164566,1.1179079494524868,1.188378858596086,0.9190554491739946,1.0035469203775853,0.8126065769415695,1.027126229865051,0.2655383066175817,-0.0652778273085194,-0.0146406725745235,0.1425564877437303,0.9135561270044112,0.8157960969403854,0.6749660584963311,0.8988983833394804,1.0325975349943144,1.2083330416614588,0.8582381608999083,1.1878459705398725,1.2225523716697793,2.07949808938932,1.9608546296921767,1.5880399176212925,1.3057134362901686,3.793414928393811,4.061932468567252,1.870000733826097,1.1436017434296462,1.4480530583483364,1.2350340691108062,1.3115628504932446,1.084581093859552,1.1932629900793503,1.0383475618733913,1.2908059737082656,0.7908663196400817,0.2928815484153935,0.0837935509737399,0.7405840526744591,exact,9
GO:1901731,related,direct,activation of thrombocyte aggregation,Mistral-Small-3.1-24B-Instruct-2503,-1,0.7232200506656314,0.4682686723965009,0.2974676588988629,0.7170202828781734,0.5599807874781647,0.1895687683279319,0.0994200627134754,0.4743798234726107,0.3448352954697654,-0.1561401833560857,-0.0347816559363286,0.2307037597000623,-0.1020036313082524,-0.3485044442044323,-0.3939144349912506,-0.242590822639842,0.7353412257698877,0.4456787339032633,0.2220217274551761,0.696916594734191,0.2381382061113354,-0.332902635186687,-0.3200768386380667,0.0616030133946528,0.6435664730964009,0.1982413743433687,0.1040293113312506,0.5539549646891816,0.6923210406447681,0.4397133295809477,0.330511569928277,0.6223213777098056,0.6275170895869459,0.1264069740871607,-0.0081280807245866,0.5459018299565354,0.2627997650358143,-0.2849609784826465,-0.3099540077971212,0.061188056711751,exact,8
GO:1901731,related,direct,positive regulation of thrombocyte aggregation,Mistral-Small-3.1-24B-Instruct-2503,-1,0.888769363196848,0.924780668627556,0.6816234015695859,0.9991577830660828,0.9200820557103292,0.9948998375200296,0.8031232425260054,1.0289911793488218,0.5468983934675355,0.17246832786217,-0.0075726175854844,0.4677894079294451,0.2818935193372567,-0.0404534546050974,-0.1359359341046757,0.13784124559428,1.0959241082598803,1.4711881423310702,1.1098177322256553,1.3151299078839889,0.5510143681522353,-0.086520794517309,-0.1218946974627455,0.4159072314607642,0.7942896245996517,0.4451415154011514,0.3243215916959158,0.7632269043918789,1.3398725180878155,2.588460246016483,2.4650997271745205,1.7376831569051896,1.178061320108775,1.873358114765632,1.7650981816415048,1.504089056536491,0.7471415269511408,0.2637551635821291,0.0346022665493003,0.6725084582384961,exact,9
GO:1901731,related,direct,up regulation of thrombocyte aggregation,Mistral-Small-3.1-24B-Instruct-2503,-1,0.8609663394137038,0.8305320959508673,0.6295407371112919,0.94802072842652,0.8611329416560981,0.8160725350780749,0.7034196607409547,0.9253536440510652,0.5940251544804469,0.1483118338930096,-0.0131842820258703,0.5260846597065465,0.1753475702263606,-0.120239428909921,-0.1883476751844417,0.027851777316572,0.8254280625760517,0.6277661920698565,0.3862595779794058,0.8318768490817873,0.5277339976404147,-0.109212445843793,-0.1464173790634781,0.3875240415478168,0.7015287299936266,0.2671926382260822,0.1564867117054635,0.631755419111794,1.031194192899347,1.0760902936406376,0.9745802129664232,1.1144951804197814,1.0504978848197233,1.1420705798718669,0.9951198397177043,1.2213273996749507,0.5726845784779305,0.0134391210854465,-0.1296120840391575,0.4275489079568627,exact,8
GO:1901731,related,direct,up-regulation of thrombocyte aggregation,Mistral-Small-3.1-24B-Instruct-2503,-1,0.810707455036117,0.6814848289777904,0.5029530297257038,0.8598074670488544,0.8259658436194511,0.7144675126339807,0.6178866731481293,0.866544016584473,0.6155145634130986,0.1840556424205444,-0.0092340896505224,0.553097056761758,0.0707252678759491,-0.2042230628700265,-0.2516660622181237,-0.0766578385341542,0.8321635068150733,0.6418496612661257,0.4088617200435099,0.842364592121613,0.4646280876366749,-0.1696632372263916,-0.1949328905714022,0.3124367340167279,0.7186395789993032,0.3086254611932468,0.1991824007386615,0.6553246788879391,1.026088735412578,1.094652407108016,0.9504192552163182,1.1060715524824731,1.028920025859256,1.0577882023874026,0.850559246193557,1.1791099396727271,0.4646512744873948,-0.1280842931323569,-0.2214029800719056,0.2918378117206492,exact,8
GO:1901731,related,direct,upregulation of thrombocyte aggregation,Mistral-Small-3.1-24B-Instruct-2503,-1,0.7403447388077325,0.5130761653401958,0.3595524487624228,0.744023574423517,0.7293895033083703,0.503479667611782,0.394843271809618,0.7146104927323054,0.2732245861262123,-0.2168269074688683,-0.0422709466112113,0.1509937792809541,0.0418332976044676,-0.2182348157731907,-0.2662760334064522,-0.1049601455604889,0.5970625771515127,0.2165985070348489,0.0543380900505617,0.5059368225769272,0.4534064280321289,-0.1754388668326189,-0.1979131748531077,0.2993511764112277,0.7309110659774247,0.3314821770801475,0.2142281957024748,0.6724084159737922,0.923451738263286,0.8218758337837571,0.661208511995254,0.9445210765151792,0.8886339177660882,0.572297966590789,0.4307897493918152,0.9305242528358986,0.364226051399967,-0.2152167593135711,-0.274141400137868,0.1738357373125021,exact,9
GO:1903524,exact,direct,up regulation of blood circulation,Mistral-Small-3.1-24B-Instruct-2503,-1,0.6537326534405723,0.2106696235925048,0.0826232875108257,0.6115146704158153,0.7863972282999415,0.5424958564091475,0.3872605437612658,0.8027167970035061,-0.0012131539621883,-0.2666673557100665,-0.0507755949650212,-0.1378319336360389,1.137555516001589,1.4448468733508095,1.2733484300235338,1.2471542500066075,1.0706375607831295,1.360805777287766,1.0367582295546505,1.262925034859148,1.2331796145609384,2.238660170921885,2.144620557175568,1.6218300136909267,1.2355090490637373,2.43254650773129,2.332915528864272,1.6262564786315277,1.243915723210126,1.9434999639339976,1.8159877282493573,1.5119043249931556,1.2253354466392792,2.044188958245692,1.9318266198203915,1.6300633889227296,0.8431305948890829,0.5234981370135904,0.2289455688475661,0.8266127941205665,exact,9
GO:1903524,exact,direct,up-regulation of blood circulation,Mistral-Small-3.1-24B-Instruct-2503,-1,0.573009330550112,0.080812083499843,-0.0156916034756854,0.4960587560071726,0.6322548195028684,0.2456138985841924,0.0843042441912101,0.5733713381503518,1.030167637207536,0.8416460741651246,0.0581587992474841,1.1462996905116634,0.8483544538393707,0.7387040124728449,0.5786414012328123,0.808231234148816,0.9016528927112744,0.8048711250745015,0.5614626392134499,0.9542803550603556,1.2129956873507146,1.975259913008704,1.8089429136967925,1.5589358912747513,1.2266572039530943,2.383157955580084,2.3001906523014264,1.6004726382094956,1.0657256774688182,1.2439558572365923,1.3211977283849534,1.1725723667810757,1.175641460163732,1.618788596957832,1.4659728692381289,1.4980371839532214,0.6600712103920182,0.1584487922453845,-0.027451519150913,0.5455801237972202,exact,9
GO:1903524,exact,direct,upregulation of blood circulation,Mistral-Small-3.1-24B-Instruct-2503,-1,0.5737525521661206,0.0920462272333565,-0.0045015384856038,0.4970908990221079,0.4505905027979033,0.0046792929301497,-0.0812465430901913,0.3327244540102909,0.172969670015792,-0.1669501725787174,-0.0469765427439883,0.0426234531115786,0.6129733175310094,0.339651727070513,0.2082537220905833,0.5083046513678107,0.7336687092986003,0.4400502510920446,0.2200536820993706,0.6944974524441996,1.2061513382842892,1.9054430942200025,1.7695713881090405,1.538758204500133,1.2573768983875102,2.858229045103072,2.86584238746122,1.693700136111265,1.0176959615313987,1.0958764697208214,0.906851053290782,1.0923110761376893,1.1010711704776643,1.0919267266647097,1.010508069057712,1.3257950118654502,0.5924400978332943,0.0748499837522299,-0.0634876414839101,0.4535199167605003,exact,9
GO:1903524,related,direct,activation of hemolymph circulation,Mistral-Small-3.1-24B-Instruct-2503,-1,-0.4300123885907349,-0.7127912985594257,-0.6170230019904802,-0.600536045243581,-0.2146350016343969,-0.558499968554657,-0.5139041469536396,-0.3901264275863879,0.6894813414103588,0.1652058156065534,-0.0032728058027359,0.6483008730661249,-0.3605463428545205,-0.4317420958761415,-0.4395902870829516,-0.4780215940747316,0.0676916661231109,-0.3573566151887667,-0.3436907224867724,-0.1076935332930543,-0.0375684665504369,-0.4721549761203193,-0.4549518489625757,-0.2139669147692877,-0.0982658517299598,-0.4001845242623749,-0.3872227536622344,-0.2644759645268676,0.4476129345462151,0.2038020133523923,0.129113761629848,0.323875722121172,0.136221181778626,-0.5358579519653347,-0.5308097952194935,-0.0328880743378986,-0.7690880044200462,-0.6987029094265108,-0.5433816404419158,-0.8666646948937857,related,8
GO:1903524,related,direct,positive regulation of hemolymph circulation,Mistral-Small-3.1-24B-Instruct-2503,-1,0.0930598932121155,-0.4033649598842981,-0.410007733288437,-0.0857974610584364,0.4911663107631208,0.0589274484376992,-0.0433791810943873,0.3842199286212929,1.048144879767478,0.943479850286736,0.0622627681795788,1.1762912176898477,0.3256586332650635,0.0825374557219198,-0.0342051981815369,0.1841670266018759,0.9264597261613768,0.8699362518443994,0.5297496361915559,0.9960338414260026,0.5528326063523008,-0.0772015029193418,-0.1277882551847054,0.418140381361559,-0.0479929981925505,-0.3903654238172691,-0.3630063915735239,-0.2160964240641193,0.8610308490827195,0.7382414448662499,0.6126554024433151,0.8525382550082425,0.5130780881918517,-0.1791148186435683,-0.2169257134208729,0.3980028140551345,0.085688966855287,-0.3569290698179166,-0.3537577886258115,-0.1227634932408061,related,8
GO:1903524,related,direct,up regulation of hemolymph circulation,Mistral-Small-3.1-24B-Instruct-2503,-1,-0.2683662062300254,-0.6357348224247935,-0.582785579894647,-0.4505881582391078,0.0537317506089607,-0.3827070225151055,-0.4024483892681911,-0.1209056289665522,0.4746757682207819,0.0558127516982174,-0.0216296456572274,0.3807908376583293,0.0499165456589034,-0.1565268225285915,-0.204875266506112,-0.0970651634722876,0.354137122755999,-0.091996085552157,-0.1471195135568794,0.2056232622492912,0.4712929327435876,-0.1536012627879805,-0.1909162933810796,0.3202454268470442,-0.1146696947742428,-0.441504173462762,-0.4066309184618857,-0.2801040655397976,0.7451732292053878,0.5201089011905071,0.4121970770244559,0.6918965345483965,0.3669700186828993,-0.3237027225891473,-0.3432629187960417,0.2220842395955568,-0.2450669838825427,-0.5098890110517691,-0.4481662859019665,-0.4335527777285926,related,8
GO:1903524,related,direct,up-regulation of hemolymph circulation,Mistral-Small-3.1-24B-Instruct-2503,-1,-0.3295808307620205,-0.6696008723219209,-0.5898544985202534,-0.5081970236764889,0.0179667047410144,-0.4060277145120778,-0.4058697243567487,-0.1582306218315673,0.8285994598710968,0.482932836101371,0.0156113493990584,0.8381167691484859,0.0156586780368003,-0.1683879910635126,-0.218914866780815,-0.1304032861657167,0.1947813092010129,-0.2480973191733354,-0.2520248988046289,0.0268205843056894,0.410435766198745,-0.206470021389589,-0.2347654698533673,0.2499377119259099,0.0133118393687492,-0.3673318579971389,-0.3478783082556266,-0.1560644858108565,0.5819217540253567,0.3646539436960385,0.290493432599361,0.4832834211904492,0.4359099340921101,-0.2383353020808887,-0.2892057468221501,0.3034752947590088,-0.4250906697935397,-0.5969573264455191,-0.4996982512616179,-0.5891579311639452,related,8
GO:1903524,related,direct,upregulation of hemolymph circulation,Mistral-Small-3.1-24B-Instruct-2503,-1,-0.4512334862384695,-0.7269707976744166,-0.6264331993178697,-0.6197205821667883,-0.3230227530027007,-0.6117180222085644,-0.5608476171616789,-0.4925599086839263,0.5796728401546225,0.0609301693211235,-0.0220303292727952,0.5081963543508785,-0.3820492488610108,-0.4457895304773229,-0.4357466960023671,-0.4969943197403786,0.0665355985363683,-0.3546265397006037,-0.3619332877636257,-0.108887889076938,0.424904850189478,-0.1906957843389282,-0.2183041857472796,0.2664559996819965,-0.090733017164362,-0.417272211361804,-0.3852201971608543,-0.2572737227190074,0.4430030671313955,0.1446629633607515,0.074515178621116,0.3185710431425015,0.1704738167584772,-0.5375702295329496,-0.4562767060282801,0.0034593135658954,-0.5887593554180471,-0.6494875161378331,-0.5189961608669091,-0.7241039326361195,related,8
GO:1903771,exact,direct,positive regulation of beta-D-galactanase activity,Mistral-Small-3.1-24B-Instruct-2503,-1,0.9188215188114116,1.0588487259227584,0.8643870765049698,1.056581563859823,0.9485404897020486,1.0869295478829455,0.8741591319539268,1.0816298942423967,1.0264822870886374,0.9676586328559992,0.0859466738397602,1.1402112560345925,1.1350482634004209,1.2187823249323515,1.065241148257117,1.2428521982911878,0.7523084083700795,0.4978641004147623,0.251878940164746,0.7216263641281685,0.2670653452478314,-0.3144301272290752,-0.3188776159367107,0.092229775879087,0.9995998338372584,0.8407819657325147,0.6682574483673586,1.0964059344320782,1.0344292132999715,1.3274892437656374,1.1978831126138565,1.1198537841106275,0.6681507200969167,0.1914833494610031,0.0554948629709962,0.6009715572935536,0.3705884793391503,-0.2003163209333248,-0.2560959239082707,0.1811084239039798,exact,9
GO:1903771,exact,direct,positive regulation of beta-D-galactoside galactohydrolase activity,Mistral-Small-3.1-24B-Instruct-2503,-1,0.6869036978946255,0.4298721473703036,0.2423711504967687,0.6611042981946643,0.9344840563327655,1.0413977470499214,0.8535216893646974,1.0553987827885003,0.715164490970166,0.4195010266859993,0.0320167734708322,0.6822227216101168,0.9634329251150392,0.7336948279165205,0.6165904560444692,0.9710532841484592,0.5889333691864183,0.22659759278881,0.0924865575261106,0.4952258121316089,0.6826843255049022,0.0692456209481918,0.0033234478230885,0.5844489226911876,1.1136328824328026,1.3362462533539723,1.1423093145086554,1.3215522955737269,1.0164467226518104,1.2666935763545195,1.1180617137477415,1.0902719872930031,0.6823174452168338,0.2068807161345008,0.2670847265551427,0.620522886699801,0.0798874439582685,-0.397582900350463,-0.3815156757081304,-0.128551995757779,exact,9
GO:1903771,exact,direct,positive regulation of beta-D-lactosidase activity,Mistral-Small-3.1-24B-Instruct-2503,-1,0.7988061756882835,0.6546128607950623,0.4784878214000572,0.8396340240962151,0.9998172341806476,1.2784338302832303,1.070928440940711,1.1815772897846502,1.115212017316574,1.190866028860157,0.1023141406558374,1.2928581603501086,0.9211458697690058,0.8227236773680907,0.697246309175966,0.9097131839214736,0.8471210766009277,0.6961199171508223,0.4217775830856822,0.8658715267777174,0.2878646059463852,-0.2988317518046549,-0.3264125081234902,0.114483577730395,0.9511862347311956,0.7278899541755671,0.5780951958132851,1.0111607631185386,1.2532283200848051,2.2082403678074267,2.2083215224929424,1.532074912115215,0.7022003298996948,0.2476446752144404,0.1371222915484742,0.6482860320293888,0.1451211647728362,-0.3758600032100476,-0.3542187439254372,-0.0626474133576043,exact,9
GO:1903771,exact,direct,positive regulation of beta-lactosidase activity,Mistral-Small-3.1-24B-Instruct-2503,-1,0.8038738486153987,0.6725699781945719,0.4702904620771713,0.8481927024044096,1.1810179471774498,2.5073824478994844,2.552790402051207,1.6178646865466502,1.2922931675002172,1.9697290547756867,0.1894741512412995,1.649539088382008,1.0307122350729132,1.0659802691808804,0.9181695403613572,1.0728116784357935,1.0505824892456384,1.2972668980221571,0.8935179874601687,1.2228578617614991,0.3919217582389893,-0.2224456638447707,-0.2608327942362696,0.2289735784316915,1.0295888738986538,0.9842114300237944,0.8025065312480559,1.1519210636897494,1.4024331890835473,3.6200430660990697,3.791185031460526,1.915118344520532,0.8204617806673578,0.4511335610757616,0.2824448521461263,0.8221832495613357,0.1744373544329193,-0.3540268459717149,-0.3484889030494568,-0.032420420023438,related,8
GO:1903771,exact,direct,positive regulation of exo-(1->4)-beta-D-galactanase activity,Mistral-Small-3.1-24B-Instruct-2503,-1,0.2566214876889181,-0.1928329463618661,-0.2525731461641419,0.0967646995449061,0.5930744819958909,0.2321379520763858,0.0867711153324187,0.5191230763816476,0.1333737079927107,-0.0724478992647741,-0.02849188708773,0.0007745676240798,0.6415409258194583,0.2867026144032703,0.1204230692099507,0.5427755303391778,-0.0694309149085214,-0.4179293045208328,-0.3780477223703561,-0.2460245579037697,-0.0867008299770989,-0.5007926111653513,-0.4800821051336753,-0.2604038676637972,0.6845336766586743,0.2061893193276803,0.1171112531195758,0.6086255841960687,0.3561301352490238,0.2966154946358094,0.3047482533171866,0.2204607919378034,0.0032854429483632,-0.4049551406384286,-0.4168190716691585,-0.1697044488706839,0.1004876749548685,-0.3916428882238204,-0.3710897147322192,-0.1079350600706144,exact,9
GO:1903771,exact,direct,positive regulation of trilactase activity,Mistral-Small-3.1-24B-Instruct-2503,-1,0.142245312505402,-0.2762266324057987,-0.3026261764563719,-0.0322513078000962,0.692009998295916,0.4442665889179811,0.3187141049111602,0.6590333905566514,0.8390967040067574,0.5731257862401433,0.0233344879788691,0.8530943414794427,0.1515069644734691,-0.1421709595585184,-0.1945761962429773,0.0037469013332466,0.7568159915213786,0.5027110648189619,0.2636457214123016,0.7282432870466834,-0.7949991146948809,-0.7286152102818618,-0.6366677180449172,-0.8673008540166918,0.1346693718688346,-0.3201134916805754,-0.3221656558628732,-0.0335524697521364,0.9862240369721876,1.0966827272128286,1.081832736200198,1.0416337267848663,-0.0143705986831507,-0.501750762878358,-0.5019202929381233,-0.187402943822965,-0.3897020509373245,-0.5835249770959458,-0.490821123698983,-0.559201399394726,related,8
GO:1903771,exact,direct,up regulation of beta-D-galactanase activity,Mistral-Small-3.1-24B-Instruct-2503,-1,0.8243072286850812,0.7345393554310636,0.5543085966161453,0.8831812403733473,0.7814241660770318,0.6127401418876933,0.4219041605911272,0.7948571970178419,0.883980158227369,0.6673211275851286,0.034237705834642,0.9183155083099492,1.070116072791991,1.075797802529728,0.889716274871062,1.1351046261689013,0.5916258181828318,0.2295978983766124,0.069086866872896,0.4987675889566961,0.1848087967160636,-0.3652798512623119,-0.3593011036613817,0.0060790780872103,0.9512408707166782,0.6704517842538945,0.5157919670074758,1.0112542146948065,0.8731537446888673,0.9520080725077128,0.8415938009415899,0.8700761888148982,0.5806797531381023,0.075971343506741,-0.0362213637466381,0.4841570477880599,0.1721792859283072,-0.344616006868718,-0.3484743676204407,-0.0347626766217977,exact,8
GO:1903771,exact,direct,up regulation of beta-D-galactoside galactohydrolase activity,Mistral-Small-3.1-24B-Instruct-2503,-1,0.6462642843113267,0.3462768571921488,0.1898291863268638,0.6005324219032645,0.7912064372859626,0.6405941360344855,0.462001143290516,0.8103507942786071,0.7931014101356132,0.524191381694861,0.0250650180080538,0.7881954426177101,0.80956862398948,0.431721429013731,0.3273532644197347,0.7560571664159689,0.4204694717470957,0.0077489928354567,-0.0719639071275347,0.2839252175824254,0.6570008077046036,0.0393482384596069,-0.0312571140442374,0.5504040374545301,1.053990772847606,1.0397653765617734,0.8931800276228569,1.198856746539992,0.8524973158911641,0.8926433660914457,0.7660290767979748,0.8402822709958888,0.613985890461458,0.1104220431467206,0.1539332212503409,0.5278800809733809,-0.0496568522058873,-0.4641167443506289,-0.4179299823891365,-0.2544166170779136,exact,8
GO:1903771,exact,direct,up regulation of beta-D-lactosidase activity,Mistral-Small-3.1-24B-Instruct-2503,-1,0.7620233105652273,0.5532494396278244,0.3957410194839225,0.7788356646077812,0.7739622430757921,0.5873303669631225,0.4058763356126003,0.7831288744633838,1.0203538915901678,0.9311158013125967,0.0655329062212199,1.1301306641005684,0.7550098736187155,0.5287064557314368,0.3864924406087405,0.6846637505060731,0.6716473039253568,0.3536606773773149,0.1840432382194819,0.6067729065439581,0.2533184604501384,-0.3196057796554936,-0.3435925581829903,0.0776290644187594,0.883771544614254,0.5423331456509535,0.4422189638189283,0.8999800270979651,1.0517093736390688,1.379253151287005,1.2500154644780097,1.1487611367013255,0.6093005840863287,0.1150089248430661,0.039716044899051,0.5216753379630411,-0.0454993435354899,-0.4787499354298304,-0.4258644886840994,-0.250472410324515,exact,8
GO:1903771,exact,direct,up regulation of beta-galactosidase activity,Mistral-Small-3.1-24B-Instruct-2503,-1,1.1421877720229543,2.530573691529258,2.530242528057101,1.6024857455194443,1.1191924710879817,1.9662094774235173,1.819884386796034,1.449112149790114,1.1865675692740756,1.4202905251442863,0.1451994164755589,1.426504005134731,1.4310617463022397,3.076359989162567,3.2897502843281394,1.872976744740224,1.229818343544609,2.301965233422773,1.987615030446186,1.6345727415360225,1.2322041322385855,2.24400560602511,2.117685471552687,1.618660344469847,1.3214938582762217,4.100816058517283,4.4241152540145565,1.940695367788492,1.215722806336032,1.9354934133655963,1.8260555209901008,1.4526491665818253,1.259214915624651,2.7156178670729694,2.551581899835724,1.731880839080046,1.0702274753460654,1.3082638856806716,0.9073531374375912,1.300318399685302,exact,9
GO:1903771,exact,direct,up regulation of beta-lactosidase activity,Mistral-Small-3.1-24B-Instruct-2503,-1,0.7656031497615116,0.5643333112320014,0.3753983039022318,0.7846546243136062,0.9411865079326928,1.067085251259132,0.8652703424733763,1.0678485750301778,1.170494963069442,1.371585729209508,0.1148818218229198,1.3954049472665355,0.808269128317558,0.5918801667141963,0.4330700679226598,0.754330249538372,0.914121135656143,0.859618543707768,0.573430128048256,0.9751382641229756,0.3452872380455486,-0.255638642537701,-0.2817189236595618,0.1769866253043304,0.9594448308949944,0.745457776665562,0.5979337947984525,1.025353627351627,1.2025007173651756,1.9339596380144688,1.8202003423668247,1.4257230726421668,0.7236738167620893,0.2755875154594746,0.1189654169923007,0.6787113766390452,-0.0086194500041538,-0.4566960012540203,-0.4206710269318505,-0.2152185760888092,related,8
GO:1903771,exact,direct,up regulation of exo-(1->4)-beta-D-galactanase activity,Mistral-Small-3.1-24B-Instruct-2503,-1,0.1975635268172209,-0.2537188817232473,-0.2838014470808436,0.0293228678217667,0.4533115537081274,0.0466787932034519,-0.044417972720162,0.3361415397055111,-0.1196589059195167,-0.2144639074764538,-0.0471084312618732,-0.2556182184994633,0.6107781404741225,0.2579931430817835,0.0968443363600909,0.5056750828583252,-0.1902626669000561,-0.5001572994797615,-0.43514982544628,-0.3628214242979691,-0.1546921379975804,-0.5293365187906457,-0.4984526723848737,-0.323527641919704,0.6446163810263827,0.14532024280057,0.0651550367457473,0.5553376959549312,0.2934296824381268,0.2447520957025774,0.2775198272136003,0.1516955322482447,-0.0332783906141539,-0.4244433430937853,-0.4309169249445438,-0.206240883221784,-0.0807986923159971,-0.4875992602682609,-0.4346775075034192,-0.2837731012258276,related,8
GO:1903771,exact,direct,up regulation of trilactase activity,Mistral-Small-3.1-24B-Instruct-2503,-1,0.1390256125019076,-0.2850974298271988,-0.3050980633846141,-0.0357901414088178,0.3320881144131412,-0.0683690910797055,-0.1309711482182132,0.188536073025469,0.8055340788481266,0.4757186254777384,0.0151415916998753,0.8055547693097315,-0.1378886329689771,-0.353960241812258,-0.3830363178759083,-0.2761348141837251,0.6476702460889164,0.3129161470212963,0.1056577486473756,0.5738334103709429,-0.8796223012352259,-0.7483462279464529,-0.645737200544358,-0.9337855523670326,0.0902519465964618,-0.3530900800447906,-0.3573655062844517,-0.0789905357931893,0.7702274089571354,0.6943308821875234,0.6299592526752646,0.7256409155637515,-0.1224171665099803,-0.5578315591727862,-0.5493961712149836,-0.2935142809399517,-0.5195544062644725,-0.627539685956343,-0.5150433219788203,-0.6677374963030173,related,8
GO:1903771,exact,direct,up-regulation of beta-D-galactanase activity,Mistral-Small-3.1-24B-Instruct-2503,-1,0.815068754565791,0.7085611684565498,0.5212983335221905,0.8672651766849614,0.7836544338322156,0.6130741999891518,0.4251502527530676,0.7983776823284441,0.7983288653011316,0.5323546775432956,0.0407217801834337,0.7954782977570715,0.9814190428029684,0.8615016965827321,0.6553008665058946,0.9977310482314908,0.6062851873575263,0.2495272445844023,0.1019132796087303,0.5181522841998386,0.2267108015023477,-0.3395916628782711,-0.3352513640349968,0.0496048300818335,0.9332782711612028,0.6282647121250291,0.4720851290894552,0.980838773552432,0.9195466448955584,1.0487804718891354,0.966100745721548,0.938639771073802,0.596974668230366,0.0984239787959897,-0.008616897064105,0.5054375459780465,0.1126082807832122,-0.3931298832912159,-0.377066545421196,-0.095721727054376,exact,8
GO:1903771,exact,direct,up-regulation of beta-D-galactoside galactohydrolase activity,Mistral-Small-3.1-24B-Instruct-2503,-1,0.6756211905189601,0.4026625049892708,0.2563278950312131,0.6440849237022883,0.8036786971801151,0.6703349403074116,0.4881442064186159,0.830304918331879,0.5278855121053845,0.2077001322746738,0.0024235601739224,0.4446212070026372,0.7992324526160265,0.4393948157075405,0.3277783886322766,0.742357997138273,0.4508146252435928,0.0436410464530323,-0.0283449762166832,0.3206020867399444,0.6720433916337801,0.0575317086503493,-0.0129085051470114,0.5702687896665123,1.0436046350998671,0.9964130180976573,0.8494368991365792,1.1786734004194712,0.8820455298752343,0.968259085956504,0.8579988390518413,0.8830365311187192,0.6458558391202373,0.1498662472552232,0.1666510491745245,0.5705753620273367,-0.1213691036592585,-0.5076437225081859,-0.4402477147119714,-0.3215359210005478,exact,9
GO:1903771,exact,direct,up-regulation of beta-D-lactosidase activity,Mistral-Small-3.1-24B-Instruct-2503,-1,0.7376117133890894,0.4948275802435711,0.3283902302455341,0.7396852956018588,0.7563150164962134,0.5433476476574409,0.3975399990047981,0.755692730522795,0.9466110979046451,0.7712508635419,0.0607511143985418,1.0128210579052428,0.6660716198822108,0.3958626003784707,0.2521693564525936,0.5727572866992029,0.6830091793853427,0.3701886246750574,0.2153921169772749,0.6225648852198106,0.2716537250603792,-0.3078995731587892,-0.331767233946614,0.0971220399711543,0.883023765529366,0.5518350310896399,0.4351835006662551,0.8987896670066852,1.0552156489607307,1.389691662554377,1.3069580500555844,1.1546864562813497,0.6124431850666565,0.1188419981750311,-0.0049336648503222,0.5258350845772857,-0.1124405480524711,-0.5230076338291287,-0.4522585445239331,-0.3132708672053585,exact,9
GO:1903771,exact,direct,up-regulation of beta-galactosidase activity,Mistral-Small-3.1-24B-Instruct-2503,-1,1.068012308046964,1.7938077952492768,1.5801370000005075,1.3881723115321245,1.092200174116383,1.77807126302513,1.6194985694797168,1.3831816920508442,1.200586985954448,1.4585970242912505,0.1268039826675697,1.454156822469061,1.3213590015281933,2.1712907741691603,2.0660434202261966,1.6016886008173388,1.1764339515250293,1.9129959793201363,1.626320424875875,1.4967181506558205,1.2251468123727385,2.1422907835189084,2.0083174681790914,1.5961432420671966,1.3052001026653737,3.57789060734212,3.6770987021283736,1.8678463984063776,1.2956525897350566,2.502617951987933,2.418592861387705,1.628282285631619,1.2277445834235614,2.311920648170413,2.18304204876528,1.636936948536578,1.0105837125092083,0.9203330438514028,0.5696035522989522,1.1527357668460052,exact,9
GO:1903771,exact,direct,up-regulation of beta-lactosidase activity,Mistral-Small-3.1-24B-Instruct-2503,-1,0.7452914383380419,0.5108296141449817,0.3227232597689135,0.7519040202689831,0.9459398049137092,1.0810979851073892,0.9134856165651304,1.0767415038003227,1.0504274415422472,1.0005391270790291,0.0826677363376787,1.1801347087081164,0.7310197828610174,0.4718728914124702,0.3042635808516411,0.6539575671550074,0.8735053480665853,0.753186288129078,0.5015838033761207,0.9080957935431276,0.3366181855940751,-0.2634006941426198,-0.2868584684851194,0.1674468315128187,0.9301729900758662,0.6717648180446851,0.5147908988969025,0.9756419302874662,1.1687043091943357,1.7948187469664063,1.6683644273749494,1.3591369776169926,0.7172077508232666,0.2676297918776819,0.0919999418188233,0.6695002772781036,-0.0854655048287282,-0.510915193329369,-0.4556659149593541,-0.2881443021561466,related,8
GO:1903771,exact,direct,up-regulation of exo-(1->4)-beta-D-galactanase activity,Mistral-Small-3.1-24B-Instruct-2503,-1,0.1853605092267797,-0.2639170844726047,-0.297994777961985,0.0156115017254778,0.4512202894098301,0.046851054920673,-0.0453590176700113,0.3335148849365258,-0.0684661753988604,-0.1902458591679016,-0.0404872086143344,-0.2051600600325153,0.5503898844638565,0.1819357070926959,0.0472696929879861,0.4343631552513291,-0.1316511206892047,-0.4630865058007245,-0.4106972275734536,-0.3067243621136907,-0.0913705950594258,-0.5008140516916851,-0.4760573357727806,-0.2647807131661251,0.6710960783486117,0.1811628966907147,0.0982691074169841,0.5905279117977538,0.2265196465012924,0.1935113190270878,0.2328664214539139,0.0800375950362228,0.0011451000604876,-0.4050490292082809,-0.4131912262370224,-0.1718555475337267,-0.1206461708496238,-0.5145686702248249,-0.4464960671626557,-0.3208676540260476,exact,8
GO:1903771,exact,direct,up-regulation of trilactase activity,Mistral-Small-3.1-24B-Instruct-2503,-1,0.2616057306872017,-0.1689138240330727,-0.2137630238630585,0.1025418597196262,0.4519409330298895,0.0664671767367328,-0.0263979392885242,0.3344196827351907,0.9010918669091358,0.6499317721314019,0.0329661297751767,0.943712359785853,-0.0753412401221612,-0.3186502517085028,-0.3575400323131681,-0.2174705636979725,0.7195344325044262,0.4321399963477763,0.2127780014128984,0.6741695609181426,-0.928268254568208,-0.7623082093472934,-0.6564490201916646,-0.9715505131213762,0.1286594134657542,-0.3243778050115831,-0.3320372190724251,-0.0397428631206626,0.9549539651740366,1.113059046090397,0.9476771120504562,0.9926328495832392,-0.0701925140948605,-0.5204131008546493,-0.516776540792789,-0.2426839252166056,-0.5995894152386132,-0.6614249563372218,-0.5310601399234854,-0.732837657758944,related,8
GO:1903771,exact,direct,upregulation of beta-D-galactanase activity,Mistral-Small-3.1-24B-Instruct-2503,-1,0.7325280497256148,0.5076661573201411,0.328827686681441,0.7316449447136871,0.6807561541774889,0.4133113879648563,0.224721532309311,0.6426123284309451,0.7493255621850716,0.4420305141215204,0.0167171237558835,0.7280892848432682,0.9319763655282172,0.7996869172712301,0.6331451364722397,0.9252458964417328,0.467431746256771,0.0632867237614098,-0.0726671587257043,0.3409275225693693,0.1847148613813185,-0.3644296132411089,-0.3538901109889696,0.0059823106839027,0.959542278660146,0.7152377583105213,0.5546900019429223,1.025521910566041,0.8446147945100985,0.8968940830715673,0.7375659109739672,0.8290254556121553,0.5459009684035829,0.0210008076525164,-0.1181948179376977,0.4394179763739817,0.0697070432435768,-0.4101189219715295,-0.3859351571907137,-0.1386764262165001,exact,8
GO:1903771,exact,direct,upregulation of beta-D-galactoside galactohydrolase activity,Mistral-Small-3.1-24B-Instruct-2503,-1,0.6369277800256592,0.331290356765685,0.190947015031497,0.5868936674238006,0.7181558496361948,0.4899767521181311,0.3147182669948343,0.6977356577347897,0.4857399004856339,0.1559577033324758,-0.0148780184641508,0.3939446359375165,0.6537065479229703,0.2433504591052102,0.1308194654881817,0.5575994300023555,0.3246930537149631,-0.0966666645294261,-0.16968405808442,0.1716396463804908,0.5892342599385121,-0.0383916963808949,-0.091220463335844,0.4633684188048897,1.0461354228751674,1.0299424898881755,0.8534417917228895,1.1835625976988815,0.7589226768425491,0.7145091382581342,0.5711668663721726,0.7103517144761681,0.6108640209252679,0.1133334524199633,0.0640956650054844,0.5237437888706373,-0.1907892298161292,-0.5317516882958373,-0.4563964892805288,-0.3849554812762439,exact,8
GO:1903771,exact,direct,upregulation of beta-D-lactosidase activity,Mistral-Small-3.1-24B-Instruct-2503,-1,0.6993848152478388,0.423330929288689,0.2755912442073404,0.6801221238818346,0.699050251592746,0.4449121986408069,0.2477415862296073,0.6693777234251674,0.8694754422048985,0.6064883406695828,0.0291148072372899,0.8970227828171715,0.5558798748458655,0.2769931125938042,0.2162056498507412,0.4407667461295048,0.5612158384665173,0.1868986717725149,0.0242497573725297,0.4590907145671885,0.2015665561905855,-0.3516803088399503,-0.3684934742624582,0.023399243380481,0.9006601800968859,0.594961900652886,0.4687717205964598,0.9271013397521864,0.9997344870302728,1.2355805932342838,1.1079908841042716,1.0632147158971474,0.5945955562962144,0.0938166562692371,-0.0243862081015389,0.5023174467462179,-0.1773718858360281,-0.5467417951282094,-0.468580216749383,-0.3728113636568903,exact,9
GO:1903771,exact,direct,upregulation of beta-galactosidase activity,Mistral-Small-3.1-24B-Instruct-2503,-1,0.9675202635198468,1.2218679282798692,1.0161572841540951,1.1551631386825365,0.9885183498359668,1.2582798988324246,1.0352417663442564,1.1589355720666414,0.9794525089735918,0.5837749095117871,0.0684838903195778,1.0641927083655045,1.2050113411295222,1.628574559362397,1.5425631842312408,1.3674836062476845,1.1407211870276563,1.71284921135495,1.346421283522626,1.4129249175820715,1.245367248862863,2.448221578858114,2.3185702731662343,1.662724487137898,1.3151613844663,3.9162912278985447,4.143950420800548,1.9112006110843345,1.2504077576536214,2.1507027789183017,2.02882044372378,1.5259325532819434,1.137008771451745,1.508658518851188,1.3627368938518634,1.405645127152359,0.986595862743692,0.8192072480765852,0.4861198374260437,1.099514020463087,exact,9
GO:1903771,exact,direct,upregulation of beta-lactosidase activity,Mistral-Small-3.1-24B-Instruct-2503,-1,0.671720146096674,0.3652860059387569,0.2160371231382459,0.6382374104327752,0.8443065343722119,0.7799334193666189,0.5615979735309575,0.8969560886163513,1.0064507004461265,0.8472656137602194,0.0571013983918523,1.1074602078061362,0.6039513855559794,0.3237452115991903,0.2359420738262367,0.4975146077775796,0.797490122708772,0.5888458178044678,0.3294687070738742,0.7889946321492123,0.2913116904570303,-0.2929842562954911,-0.3083282153101843,0.1181910036184864,0.9623988436921666,0.7644218738694744,0.6065208051120525,1.030463480575288,1.1425836821674464,1.683435690616264,1.5410983920383905,1.30966467324948,0.6721647566084136,0.1685841571823241,0.0284381147758814,0.6064922514539783,-0.1173529822763985,-0.5185338323504071,-0.4588668518031341,-0.3178213872430292,related,8
GO:1903771,exact,direct,upregulation of exo-(1->4)-beta-D-galactanase activity,Mistral-Small-3.1-24B-Instruct-2503,-1,0.1900061657638882,-0.2532237716390384,-0.2922094078189269,0.0208226275499686,0.428882666854865,0.0309210608963945,-0.0634248664272351,0.3056438361755451,-0.341113965257207,-0.319483169846944,-0.0557497134868353,-0.4668161725942074,0.4780968883995631,0.1314089808036382,0.0068011493698132,0.3514287129209953,-0.2918172619919077,-0.5598683601542899,-0.4847643069326387,-0.4577027442949576,-0.272277119408472,-0.575183807762654,-0.5317328898360826,-0.4298305253602214,0.6671353771323618,0.1842473684054892,0.101404605865362,0.5852249683335684,0.1635567362262565,0.1485392951360847,0.1644139586447872,0.0141104752431186,-0.1130444091275695,-0.4729699873074892,-0.4782829452978951,-0.2844528238576108,-0.2818390309062317,-0.5783109682913635,-0.4832545545142915,-0.4660115440354767,related,8
GO:1903771,exact,direct,upregulation of trilactase activity,Mistral-Small-3.1-24B-Instruct-2503,-1,0.2032923819303269,-0.219822783628223,-0.2652968232803229,0.0357856157333503,0.2744839947015209,-0.1264877229014238,-0.1754894136026809,0.1214184636717943,0.5280848658398862,0.0575498912540432,-0.0179492912570063,0.4448631195295642,-0.4776074357966797,-0.5679979679774979,-0.5196555682196617,-0.5802950138078059,0.4122343809562995,-0.0054194804775114,-0.1024502060911106,0.2740672111794576,-0.885227236310015,-0.749469185493256,-0.651855111777239,-0.9381532925905522,0.1114674259443237,-0.3309826793499412,-0.3401139357081999,-0.0573771942697254,0.7588298147975093,0.6401545846469039,0.5980853939440098,0.7102265574595238,-0.228535710032,-0.6512848069790269,-0.5790982423985988,-0.39434149241289,-0.7806833100341086,-0.707185946013572,-0.5592312898054767,-0.8756333838225722,related,8
GO:1903771,related,direct,activation of S 2107,Mistral-Small-3.1-24B-Instruct-2503,-1,-0.9777250046246034,-0.8823898547564748,-0.7315956938067442,-1.0652613267276296,-1.747986017326962,-1.1125313053343973,-0.912466695579119,-1.6301596361853887,0.3069415372453359,-0.1726581718349087,-0.0316895786189095,0.1882718569136703,-1.2525286906593296,-0.8264593587452643,-0.7569666659104403,-1.206665625249865,-0.5939441811986105,-0.7382320665394058,-0.5685862291501491,-0.724782985275125,-2.2677085458131625,-0.9759353232345,-0.8187787338855883,-1.917365888065032,-1.3067873480736778,-0.7935508101482394,-0.7054086663578882,-1.2712955680568587,0.0556872072127725,-0.0563500827389115,-0.0644152643260892,-0.095743684453425,-1.538362648202108,-1.0248329910053615,-0.9233948391358612,-1.4542390730813886,-2.022183409396158,-0.948760895223033,-0.6800937808253823,-1.7363940801210105,undefined,-1
GO:1903771,related,direct,activation of hydrolact,Mistral-Small-3.1-24B-Instruct-2503,-1,-0.7143346335548949,-0.778819679932177,-0.6654317759709953,-0.8491213074022563,-1.0154626493153678,-0.8978344668518228,-0.7585604654743084,-1.0847716430959495,0.2737549132423196,-0.1774818460833127,-0.0328544238471646,0.1515767448645198,-0.8561390986395256,-0.686237684177132,-0.6511849635525891,-0.8959640329085622,-1.2181752996857265,-0.9950699212789142,-0.7195232437913176,-1.220851337797112,-2.5966537349754537,-1.023913177412759,-0.8562893625238992,-2.130435001905806,-1.3859369508635542,-0.8039942134830593,-0.7262243335469384,-1.3299854957785455,-0.4055360881102392,-0.3116205619519806,-0.3535463995821954,-0.5297774393678576,-1.0598144339063462,-0.9936913486938204,-0.8657823501267771,-1.098008101816906,-1.6961623847548362,-0.8902372445852271,-0.6394419701102911,-1.525852891239163,related,8
GO:1903771,related,direct,activation of lactose hydrolysis,Mistral-Small-3.1-24B-Instruct-2503,-1,-0.0138527795880034,-0.3975631151513714,-0.4105967148657313,-0.1986332516928711,0.1184359184005409,-0.2786287946029515,-0.2926350471018836,-0.0520980717657152,-0.6908616195077547,-0.5554163473184371,-0.0651416604750594,-0.7808097516442668,-0.6329416045448447,-0.625294301701879,-0.5790373674268943,-0.7124208338304323,0.1773063212122518,-0.2546291868317751,-0.2373299258884101,0.0079301673484714,-0.6946362451622511,-0.7159007583523248,-0.6414100656268131,-0.7870672657724567,-0.8885093292749737,-0.7687945984190662,-0.694083122209065,-0.9492849167045874,0.2273754435584753,0.0349160244682355,-0.0146394360671793,0.0809434621953142,0.3320940106241478,-0.2561600458098315,-0.3291918984297592,0.1819088832850876,-0.9343078221114788,-0.7708760321946201,-0.5858944474688916,-0.99240022940438,related,8
GO:1903771,related,direct,activation of lactozym,Mistral-Small-3.1-24B-Instruct-2503,-1,-0.3349106127155484,-0.6074019894478878,-0.5502394028852186,-0.5131638485582378,-0.3141917624344732,-0.5715814513005306,-0.5170225085402431,-0.4843335375822719,0.3546802141614479,-0.1945215916305297,-0.0210537506659278,0.2418237558210971,-0.2421357893895176,-0.344594923334919,-0.3863195924628724,-0.371940474987165,-1.0647662113619845,-0.9411426286494636,-0.6850888642379805,-1.1047347395546947,-1.1355618609656433,-0.8079976369692573,-0.6965994976454354,-1.129066995254166,-0.8942314294261834,-0.715733785087082,-0.6472947779829256,-0.9538408233415758,-0.1124517440219866,-0.1536241380664035,-0.1728214491997523,-0.2600711499709535,-0.8973077920844413,-0.928106236600078,-0.773713299918478,-0.9701720477597274,-0.9709431259556148,-0.7535165344219051,-0.5640750458557148,-1.0197095003817114,related,8
GO:1903771,related,direct,activation of maxilact,Mistral-Small-3.1-24B-Instruct-2503,-1,-0.9530533841702736,-0.8559324324867001,-0.7352434045273234,-1.0455186988140368,-0.8803738093348644,-0.8440504642004805,-0.7389743959795382,-0.9762718671813372,0.4351841012981833,-0.0374737734053319,-0.0304054387000889,0.3343266049769046,-0.6629078191111424,-0.552758850281543,-0.5308003543125802,-0.7374752983497053,-1.0322212881396855,-0.9297960558436884,-0.6813725768239678,-1.079660238103496,-2.639135704885164,-1.0275423725613584,-0.8618317167674108,-2.157574705784973,-1.4364120390934958,-0.849190496313491,-0.7451700669342616,-1.367084329476763,-0.2095052885263571,-0.2242881380392301,-0.2014583750795831,-0.351547121583329,-1.2331200134918616,-0.989630912176972,-0.8937410276188916,-1.2302637035049313,-2.116893283590285,-0.9527022795998924,-0.6766245751903753,-1.7959905323615144,related,9
GO:1903771,related,direct,activation of oryzatym,Mistral-Small-3.1-24B-Instruct-2503,-1,-0.5575246060687928,-0.7109125942479517,-0.6294571493239635,-0.7142110572820831,-0.823825805273331,-0.8210739790849692,-0.6988594577050364,-0.9299659238780036,-0.3718186737509524,-0.4251067108175134,-0.0664845262198363,-0.4952715940312335,-0.9811212586446044,-0.700052534273701,-0.658434366609135,-0.9958697830624108,-1.1298452534366124,-0.9575026846416128,-0.7222944058798562,-1.1544043014812493,-2.965120790087988,-1.060846448233557,-0.8796054385986168,-2.3633455651887965,-1.601394775076457,-0.8529889353856581,-0.7408022727121734,-1.486668432828995,-0.3174202710671501,-0.2728895349290146,-0.2804923197282577,-0.4506801139815836,-1.4684297681064378,-1.03883248274969,-0.9080833701843868,-1.4038560764438326,-1.8791185668522383,-0.9079523818605328,-0.6525716250339201,-1.6450785286763312,related,9
GO:1903771,related,direct,activation of sumiklat,Mistral-Small-3.1-24B-Instruct-2503,-1,-0.9890346267271392,-0.885468152094239,-0.7460357764684418,-1.074278974196856,-0.9511257923344428,-0.882550709773706,-0.7623112441788785,-1.033460086606636,0.3625038861087217,-0.0310774310175619,-0.0324357426353806,0.2506896527447971,-0.7613598719206849,-0.583128857641137,-0.5785307533360486,-0.8188694380920837,-0.8740798857692775,-0.8654063714346267,-0.6574170143846276,-0.9554602237478208,-2.049232070921076,-0.9476855525747568,-0.8019478514793846,-1.772620578625032,-1.415547208607686,-0.8299584950024199,-0.7326363977901252,-1.3517791416913942,-0.3599408239956799,-0.2680045229669773,-0.2812727580478326,-0.489047315096815,-1.203389692843574,-1.0120850886187518,-0.8477213399513658,-1.2078553089768598,-2.1689759226158807,-0.969137252203265,-0.6881643513705753,-1.8284881710286671,undefined,-1
GO:1903771,related,direct,positive regulation of S 2107,Mistral-Small-3.1-24B-Instruct-2503,-1,-0.3266726024928309,-0.6152008939445873,-0.551405613273452,-0.5054835971154522,-0.8029364589591103,-0.8300117341179203,-0.7263186606882376,-0.912720753642574,0.7630971336820094,0.4485085670606565,0.0158005394581712,0.7468322167561741,-1.0067749332092195,-0.7336026085120915,-0.6651215861487645,-1.0161429330602636,0.082897736418265,-0.3289239705312605,-0.2926409125243895,-0.0919368537732341,-2.125839759150674,-0.9633571579283372,-0.8104957771387628,-1.823697390043052,-0.9794953698152858,-0.7147954833282826,-0.644357843736396,-1.0211928454853725,0.4028025990860452,0.2039192343592897,0.1848688606292753,0.2727411664810961,-1.0316811493340488,-0.882645826721133,-0.8101313241471373,-1.076153339473312,-1.6430699102485449,-0.8879621981556995,-0.6456950586572704,-1.4907019747674877,undefined,-1
GO:1903771,related,direct,positive regulation of hydrolact,Mistral-Small-3.1-24B-Instruct-2503,-1,-0.2578081487363813,-0.5555751761287039,-0.5096288456646885,-0.4405445811444778,-0.2549491103539679,-0.5622916976201973,-0.5334032995448079,-0.4286059739522991,-0.9135847687203168,-0.5850557387245305,-0.0826033750291672,-0.9707102838133348,-0.4638490816830495,-0.4800469425647443,-0.4824714043410365,-0.5684005923276846,-0.776620146895888,-0.8222042108181652,-0.6666008036558139,-0.8768443045953987,-2.7833543961362754,-1.0457407487006063,-0.8681932896733292,-2.249130891448704,-1.2569112170278696,-0.786963721682206,-0.6995401344911663,-1.2339757723094464,0.2875710648913241,0.1102548937503347,0.037143318298762,0.1453520999712316,-0.6646802574148584,-0.8127694734250925,-0.7756938629108472,-0.779858757308632,-1.1406445078523844,-0.7782928359536393,-0.5882265539100359,-1.1437467171873472,related,8
GO:1903771,related,direct,positive regulation of lactose hydrolysis,Mistral-Small-3.1-24B-Instruct-2503,-1,0.2349380491855749,-0.1930826090165315,-0.2610623606836374,0.0717892441977599,0.3468201511762298,-0.0739508593445974,-0.1370104562342416,0.2059966721101724,0.9130561698014006,0.6661481375699754,0.0367564192878234,0.9616537027222928,-0.3256049396898904,-0.4396681624191095,-0.4322488273042118,-0.4470052816238704,0.5424918653092756,0.1450338853588542,0.052407492584787,0.4350069809119021,-0.7513340159333816,-0.7351988893455853,-0.6463008677707145,-0.8325842275597064,-0.9928750702899864,-0.8275365150036036,-0.7323464706449789,-1.0316731285622722,0.7192202426071757,0.540683382059421,0.5278593476524209,0.6574676259953164,0.4383626783968201,-0.129124217373982,-0.2437346247459121,0.3064220520667897,-0.4684356776517231,-0.633116021447011,-0.5177688744051073,-0.6254582792441155,exact,9
GO:1903771,related,direct,positive regulation of lactozym,Mistral-Small-3.1-24B-Instruct-2503,-1,0.0367412150037238,-0.373835738740157,-0.3842691453378553,-0.1458163442021195,0.2281911842245824,-0.1908278661021697,-0.2571650924514771,0.0687389954787359,0.6546244563885432,0.1871659361137123,0.008177110793738,0.6029913889391874,-0.039192080028285,-0.2279248077352892,-0.2781528878453483,-0.183135112074887,-0.4143150478327481,-0.6556212417829997,-0.5253787002960005,-0.5685604667485672,-1.1961360805912538,-0.8252074117417195,-0.7064577403121465,-1.1741306872146895,-0.7236293415632186,-0.6638334824709077,-0.5947130188948282,-0.8159399968233196,0.4720869708902666,0.28363506874107,0.2140930314175889,0.3522139356833305,-0.6628122828103096,-0.7926601264007717,-0.7235136767303832,-0.7782922786192655,-0.6689894169275497,-0.6674182686710853,-0.5176300164218928,-0.7882679728195173,related,8
GO:1903771,related,direct,positive regulation of maxilact,Mistral-Small-3.1-24B-Instruct-2503,-1,-0.6247879004410818,-0.7374109968276082,-0.6457504578573916,-0.7727044123729147,-0.4260056772205592,-0.6515956555127754,-0.5938547355646169,-0.5870268023463462,0.6554380351428615,0.2382793254523309,-0.0041723043116584,0.6040396988473311,-0.2392185792820166,-0.3168611758674243,-0.3523111820106138,-0.3692913249092519,-0.192799532968908,-0.5307953142997169,-0.4296038870798466,-0.3652266805877388,-2.582321750936849,-1.0222542001826398,-0.8550772076057781,-2.121260753345072,-1.1772556197754271,-0.7940036352432789,-0.7059336053449584,-1.1738086048277965,0.0216004829642817,-0.2297519471630315,-0.2075620083711946,-0.1297041682549061,-0.9479018091865202,-0.8858462167429958,-0.8393338099190655,-1.0103935259934542,-1.417224358887468,-0.8338717920071345,-0.6179374017585259,-1.338133471249488,related,8
GO:1903771,related,direct,positive regulation of oryzatym,Mistral-Small-3.1-24B-Instruct-2503,-1,-0.1709068396159381,-0.5207970351455462,-0.4693695571621302,-0.3566106700809033,-0.3865892668035622,-0.6267292937229787,-0.5568210409471527,-0.5511817397183771,-1.174458372954437,-0.6806698786336711,-0.0942470606038893,-1.1850612449789957,-0.5820376601546136,-0.5225693889196705,-0.5241379372496203,-0.6695470415815973,-0.6448975899750401,-0.7580937008100606,-0.6394086426249783,-0.7678483810898522,-2.9895196376017728,-1.062945029582822,-0.8793911415924952,-2.378584018628277,-1.4590782261752897,-0.8316510652959753,-0.7138133974298476,-1.383663225407067,0.1831232578637553,0.0318145215144285,-0.0141948316070892,0.0344486994856254,-1.24312972662347,-0.9599977119727444,-0.845599289978773,-1.2377831377943085,-1.583722338298719,-0.8611865541315201,-0.6310270730544874,-1.4510982047218532,related,8
GO:1903771,related,direct,positive regulation of sumiklat,Mistral-Small-3.1-24B-Instruct-2503,-1,-0.5058522796469166,-0.6982233976858682,-0.6096495833272643,-0.6686012265206153,-0.3813762488925077,-0.6343659202994288,-0.5827485316496471,-0.5464126007930913,0.5502308335969784,0.1832960153210346,-0.0138707860044429,0.4718704521005277,-0.5212091400890951,-0.4787899677449405,-0.4935341193743558,-0.6177775835609649,-0.3607491423976797,-0.6284698096829036,-0.5007706677885484,-0.5205438933333257,-1.888548835349647,-0.9268012822723672,-0.7921391044691577,-1.6642644294331146,-1.3611269129484225,-0.8271541498573719,-0.7299988524791708,-1.3116575523513287,0.1579073026545962,0.0008670229145009,-0.0070147710579276,0.00826265071535,-0.6502940649380348,-0.8127812813355589,-0.722837228372221,-0.7677778126363162,-1.4453155360635592,-0.8383804844561045,-0.6200205415495149,-1.3573925874695916,undefined,-1
GO:1903771,related,direct,up regulation of S 2107,Mistral-Small-3.1-24B-Instruct-2503,-1,-0.621552904950635,-0.7701920694746539,-0.6539931374605804,-0.7699132074502754,-1.1971836545809629,-0.968544940100336,-0.8150059577538538,-1.2263873022124598,0.6238219952913934,0.1712549211839141,0.009721160717491,0.5636148227956326,-1.102496939328238,-0.7655690787468623,-0.7029255102267573,-1.0911249910381873,-0.1290775197624563,-0.4815572515034846,-0.3974616177215485,-0.3042375753844001,-2.317311536676048,-0.9836172854264928,-0.8217873647459962,-1.949849285855838,-1.172086403178802,-0.7658592197072515,-0.6856398344644338,-1.1698793362721325,-0.0156024960167037,-0.1887766522366282,-0.2070156084392107,-0.1663818735246646,-1.078992449488524,-0.8922856398810748,-0.8289119654206155,-1.1128424352391848,-1.7434306318361836,-0.8991843938470245,-0.6516015977190001,-1.5569331364340555,related,8
GO:1903771,related,direct,up regulation of hydrolact,Mistral-Small-3.1-24B-Instruct-2503,-1,-0.2355928444367364,-0.5524542962509601,-0.4992440093243182,-0.4193052882253367,-0.5146526080441118,-0.6881655585981796,-0.6061670912592703,-0.6663064958709255,0.5091859008974504,0.0766540402310478,-0.0077307189167114,0.4220229680308736,-0.7825097475870565,-0.6467930738506631,-0.6240040769572193,-0.8361773162676553,-0.6737733491556774,-0.7847217793499494,-0.6163939464671523,-0.792024689337651,-2.703939486556796,-1.0369379293875844,-0.8623193852127121,-2.19882297909526,-1.3735696470452208,-0.8139771624036909,-0.7186032144209845,-1.3208571304563017,0.1022497028385625,-0.0071755677416621,-0.0737466234101213,-0.0487819136754427,-0.65624112989603,-0.8250897268342038,-0.7850113536328889,-0.7727765857257568,-1.4951112099126371,-0.8483199304469834,-0.6283820577649238,-1.3913290476107762,related,8
GO:1903771,related,direct,up regulation of lactose hydrolysis,Mistral-Small-3.1-24B-Instruct-2503,-1,0.1775264389094887,-0.2509618381955795,-0.3102770874831569,0.0068480178490444,0.1304236075846534,-0.274656676430603,-0.312533246486779,-0.0391604820809054,0.0291505749779497,-0.2393176750591418,-0.0361123174484495,-0.10702746161616,-0.5763957274800476,-0.5890648930426894,-0.556795927141123,-0.6647702953459885,0.3702442775066142,-0.0665015705739163,-0.1150821245841781,0.2244101627241735,-0.7458667512682189,-0.7316136715349653,-0.6397908699137846,-0.8282169792907548,-1.1546522233038146,-0.8687042451338004,-0.7661842571501686,-1.1566043582014829,0.6392933916937836,0.4588372532202547,0.4150507062133692,0.5545402421495839,0.3848626847285372,-0.1776542183852395,-0.2648669504631491,0.2429496006244808,-0.6797136942884618,-0.6930123635837483,-0.5492740119965377,-0.7967529209747608,related,8
GO:1903771,related,direct,up regulation of lactozym,Mistral-Small-3.1-24B-Instruct-2503,-1,0.0040262541606169,-0.4034385504010621,-0.399108402489953,-0.1800834012839502,-0.1646294787140275,-0.4902107721182261,-0.4509146528009111,-0.3417377685709858,0.661092292029543,0.1503899889334516,0.0257159311176211,0.6113373037906594,-0.2471244930704763,-0.3524825507361443,-0.3839095885787075,-0.3764666607844706,-0.4350875295362178,-0.6663121925791948,-0.5349743231287193,-0.5869964736967171,-1.1669750538803925,-0.8182880654093554,-0.6986849428063763,-1.1524879710752012,-0.7715451008314143,-0.672235066051493,-0.6026268495545973,-0.8551165631852452,0.3011489621189645,0.1516034903096144,0.0861630262816342,0.1600744725362751,-0.7837223542859149,-0.8261376052618054,-0.7375833221065657,-0.8783945369958146,-0.8216200898961713,-0.7104514840690747,-0.5511220241365399,-0.9071174628936636,related,8
GO:1903771,related,direct,up regulation of maxilact,Mistral-Small-3.1-24B-Instruct-2503,-1,-0.585875486384598,-0.7215745966475547,-0.6386677012032592,-0.7389838572144232,-0.6754858201067361,-0.7593722158740479,-0.6545098288151584,-0.8057914729853327,0.6569712885757868,0.2079665036430842,0.0006139253561769,0.6060164996086777,-0.5338965262915761,-0.4818739549016135,-0.4851096932052544,-0.6286249424159341,-0.5098472871035687,-0.7048489984623771,-0.5597446233416449,-0.6525281051594346,-2.4666677681582163,-1.0054719921723914,-0.8483627736505014,-2.0468790786290736,-1.2547571729136582,-0.8101518303567904,-0.7213458018973191,-1.2323579802135198,-1.008404793218145,-0.6697491331330462,-0.5902719160326928,-1.0347209582527204,-1.0714848072011258,-0.909432587611834,-0.8533249780671087,-1.107041319471433,-1.6682915447020243,-0.8763156130714762,-0.6386909895051603,-1.507432726008864,related,8
GO:1903771,related,direct,up regulation of oryzatym,Mistral-Small-3.1-24B-Instruct-2503,-1,-0.2845265834447141,-0.5920939201252955,-0.5318719086759246,-0.4658989314426049,-0.6897612421622871,-0.7573788770044206,-0.6624753964955723,-0.8179196761093291,0.5020472668795458,0.0661948097144532,-0.0172321513490713,0.413444161914805,-0.7383887364834223,-0.5856646850422972,-0.5638458361621341,-0.8000013146141194,-0.8252484552548689,-0.8350579570717185,-0.6786040214718368,-0.9162771454549804,-3.0480662611253857,-1.0674140439324384,-0.8787133061334202,-2.4150651219521624,-1.5693360912664838,-0.8503719862207783,-0.7282067180639351,-1.463624751136927,0.0038276650388681,-0.0853025085551765,-0.1065630743233767,-0.1472756070192022,-1.290461758222083,-0.9709328946103004,-0.8666660170001483,-1.2731712991787694,-1.8229434366680328,-0.9017654631828348,-0.6519300954396285,-1.608774616658059,related,9
GO:1903771,related,direct,up regulation of sumiklat,Mistral-Small-3.1-24B-Instruct-2503,-1,-0.7220699784564019,-0.8074571815062331,-0.6840412983863501,-0.8556479255329034,-0.7677709140337133,-0.8146479198866652,-0.6976172593641915,-0.8835154102063206,0.6318300117151661,0.2187547329853177,0.0041501785118196,0.5737940497324314,-0.7653582886382942,-0.5961780228944441,-0.5722803104833635,-0.8221462133228609,-0.3043395267866239,-0.5958124012648792,-0.4912049512785128,-0.4692092388673982,-2.012748841912586,-0.9446891928839192,-0.8073807834361321,-1.7481670358452288,-1.4646906466242997,-0.8497827122601651,-0.745836768393114,-1.387760773626752,-0.090462500504159,-0.131790044545577,-0.1813763725231449,-0.2390183329665436,-0.7176126384401975,-0.8145464063726586,-0.7496996232205433,-0.8239829312762174,-1.8942459745947449,-0.9230639716096102,-0.6659211422176705,-1.6548105744120514,undefined,-1
GO:1903771,related,direct,up-regulation of S 2107,Mistral-Small-3.1-24B-Instruct-2503,-1,-0.4017929104128396,-0.657957784592987,-0.5828754778965104,-0.5748521974021092,-0.9386682869971664,-0.8847991914280472,-0.7460937694698663,-1.0234495800149936,0.7522542917595099,0.3904250459733177,0.0092386489148027,0.7320628197151946,-0.9433928816232364,-0.6944435586230322,-0.6736121222100735,-0.9659129153027498,0.1808652806802238,-0.2437792359121202,-0.2551432364061712,0.0117667264735365,-2.3230566141429563,-0.9859313594400564,-0.822222371592207,-1.9536029726909456,-1.0042055135778565,-0.7280187907115254,-0.6503879672188823,-1.040529925337044,0.183749343546366,0.0672275145862299,-0.0101718493352133,0.0351016667261745,-0.8777737675650016,-0.8323272943581851,-0.7851665868281077,-0.9545365314454002,-1.763604636922178,-0.9108993256374004,-0.6598747083243764,-1.570138000773068,related,8
GO:1903771,related,direct,up-regulation of hydrolact,Mistral-Small-3.1-24B-Instruct-2503,-1,-0.0483816461337915,-0.4257392432093086,-0.4244519731604231,-0.2341146962939806,-0.2070177675081444,-0.5239962627485675,-0.4943851565451821,-0.3828033304422179,0.7637125132601338,0.4178998715480081,0.0182450146041793,0.7476732308544769,-0.6230452876786854,-0.5580299720158886,-0.5495963796601404,-0.7041168885563642,-0.4216252845541501,-0.6634482143495977,-0.5065195396308264,-0.5750600128733523,-2.6185425694960505,-1.0302973356126583,-0.8568951334150884,-2.144428749101448,-1.3438346235431955,-0.8013044957817076,-0.7073356299793376,-1.2988463207374892,0.1715536245470028,0.0937922163231032,0.0199911885806892,0.0224068165398584,-0.6314920748598725,-0.8085071878666981,-0.7603479139309544,-0.751930256124938,-1.46387081151085,-0.8526912897215466,-0.6307298774643927,-1.3700683334129795,related,8
GO:1903771,related,direct,up-regulation of lactose hydrolysis,Mistral-Small-3.1-24B-Instruct-2503,-1,0.3052347167203009,-0.1276289211865503,-0.2250980223035824,0.1537103398235404,0.2988662882172795,-0.1216306452710405,-0.1841810156288117,0.149608261420973,0.8921590492807147,0.6310771923773598,0.0326313500054499,0.9304163901913176,-0.441220328338988,-0.4870233443396292,-0.4734771187372632,-0.5487661525004217,0.5114120146548486,0.101882723793178,-0.0099586328716049,0.3955861948231788,-0.7438621636186591,-0.73258507836899,-0.6416338721857345,-0.8266145617285293,-1.1309540684663764,-0.8617230045248025,-0.7617485178337925,-1.1385028695833364,0.7604314407006437,0.6927533824852162,0.5721408935133497,0.7123861739265953,0.3540228743801885,-0.193848425378728,-0.2598236700210944,0.2070945999857387,-0.7249230534965455,-0.7213383605423281,-0.5646228811475544,-0.8322931670984552,related,8
GO:1903771,related,direct,up-regulation of lactozym,Mistral-Small-3.1-24B-Instruct-2503,-1,0.1546902768894549,-0.2782434229876855,-0.3177151068118629,-0.018527201673597,0.0145498599907329,-0.371659308953163,-0.3591218668033511,-0.1617711881588699,0.968239053834248,0.755970846426545,0.0463188966102073,1.04650181930886,-0.1531148069654211,-0.2908183312855303,-0.3439363415067205,-0.2902778759269451,-0.2370326236242733,-0.5555366092630801,-0.4614680787898526,-0.4068711670182071,-1.189389469909563,-0.8243780592048543,-0.7038587070499871,-1.169131867010982,-0.7515291667767589,-0.665494811929014,-0.5930639911221269,-0.8387951558266349,0.4098259021766896,0.2807785445995614,0.1836440264081472,0.2806933457091103,-0.715818296206207,-0.806056175010249,-0.714508536114068,-0.8224954415612581,-0.877237411110202,-0.7367548284390677,-0.5696332180629691,-0.9494564801601088,related,8
GO:1903771,related,direct,up-regulation of maxilact,Mistral-Small-3.1-24B-Instruct-2503,-1,-0.3920830571956505,-0.6290498538024544,-0.5854390391654586,-0.5659684271298001,-0.4047063095363046,-0.6300586983441016,-0.5577406963613071,-0.5677041365294531,0.8781854300798899,0.5783363143879758,0.028006241150825,0.9097835177934548,-0.4871871720910156,-0.4665006585862294,-0.4871049572203873,-0.5885577865331926,-0.2428475355418887,-0.5566281171478459,-0.466661916347161,-0.4123051092138937,-2.51490413300731,-1.0128544065155425,-0.8546563052516853,-2.077978524331333,-1.2028750041919234,-0.7977042681249097,-0.708865828901751,-1.193237566069372,-0.0369387727336197,-0.0713148443445731,-0.0838588984365789,-0.187240109964322,-0.9303994661925792,-0.8676302200411705,-0.8153563799040986,-0.9965238174317868,-1.6929244094654303,-0.8924343111748387,-0.6529817079310903,-1.52371650150592,related,8
GO:1903771,related,direct,up-regulation of oryzatym,Mistral-Small-3.1-24B-Instruct-2503,-1,-0.1153515452563559,-0.4852362784675463,-0.4552409335123966,-0.3017026556886521,-0.3274615449555664,-0.5800084184028735,-0.5298745345002519,-0.496687073064927,0.504266327947379,0.1498326376670292,-0.016249678729676,0.416108087688779,-0.5699645958896942,-0.4957660888377869,-0.4918772941689759,-0.6593192310822921,-0.6158748913628168,-0.744422489448882,-0.6315022510715554,-0.7433828443600361,-3.0936661615691343,-1.0725425477813724,-0.8827648197813394,-2.443398580067633,-1.4687960924289545,-0.8298515580752314,-0.7154016957370413,-1.3907562074156732,-0.0324530472105901,-0.0720751490851118,-0.1240985425823569,-0.1828653922906776,-1.1825209922480944,-0.9376551824786874,-0.8353702510179506,-1.192058637506306,-1.8972161396570268,-0.9258663619991432,-0.6655191989935854,-1.6567192220981743,related,9
GO:1903771,related,direct,up-regulation of sumiklat,Mistral-Small-3.1-24B-Instruct-2503,-1,-0.4253354458303146,-0.6650172351255033,-0.5727904884210481,-0.5962930700590047,-0.4816163786426404,-0.6844448353253811,-0.5829910369310566,-0.636971381717115,0.6663878661352288,0.336449471317076,-0.0021252740861943,0.6181911334878039,-0.6264289729107748,-0.5326323070767249,-0.5178229361100861,-0.7069577963459749,-0.1023885650636572,-0.4706062493931228,-0.4154003873136517,-0.2783285086402253,-2.0434984026041363,-0.9512636410189133,-0.8113267233415902,-1.76878308988473,-1.4488857607641497,-0.8458004908620577,-0.7431350919815598,-1.376214172690712,0.0503618133035407,-0.0003140031025508,-0.0813772798899521,-0.1010722488563161,-0.6318809681568012,-0.7697553844296535,-0.7220587935800512,-0.7522587168850623,-1.7669587149112045,-0.9087769844387652,-0.6630746973015489,-1.572329967178678,related,8
GO:1903771,related,direct,upregulation of S 2107,Mistral-Small-3.1-24B-Instruct-2503,-1,-0.4378986026135457,-0.6709990909745226,-0.5699067966727915,-0.607678292856854,-0.9039640161130575,-0.8560337999186838,-0.7183312325001519,-0.9954304200570012,0.2127876920867643,-0.248475078478394,-0.0391806070326289,0.0852379921757982,-1.4981051138434636,-0.8905959836689095,-0.787585051501452,-1.391077240574777,-0.4623361505994399,-0.6728429135927134,-0.5043049495578787,-0.6110281795519904,-2.220986745622459,-0.9723566785910344,-0.8153958044066685,-1.8866453052884664,-1.1209458975734312,-0.7553487046358107,-0.672304136292928,-1.130838347056481,-0.7214371254123848,-0.5994790761792629,-0.5337875987526893,-0.8014652308162837,-1.229252526844097,-0.9737004211069508,-0.8587735006172011,-1.22735502476143,-1.9794374914680144,-0.9406337027513674,-0.6753326496649883,-1.7092770714097163,related,9
GO:1903771,related,direct,upregulation of hydrolact,Mistral-Small-3.1-24B-Instruct-2503,-1,-0.1344639514528708,-0.4832645674298979,-0.4694839121525427,-0.3207073001782583,-0.539952790308696,-0.6903543269091298,-0.6222728414001462,-0.6886087507565204,0.2749110109613225,-0.2435927427754101,-0.0312182523439351,0.1528479617487773,-1.0077713633919445,-0.7328695374183503,-0.6763189517107081,-1.0169288261411025,-0.906242334294654,-0.8841053562473987,-0.6281647109111642,-0.9810474815776368,-2.6216922554975026,-1.0267872657101833,-0.8579814245719298,-2.1464406158079394,-1.3690960199354107,-0.8078132751879775,-0.7169294978873783,-1.3175513398351728,-0.2014741878732278,-0.1971300520871657,-0.2373871343354663,-0.3440638963532949,-0.9332260913691524,-0.9587017677964382,-0.8506566910881709,-0.9987669262089798,-1.3365592992633888,-0.8188452948978818,-0.6094215611337477,-1.2823550023636463,related,8
GO:1903771,related,direct,upregulation of lactose hydrolysis,Mistral-Small-3.1-24B-Instruct-2503,-1,0.2172648092614058,-0.2166654931332551,-0.2920556653867502,0.0516181225107832,0.1361398335407493,-0.2589098690276267,-0.2705597031664697,-0.0329697008617482,0.5344680338716382,0.0088001113696532,-0.0225344873723546,0.4526202405729296,-0.7484926941644775,-0.6580496742169331,-0.6218525723893288,-0.8083095751838291,0.0691913126748854,-0.3414631443778327,-0.2917485941518534,-0.1061434710489913,-0.8000077315312882,-0.7447624507535736,-0.6505821044769207,-0.8712647745812602,-1.16561203889912,-0.8621853194561852,-0.7608975406481657,-1.164953644471216,0.5544150387893465,0.2895852354359363,0.3348962206261062,0.4498285348713436,0.3140447864314007,-0.3014955478450018,-0.2969414430119417,0.1613652777405561,-0.742656837842524,-0.7275308952045969,-0.5656937258295605,-0.8461351234596578,related,8
GO:1903771,related,direct,upregulation of lactozym,Mistral-Small-3.1-24B-Instruct-2503,-1,0.0910221172004027,-0.3202551744832705,-0.3410561213281805,-0.0879926534013359,-0.1648375956215446,-0.4800971980508397,-0.4449034554103327,-0.3419407139718245,0.2958373802924758,-0.2414815402323616,-0.0308417113614543,0.1759463241915215,-0.5507223946134306,-0.5078163814773794,-0.4806351980999916,-0.64297003224443,-0.7576282253634011,-0.8187482711657879,-0.6254709206999598,-0.8613288561407488,-1.128990951193476,-0.8105898388294468,-0.6942287977854806,-1.1241536448936735,-0.7712556116546037,-0.6706303095156612,-0.5983671443975376,-0.8548809509284025,0.0293324700828617,-0.0608673675143556,-0.0901160129493464,-0.1220310515204354,-0.9566769290758568,-0.9506564341673528,-0.7523608266912097,-1.0173299220736824,-0.8772245108102443,-0.728869966246045,-0.5608087612393469,-0.949446716479488,related,8
GO:1903771,related,direct,upregulation of maxilact,Mistral-Small-3.1-24B-Instruct-2503,-1,-0.5237014176710391,-0.6944786365406679,-0.6304784772215881,-0.6844244071248031,-0.6720153930183251,-0.7534537502574461,-0.6494445991510778,-0.8028370833374281,0.3677848358091739,-0.0822586948888868,-0.036716215673831,0.2566887300505885,-0.895497886083182,-0.6676956706455672,-0.6255742232539417,-0.9276346455599562,-0.7232746506081985,-0.8001458370812009,-0.6078804933430122,-0.8330959183681598,-2.571332267534172,-1.0195118497227076,-0.8638945246952209,-2.114219802980006,-1.2282224318747117,-0.8067522398123383,-0.7144760865239752,-1.212387417734213,-1.2763665328898837,-0.7749598761839804,-0.6703422600434528,-1.2430189774411329,-1.038594013637909,-0.9505847302641014,-0.8456869220725082,-1.0815338467526023,-1.7861239165404994,-0.8977840757070615,-0.6541133356393968,-1.5848362018155993,related,8
GO:1903771,related,direct,upregulation of oryzatym,Mistral-Small-3.1-24B-Instruct-2503,-1,-0.176206725844968,-0.5125175507692156,-0.4776322633013873,-0.3617963929583713,-0.5887616410108418,-0.7046613439135427,-0.6270946416171417,-0.7312450580509702,0.1489298417809323,-0.2340314342896954,-0.0537475321779575,0.0171545310731784,-1.1147878831070126,-0.7544367129679169,-0.6740098864483739,-1.1006792827210763,-1.0971361037907763,-0.9371075294690562,-0.7290229871291568,-1.129517538771463,-3.051185332574421,-1.067361606735041,-0.8805993011156511,-2.4170053665009155,-1.5407105044547424,-0.8437917572420353,-0.7285879802975849,-1.4429716775665995,-0.2580765368106404,-0.2392477556923297,-0.2479098833541928,-0.3964873602787254,-1.428821986642593,-1.0319835444296444,-0.8988901944863034,-1.3750844006301368,-1.8203633766764744,-0.9008743187375292,-0.652676096916134,-1.6071009150448878,related,9
GO:1903771,related,direct,upregulation of sumiklat,Mistral-Small-3.1-24B-Instruct-2503,-1,-0.5093264409333474,-0.7003684405593747,-0.6018816874066637,-0.6716867764100656,-0.7040467594409638,-0.7782533131912577,-0.6474771125996517,-0.8300172793322387,0.3486996021263927,-0.1410208533971747,-0.0273802823083027,0.2350637488533519,-1.0951082846112052,-0.7331729231839907,-0.6769020149016569,-1.0853735610945003,-0.4812351545501885,-0.689255364562248,-0.5362687877193941,-0.6275965096575006,-1.9474871730221968,-0.9357325849561372,-0.800073142968677,-1.7042088602395,-1.439967455462211,-0.8404779396516006,-0.7348242428555178,-1.369688158614132,-0.3211665214630993,-0.2982466632140563,-0.3192677958425849,-0.4540756691040346,-0.9982749291769246,-0.9471700230404518,-0.81350973321875,-1.0500554924119267,-1.966322530518924,-0.9362795617974854,-0.6739393312816757,-1.7009291892467084,related,10
GO:1904099,exact,direct,down regulation of protein O-linked glycosylation,Mistral-Small-3.1-24B-Instruct-2503,-1,1.1406825570569503,2.4990641394560145,2.4784360686157,1.597567523654824,1.1606496696876467,2.3008065027696403,2.13436976559624,1.5590267510977165,1.2713371645058271,1.7959492636974368,0.1814713972765715,1.6023685361654487,1.413512206737937,2.8777658878129984,3.0287040440286725,1.8246595189410728,1.1587234282709318,1.7940794684574026,1.4085377292541583,1.4544405791359432,1.2812326724005294,3.247875048540789,3.37727460176516,1.8016180297440323,1.3126432363592837,4.299223467636475,4.696645509254353,1.8999153218782536,1.2765733494602145,2.407440122051941,2.302319223794582,1.58408587415478,1.2909704839019809,3.707445841808191,3.829858623697399,1.8401083419376247,1.0445713587900074,1.0784431925177216,0.7147792212275776,1.2337326027682596,exact,9
GO:1904099,exact,direct,down regulation of protein amino acid O-linked glycosylation,Mistral-Small-3.1-24B-Instruct-2503,-1,1.0813388486790048,1.9056080133724416,1.7705212211070178,1.4232103770521118,1.1153221178526629,1.9200789291761,1.723653978316305,1.439414732113436,1.125660000297763,1.1520360488395784,0.1042264046826193,1.3117514940985715,1.2055048464193636,1.5510765412114078,1.413587733065442,1.3683993581163023,0.9253900935343906,0.8788297071060699,0.7067825887154883,0.9942121379325104,0.660028415801387,0.059152977010812,-0.0178281380799745,0.5543854468284426,1.0519773960094507,1.412402606656347,1.2229719793797362,1.194919451215127,1.1158667830618805,1.5621558624586156,1.414791918971163,1.2606653973086677,1.0146589369246428,1.2807679705219783,1.0509048326287054,1.1518871253685614,0.8729287397555892,0.4434490938651583,0.172963429892681,0.8783205026162288,exact,9
GO:1904099,exact,direct,down-regulation of protein O-linked glycosylation,Mistral-Small-3.1-24B-Instruct-2503,-1,1.087556464125183,1.9530391260445603,1.825689924949865,1.4399936631151422,1.0978263196199716,1.8119028397537087,1.5724261194440703,1.3966088535807455,1.1314501102120105,1.27315485588867,0.1078545917402553,1.3223151715999617,1.3136840727882568,2.1192136123898826,2.0465519210869645,1.5849053093710677,1.1289984456106874,1.6300299625641903,1.2744776056075036,1.3866130780307764,1.2659961329218792,2.847122374911661,2.811420564775708,1.7385050898537449,1.29261262398017,3.647426904539513,3.7522741619056,1.817325347329908,1.187974649782918,1.9787660354257453,2.031211160915233,1.3967249759527811,1.2501995969342703,2.985571523087468,2.9877198497266564,1.703618779477978,0.9999141324201172,0.8219331928564912,0.4747536984108452,1.1287032519116655,exact,9
GO:1904099,exact,direct,down-regulation of protein amino acid O-linked glycosylation,Mistral-Small-3.1-24B-Instruct-2503,-1,1.035869537465761,1.5833386421461328,1.4302754419879948,1.308260466534086,1.071818695180954,1.637221052450622,1.4636725395026808,1.335796736222137,1.0936383256274438,1.1384793005205822,0.0932351620820883,1.254502836606914,1.1832397716623384,1.4816128047224408,1.3716196111278958,1.3276247759685411,0.9686810431284104,1.0025891937304277,0.7811006832746857,1.0695896089429575,0.636932873519065,0.0282444033072572,-0.057175527391746,0.5242219182118627,1.0519133822055644,1.38207536899499,1.2004662621732252,1.194794465302637,1.0825293088925791,1.5512265388662183,1.422569414239441,1.201570490908599,1.0105784168164285,1.2655612040978683,1.023412727887504,1.1441919635994695,0.8497370965034677,0.3860824933752454,0.1379380472901009,0.8378968859950632,exact,9
GO:1904099,exact,direct,downregulation of protein O-linked glycosylation,Mistral-Small-3.1-24B-Instruct-2503,-1,1.023555975219618,1.505955194476142,1.344111712867027,1.279146832727311,0.9551427656263424,1.1226647548919737,0.8846960299818024,1.09411358912617,1.192901861004125,1.4576542782730295,0.1322399214441137,1.4389355899567462,1.2086575466029297,1.617301187118528,1.5156224116395065,1.37426277072366,1.1311895718405134,1.644679780426671,1.2828644326667045,1.3914899142587716,1.2123579158674456,1.9935370716296232,1.8356626224120185,1.55703315216312,1.3087881375328845,4.227430975981437,4.538458253660439,1.8830771804783328,1.2095880463921371,2.004351761005684,1.8555603957489528,1.4400910692123043,1.1967189049553573,2.349295980225031,2.358865884247737,1.5519508519999383,1.0288593094534142,0.9641330249378318,0.5923928636140381,1.195384277037567,exact,9
GO:1904099,exact,direct,downregulation of protein amino acid O-linked glycosylation,Mistral-Small-3.1-24B-Instruct-2503,-1,0.9928655806494922,1.342759676017219,1.1301340224798344,1.209656068806722,0.9733110610303392,1.1846787740494282,0.9788128827885644,1.129032730836146,1.0636532918123054,1.0141791049118685,0.0731515214528961,1.2025676846001294,1.0357115870007898,1.0248211472270303,0.9206907393728228,1.0805976364246952,0.8613093752449497,0.7173476381351083,0.5041355564407567,0.8884542538622087,0.5976739884756078,-0.0122146816872805,-0.0826446200670749,0.4740004181136034,1.0440608863517702,1.3909460075480211,1.2041896871946185,1.179553472778332,1.091388836736985,1.4817975014403677,1.326489690541872,1.2170663783019764,0.9257825210287666,0.9798362849645528,0.7643036811151921,0.9926096265289568,0.8396108770485988,0.36540454588287,0.1424632049666701,0.8206409765916997,exact,9
GO:1904099,exact,direct,negative regulation of protein amino acid O-linked glycosylation,Mistral-Small-3.1-24B-Instruct-2503,-1,1.1514686563560677,2.653069831878537,2.7065361125060816,1.6335092088112564,1.2369982890770612,3.2623515277472803,3.439827943406617,1.803803124489056,1.2132875121944,1.5103058817662007,0.1324040417393095,1.4796569935661708,1.3822636975139695,2.510563248435082,2.514459679634009,1.7439357259532542,1.200495283447232,2.0606411497026054,1.9628119607868064,1.556730790712633,0.7002700089621773,0.1109037565183957,0.0451354343038827,0.6081241547470309,1.105375509462709,1.6984542158002984,1.5328759240736374,1.3037985829563603,1.3605885740933863,3.160467634336754,3.178820365849952,1.7929822219832938,1.0548507732112646,1.4508349311953372,1.2487855233616196,1.230002731305376,1.0095207277926863,0.8974846901229637,0.547059360954727,1.1503141782723094,exact,9
GO:1904746,exact,direct,down regulation of apoptotic cell death involved in anatomical structure development,Mistral-Small-3.1-24B-Instruct-2503,-1,0.7966481215291717,0.6203662941099304,0.4149858498454428,0.8360032389825145,0.7929863027786093,0.5777096853653941,0.4719462028012149,0.8131845052251796,1.00990513890344,0.8799833741751318,0.062866074084652,1.1130676104022337,0.9105148238655228,0.8591656888581957,0.6919225304964419,0.8945807205566861,1.0268474492965165,1.1909490916064,0.8838945883767431,1.176824940902918,-0.1887412248601762,-0.5426366110959685,-0.4874142711629622,-0.3546696704240918,0.5764689978802461,0.2112260059642525,0.1538369891569503,0.4674469914999413,1.21311582660844,1.6490589272191094,1.4775930593658475,1.4472986090199635,0.8162325660632588,0.5305132377712073,0.4097716864069681,0.8156766254160654,0.5738703740500509,0.0382382517467656,-0.0948302739895504,0.429096855635746,exact,8
GO:1904746,exact,direct,down regulation of apoptotic cell death involved in development of an anatomical structure,Mistral-Small-3.1-24B-Instruct-2503,-1,0.7292172720498126,0.4581800640965152,0.2771458376918262,0.7264288225860986,0.719287291181913,0.4231253552128831,0.2918743540157467,0.6994284195177134,0.9667619889056418,0.8420021290337155,0.0508231157067077,1.0441833556401894,0.8098729181225522,0.664915477498028,0.5244125889318624,0.7564617399901925,0.8973052142355249,0.7986928145434513,0.5328761543686612,0.9470662705864088,-0.0517576460619296,-0.4775483346710164,-0.4264278378717221,-0.2274512621816454,0.6366305570587618,0.3248248974885714,0.2636209650455225,0.544843806898441,0.5560332821110671,0.1254465882260149,0.0987974989876423,0.4517845493651933,0.7599395464554535,0.4003270643396066,0.2937373132968197,0.7311985160315966,0.5256820775757137,-0.030862830217605,-0.1442470486941382,0.367258177200353,exact,8
GO:1904746,exact,direct,down regulation of apoptotic process involved in anatomical structure development,Mistral-Small-3.1-24B-Instruct-2503,-1,0.856823348197806,0.7853776285372743,0.5377530933382656,0.9405513745562596,0.7155396337353543,0.4112738271305983,0.2997782145152771,0.6938273212868502,0.9483167653782208,0.6710896479564142,0.0522105573599766,1.0154567296043129,0.9995521882079542,1.0620686597374924,0.8738190261835383,1.0250050767543548,1.0063580420862488,1.1180615275182035,0.8442599594910095,1.1381965321126313,0.0941037726322238,-0.4152030239974809,-0.3887300757972537,-0.085774115864559,0.9756444005905702,0.9711372188144376,0.7997724244224229,1.0535974051355168,1.325148507725341,2.46389686308861,2.313845370906625,1.7000574742551446,0.9214567979778194,0.7418460268491402,0.5942733631616445,0.985257931821736,0.6576222174480308,0.1473343279149362,-0.011637757127723,0.5421550548482588,exact,9
GO:1904746,exact,direct,down regulation of apoptotic process involved in development,Mistral-Small-3.1-24B-Instruct-2503,-1,1.1803187257460488,3.128073446297736,3.3711863888840474,1.7392231027093767,1.1471756530371615,2.119223345347344,2.023300507934855,1.521989939462285,1.384452705608232,2.6553173093795834,0.352733607088931,1.8820277702759207,1.3931527586312284,2.851366745884844,3.028752869451652,1.77136748296836,1.2431142012291456,2.3917710247448887,2.063164784599298,1.6718742522448278,1.299200942686766,3.860490158173288,4.2738903908225865,1.8879267426842168,1.3255785097878945,4.693775007686401,5.319855853278478,1.960673503305217,1.403768447541699,3.383399771794481,3.415555372890943,1.9192941855422767,1.3440179601861535,5.172607305197422,5.82772430635773,2.071073186567819,0.958281252372332,0.8086367480187101,0.4874203925176374,1.040119261093432,exact,9
GO:1904746,exact,direct,down regulation of apoptotic process involved in development of an anatomical structure,Mistral-Small-3.1-24B-Instruct-2503,-1,0.7684001381255923,0.5390637906231434,0.3384626026404331,0.7892153446743813,0.6454127780139525,0.2830212212529904,0.1463413790659452,0.5919188082311067,0.9730985897523072,0.8000213281105487,0.0492510582836835,1.054148872780744,0.8834752390097687,0.784080367093709,0.6149392419531919,0.8565838156561472,0.8519030907494536,0.6844584136856732,0.4667548820434885,0.8734512778783481,0.3836832110463475,-0.2222533864350645,-0.239705340200625,0.2197054108549438,0.986747737580576,1.0451712437504552,0.9069964317152224,1.073279023905322,0.670556621025458,0.2805339923366583,0.1957345471860037,0.5942670339740609,0.7472283116894826,0.2707457514370319,0.5010659710207187,0.7126383997027043,0.6086227501123478,0.0657019905885333,-0.0743021648937004,0.4750906978912981,exact,9
GO:1904746,exact,direct,down regulation of apoptotic programmed cell death involved in anatomical structure development,Mistral-Small-3.1-24B-Instruct-2503,-1,0.7908657322117322,0.6077129636223022,0.3931279688227652,0.8263151139849384,0.7757646286815656,0.5312440352541296,0.4513349826502313,0.785954734365428,1.0316296928781394,0.9441757271543226,0.0654723411435093,1.1487206535009833,0.6860411783325472,0.4818510844460432,0.3570075927925331,0.5974355589275365,1.0136747614296326,1.1437264686498478,0.8504190737356034,1.1518780976633585,-0.2349536065047625,-0.5618777836470294,-0.4962791312818354,-0.3964611655804672,0.4786926013531699,0.1183460898865294,0.0530101320072464,0.3472782300824957,0.9590100815518556,0.7453411270908876,0.6235653227870652,0.9989167794476216,0.7096407737129914,0.334130242128937,0.2897331687952972,0.6587753238727801,0.5908936098743541,0.0588457276899685,-0.0829317113279862,0.451472710965138,exact,8
GO:1904746,exact,direct,down regulation of apoptotic programmed cell death involved in development of an anatomical structure,Mistral-Small-3.1-24B-Instruct-2503,-1,0.7262263091011982,0.4496744214686742,0.2589805174953952,0.7217301349272474,0.7069804376358992,0.3969436083828174,0.282455878147632,0.681096967176647,0.9000543038430799,0.695972951046526,0.0404040115058052,0.9421636884468833,0.6461995338459673,0.4299614028928273,0.2883906181652458,0.54844170822881,0.9094428434593248,0.8299115453049991,0.5719381441185134,0.9672822317046924,-0.1872831354941332,-0.5373751165755192,-0.4668467727089768,-0.3533422626080438,0.5594869919448119,0.2337455334261756,0.1556509596979015,0.4461009558579827,0.4888847373427619,0.0812983361234463,0.0342796763518409,0.3718384886991956,0.7698055692328657,0.4367864351806245,0.3010657491734054,0.7457301733804579,0.5307493153991347,-0.0255284323635349,-0.1401252012209334,0.3736611581579415,exact,8
GO:1904746,exact,direct,down regulation of programmed cell death by apoptosis involved in anatomical structure development,Mistral-Small-3.1-24B-Instruct-2503,-1,0.7054383518339813,0.4132733776229598,0.2115276643365363,0.6894200053438244,0.6592409040294666,0.3000839568990407,0.2291704194889122,0.6115980366764953,0.938124709488622,0.7531563509170127,0.056316114791148,0.9997584812808636,0.5596067612670728,0.3176210624363161,0.2013438548007601,0.4451226582589808,1.001256218586624,1.1006701877883602,0.806279782837477,1.1287282812729285,-0.3934179525597134,-0.6218590324970457,-0.5419991555933388,-0.5359313122518593,0.4304009138863555,0.0501877570643244,-0.0300712265079493,0.2901888686454529,1.151628934101932,1.5096647256302895,1.3455218264587745,1.3266129888430218,0.7668760017129878,0.4341431863974036,0.2911642360703782,0.7414035448137027,0.5818525636519347,0.0361296004623269,-0.1009396843035996,0.4395528694348855,exact,8
GO:1904746,exact,direct,down regulation of programmed cell death by apoptosis involved in development of an anatomical structure,Mistral-Small-3.1-24B-Instruct-2503,-1,0.6392582560376897,0.2767268849346687,0.1253616235454004,0.5902887079089072,0.6246577758228676,0.2503751880370534,0.1480950886025092,0.5627396192244323,0.9629711891279524,0.8201708796550146,0.0628751421661355,1.0382455771785488,0.5523561242120121,0.3162466650917827,0.1928373061436693,0.4366548269584172,0.8721526409463968,0.73519972762669,0.4936666597876551,0.9059065484007008,-0.3288318954999906,-0.594168807056843,-0.5147606976681957,-0.4797707147975324,0.5139185413961911,0.1616917304495583,0.0722269176045689,0.389829860262266,0.948687243376664,0.9135663029358924,0.7692194187532609,0.9829650249404548,0.7088808590537355,0.3238591902158009,0.2467528067993175,0.6577014765179667,0.5070478522926813,-0.0595151195116306,-0.1636327546904815,0.3439035033060681,exact,8
GO:1904746,exact,direct,down-regulation of apoptotic cell death involved in anatomical structure development,Mistral-Small-3.1-24B-Instruct-2503,-1,0.7798272573778993,0.5769038547003876,0.4061055427747247,0.8079806345643126,0.741270804371849,0.4627808503269415,0.3710802100025314,0.7326259252717365,0.8798125875885265,0.6563747301133749,0.0364275543761268,0.9121758574310486,0.8153403833668507,0.6801710920734707,0.536077234951984,0.7637435401333661,0.983247494721367,1.0413485199413317,0.7543246271346411,1.0957605717034955,-0.1530720387019771,-0.5291751940274557,-0.4781193957228424,-0.322038242153802,0.535141359906282,0.1744264362812929,0.1330911350948137,0.4158592937160234,1.176106880426827,1.6440585785551871,1.4883703195684603,1.3734616694049837,0.8071843630132113,0.5116535117454756,0.3936746740252371,0.8018341206294178,0.5161250193549827,-0.0381847021837372,-0.1469106889454315,0.3552428772418628,exact,9
GO:1904746,exact,direct,down-regulation of apoptotic cell death involved in development of an anatomical structure,Mistral-Small-3.1-24B-Instruct-2503,-1,0.7264772941371,0.451522556709178,0.2726186305399326,0.7221239305706398,0.7032824797493447,0.3946688019972938,0.2659704466819576,0.6756231631387811,0.7898851955425016,0.5236547855472438,0.0242953528360968,0.7837260993176123,0.7253610587201581,0.5256070477061188,0.4046697706368551,0.6467726879534648,0.9479042396769528,0.9361962329602348,0.646758891910604,1.0329819745284474,-0.1581955076480728,-0.5254052705912177,-0.4667875624505598,-0.32674598818399,0.6027399368101835,0.2932832023078475,0.2369728573527884,0.5008938577443316,1.0563730032904903,1.209238371300787,1.0213371412817809,1.156646819626119,0.7870069488481176,0.449512226390955,0.3519483525725639,0.7713379273462252,0.4551963866423295,-0.1153386354920002,-0.1988559427859942,0.2804197223973109,exact,8
GO:1904746,exact,direct,down-regulation of apoptotic process involved in anatomical structure development,Mistral-Small-3.1-24B-Instruct-2503,-1,0.8516791978359285,0.7659212673579601,0.5378022215652538,0.9313289291328916,0.6818549803869545,0.3487841213104166,0.2480713656977861,0.6442095673403629,0.7745869131097167,0.5007453740920194,0.0260613122983856,0.7625848898725319,0.9424665269340196,0.9271157745902292,0.7562887106724889,0.9404052185634676,1.024654162192696,1.1806566020226044,0.8996629221362986,1.1726424533691524,0.0923585529919601,-0.4178974320166382,-0.3937345660534542,-0.0875115163232021,0.934259680243714,0.863610573704122,0.715930248680438,0.982484890261918,1.24421972422073,1.9688340843378835,1.877827333196443,1.5125578658696952,0.910420520922701,0.7163302826911837,0.589052425152667,0.9666507620989752,0.5964897599960446,0.0518296866143699,-0.0791187011426647,0.4588923853678738,exact,9
GO:1904746,exact,direct,down-regulation of apoptotic process involved in development,Mistral-Small-3.1-24B-Instruct-2503,-1,1.1472512734536282,2.583043217515216,2.597329057920877,1.6192584166042543,1.1153096929626618,1.8648451020899004,1.69235089675336,1.4393837391303093,1.362268252574209,2.516397289369805,0.249001440383954,1.8215514562814383,1.2392581509567493,1.8770273160328024,1.7573982979237814,1.4324191493394487,1.2220067840566196,2.2132310283535293,1.9311175090105748,1.6132735861001968,1.2788557661569802,3.125645720308698,3.1731279171442,1.7912699674765975,1.294256596319466,3.7398597675791327,3.899461123993883,1.8236908435037469,1.291581322181468,2.2247338163398696,2.518496704704348,1.618714249657605,1.3092384605742502,3.840846534727647,3.9208688519503374,1.9103943456015329,0.8997706518837675,0.590137201633517,0.3050466517224817,0.9268194701947986,exact,9
GO:1904746,exact,direct,down-regulation of apoptotic process involved in development of an anatomical structure,Mistral-Small-3.1-24B-Instruct-2503,-1,0.7805322402765266,0.5708820776075826,0.3684023408419749,0.809145413743677,0.6388772858734141,0.2745392487349694,0.1431047445328369,0.5826849961755914,0.8534678761182779,0.6091831631975249,0.030241490672155,0.8737653544997025,0.8129412514266934,0.6515009260199192,0.4678707129767241,0.7605453426857086,0.9222417001252616,0.8617447285951108,0.5951007247551318,0.9888614763730308,0.2973920067805292,-0.2863430854637169,-0.2922433133900785,0.1247441002177927,0.9699023216088484,1.003470129357246,0.8828921465936952,1.0435235136007803,1.095019253950437,1.3338972680554897,1.1550138040896636,1.2234588326014528,0.7551763184454617,0.2911199102539388,0.521548860857702,0.724222406988761,0.5428322523516017,-0.0266221179754003,-0.1334408095866111,0.3890215044294757,exact,9
GO:1904746,exact,direct,down-regulation of apoptotic programmed cell death involved in anatomical structure development,Mistral-Small-3.1-24B-Instruct-2503,-1,0.7697051212624005,0.5523129906329971,0.3698097775279238,0.7913475435484347,0.7690870268616405,0.5174852291489402,0.4345092278812059,0.7755075466930169,0.9776771831487714,0.8424395366275804,0.0504328704961617,1.0613811982202788,0.6280139663023098,0.4073011290145311,0.2777690129837586,0.526394880697888,0.9732556133735208,1.0099580089605915,0.7347257578132643,1.0777623842916983,-0.2511135265209069,-0.5692602162916682,-0.506835734459682,-0.4109502465474339,0.4569111910512052,0.1018226055307326,0.0470566564962184,0.3213562083624202,1.0723706899128267,1.2712176988444213,1.0955883092722254,1.1839795229187775,0.7624444768091998,0.4253240380337829,0.3394223244693074,0.734877473800696,0.5554079807624563,0.0074093779961527,-0.1221884806014585,0.405149552668642,exact,9
GO:1904746,exact,direct,down-regulation of apoptotic programmed cell death involved in development of an anatomical structure,Mistral-Small-3.1-24B-Instruct-2503,-1,0.7295280485347104,0.4579429926667233,0.2767524586436595,0.7269177769842352,0.7186474093468603,0.4216219580434353,0.2937295464355416,0.6984708985373067,0.8540236035171594,0.6281233821512808,0.0345414781584979,0.8745686191872197,0.5946571041886304,0.3646255002090067,0.2487935170808928,0.4864459522393216,0.9261312733143022,0.8735581990020477,0.6157102107087319,0.9954742397807478,-0.1551005855664719,-0.5253628435628432,-0.4591486744656036,-0.3239030278806379,0.5288888014184097,0.200880175433883,0.1279416340678143,0.4081589938978936,0.947061180093256,0.927910426172586,0.7370657483986894,0.9804644851302586,0.7894818543517333,0.4727715490177571,0.3389461719564333,0.7750514601920427,0.4900339046843477,-0.0766914162921887,-0.174901306999188,0.3228350551047956,exact,8
GO:1904746,exact,direct,down-regulation of programmed cell death by apoptosis involved in anatomical structure development,Mistral-Small-3.1-24B-Instruct-2503,-1,0.7104872530271094,0.4215255312604175,0.2518534246533419,0.6972125537051895,0.6497203320661823,0.2819344531819094,0.205099138411296,0.5980281942441964,0.9532936813909192,0.8138056483866496,0.0512113328833807,1.023167118879168,0.4888651328691016,0.2358924809739994,0.1403160624178916,0.3636235878983185,0.970839756248328,1.0023238149814018,0.7186723713434833,1.0734410998003658,-0.4335694134357483,-0.637044148965951,-0.555680521039706,-0.5704000966655213,0.4025483854960687,0.0328603737850458,-0.041219062944283,0.2578771982571362,1.05646586533553,1.2276706803882091,1.0843176962323908,1.1568042101877036,0.7825947256336993,0.4637175199219759,0.3118762914724292,0.7647358706790174,0.5226272865457084,-0.0443296198741217,-0.1526326428925901,0.3634090183004005,exact,9
GO:1904746,exact,direct,down-regulation of programmed cell death by apoptosis involved in development of an anatomical structure,Mistral-Small-3.1-24B-Instruct-2503,-1,0.6796077506182986,0.3543605496270222,0.1777394946981145,0.6500801994418061,0.6427414266637324,0.2799976505687502,0.176276555805902,0.5881393941296568,0.7961124982026835,0.5080561960582238,0.0361131893414789,0.7923876409097124,0.4661950151812442,0.2125868080995818,0.1072254419405468,0.3380120191464293,0.9274645325685456,0.878068333262906,0.6113604824233555,0.9977469380136916,-0.3405547970931763,-0.5992966273619027,-0.5189299518865461,-0.4900318308065581,0.4632803606722717,0.109482415157735,0.0246516702501291,0.3289062738951838,0.9167632272823906,0.8845993006650812,0.7412691299860582,0.9344585700154708,0.7525284126149034,0.3993816677510537,0.2947622456941584,0.7203553592727828,0.4592935219089244,-0.1201514766574788,-0.2014422277539502,0.2853592151448825,exact,8
GO:1904746,exact,direct,downregulation of apoptotic cell death involved in anatomical structure development,Mistral-Small-3.1-24B-Instruct-2503,-1,0.732425848062796,0.4667420224970361,0.309744067868841,0.7314836888151431,0.6677084665651641,0.3298000675660419,0.2293951435269602,0.6237456515530049,0.9939010364917432,0.8732345260032907,0.055593075243017,1.0872268944643488,0.7186219470651071,0.5346975436177415,0.3772313360644962,0.6382443151215513,0.8788859243114245,0.751674696214696,0.5428776883847802,0.9168307188706454,-0.2952760642210562,-0.5809630491732463,-0.5140265280638304,-0.4502282855527174,0.5957648785739896,0.2631326233167805,0.2038680927892416,0.4919620429557382,0.5523144015810243,0.0790689238394683,0.0402125222063758,0.4472916712513327,0.7407350804100655,0.3806921480520295,0.2433310168149318,0.7032262958680481,0.4758595711027235,-0.0619084363385163,-0.1510070719627511,0.3054626571227775,exact,9
GO:1904746,exact,direct,downregulation of apoptotic cell death involved in development of an anatomical structure,Mistral-Small-3.1-24B-Instruct-2503,-1,0.7039129746351761,0.4070543598039113,0.2479569368845536,0.6870724929964537,0.5815286529624397,0.1948976980079977,0.0800737555715627,0.5034046808255153,0.8838246777085683,0.6506900248937723,0.0327487282636069,0.9180861371494408,0.6613949917455333,0.4462568745213574,0.3121889384766373,0.5670134957496993,0.7403609360577437,0.4564384884490881,0.2865717175169934,0.70419486417202,-0.1555021876453821,-0.5203985132872122,-0.4557507881045769,-0.3242720790695191,0.6327261227529343,0.3378876791154964,0.2757848994132344,0.5397326433537292,0.3765548976817329,-0.0352445587747966,-0.0577623113151518,0.2432206472300599,0.5837487217478718,0.0963730799495933,0.055679666325248,0.4881490751186797,0.4352447827276073,-0.1128517946808873,-0.1854609065818605,0.2565454631173077,exact,8
GO:1904746,exact,direct,downregulation of apoptotic process involved in anatomical structure development,Mistral-Small-3.1-24B-Instruct-2503,-1,0.8005741949301074,0.6219035763506902,0.430163839501379,0.842614767921458,0.4512008755192035,0.0043654810272463,-0.073425866229957,0.333490514932913,0.8453317037223255,0.5897656182528942,0.0305129669705708,0.86203870216337,0.7869779586055473,0.6385083257199048,0.4746833510517628,0.7262236654165654,0.9404340982800016,0.9138700817590444,0.6921839411433408,1.0200176856276186,0.1433228455986504,-0.386039278916103,-0.3692317992073757,-0.0363189788238338,0.9799488192378782,1.0400629209675811,0.8759046830642995,1.0611953526701237,0.5597301689988634,0.0869756113230381,0.0152277814534762,0.4562587159829905,0.8426580085650369,0.5132866819282217,0.4123885825465232,0.8567256116294804,0.6028201951913326,0.081469280649161,-0.0588526522477244,0.4673246482105661,exact,9
GO:1904746,exact,direct,downregulation of apoptotic process involved in development,Mistral-Small-3.1-24B-Instruct-2503,-1,1.0470227284517375,1.6440357458616657,1.425560390085598,1.3353128932992082,0.9582055010115949,1.077253603495164,0.936235041329499,1.0999411488624506,1.353542870588445,2.3450084211012587,0.2423576261840848,1.7986626212204984,1.1847452699573229,1.6660459503642089,1.585392726664988,1.330347849675399,1.2009533887339412,2.057490627620514,1.7228026645119223,1.5579048694235995,1.2639565572124145,2.7661865731762587,2.710571121873457,1.7305747492553845,1.3112280012427917,4.279848082239521,4.628717450727192,1.8936741996666693,0.7057063713158521,0.2248720118398586,0.1390153564909862,0.6397437453054506,1.2809471881000754,3.0318376246274075,4.069188879074177,1.8042898258215152,0.9939051726997774,0.9641915239546408,0.5859299619722573,1.1154265882047696,exact,9
GO:1904746,exact,direct,downregulation of apoptotic process involved in development of an anatomical structure,Mistral-Small-3.1-24B-Instruct-2503,-1,0.7589238887091319,0.5198574809904188,0.3420900875861105,0.7738140188642648,0.3972706404697609,-0.0544372167176204,-0.1319897897029393,0.2667621334307268,0.7884173670803587,0.4515730157565388,0.0173011473386198,0.7816892467347377,0.6805626552933727,0.4534576042375214,0.3217395482975755,0.5906404732793394,0.7952687442430311,0.5641794158219913,0.3690763667158887,0.7856265924249961,0.3601571635051938,-0.2396852298530644,-0.2617065563209774,0.1934393032125804,0.987510194989922,1.088492602556675,0.952403557118605,1.0746405363237788,0.3381031685687644,-0.0696926395402739,-0.1164807784092394,0.2005224476813485,0.5897637000573528,-0.012091260356471,0.2829817727623452,0.4959945227044149,0.5644423188288976,0.0206557927417503,-0.1031075931058225,0.416827092005285,exact,9
GO:1904746,exact,direct,downregulation of apoptotic programmed cell death involved in anatomical structure development,Mistral-Small-3.1-24B-Instruct-2503,-1,0.7216891114715709,0.4447949147512688,0.2853793444599272,0.7146267088299963,0.7181977836399484,0.4219144094357234,0.3285781570916888,0.697798368503691,0.9729042391038064,0.8109431402808444,0.0486830459054216,1.0538424672220637,0.5081142964606575,0.2633624229776342,0.1548537977993698,0.3855583770906005,0.9168611238804224,0.8486940881187093,0.6174624064873921,0.979756266687911,-0.3252410556997356,-0.5928864253036753,-0.5224146761194497,-0.4766215117140031,0.4919728154065438,0.1547504512280522,0.0855872893668071,0.3632270423647876,0.4692683634495048,0.0143528716366833,-0.037127720822569,0.3489350733472169,0.655551006202859,0.2514680370645701,0.1636118918521757,0.5837385033124491,0.493216150677936,-0.0472560508098187,-0.1418327104227787,0.3267575297301641,exact,9
GO:1904746,exact,direct,downregulation of apoptotic programmed cell death involved in development of an anatomical structure,Mistral-Small-3.1-24B-Instruct-2503,-1,0.7119855154990442,0.4233804840488991,0.2684529368903833,0.6995316721942242,0.6161047921684131,0.2502413861364996,0.1278250268121935,0.5508362232046752,0.8997818280824095,0.6842733563020289,0.0384124806809713,0.9417571792418754,0.5157540040761739,0.2762299087245933,0.1636759256699021,0.3943129716450235,0.7736362346899845,0.5197740992355218,0.3452958696618264,0.753134563072082,-0.2023926531031282,-0.5408132425672408,-0.4692809885061683,-0.3670711582708123,0.5550223349221708,0.2427239323203523,0.1548582755352545,0.4405236895988755,0.3575377283527856,-0.0339833908385836,-0.0721876849239216,0.222023484783581,0.6107903885547098,0.170112293471795,0.0541540766633689,0.523646327129484,0.4436439100241269,-0.1065745904466764,-0.1841690172632877,0.2665600408858921,exact,8
GO:1904746,exact,direct,downregulation of programmed cell death by apoptosis involved in anatomical structure development,Mistral-Small-3.1-24B-Instruct-2503,-1,0.6900045102495348,0.3843631261556779,0.2266350991652611,0.6658101861019449,0.6427049285493543,0.2814703924621931,0.1724155982051656,0.5880878061101773,0.9544678671900796,0.7829826288552459,0.053555640725878,1.0249905402167547,0.4266973909796988,0.1766581150490838,0.0863102726614614,0.2939406897505315,0.8975407495008612,0.7971891911522859,0.5717402410996221,0.9474563232685372,-0.4164408565872327,-0.6267352953445362,-0.5482378061833167,-0.5557363278934805,0.3851541632821058,0.012752471740058,-0.0621342595979914,0.2379150351144924,1.0582639677760648,1.181701064286158,0.9797716499439229,1.1598546646209185,0.6830008679959952,0.2918702767112683,0.1556285926919931,0.6214708460705193,0.4880648028987903,-0.0605302874052867,-0.1555727431656066,0.3204120355770792,exact,9
GO:1904746,exact,direct,downregulation of programmed cell death by apoptosis involved in development of an anatomical structure,Mistral-Small-3.1-24B-Instruct-2503,-1,0.6768580392138891,0.3526805382477445,0.1995169895964433,0.6459428588409643,0.5792308248678755,0.1916787648149493,0.0758164164385936,0.5002904542368495,0.8352608764550589,0.5417890839894159,0.0483598732272761,0.84760962243022,0.4254327068842386,0.1804594051866292,0.0720589626767246,0.2925407996064817,0.787200040749766,0.5478890151721316,0.3618189761073499,0.7734428138142636,-0.434105643484293,-0.6273011768070904,-0.5444120700717757,-0.5708582014222708,0.4522822183408815,0.0983243901909497,0.0105129391067217,0.3158842492340912,0.2363996793459254,-0.1411784093256547,-0.174471965282581,0.0905121044412595,0.5847373971700269,0.1268828590263121,0.0661763124299141,0.4894366775021173,0.4199997242494862,-0.1373095211415914,-0.2108487222114081,0.2384985241849626,exact,9
GO:1904746,exact,direct,negative regulation of apoptotic cell death involved in anatomical structure development,Mistral-Small-3.1-24B-Instruct-2503,-1,0.799888679014874,0.6264527008569286,0.4355595711834277,0.8414583794517936,0.8454923348116846,0.6994176911801583,0.5478238539541068,0.8989414648105811,1.1218107028991389,1.212923450367143,0.0951102890149588,1.3047657952553375,1.0472075981923596,1.1250812250074758,0.95859828009063,1.0986281968206033,1.1271897940777835,1.619070952976492,1.271636817774681,1.3826014491036414,-0.1256645983413569,-0.517156558814762,-0.4682955729767444,-0.2967345319879551,0.6284249659555058,0.3139706326317761,0.2210558418062041,0.5341168143908757,1.254439925398772,1.96637444160836,1.8527848911904,1.5347224450466552,0.7400988395382521,0.3862189943048363,0.3343279095819235,0.7023065156099515,0.7469996236516051,0.2924187680792312,0.0815948637641942,0.6722926842860376,exact,9
GO:1904746,exact,direct,negative regulation of apoptotic cell death involved in development of an anatomical structure,Mistral-Small-3.1-24B-Instruct-2503,-1,0.6994640736802289,0.3896626013818854,0.2335163437389183,0.6802435446953851,0.7819095133426968,0.5465872147054014,0.3965144035624166,0.7956227254846981,0.9840168628175916,0.9151368458009264,0.0761290145535201,1.071439767471804,0.9474036275722232,0.8866362907620442,0.7093416172322234,0.9475796780593434,0.9896458426173383,1.065708999893955,0.7730482902238569,1.1073943039637968,0.0095931563715732,-0.4485299372680719,-0.4050341312022101,-0.1687023179484978,0.6601913064700238,0.3831661066604663,0.3087804214344862,0.5759614164270935,0.996402205856159,0.9380578754558416,0.8154292900833028,1.0578680306986217,0.7563394239493273,0.3997419168229593,0.2640375870032815,0.725923506577291,0.7182598193936363,0.229782522064327,0.0285571845479482,0.6292269792586471,exact,9
GO:1904746,exact,direct,negative regulation of apoptotic process involved in anatomical structure development,Mistral-Small-3.1-24B-Instruct-2503,-1,0.885265306185919,0.8746050620940937,0.6633009692633014,0.9926123433156168,0.8343557505926422,0.6722365443063053,0.5396608000909342,0.8803878174360509,1.0465665985605437,0.909481571318949,0.0672556457634186,1.173638379517158,1.1638988693281067,1.5060074005622417,1.3733913944360407,1.2930584944099874,1.197913039024508,2.0378302172248666,1.753229237627408,1.5501358386115476,0.1647393413105292,-0.3752319780716531,-0.3604291149010993,-0.0145156322923797,1.0298163879277529,1.215755628941623,1.029641771612212,1.1523510433904876,1.402492816291415,3.340383981846717,3.3725530018990946,1.9153043999440724,0.8994492977095321,0.6965946467220296,0.512590904083106,0.9483600751187332,0.8560154144869263,0.5207086978607783,0.2404291159771523,0.8487131884797103,exact,9
GO:1904746,exact,direct,negative regulation of apoptotic process involved in development of an anatomical structure,Mistral-Small-3.1-24B-Instruct-2503,-1,0.7591880834837654,0.5127666781408431,0.3585938732541089,0.7742414742820146,0.7654519699807161,0.506485052185843,0.3542003524448147,0.7698458854972614,-0.8057786564232928,-0.6058218849345485,-0.0868036756202168,-0.8796561679943167,1.0403132678610847,1.1037422805522,0.9705744410536292,1.0877936089383875,0.9633588104814068,0.981389808418725,0.7157592761702143,1.0601331111453876,0.4486898854349289,-0.1687925338150289,-0.1884803371199814,0.2938741419696049,1.0239034695585891,1.212815621864769,1.066722422042298,1.1412207807644954,0.886277106643418,0.644501446414934,0.5100006691460411,0.8892336452080462,0.804620097836588,0.3987370305657738,0.5104453786465085,0.7979302418354484,0.8407925445247326,0.4712303901768488,0.2094654354882466,0.8226428221536352,exact,9
GO:1904746,exact,direct,negative regulation of apoptotic programmed cell death involved in anatomical structure development,Mistral-Small-3.1-24B-Instruct-2503,-1,0.7889239006181757,0.5992280158418458,0.3862434119848014,0.8230747129648113,0.798202426912164,0.5741662774207016,0.4588597889693455,0.8215155000543808,1.1057812002046676,1.159604120500994,0.0865179124343592,1.2759848550602395,0.8471864230620869,0.7090539809572335,0.5587736123609706,0.8066417153697939,1.1001810300278856,1.4879876013464803,1.1818702448814231,1.32411746010552,-0.2340739610421497,-0.5625310868084727,-0.4980426214635546,-0.3956706415979862,0.5330431749712581,0.2118699133641252,0.1223188977999397,0.4132723061201519,1.1789460152670186,1.5868673985846091,1.4305382803067088,1.3789930892316251,0.6152333514966427,0.1946546984874071,0.2290027038849332,0.5295351414577076,0.7491503616605683,0.2950352576818606,0.0829657514553179,0.6755664486012053,exact,9
GO:1904746,exact,direct,negative regulation of apoptotic programmed cell death involved in development of an anatomical structure,Mistral-Small-3.1-24B-Instruct-2503,-1,0.6907373031244394,0.3686891672758536,0.2006277324903133,0.6669241070924012,0.750544431646363,0.4766047271343204,0.3450051573846223,0.746810509665808,0.825505243605856,0.6119775997549824,0.0385008391075028,0.8337210725837708,0.7961153831048389,0.6275142704882846,0.4734182395822633,0.7382431016654644,0.981540404266177,1.0388151095082,0.7504234749631211,1.0926711249629772,-0.1680446465113436,-0.5304422486688476,-0.4643222870503935,-0.3357763897189837,0.5913617889678251,0.2989637761809205,0.2039213685707246,0.4863430896277143,0.7945650847192599,0.5022043462731959,0.4261705755231844,0.7589218996409239,0.7561285351210296,0.4132489788199708,0.2749802491630849,0.7256149585096143,0.6960645953102548,0.1929386167651477,0.0022239248021677,0.5967889190101825,exact,9
GO:1904746,exact,direct,negative regulation of programmed cell death by apoptosis involved in anatomical structure development,Mistral-Small-3.1-24B-Instruct-2503,-1,0.691379713576443,0.3835219507521657,0.2092163968028834,0.6679012095492249,0.6658913264025144,0.3030955803837895,0.2092608548048477,0.6211324557634503,1.0674240792459906,1.0473757508086854,0.0845969550295889,1.2090152980593514,0.7173449765308957,0.5033646616615612,0.3767263902986897,0.6366317400281475,1.0611815761857737,1.3203603986260788,0.9917474565599068,1.2438932533745868,-0.412715769122342,-0.6293546908147878,-0.5538372731512102,-0.5525393351439885,0.4733480603255187,0.1149270613182541,0.0136457849594938,0.3408908128675643,1.089491029784934,1.2841648406295458,1.107779220825992,1.2137346493689949,0.7435352551234286,0.3921838864592707,0.2806310468166541,0.707279580863992,0.7498382056543178,0.2869224781787489,0.0597614203796727,0.6766150044206625,exact,9
GO:1904746,exact,direct,negative regulation of programmed cell death by apoptosis involved in development of an anatomical structure,Mistral-Small-3.1-24B-Instruct-2503,-1,0.6237117840493205,0.2461381954145465,0.1055582008248609,0.5677557103474907,0.6540915636796674,0.2910320379657404,0.1814527447982259,0.604247085174658,0.9102848450096096,0.6891601473317668,0.0542501846601592,0.9574841368405398,0.6990885571904394,0.48666594361543,0.3490479867466707,0.6136951885957871,0.9142723968357168,0.8421949143773315,0.574752903536007,0.9753928745867928,-0.3154436383163244,-0.59098249318676,-0.5196746408071524,-0.4680143523235419,0.5274629652898091,0.1935280249535256,0.1072198730699791,0.4064067455029748,0.8953111173829775,0.7916593628458355,0.6806360453519459,0.9025282585356352,0.7338064888037559,0.3694061725944412,0.2476959188093028,0.6932334574164157,0.6811616527870143,0.1614104764651404,-0.0271736405390547,0.5753841281237382,exact,9
GO:1904746,related,direct,down regulation of apoptosis activator activity involved in anatomical structure development,Mistral-Small-3.1-24B-Instruct-2503,-1,0.6208550042362437,0.2527765964117479,0.0811748495654306,0.5636441872012063,0.6872699027605256,0.3553334312853003,0.2583799251414466,0.6520998823061218,0.8468276264366279,0.4733491750850545,0.0330740365694817,0.8641900765374138,0.590035355478375,0.2991370765457841,0.1729646191849089,0.4809594527135423,0.8293111531431104,0.6352141844574426,0.4655817306135504,0.8379159206768725,-0.3110271563633101,-0.5908706747780434,-0.5208803040250783,-0.4641273271271224,0.2485193491398888,-0.073351391098078,-0.1290546815512306,0.0863954256126094,0.6118389724515589,0.1580034333064005,0.1150080731539558,0.5201839805456572,0.4398782184510272,-0.0471152870615333,-0.1245281233212933,0.3082446608021938,0.4838840736884688,-0.0469869141957015,-0.1688983382214431,0.3152779362350428,related,8
GO:1904746,related,direct,down regulation of apoptosis activator activity involved in development of an anatomical structure,Mistral-Small-3.1-24B-Instruct-2503,-1,0.5799611293700084,0.1847239802899456,0.0318118764597969,0.5057341813626225,0.6133433603656856,0.2400664898867479,0.1242954615544248,0.5470078266895394,0.9398934928163644,0.6983163344337765,0.0483044557532659,1.0024741084314364,0.5786253493580639,0.2972198152296931,0.2024226707347434,0.4674639575478716,0.8178196252434898,0.6121140480610423,0.409079777232071,0.8201007959900274,-0.1346097522220811,-0.5199812352313633,-0.455813979473164,-0.3050155194889553,0.3870142331759221,0.0586987806527206,-0.0186736505188863,0.2400419316951326,0.4208280995234882,0.0109283286085518,-0.0260361268075947,0.2931966676752963,0.358139138357606,-0.1854408311000295,-0.1109403597739048,0.2118504797927844,0.4446578736008094,-0.0964141073848314,-0.2011474408194839,0.2677725314027264,related,8
GO:1904746,related,direct,down regulation of commitment to apoptosis involved in anatomical structure development,Mistral-Small-3.1-24B-Instruct-2503,-1,0.6897938496792348,0.3834812842231533,0.1840407916487676,0.6654900887640722,0.658882135330687,0.310474044816854,0.1878608367785556,0.6110849912479913,0.79478975923457,0.3858786078802781,0.0564910571038077,0.7905451082594168,0.7164710011877247,0.4390185270711627,0.3260833848726615,0.6355287003094524,0.9705912557390282,1.0052142383924343,0.7714868258727695,1.0729972636068503,-0.350098931347275,-0.6062836945183033,-0.5228208812577745,-0.4983634423820191,0.5021045288636772,0.0836099039711364,0.0267604333895465,0.3754699993491435,0.3536155288188662,-0.1087579064561774,-0.1451813287183956,0.2176712312110063,0.6660125218411932,0.23366204779892,0.1717762926346618,0.5980368645654235,0.4263126150368316,-0.1347812383632729,-0.2195193145137365,0.2459515051022414,related,8
GO:1904746,related,direct,down regulation of commitment to apoptosis involved in development of an anatomical structure,Mistral-Small-3.1-24B-Instruct-2503,-1,0.5685882395714421,0.1605682268884293,0.0246921755805944,0.4899301078485689,0.605724573128183,0.2276048620178702,0.0961814165121873,0.5364821395743652,0.870543793492499,0.5656361077943931,0.048369710610535,0.8985839223041066,0.6841003305578108,0.4029084335940194,0.2871843274977909,0.5950261365637162,0.9160270265187728,0.8495688420183549,0.5892185502640019,0.9783491427625712,-0.1795283362601786,-0.5377089129642517,-0.4680347250163317,-0.3462732610612531,0.5884909533425816,0.2111252831052607,0.1334501844792412,0.4826875002909018,0.376022651539373,-0.0289079737865827,-0.0787590384296751,0.2426252282384689,0.4938242956069635,-0.0427174148904713,0.1232259874497235,0.374055522084994,0.327814696763098,-0.2342731361598394,-0.2816439772789496,0.1327012825437052,related,8
GO:1904746,related,direct,down regulation of induction of apoptosis by p53 involved in anatomical structure development,Mistral-Small-3.1-24B-Instruct-2503,-1,0.6736077482364898,0.3596637953525783,0.1912468715965384,0.6410644982106423,0.7734101120263717,0.5319502161134556,0.3781125993355954,0.7822641110148686,0.8331799775314075,0.4823361767872988,0.0474377133894008,0.84463988237173,0.5131275730191187,0.2980193798217291,0.2009966125859595,0.3913000798198245,0.8578152419967949,0.6955225983338924,0.5039705360188459,0.8828665169833703,-1.0739136600229475,-0.7967064747220532,-0.679773137137906,-1.0827720929218971,-0.127625354764601,-0.3643499701075185,-0.3460987722746422,-0.2923936776143362,1.1781625528554458,1.6525956206484045,1.5288870900522138,1.3774645882321344,0.1663554081489075,-0.2597068302647263,-0.3514479441425927,-0.0009362762461963,0.0338369851929368,-0.4314383168688012,-0.3932823580345854,-0.1740207142508715,related,8
GO:1904746,related,direct,down regulation of induction of apoptosis by p53 involved in development of an anatomical structure,Mistral-Small-3.1-24B-Instruct-2503,-1,0.6700807479951322,0.3509997615109064,0.1745565353541545,0.6357856258783181,0.6656498176031195,0.3243637341844657,0.1835619608231762,0.6207854075098982,0.8051711626866686,0.456221336134357,0.0392019956309325,0.8050461640572585,0.4668777316278543,0.2386031041619431,0.1608844870225591,0.3387798867506958,0.8949628268261249,0.7901449322917736,0.534147631985035,0.9431919841139368,-1.0873083823915963,-0.7952492987610202,-0.6682238971974107,-1.092868952420345,-0.0636066581035113,-0.3285136270555914,-0.3245893209061927,-0.2312016810655534,1.0340269740206676,1.1606358166945183,1.0481628815282056,1.1191866042220189,0.1012829793874613,-0.3313667985929588,-0.3477720081208399,-0.0694827749759171,-0.0367415879001436,-0.4797917415425579,-0.4221751739073137,-0.2421443194822219,related,8
GO:1904746,related,direct,down regulation of induction of apoptosis involved in anatomical structure development,Mistral-Small-3.1-24B-Instruct-2503,-1,0.744172086792884,0.4887711500541901,0.2768992240509139,0.7501176034811533,0.6880596598312156,0.3578896665694254,0.2638754158263061,0.653253361707078,0.8486110341696037,0.4789819166260605,0.0524179536610257,0.8667576556438579,0.7185564193917672,0.53249654152488,0.4272396084745597,0.6381615393765611,0.9544473661305164,0.9515045877961216,0.7585513557628706,1.0444220332806882,-0.0305347255945255,-0.480590868424748,-0.4375613706705264,-0.2072599319459533,0.6947995336921042,0.2670267307377926,0.1835978447953278,0.6225643930666174,1.2584129546836609,2.0208144123116547,1.8309584281189688,1.5434426185260426,0.6634568351931787,0.1904451292028802,0.2211182798314437,0.5945346698792567,0.5522210906608832,0.0008740317071701,-0.1231307033642915,0.4010485967065685,exact,8
GO:1904746,related,direct,down regulation of induction of apoptosis involved in development of an anatomical structure,Mistral-Small-3.1-24B-Instruct-2503,-1,0.6667609320770399,0.324813826208302,0.1452626456478285,0.6308308007401852,0.5876774204016962,0.1936957072324505,0.0868758089958425,0.5117608546479423,0.8997333366334765,0.6499373671340656,0.0458953200303299,0.9416848426309824,0.6465075139106649,0.4231045672113845,0.3267966367551883,0.5488167504205128,0.8823973445515305,0.7583151384646974,0.5612794792771996,0.9225546323469288,0.1769406665924165,-0.3632206397883586,-0.347340084454632,-0.0020140232065501,0.8445449456939583,0.5967932110005865,0.4841245739277198,0.8386708666085025,1.0805234887197188,1.268818757017572,1.1020455542102423,1.198082339441889,0.4489035454247849,-0.1324020100474724,0.1739730761395223,0.3191276338076294,0.4929457603908207,-0.0788733300511296,-0.1713984431963849,0.3264239226045077,exact,8
GO:1904746,related,direct,down regulation of signaling (initiator) caspase activity involved in anatomical structure development,Mistral-Small-3.1-24B-Instruct-2503,-1,0.5641796630820969,0.1711596378240699,0.0313957830356855,0.4838376110009864,0.4444743506948994,-0.0054066581458936,-0.0734932151137087,0.3250623223412031,0.7885366714388443,0.3823924907406924,0.0453196029708168,0.7818547338142108,0.1504343583704865,-0.0889702324850038,-0.1576170621314441,0.0026665456630558,0.7947371692405288,0.5637956906351548,0.3474005907987147,0.7848215073502837,-0.71152406894642,-0.7089527742645213,-0.6135720620001653,-0.8006777986362292,-0.6517088135689064,-0.5285982663865173,-0.4990148263601874,-0.7564411604204573,0.9591000111112624,0.9546060893766756,0.8074798945929568,0.9990563403790323,0.5263476421947736,0.0555711604063967,-0.0051325380126887,0.4146546095570611,0.1619705045537084,-0.3125520596227827,-0.328265245096858,-0.0453226012023795,related,8
GO:1904746,related,direct,down regulation of signaling (initiator) caspase activity involved in development of an anatomical structure,Mistral-Small-3.1-24B-Instruct-2503,-1,0.5010725696644374,0.0700864279945685,-0.0321478868495783,0.3985822873503367,0.3927759365118906,-0.0587798221216776,-0.1422295294012951,0.2612854984676238,0.8519619472319735,0.5343056569549745,0.0481560002205799,0.8715901232726009,0.1601127957227907,-0.0732598583142768,-0.1376657737347196,0.0124277417539672,0.8136124035773444,0.6041682572504359,0.3532860767362121,0.8136208660578308,-0.673508400944589,-0.6980222297451947,-0.6003785614941654,-0.7699748685811466,-0.70510325744105,-0.5504890107368259,-0.5157140881495901,-0.8006948881459726,0.9221697532941308,0.8837485863010046,0.7290120275570372,0.9425883718618044,0.4008230372050609,-0.1227579639064383,0.0011659051649408,0.261711992099474,0.1058253030654048,-0.3575563816838479,-0.3569744454395374,-0.1025642556887361,related,8
GO:1904746,related,direct,down-regulation of apoptosis activator activity involved in anatomical structure development,Mistral-Small-3.1-24B-Instruct-2503,-1,0.6086547676434303,0.2335897562745301,0.0725034723975186,0.5461846015738396,0.6669156032719737,0.3227309586034148,0.2421919253551269,0.6226050225586325,0.7824914041385453,0.4957515459128732,0.0198144998689027,0.7734842500929354,0.5597554271759627,0.2818876041538787,0.179197448975856,0.4452965648197375,0.8676472186690916,0.7225954304201034,0.5190354578974434,0.8986342921604062,-0.23103760593039,-0.562731698989759,-0.5036638097343749,-0.3929404549200739,0.1596840908639083,-0.1359146917002166,-0.1755169696783253,-0.0076401884680546,1.100386191406134,1.3515313098171753,1.1000704334072535,1.2329552636499108,0.4503568911465788,-0.0312783472893306,-0.1051054127101585,0.3208847870883776,0.4343912988823997,-0.1045407587195564,-0.2069827746223334,0.2555307051116475,exact,8
GO:1904746,related,direct,down-regulation of apoptosis activator activity involved in development of an anatomical structure,Mistral-Small-3.1-24B-Instruct-2503,-1,0.5739819844704076,0.1761511558516095,0.0327488366225683,0.4974096302622841,0.6034259684779936,0.2271235666008074,0.1131099829462412,0.5333170465442614,0.9025897138872848,0.6600781120218265,0.0362435142718468,0.9459500718584646,0.5514637192107142,0.2871407884683983,0.193598927762147,0.4356144753505576,0.8791841249225842,0.753220282282771,0.5109115573134634,0.9173160890086792,-0.1270177235276847,-0.5184949720984455,-0.4576817751260786,-0.2979885985961753,0.3034436006055437,-0.0106987474772025,-0.0731685706022632,0.1462306051696978,1.0102591779665244,1.0892823640002969,0.8870919364402703,1.0802065735492494,0.4091542182388963,-0.1305325687772123,-0.0599186656478418,0.2715633628102812,0.3937558700273511,-0.1537822758414918,-0.2368728053090286,0.2078124862022955,related,8
GO:1904746,related,direct,down-regulation of commitment to apoptosis involved in anatomical structure development,Mistral-Small-3.1-24B-Instruct-2503,-1,0.6864462237848653,0.3779318916041217,0.1998922724647872,0.6604110675093671,0.6220477723670277,0.2467241879870511,0.1378188165374446,0.5590998430863916,0.8777174491124107,0.5798870463991184,0.0504661645040084,0.909095960598737,0.7045789571204067,0.4555107792238633,0.3388171812303289,0.6205700987888252,0.9656990370168128,0.9898552394988204,0.772731232202726,1.0642843709220444,-0.3948562660658101,-0.6228200216664175,-0.5432664324936572,-0.5371718265326364,0.4768174454036606,0.0791931622061629,0.0248278938266583,0.3450351625083682,1.1047775886413074,1.35554487354593,1.1540722946457098,1.2407672642151697,0.6827706774783279,0.2656413107970624,0.2083825908839243,0.6211515047103643,0.3515641489853943,-0.2115320573002514,-0.2655321244777742,0.1594385783390128,exact,8
GO:1904746,related,direct,down-regulation of commitment to apoptosis involved in development of an anatomical structure,Mistral-Small-3.1-24B-Instruct-2503,-1,0.6047537232211442,0.2231076236006989,0.0797741671727176,0.5406352906339245,0.5687038368145083,0.169199758702535,0.0447484160910859,0.4860818431078595,0.894903434378654,0.675100209035753,0.0347439800989164,0.9344923232371196,0.6642470837276527,0.398714681015408,0.2839049490264129,0.5705148223594734,0.9448854987074587,0.929254904595046,0.6432712141678424,1.0277307364351334,-0.2994510524997259,-0.5850099767043414,-0.5073014748624392,-0.4539179089112475,0.5818983470047657,0.2300579211545617,0.1572089523564619,0.4743164518575056,0.9985360779016532,1.056233797576478,0.890045193821646,1.0612900353918495,0.5455299470412558,0.0268483463361612,0.1804852440832259,0.4389455389918129,0.2802311663507821,-0.2802194854825132,-0.307816601462628,0.0801296853069167,related,8
GO:1904746,related,direct,down-regulation of induction of apoptosis by p53 involved in anatomical structure development,Mistral-Small-3.1-24B-Instruct-2503,-1,0.6613762254203644,0.3380595589411892,0.1991044224609962,0.622822602997733,0.7352618169451041,0.4499364796894066,0.3029271273859636,0.7234927309448679,0.9008905889107874,0.6124992030238945,0.0485865839047659,0.9434118419654915,0.4618439776714744,0.2485132732470315,0.1668230135579828,0.3331232469724786,0.8162810829598249,0.6008987373654061,0.417706143675937,0.8177285347198966,-1.1403438160226658,-0.8108052843710849,-0.6911842430049339,-1.132639553521011,-0.1739423998605797,-0.3800734256409515,-0.3648081440084111,-0.3359545266239806,1.0517988144508703,1.2076514653722576,1.185740007729661,1.1489120291729504,0.10782053306469,-0.3005624494020819,-0.3833045648397213,-0.0626712126680586,-0.0395425010269795,-0.4775524634920275,-0.419110052403923,-0.244810728035259,related,8
GO:1904746,related,direct,down-regulation of induction of apoptosis by p53 involved in development of an anatomical structure,Mistral-Small-3.1-24B-Instruct-2503,-1,0.6737141213957502,0.3600457471565454,0.1821288250709798,0.6412239459256579,0.6551166171047518,0.3069887499074968,0.1720770696507064,0.6057082329449252,0.9138189479901702,0.6764377700068934,0.0505942696197051,0.9628028028971672,0.416262518548277,0.188972429013953,0.1112266198032663,0.2824106374629047,0.904928777686044,0.8156483788862604,0.5476820738694076,0.9597360140497472,-1.1819176175948407,-0.8145039703965242,-0.6842897610535313,-1.1635898240885083,-0.1811763674309632,-0.3828461570684548,-0.3722197722137058,-0.3427063174459436,0.9415964931164644,0.94198581145433,0.8707216611747094,0.9720849203039964,0.0748132144878714,-0.3459806949850546,-0.3698958139224776,-0.0968968825039612,-0.1072107664495819,-0.5205798884363355,-0.4455559194094694,-0.308417890315001,related,8
GO:1904746,related,direct,down-regulation of induction of apoptosis involved in anatomical structure development,Mistral-Small-3.1-24B-Instruct-2503,-1,0.7486522739711431,0.5029244260438831,0.3092375444120377,0.7572790816436977,0.6557782424973063,0.2997018992177211,0.2054787249510779,0.606651908578283,0.8656180628981186,0.5730317186340096,0.0390787268571596,0.8913955298152454,0.6949422936598567,0.5147008694139228,0.412921852690604,0.6085162985736069,0.9019294845824952,0.8041404843979492,0.6379535829991089,0.9547403239299898,-0.0450125566002347,-0.4887126690598717,-0.4518942109049959,-0.2210487990255304,0.6750710501580847,0.2666249227881562,0.1765303468494686,0.5958641925912546,1.124256135709821,1.443026646795695,1.379159087254144,1.275886602328541,0.657504051216111,0.1932161008111189,0.2085690250953547,0.5864003168607191,0.4803447473920488,-0.0893809630695436,-0.1806426759866953,0.310942453802273,exact,8
GO:1904746,related,direct,down-regulation of induction of apoptosis involved in development of an anatomical structure,Mistral-Small-3.1-24B-Instruct-2503,-1,0.6826960484838831,0.3621489693272383,0.1665281941249871,0.6547383368586837,0.5748487214756395,0.1736272728634255,0.0735475930344986,0.4943641687535646,0.8309524497026495,0.5308552946268145,0.031153100227015,0.8414652736215811,0.6250107511235502,0.4138294890014907,0.3113035927258732,0.5227724512692076,0.8896773290370178,0.7758161208881844,0.5736658972524203,0.9344814265767968,0.0411698804358786,-0.4391081196369381,-0.4033335474836209,-0.1379984856427938,0.8178250946743472,0.5612344444801293,0.4538471057253653,0.7981513744837574,1.019257021383279,1.124646999722577,0.9870918341286276,1.094862437763475,0.4676140311977874,-0.1020222410734594,0.1775989845675167,0.3418499047349086,0.4197871273061818,-0.1611412786770587,-0.2238934143028272,0.2382480237195526,exact,8
GO:1904746,related,direct,down-regulation of signaling (initiator) caspase activity involved in anatomical structure development,Mistral-Small-3.1-24B-Instruct-2503,-1,0.5606637868312502,0.1660834072604485,0.0238373947808225,0.4789921326199966,0.3806834123183945,-0.0787339353999795,-0.1425583856152135,0.246613429888786,0.9547087850236669,0.7622250328264051,0.0562193512090109,1.0253648731217098,0.1123631897079592,-0.1210083628343685,-0.1914865185283291,-0.0354540459780914,0.8362086629316754,0.6527547087829976,0.4239590909960078,0.8486921232006783,-0.8010657400384169,-0.7333702655906257,-0.6353384216231487,-0.8721016294998597,-0.6740859192051248,-0.5341590299137423,-0.503821209784039,-0.7750452582170293,0.973795185365014,1.014171021478019,0.8706304190486214,1.0220025015662582,0.5401776600667985,0.0722181284311867,0.0274883194417112,0.4321413363363517,0.0712958441863785,-0.3733551011605112,-0.3650690188613669,-0.1370991210866876,related,8
GO:1904746,related,direct,down-regulation of signaling (initiator) caspase activity involved in development of an anatomical structure,Mistral-Small-3.1-24B-Instruct-2503,-1,0.522671882989542,0.1035163812083516,-0.0092758284357223,0.4273635462493744,0.338895401022452,-0.1144813090240752,-0.1886243811153874,0.1965887078498828,0.922773702226442,0.6643454244620096,0.0573384546856701,0.9763407884838372,0.1316447075882267,-0.1006970808274656,-0.1641796454477461,-0.0162019577850306,0.8643648510723403,0.7180965234437012,0.4484605318623321,0.8933548147148248,-0.7397704621347634,-0.7168772147868511,-0.614960733209108,-0.8233418294139355,-0.6656234574238539,-0.5330264303631733,-0.5037302858783269,-0.7680195611369843,0.9181786403478398,0.8931338743342447,0.7561769415988654,0.9365836609068926,0.4268152640120987,-0.0928585414771486,0.032954644754841,0.2925804105106031,0.0303038510404965,-0.4069333296627914,-0.3856379760545388,-0.1774749729187037,related,8
GO:1904746,related,direct,downregulation of apoptosis activator activity involved in anatomical structure development,Mistral-Small-3.1-24B-Instruct-2503,-1,0.5444276274312061,0.1351227537951007,-0.0055745566057899,0.4567668209946938,0.6176043210804116,0.2383240876657707,0.1266624758387532,0.5529181440384139,0.8579437138253365,0.4699100583001314,0.0335563894865812,0.8802432763453574,0.3644444631149541,0.0523346713010699,-0.0472050290255252,0.2258237628948536,0.6782811870866646,0.3448303855030799,0.2423125713364835,0.615978802950228,-0.3943439952322003,-0.6173356292946768,-0.529628578165384,-0.5367300537575623,0.2329550247083563,-0.0721360133534451,-0.1241289870574866,0.0696829642124738,0.4031667160521224,-0.0551962594485875,-0.0910445569877173,0.2731528821367537,0.4053760912641391,-0.1070971504255132,-0.156711095118839,0.2670908982649999,0.3659371471863686,-0.1482321495172035,-0.2286132778754883,0.1757890946524561,related,8
GO:1904746,related,direct,downregulation of apoptosis activator activity involved in development of an anatomical structure,Mistral-Small-3.1-24B-Instruct-2503,-1,0.5346614590120556,0.1209012221663948,-0.0020457571373181,0.4435151386958672,0.5068317673875363,0.0905824567688276,-0.0118649139337136,0.4044212714712103,0.8084162412374784,0.4038983343068702,0.0262194440590442,0.8095979971740235,0.3972938953082076,0.1044516661778633,0.0313294188343837,0.26156863098011,0.6473504367378176,0.2966287465801216,0.1729496998548906,0.5733975193807261,-0.196540139474011,-0.5431392807218447,-0.4658267797212106,-0.3617603366947793,0.3664111661429468,0.0512105281027177,-0.0194050113790683,0.2165853721059531,0.2885822836870474,-0.1148452989929971,-0.1495171410782507,0.1464460285278475,0.2126551568049379,-0.3528324017487426,-0.1829498135247076,0.0488909645144188,0.3493427173326624,-0.1707933285116583,-0.2394445221235016,0.1569230439042411,related,8
GO:1904746,related,direct,downregulation of commitment to apoptosis involved in anatomical structure development,Mistral-Small-3.1-24B-Instruct-2503,-1,0.6269141028176416,0.2713870460872244,0.1250282398399302,0.572375166733683,0.5126155536830128,0.0873226052154363,0.0169662704909161,0.4119265021046163,0.7235238779723173,0.2484656272448809,0.0513556878878952,0.6933660277583786,0.5801689356131771,0.2827760702154308,0.1556915954312857,0.4692855956076563,0.8408891160024874,0.6648798385165772,0.5104220418610579,0.8560407604909945,-0.4002756123011027,-0.6205826775414032,-0.5420038063544093,-0.5418420062910498,0.5060012162760408,0.1270606349894077,0.0550726340419101,0.3801963150629729,0.2795512054331207,-0.1488994338947126,-0.1510365107409812,0.1366905447795283,0.5627770788090876,0.0582461363278328,0.0643414392894172,0.4610139050592717,0.2968410765644377,-0.2330181809807293,-0.2739707932450195,0.0983341170865046,exact,8
GO:1904746,related,direct,downregulation of commitment to apoptosis involved in development of an anatomical structure,Mistral-Small-3.1-24B-Instruct-2503,-1,0.5744290298390639,0.1774988190756081,0.0611336149761819,0.4980308210958345,0.4384700226019048,0.002556804097561,-0.0797914624459934,0.3175649921861451,0.8085863461615128,0.446703681902481,0.0446854729556701,0.8098368534091667,0.5877750602961067,0.3001135805350931,0.1961107633752011,0.4782804643211106,0.7789022846131465,0.5342369368580518,0.3355801475361544,0.7609936413751482,-0.2812584022640981,-0.5749013058638506,-0.4959542810850099,-0.437810730351159,0.585855378639901,0.2413828830044589,0.1576110506094285,0.4793370018997206,0.2347574873915368,-0.1366076670991355,-0.1542809833558374,0.0887686030770507,0.3120417000012646,-0.2643686414942062,-0.0182638268765866,0.159095528797755,0.1881441811440732,-0.3234491124147483,-0.3335947974511459,-0.0181512241956496,related,8
GO:1904746,related,direct,downregulation of induction of apoptosis by p53 involved in anatomical structure development,Mistral-Small-3.1-24B-Instruct-2503,-1,0.621341678821095,0.2682684308612489,0.1346147878078858,0.5643439880036716,0.6774293898797149,0.3484538043503471,0.2019562356921472,0.6377845659757634,0.6391880118115766,0.1492534117901467,0.0161919845671363,0.5831825654354238,0.3720960476212633,0.1590406055729544,0.0704147169469366,0.2341110143596734,0.7711944470768647,0.51016389570485,0.3719480870755858,0.749501253788641,-1.1613800067355766,-0.8111989998035062,-0.6881060690550425,-1.148324599340267,-0.0985936676428551,-0.3326033535701715,-0.3221491076682519,-0.2647890251111706,1.1311831555221874,1.4496752835174047,1.2968729867172426,1.2885669090500005,0.137091187555027,-0.2947564140876816,-0.3832666725868883,-0.0319707157913198,-0.1489989661088589,-0.5198228623945731,-0.4490014401318726,-0.3469537169490829,related,8
GO:1904746,related,direct,downregulation of induction of apoptosis by p53 involved in development of an anatomical structure,Mistral-Small-3.1-24B-Instruct-2503,-1,0.6566255862228094,0.3301074377017876,0.177742909425975,0.6157863212677018,0.574952003373773,0.1894397046959064,0.0746375527309768,0.4945036540024446,0.7117901018888685,0.2818177005777184,0.0265961387952068,0.6777389985432495,0.3475960696553891,0.1268489485331691,0.0513977135848444,0.2076569138898514,0.8194316372429478,0.613451862977447,0.4199679917401836,0.8225895841417523,-1.163284954475407,-0.8066461795061227,-0.6757839286798515,-1.1497424990181735,-0.05921620816563,-0.3085349837958269,-0.3100677035856284,-0.2269615445595141,0.9592554328498027,0.9515769259808804,0.8145210298881512,0.9992975624818824,0.0159537850712906,-0.4123954507545201,-0.3788624663765678,-0.1569403999312606,-0.2086257005497716,-0.5590856848653775,-0.4725581742057562,-0.401017921889972,related,8
GO:1904746,related,direct,downregulation of induction of apoptosis involved in anatomical structure development,Mistral-Small-3.1-24B-Instruct-2503,-1,0.6969451850789203,0.3930186125327701,0.2150365191601254,0.6763887700463738,0.5622289160127248,0.155015036729597,0.0616410099790801,0.4773895496497001,0.7529539540941128,0.3008803012134884,0.0269691088910774,0.7330130692358865,0.52307631202395,0.2821968676128322,0.1804092218522821,0.4027304108034626,0.8073653168609467,0.5852818324659204,0.5184797831348039,0.8040403682623843,-0.0854401189055203,-0.5024239104428412,-0.455905015334671,-0.2592211634496766,0.7366568145402611,0.3804749619178839,0.2810450068129596,0.680460599009655,1.204515334994935,1.746223269857378,1.5244268838889763,1.429792248681902,0.561878477937324,0.0223243543032155,0.1369749527149771,0.4598586650412116,0.4705013025122547,-0.0759993745416612,-0.1705996575758938,0.2989369181245536,exact,8
GO:1904746,related,direct,downregulation of induction of apoptosis involved in development of an anatomical structure,Mistral-Small-3.1-24B-Instruct-2503,-1,0.6570677648456171,0.315412713418679,0.1521225425998682,0.6164401071263251,0.4230887853362627,-0.0206081768348002,-0.0958686652593891,0.2984691120930844,0.6948080885903586,0.2786779947315594,0.0217081415620893,0.6552980046896769,0.4977732105117035,0.2583117286098189,0.1696345796803846,0.3737527252065992,0.7277716841692162,0.4308463867116245,0.335618915411515,0.6859912695036342,0.0961292770567269,-0.4061102873334019,-0.3803513584905389,-0.0837563240868615,0.8647675994847306,0.6859402813770917,0.5649058030924634,0.8699943533283142,0.9975238816107193,1.033735652729643,0.8844705019840906,1.0596660111711131,0.2833436622955596,-0.3129615190666048,0.0545641459502597,0.1267948762681031,0.4231221128512703,-0.1329974089235072,-0.2109559475946947,0.2421812747882071,exact,8
GO:1904746,related,direct,downregulation of signaling (initiator) caspase activity involved in anatomical structure development,Mistral-Small-3.1-24B-Instruct-2503,-1,0.510457046159183,0.094951743078519,-0.0276962948118301,0.4110380723380775,0.3442769315041453,-0.1139220688346231,-0.1747372537477948,0.202973513812831,0.8538450318322003,0.5557723324153578,0.0425480606668789,0.8743104742300164,0.0197701299909211,-0.1806439329704939,-0.2332985649098753,-0.1264189337440775,0.6709471807513295,0.3340685416310702,0.1993516856060409,0.605803710439541,-0.7322959476850481,-0.7129552071649407,-0.6158323607080788,-0.8173566605902873,-0.6140230309854656,-0.5054589310331462,-0.4826786452357086,-0.724916422909594,0.9463979495926296,0.928544563412416,0.7755632716231895,0.9794455203298388,0.4127772168213124,-0.0878324374518271,-0.0964981385129984,0.2758599428588464,0.0053299023462065,-0.400610869197834,-0.3858022796543838,-0.2017567140390845,related,8
GO:1904746,related,direct,downregulation of signaling (initiator) caspase activity involved in development of an anatomical structure,Mistral-Small-3.1-24B-Instruct-2503,-1,0.4980767399699745,0.0732894785718746,-0.023329293402258,0.3946216242759982,0.2450851518478491,-0.2045080440587072,-0.2632072000174834,0.0878390576431246,0.7665311749425497,0.4135561671980332,0.0269546510450411,0.7515292386223756,0.0587328845588295,-0.1445861467732362,-0.1949413328278812,-0.0884336177041615,0.6814209369998178,0.3527032373615874,0.1943276697111742,0.620350130441643,-0.6596599747121715,-0.6936620480171514,-0.5954962878644472,-0.7587319455458867,-0.6518853611936373,-0.5246036569619406,-0.4960832850170203,-0.7565882713312706,0.8779938122258647,0.7955673169638593,0.6328230932121404,0.8771206060195534,0.2023008727742128,-0.3332618367680768,-0.1162123250231425,0.037668341128183,-0.0542338786309121,-0.4418494613684677,-0.4106312959079339,-0.2587519211763717,related,8
GO:1904746,related,direct,inhibition of apoptosis activator activity involved in anatomical structure development,Mistral-Small-3.1-24B-Instruct-2503,-1,0.5659455965756999,0.1695925849695977,0.0307309548529247,0.4862758259599722,0.6048292044924842,0.1947250765766857,0.1090907529241198,0.5352486733889401,0.6458840651447764,0.0967116490141425,0.0085604402968024,0.5917564129232533,0.3943230344181596,0.0591616577241126,-0.0076457279207874,0.2583178923699306,0.7336816745425637,0.4380742464925971,0.2942685595053482,0.6945161941931175,-0.6010949063961085,-0.6802280600479501,-0.5708477152107647,-0.7108299295141639,-0.0273161318060502,-0.3049754555593202,-0.3157547496493464,-0.1959794942014924,1.0723237701427013,1.2106964982766988,1.017089191075531,1.1838987051621397,0.2604883174497771,-0.2910474027057879,-0.2810180017441445,0.1013545576750767,0.1637017248080442,-0.2978929381959357,-0.3145667865966201,-0.0435352144598231,related,8
GO:1904746,related,direct,inhibition of apoptosis activator activity involved in development of an anatomical structure,Mistral-Small-3.1-24B-Instruct-2503,-1,0.4664512349475275,0.025909434341402,-0.0812318072247265,0.3532590679866027,0.56817810865634,0.1526523343784426,0.0489825633898503,0.4853747476677651,0.8071181328466006,0.4120911644430552,0.0306574732437431,0.8077760603777109,0.3921024653878535,0.0697085002630866,0.0056489845285649,0.2558904968648325,0.7199968595391232,0.4155936270652715,0.2429129413592924,0.6748313752016712,-0.439817824568791,-0.630084693776224,-0.529666507784041,-0.5757345550078282,0.1430462100907672,-0.195569576543371,-0.2251921283078964,-0.0249015393422525,0.8341692806859334,0.6325358438516627,0.5033885280703123,0.8142015993338748,0.1250290614537825,-0.4472952981703274,-0.2373934034429231,-0.0446626560411218,0.1217014442174611,-0.3339576498454457,-0.3349392629713465,-0.0865178892808836,related,8
GO:1904746,related,direct,inhibition of commitment to apoptosis involved in anatomical structure development,Mistral-Small-3.1-24B-Instruct-2503,-1,0.6166369260843975,0.2575405846451831,0.1123918060710871,0.5575896759441094,0.5939582022972136,0.1886190051492254,0.0787117729832682,0.5203310546734379,0.7638202720355403,0.3315511731073378,0.0418924645943538,0.7478205313712477,0.5919168187991471,0.2720921369435511,0.2149524049678783,0.4831915454236817,0.9229807190311796,0.8677879538435372,0.6449415804825006,0.9901159077415068,-0.4866984020965639,-0.6501416649916093,-0.5601010638212487,-0.6155107666661598,0.4238698749650161,0.0051139058902253,-0.0249132060771847,0.282573052198074,1.1279437363931135,1.3945452465652357,1.1893758473317972,1.2826241395357083,0.4269274997613961,-0.1263377609195949,-0.0782353541076611,0.2927145612153904,0.1020480952377631,-0.3644593870040172,-0.3515800602982099,-0.1063661816166201,exact,8
GO:1904746,related,direct,inhibition of commitment to apoptosis involved in development of an anatomical structure,Mistral-Small-3.1-24B-Instruct-2503,-1,0.4519427703237053,0.0026627028599879,-0.0837377502699656,0.3345490982686039,0.5401646410377823,0.1164941684362734,0.0093882792017341,0.4480319192951987,0.7840261969825479,0.4204698136029388,0.0328261604891436,0.7756065044630424,0.5626787805028393,0.2450709593686282,0.170063843743496,0.4487185744939581,0.8091545205279054,0.5937374940039182,0.3636729127795986,0.8067792835743667,-0.3682809330429317,-0.6081386769146168,-0.5124571824281752,-0.5141805590372542,0.4841125726592858,0.0689561540343523,0.0254211661748653,0.3537739330325552,0.586340032378831,0.2108819766743139,0.1273650145778591,0.4886987455848841,0.1940283116858704,-0.3837919326267043,-0.1211876984960861,0.028735308496754,-0.0238789568182276,-0.4467776460085173,-0.4007521028188907,-0.2298639038170644,related,8
GO:1904746,related,direct,inhibition of induction of apoptosis by p53 involved in anatomical structure development,Mistral-Small-3.1-24B-Instruct-2503,-1,0.6211282372531675,0.2661647463863519,0.147066455809487,0.5640370436268063,0.7193284486300414,0.4078523304849135,0.2705088473036458,0.6994900243132484,0.7162501606323854,0.3194577307863291,0.0165874542792465,0.6836670639401751,0.3562707049617175,0.1266980406418847,0.0696239714588256,0.2169965117131695,0.8105677321199234,0.5900702339209865,0.3900844251042283,0.808945458258322,-1.5770092552276196,-0.8871537128879553,-0.7395763366795839,-1.4488797466013994,-0.2939095688495047,-0.4558719821956023,-0.4194465672396228,-0.4462192404334341,1.053700531383765,1.2176541724209524,1.1086360329652576,1.1521235067080364,0.1007811354638511,-0.3311359577605335,-0.4117673532196215,-0.0700049783238063,-0.2772568443612237,-0.5704155854458485,-0.4759742575821203,-0.4619866939966376,related,8
GO:1904746,related,direct,inhibition of induction of apoptosis by p53 involved in development of an anatomical structure,Mistral-Small-3.1-24B-Instruct-2503,-1,0.6010744633596689,0.2298588028239232,0.1006982141667959,0.5354160856434321,0.6288100187500847,0.2528158197898243,0.1199471179282986,0.5685435864985983,0.8062714567541217,0.4511691626243866,0.0305009218173767,0.8065885110731704,0.3140954562083202,0.080187457633833,0.0383324135736186,0.1718587795940762,0.8787973284776741,0.7490311091385427,0.4928805155719513,0.916686540441474,-1.590455318771129,-0.8867325521206041,-0.7303748589505069,-1.458334667313954,-0.2246229846329334,-0.4121733536426245,-0.3834206170774314,-0.3829727914210365,0.862353400103129,0.7695292793532601,0.675177619540309,0.8544442720143518,-0.0673608847765988,-0.4726302432409061,-0.431368683777127,-0.2399038130665353,-0.3417026148543695,-0.6078617822717232,-0.4986986760166066,-0.5180916359569835,related,8
GO:1904746,related,direct,inhibition of induction of apoptosis involved in anatomical structure development,Mistral-Small-3.1-24B-Instruct-2503,-1,0.6975118133455686,0.4005752207201137,0.2624895980510119,0.6772551777969038,0.6144134540170237,0.2160409639994638,0.1366208926828284,0.5484905355879742,0.7047734661988346,0.3145535495602145,0.0101796144522236,0.6684419188792593,0.5147526593179484,0.2521360018733095,0.1942904973335654,0.3931638921611228,0.92569909851552,0.8692039496887733,0.6274092211866165,0.994738205300244,-0.1976570952559798,-0.5502171684262541,-0.4925347288046858,-0.3627745836355615,0.5882467223328499,0.1491341915597281,0.0598291204153101,0.4823767976744237,1.1448558697852895,1.518623753190145,1.4369665533260036,1.3139044175946726,0.4635621061849353,-0.1301849236374763,-0.010358251755999,0.3369105630084476,0.2920880900479886,-0.2307347952783911,-0.2640774544224271,0.0931091066744058,exact,8
GO:1904746,related,direct,inhibition of induction of apoptosis involved in development of an anatomical structure,Mistral-Small-3.1-24B-Instruct-2503,-1,0.5587859181831313,0.1516708041006547,0.0358238838077983,0.4764089234370806,0.5074553415544627,0.0624633766814786,-0.0278239948244665,0.4052292166382949,0.7648170407080495,0.4127072158791922,0.0227364721226144,0.749183499705807,0.4507419516158607,0.1738459965457702,0.1013668336874382,0.3206875914645386,0.7999816104237517,0.5689158613439219,0.359312483294287,0.7927793452561179,-0.1149198412055166,-0.5104839145361393,-0.4546201465200691,-0.2867584083526752,0.6848129725546112,0.3033169672545793,0.2034847820714417,0.6090035011928215,0.8930071611707787,0.8081208471022806,0.6858171802709391,0.899129315411454,0.1934714222036876,-0.4136164794589351,-0.0584674456316333,0.0281350111245491,0.2285695931158089,-0.2870052264782299,-0.3004517945935787,0.0244609109231889,exact,8
GO:1904746,related,direct,inhibition of signaling (initiator) caspase activity involved in anatomical structure development,Mistral-Small-3.1-24B-Instruct-2503,-1,0.4243365021227225,-0.015471556728902,-0.1099614185690845,0.299388420485759,0.3929312476369034,-0.0783105996638311,-0.1232309642320084,0.2614745289851081,0.8189977681296174,0.4973355331736139,0.0344081313282558,0.824504515969167,-0.004366578935875,-0.2071020118639045,-0.2319419586870309,-0.1497454920870867,0.7222506511147727,0.4206520222256826,0.2432054671455711,0.6780600652035575,-0.8131373813156563,-0.73503439003447,-0.6226500550814966,-0.8816382993800175,-0.8003541666988805,-0.6032580469590135,-0.5489299915479016,-0.8784997236214126,0.9469179770448526,0.924907488547952,0.8084312170568135,0.9802444266627056,0.2312669894989402,-0.2985056504506351,-0.2288230131458146,0.0691819971821662,-0.1689299295436486,-0.4858433402435377,-0.4304422487076745,-0.3651431350691241,related,8
GO:1904746,related,direct,inhibition of signaling (initiator) caspase activity involved in development of an anatomical structure,Mistral-Small-3.1-24B-Instruct-2503,-1,0.3752859612143805,-0.079631282985212,-0.1566201962198309,0.2382621045090476,0.3563531480295152,-0.1121728600503385,-0.1715260428095549,0.2173621429135006,0.7665896725634846,0.427171982277596,0.026910913547181,0.7516093322353691,0.0048330968530894,-0.1947052546817437,-0.2274872415024436,-0.1408727331542395,0.6892454617317708,0.3643680551342849,0.1629433245814494,0.631284226360158,-0.705373015893113,-0.7073567540536788,-0.5962466857040826,-0.7957257045341245,-0.7955592473759344,-0.6109725289264789,-0.5573997763967568,-0.8746166488470284,0.8554107403673876,0.7424367569477139,0.5874764982938857,0.844458388087687,0.0499426302964237,-0.478216500957363,-0.2191605434324953,-0.1224188939285256,-0.2607222718993217,-0.5366085438042988,-0.4586867787062686,-0.4474164974254168,related,8
GO:1904746,related,direct,negative regulation of apoptosis activator activity involved in anatomical structure development,Mistral-Small-3.1-24B-Instruct-2503,-1,0.6283122493749785,0.2711802610882995,0.0875569847421017,0.5743955858995267,0.7402985567292689,0.4480737509059077,0.341106303284821,0.7311451226300095,1.0090919450018911,0.8110953168143543,0.0601704895576313,1.1117461019912165,0.7483575861308399,0.4866215314648826,0.3509541111918822,0.6761086980221337,0.9335430711134182,0.8945704306179456,0.6806728736743516,1.0081477324692625,-0.280714185810575,-0.5792373317207883,-0.5071234139837323,-0.4373277127015297,0.2816471042478861,-0.039749284303134,-0.1013927528699779,0.1223212609125679,1.0931507718547144,1.1890797422292558,0.984678716301262,1.2201656700771863,0.4264664038486774,-0.0527400488350936,-0.1382127729376574,0.2921634803389696,0.6419019119194647,0.140421122556421,-0.0411204082244823,0.5203400312353724,related,8
GO:1904746,related,direct,negative regulation of apoptosis activator activity involved in development of an anatomical structure,Mistral-Small-3.1-24B-Instruct-2503,-1,0.5744332013355054,0.1767185871846704,0.0471441048017189,0.4980366185094682,0.694024383587332,0.3699768572934384,0.2534630083273408,0.6619874701548041,1.0106798475280585,0.8477968936855551,0.0653415462992396,1.114327436488512,0.7310709763558142,0.4747080326808064,0.3331200706702428,0.6540226671581207,0.9577362163492495,0.9660887983126248,0.6992565409567283,1.0502026771108943,-0.1074689056657374,-0.5083695403990113,-0.442132853560152,-0.2798216133033624,0.3961119402212365,0.0717866592996515,-0.0009640862837878,0.2504714500833542,0.497180250450452,0.0568144825147551,0.0027781096528035,0.3815836945821548,0.4027367639621896,-0.1294777213302217,-0.1135661515066771,0.2639713920327909,0.6364497291453032,0.12431026590029,-0.0541252098252474,0.5128416406222163,related,8
GO:1904746,related,direct,negative regulation of commitment to apoptosis involved in anatomical structure development,Mistral-Small-3.1-24B-Instruct-2503,-1,0.6729688140315209,0.3493980145396314,0.182784607015742,0.6401070645772234,0.7476564212767501,0.4776645759384186,0.3156707474682241,0.7423813641968408,0.993409194652567,0.7777049601201095,0.0964294845918061,1.0864382560697785,0.8579198559551635,0.6344884053804166,0.54286069781013,0.8212925276699222,1.025194380691174,1.1872597404196454,0.9339197884970064,1.173671540027047,-0.330592327340213,-0.6002608651166437,-0.5235013541411442,-0.4813135791637376,0.5877191181148319,0.2010808865806222,0.1384644137050142,0.4817057518109066,1.110151368563481,1.2477107029809902,1.0742348728612303,1.2503788429603406,0.6687998287616431,0.247895403832005,0.1652186151231048,0.6018632968911037,0.5914746393844531,0.0446078110929224,-0.1024243994733376,0.4522415783047119,exact,9
GO:1904746,related,direct,negative regulation of commitment to apoptosis involved in development of an anatomical structure,Mistral-Small-3.1-24B-Instruct-2503,-1,0.5333043321697276,0.1052649872176572,-0.0065169482748241,0.4416804801988803,0.6753948141420473,0.3407449590688451,0.1974835903173105,0.6348378936169637,0.980809499838174,0.7891911102616308,0.0691315024631481,1.0663444550618526,0.8029687586402764,0.5453349002017301,0.4265925767310523,0.7473002983687366,0.9632399624117418,0.984458398568314,0.7289659098615106,1.05992257452471,-0.1442854720058226,-0.5237104151497846,-0.4533173527629542,-0.3139482677129871,0.623620668814156,0.266705273391665,0.2081705889473466,0.5278620791762317,0.4324133727636159,0.0228600584979028,-0.0244854492393883,0.3064241655120595,0.5182159119510911,-0.0043930370147623,0.097466757820019,0.4044357208140415,0.4939824284954289,-0.0826833534166118,-0.1841668984947748,0.3277032867163524,exact,9
GO:1904746,related,direct,negative regulation of induction of apoptosis by p53 involved in anatomical structure development,Mistral-Small-3.1-24B-Instruct-2503,-1,0.6569683441804262,0.3287020424378954,0.1803010823342047,0.6162930878747312,0.8129523244546291,0.6152310177707414,0.42306634291825,0.845291298796114,0.9533206210847708,0.7082258416950222,0.0646339338593157,1.0232089355405765,0.6820779827393579,0.5021891441564672,0.3552364436852006,0.5925180646529246,1.0217888432767697,1.1715713605149567,0.8645343301046162,1.1671959319561278,-1.086338984949227,-0.7999359652372888,-0.6815719259607553,-1.0921389441597305,-0.0543218024213575,-0.3109099097247088,-0.3066724400962011,-0.2222279394425538,1.1497770694247953,1.5373953860992446,1.3989676774888131,1.323127676833185,0.1670552731079022,-0.2553576251830501,-0.3588811746694239,-0.0001898026019447,0.1381617109516062,-0.3716459468808143,-0.3607205808576693,-0.0697660476473185,related,8
GO:1904746,related,direct,negative regulation of induction of apoptosis by p53 involved in development of an anatomical structure,Mistral-Small-3.1-24B-Instruct-2503,-1,0.6593634783873011,0.3294998482847703,0.1691904158410619,0.6198381869703846,0.7208341899870405,0.419822967095509,0.2463727382900627,0.7017452180387321,0.8956377334624949,0.6184713805546992,0.0462594450103144,0.93558423307749,0.6279979939319331,0.4224644252773813,0.3068216227540909,0.5263756013881277,0.9928590622462846,1.0743457016130702,0.7782523529336584,1.1132693979205586,-1.0655450485206588,-0.7914297700715897,-0.6623529374620962,-1.0764529797783802,-0.0222476248244564,-0.2846968726233298,-0.2874150606470133,-0.1910282285268965,0.9662528323173571,0.987462466392812,0.916898868989181,1.010190104282528,0.1480488280978988,-0.2913198318816211,-0.3477447730970108,-0.0203907928074085,0.0710600267031501,-0.4243247103712289,-0.3930792875982687,-0.1373332965798227,related,8
GO:1904746,related,direct,negative regulation of induction of apoptosis involved in anatomical structure development,Mistral-Small-3.1-24B-Instruct-2503,-1,0.7659459077191282,0.5409298706022131,0.3611724025734716,0.7852128437681133,0.792739358089839,0.5695421353984828,0.4457967493355286,0.8127910734875825,0.9666265207308452,0.7092350515004696,0.0646773475010629,1.043970855357119,0.9107621908323807,0.8464495063104012,0.6824136739687171,0.8949315627837737,1.1117114536593966,1.541726345838652,1.2780792406950554,1.3487683666870989,0.03141201477236,-0.4504800986143751,-0.4084045972921824,-0.147521569952882,0.7826170948056635,0.4517792563350976,0.3518385118402293,0.7461576036736328,1.2647989308967686,2.0868867291223703,1.9918693873656377,1.5575851251768418,0.7333589755613343,0.3318111599481916,0.2861935891293618,0.6925897938565829,0.762636851248443,0.3113373757996058,0.0951800712866384,0.6962646046732431,exact,9
GO:1904746,related,direct,negative regulation of induction of apoptosis involved in development of an anatomical structure,Mistral-Small-3.1-24B-Instruct-2503,-1,0.6405368196970346,0.2742591294933161,0.1501292141548053,0.5921539417640291,0.6848043386509475,0.349953255265409,0.2005550957226649,0.6485032207064799,0.9654846625643068,0.7936149609457848,0.0519044320133269,1.0421806032255174,0.813573183926465,0.6539795285647364,0.5310046008552688,0.7613873034512131,1.0091261216724492,1.1286609546644553,0.8997775571718991,1.143358195432261,0.2291584444757052,-0.3316316670761883,-0.3122213932915454,0.0521700176616554,0.8723734179413833,0.6933475002712984,0.5804364655984205,0.8819295753591767,1.0209270719511796,1.0759503665090038,0.9453282644975528,1.0975960059811982,0.5454262898205671,0.0034786602477295,0.1994927293886499,0.4388135656906307,0.7291492205940082,0.2366636368591148,0.0378351471126923,0.6453984603538693,exact,9
GO:1904746,related,direct,negative regulation of signaling (initiator) caspase activity involved in anatomical structure development,Mistral-Small-3.1-24B-Instruct-2503,-1,0.5439423433451687,0.1444560024882059,0.0115722234750798,0.4561062898759314,0.4588957652079624,0.0086179733406928,-0.0746799910489239,0.343170186664002,0.9082701407622792,0.6396025247193473,0.0540294042912146,0.9544581739447456,0.3249009695420708,0.0466684159993858,-0.0471737396677005,0.1833590099839709,0.8299810240812229,0.6372651822583144,0.4343310980728119,0.8389597199127645,-0.6686085513378864,-0.6966460626526809,-0.6014197419959941,-0.7660005055614544,-0.5666010342427876,-0.492331983931884,-0.4584041672712016,-0.6848923834721857,1.0365757927832084,1.13872646546626,1.0121489104767818,1.1234185655903903,0.521695220179311,0.0564518310795238,-0.0355157981011412,0.4088024179482956,0.2611124058013351,-0.244254268307043,-0.283197440940493,0.0593632064557025,related,8
GO:1904746,related,direct,negative regulation of signaling (initiator) caspase activity involved in development of an anatomical structure,Mistral-Small-3.1-24B-Instruct-2503,-1,0.4900911052819727,0.0570865706145403,-0.0240089325187365,0.3841006002256275,0.433483758933369,-0.0158653755004889,-0.1109517544938145,0.3113573010535004,0.9665141437222072,0.7952970242333436,0.0618554429317647,1.0437945940661908,0.3383955747705078,0.0701614551383278,-0.0285264344190291,0.1977829509253302,0.8332266568200778,0.646910742941877,0.4019632062415515,0.8440254872452302,-0.6154251790622183,-0.68154423939884,-0.5874594857308798,-0.7226050970089624,-0.5836654018876806,-0.5021589379426535,-0.4693753670020466,-0.6993410739454013,0.973099697522426,0.9898547062720564,0.8739478679702393,1.0209101236991942,0.4341277447736485,-0.076415366051151,-0.0176538861078378,0.301336427771853,0.219858794572309,-0.284018489950275,-0.3086841811053537,0.0152107001528223,related,8
GO:1904747,exact,direct,positive regulation of apoptotic cell death involved in anatomical structure development,Mistral-Small-3.1-24B-Instruct-2503,-1,0.7890608647513411,0.5998176231635703,0.3990789743190924,0.8233030564121524,0.8289920808903254,0.6571919480011563,0.5045368450866081,0.8715244290988945,1.1298452741639935,1.1611270608744164,0.0867017818381901,1.3193804759350962,1.0201929957620663,1.0951964160205252,0.9412925456844432,1.0565355709510635,1.1008897966978886,1.4895382687401206,1.1460297766206125,1.3256196974638517,-0.1072688652362802,-0.5090685306100063,-0.4578519171338411,-0.2796351619240715,0.6093105256613125,0.2398661987234569,0.1707284297526065,0.5093425444110219,1.2561265933852588,1.9762427552577515,1.871317385882672,1.5384171657507866,0.868057602020689,0.5500911399700966,0.5442570948524197,0.8971038172829525,0.7380395913129206,0.2857302902318998,0.0724426364552525,0.6587320383630073,exact,9
GO:1904747,exact,direct,positive regulation of apoptotic cell death involved in development of an anatomical structure,Mistral-Small-3.1-24B-Instruct-2503,-1,0.6883866648796079,0.3692126649023967,0.2166758006765654,0.6633533499858022,0.7707387606761515,0.5218308570127261,0.3645810322049803,0.7780860461699453,1.0130316828013028,0.8789397063041919,0.0637866338302522,1.118157131638627,0.9208817113358544,0.866528033129051,0.6838935804401367,0.9093358157358916,0.9565909531324766,0.9604151210955514,0.6956954121369873,1.0481873775326225,-0.0048002469243651,-0.4564426155027092,-0.4106964755013073,-0.182590749949874,0.6381436476716404,0.2888381475592954,0.2000235173215772,0.5468279732467045,1.0034738949597453,0.9581060516213408,0.8298280730833255,1.0692335340045185,0.9259390791758756,0.6940916841887066,0.4835445740770835,0.9928763301110672,0.7067202430753915,0.2183653696467486,0.0195346143487686,0.6122763588414964,exact,9
GO:1904747,exact,direct,positive regulation of apoptotic process involved in anatomical structure development,Mistral-Small-3.1-24B-Instruct-2503,-1,0.8879719121270988,0.8882998225032404,0.6735554145669082,0.9976655354222992,0.8075762298623111,0.6075137869647653,0.4837298036958649,0.8365876184806953,1.093719529561768,0.9847970001247512,0.0701686152193147,1.2546456052938453,1.1442196803802576,1.4856919038341816,1.3458765482831123,1.2586442149581447,1.1734260149255047,1.874268848967056,1.5963423208829857,1.4894308509883725,0.1494487985220255,-0.3844946648519465,-0.3687098967090202,-0.0301003928152739,1.022188959715648,1.0871681991219415,0.9117438515804056,1.1380106086299826,1.408470688253953,3.426371014730444,3.462757624556351,1.9341602576664243,0.9934964217243144,0.8865438322277673,0.6827739537740981,1.1124118069470577,0.84502951904287,0.506017257632424,0.2256838572521313,0.8298461140127368,exact,9
GO:1904747,exact,direct,positive regulation of apoptotic process involved in development of an anatomical structure,Mistral-Small-3.1-24B-Instruct-2503,-1,0.7676555260107699,0.5344795072423316,0.3721461754769429,0.7879999635194072,0.7576864137300764,0.4906055437145767,0.327534269202594,0.7578099981117917,1.043651338833031,0.922876539909258,0.0588493896222201,1.1687484387781255,1.0180318111857245,1.0902139320973547,0.955392574863219,1.0532092315679595,0.9531767722220966,0.948260596512029,0.7044614891537854,1.042194250928702,0.4014145513182273,-0.2087749344087235,-0.2341295570813825,0.239698838532911,1.0586022131148272,1.2327684091594433,1.0549065851279575,1.2079205702800817,0.850386414983127,0.5660055939516137,0.4419695703952586,0.8372617555243274,0.9595526137743772,0.708828344654347,0.6639707871858357,1.0511988664654148,0.8280733647783474,0.4525877329557619,0.1949195997001383,0.8012547655573082,exact,9
GO:1904747,exact,direct,positive regulation of apoptotic programmed cell death involved in anatomical structure development,Mistral-Small-3.1-24B-Instruct-2503,-1,0.7826423222265602,0.58556814638902,0.3656976643099247,0.8126366979878189,0.7968201578995501,0.5726865334519704,0.4418675213397193,0.8193039325389572,1.1274376352391993,1.1555151109423163,0.0854707177085338,1.314987496204848,0.8236734556758949,0.7012282297613573,0.5511991874519289,0.7748880146371289,1.0759597934301333,1.379025115005034,1.0651312860038764,1.2737508954288157,-0.1949451403083396,-0.547890245215657,-0.4880393666062265,-0.3603114523546318,0.5075461099252452,0.1272323497296497,0.058307604123989,0.3820728633758997,1.1852122483167855,1.6159369988075198,1.4893406861710072,1.391276557941142,0.7630335357736652,0.3342624385205246,0.4009971290110031,0.7357436541423665,0.7379683816571536,0.2839286855785428,0.0694758008542597,0.6586247629661413,exact,9
GO:1904747,exact,direct,positive regulation of apoptotic programmed cell death involved in development of an anatomical structure,Mistral-Small-3.1-24B-Instruct-2503,-1,0.6776610522788936,0.3451389900603724,0.1897942268605849,0.6471501294389325,0.7489812251731092,0.4743788251995894,0.331837414336773,0.744411797113313,1.0080409120889096,0.8781607957159522,0.0677783845509658,1.110039450860999,0.7705010251442278,0.6183498643140053,0.460104996332438,0.7047090500569969,0.9604675610775536,0.9712445380450008,0.7077631042576641,1.0550190876998793,-0.1752187200118743,-0.5343759651759916,-0.4738030654260316,-0.3423380193055224,0.5679470073386732,0.2010238747250507,0.117229318270246,0.4567086683236182,0.911278012906169,0.73699047416708,0.6499430793895871,0.9262448136188512,0.9171232112756476,0.6714885545534054,0.4743362325894324,0.9779261574391812,0.6779143892816387,0.1720821384726801,-0.0170706851986106,0.5707586572990875,exact,9
GO:1904747,exact,direct,positive regulation of programmed cell death by apoptosis involved in anatomical structure development,Mistral-Small-3.1-24B-Instruct-2503,-1,0.6765848061969655,0.3548007946492919,0.1754838619065699,0.6455322570043661,0.6671951632969968,0.3041366391044964,0.2183401125260349,0.6230071276958319,1.1001889046138449,1.0829298901315867,0.0831913072217697,1.266057991878616,0.6770757639757728,0.4768606578846051,0.3505839606300884,0.586325443722454,1.0316899679168716,1.2052038597768542,0.8895851758348765,1.1861010333766864,-0.377082331634046,-0.6165506310626455,-0.546526790972029,-0.5218115852322389,0.4690864534578799,0.0447742980190944,-0.0141100369558919,0.3358102586063601,1.081326989783116,1.257276360474859,1.0811054508333815,1.1994787562147322,0.8724641062160349,0.5548601819748501,0.463185948718176,0.9042059300154172,0.7203073550029371,0.2447040271347417,0.0295376179490583,0.6322544852461729,exact,9
GO:1904747,exact,direct,positive regulation of programmed cell death by apoptosis involved in development of an anatomical structure,Mistral-Small-3.1-24B-Instruct-2503,-1,0.6003374989883227,0.207532215015409,0.0769248389785486,0.5343723610812675,0.6546219511715861,0.2910024856966893,0.17652644870964,0.6050029842853496,1.0058580271813913,0.8342926398324886,0.0612656913067339,1.1064998179059953,0.659903827629092,0.4625527578293877,0.3219683022402044,0.5651848585082685,0.9084250718081928,0.8250253973444092,0.580697870995039,0.965577908209231,-0.3518373054975572,-0.603657138673332,-0.5325406000943895,-0.4998788167662717,0.5540356253336053,0.1508372688976001,0.0868698985548662,0.439293011001119,0.8879090348980917,0.7790712248416728,0.6666815968036743,0.8916287025938145,0.9090694026668276,0.6523240128953592,0.4693726988435909,0.9643872556880428,0.6490512581560735,0.1226750427737732,-0.0560661078089276,0.5302248780154512,exact,9
GO:1904747,exact,direct,up regulation of apoptotic cell death involved in anatomical structure development,Mistral-Small-3.1-24B-Instruct-2503,-1,0.7751134663989117,0.5662877039570318,0.3590951839891053,0.8002137459435033,0.7788234812886926,0.5474248071526086,0.4281495176033554,0.7907607923508151,1.000574383511554,0.796236307388668,0.0476965976092644,1.0979593676869488,0.9324899386680188,0.9213375424407928,0.750003670536477,0.925985409886076,1.0194075601354795,1.1627174855259608,0.8716148686724009,1.1626844258273354,-0.0967161621249187,-0.5003405400512917,-0.4389672456645083,-0.2697833145973844,0.5339862573176845,0.1524859386320549,0.098569561450062,0.4144347195034202,1.1367788268572456,1.3084566487267126,1.153578483203232,1.298886169093786,0.8330772218638648,0.4734713369250795,0.3980621443258929,0.8417334000951711,0.5814758748931671,0.0602757246643681,-0.072400129507874,0.4390580190111338,exact,8
GO:1904747,exact,direct,up regulation of apoptotic cell death involved in development of an anatomical structure,Mistral-Small-3.1-24B-Instruct-2503,-1,0.7077187698887127,0.4116069663387383,0.2449502813479144,0.6929353547378803,0.70990183989739,0.4068883364545341,0.2752474192584036,0.6854324569237589,0.9676760142327496,0.7730225280678924,0.0411063300260377,1.0456177271087286,0.814706403127287,0.6807896577595097,0.5286359818516606,0.7628979563989379,0.9120531792439698,0.8355737794529116,0.578777811130404,0.9716611846207934,-0.0041799694710484,-0.4525741632465966,-0.3923600792980221,-0.1819935918290272,0.5642354299069744,0.2002660449775933,0.1181989557829399,0.4520484609260268,0.488747399265624,0.0770010989308421,0.0214839251112359,0.3716774511065382,0.8283711840445978,0.4613417205218732,0.2524967475783392,0.8344154228468091,0.542450403472851,0.001515908864059,-0.1088946789035064,0.3885340666029281,exact,8
GO:1904747,exact,direct,up regulation of apoptotic process involved in anatomical structure development,Mistral-Small-3.1-24B-Instruct-2503,-1,0.8578279835908204,0.790533294684781,0.5544261586849961,0.9423591703371674,0.7109975598843552,0.4039731417572129,0.3078594923525545,0.6870611101288363,1.0059119065690945,0.745519466964486,0.0519355914843177,1.1065871060073222,1.0380333143768143,1.18268243110227,0.9819616205534876,1.0842247458511611,1.035551449743991,1.2199727224452863,0.9453157971802943,1.19353957510837,0.1685267987952506,-0.3697880121248848,-0.350712727972239,-0.0106412391524573,0.9619275063845708,0.9091427306234784,0.7221588816782006,1.0296469721107933,1.2741726212221318,2.079150041058014,1.859225519188456,1.578636519813264,0.9652980833100676,0.7958202244739031,0.5904676090990969,1.0613886937975547,0.686607643417196,0.2039896868751314,0.0254656420072947,0.5831721644471706,exact,8
GO:1904747,exact,direct,up regulation of apoptotic process involved in development,Mistral-Small-3.1-24B-Instruct-2503,-1,1.1776879019902244,3.0741747464242004,3.248672406689398,1.728889055074717,1.1338072479516856,2.0122337193776363,1.958245379579924,1.4865402754608334,1.352077351242918,2.258200541415438,0.2643356103000803,1.7948639874349883,1.4196857326624732,3.136207891884177,3.3521415811545783,1.8413865956366395,1.2367569099390583,2.332611545165177,1.9568521397751868,1.6538673402721842,1.249693978836121,2.478734752375728,2.404697111734405,1.6778718976488962,1.302060164425067,3.81515825497314,3.931605063707319,1.8548397604901004,1.3421271107918615,2.654379074388674,2.5766425515615503,1.7435619676157277,1.3172844055318456,3.9244119181459753,3.997457027313058,1.9438627399894768,1.030040976929548,1.1494943367210535,0.7522412652661832,1.198211441980264,exact,9
GO:1904747,exact,direct,up regulation of apoptotic process involved in development of an anatomical structure,Mistral-Small-3.1-24B-Instruct-2503,-1,0.7649273673379753,0.5283455245244134,0.3582570008309425,0.7835545884057943,0.6499439800862007,0.2930112535149015,0.1659974632636865,0.5983459043784444,1.0005501377870876,0.8152187095337354,0.0467314172770631,1.0979202651199875,0.9173268350571644,0.8715904716675518,0.6938056909094863,0.9042642077414796,0.8962463859785083,0.7913120389012857,0.5532022180660877,0.9453139065968884,0.4218106887178751,-0.1893489652603404,-0.2063477439431431,0.2629135466721941,0.9739551700841956,0.9528159526769188,0.7586531099576754,1.050626550741889,0.4947902746596899,0.0814359379102866,0.0296568839132878,0.3787723743955446,0.8742234194582066,0.4829767303676711,0.425276663891002,0.9070497322451666,0.6566412786392403,0.146230903469416,-0.0166402229531058,0.5407851896815197,exact,9
GO:1904747,exact,direct,up regulation of apoptotic programmed cell death involved in anatomical structure development,Mistral-Small-3.1-24B-Instruct-2503,-1,0.7709489224513989,0.5583912763694586,0.3404140278925559,0.7933823479570856,0.7597520516927465,0.4996904237272129,0.4079701782667276,0.7610037497834476,1.0099570940272968,0.839310331046861,0.0509829408708244,1.113152073227453,0.7345386189193703,0.5720178058899528,0.414845199960222,0.6584364633407223,1.0010228441952818,1.099363153286113,0.829681176419629,1.128296558842817,-0.170458062034794,-0.5336798425372051,-0.4731660936292955,-0.3379852803181162,0.448539245604092,0.0679706109111742,0.0214568407459751,0.3114689573814041,0.8715506525429165,0.5771349859955843,0.4890922532904242,0.8677483639724604,0.7250413771977962,0.2686614385329656,0.2802864250082599,0.680665061194613,0.6034357975053185,0.0862537878540931,-0.0542587925963273,0.4681468760584776,exact,8
GO:1904747,exact,direct,up regulation of apoptotic programmed cell death involved in development of an anatomical structure,Mistral-Small-3.1-24B-Instruct-2503,-1,0.692656886736974,0.3778259476711733,0.2025552105106303,0.6698453736443172,0.6965544018137904,0.3801304509751404,0.265297957498918,0.6657041613859392,0.960507361698839,0.7710070975337283,0.0462683418465665,1.0343958454788178,0.675465830951403,0.4856648565447098,0.3429704078988884,0.5843357101949286,0.9144560711251992,0.8419770285031274,0.5938118966813358,0.9757020956215016,-0.1653779478585807,-0.526248555060097,-0.4597338748837736,-0.3333338984294651,0.5090746943250517,0.139091079118324,0.0632319488085447,0.3839311373737022,0.4011833782691137,0.0199818637462378,-0.0394584330229759,0.2709110115092909,0.8256131870968942,0.4600511347208469,0.2767753042745364,0.8301405925182302,0.5431320553226208,0.000952039615971,-0.1113825093773398,0.3894043020252464,exact,8
GO:1904747,exact,direct,up regulation of programmed cell death by apoptosis involved in anatomical structure development,Mistral-Small-3.1-24B-Instruct-2503,-1,0.6844779727138456,0.3694193345207864,0.1822936819363499,0.6574315431569506,0.6580597629237442,0.2999202926822433,0.2360142992945693,0.6099094858425637,0.9708799135372436,0.7626235239168286,0.0487636777263758,1.050653834676273,0.595975848614596,0.3832660683347479,0.2646599570294876,0.4880135734633822,0.9864585534763192,1.0517049879768428,0.7701637224568258,1.1015882953482383,-0.3208599421116253,-0.5930939707820713,-0.5157383485555713,-0.4727753167793585,0.4688079730244129,0.0497843525312698,-0.0063640657979216,0.3354786504124026,1.13766688125639,1.4670282070857767,1.324301639924616,1.3005302288923049,0.8236594272062582,0.4514647596416922,0.3243114124953696,0.8271184772174003,0.5963220560965933,0.0676226368834147,-0.0731483213458629,0.458669566429286,exact,8
GO:1904747,exact,direct,up regulation of programmed cell death by apoptosis involved in development of an anatomical structure,Mistral-Small-3.1-24B-Instruct-2503,-1,0.6091073750073419,0.2236504447231581,0.0906626546594911,0.546829483130857,0.6202383977606286,0.2457050135903973,0.1450795857778809,0.5565803934750546,0.9989214408673736,0.8438262615192799,0.0577086594516081,1.0952953966937309,0.5775744492968751,0.363193211903799,0.239492348963209,0.4662244809480056,0.8783651536788919,0.7496075491224993,0.5115572855218525,0.9159833999681956,-0.328423828236098,-0.5912689409772554,-0.5174874865655935,-0.4794129808290789,0.5544576271617728,0.1612364584711512,0.0967938125047139,0.4398192700316062,0.89467281301023,0.80191144455628,0.6586263626369664,0.9015860115002388,0.804988974566763,0.4184461321953175,0.2482544657133425,0.7984913115122209,0.5205663346244515,-0.0315101695480366,-0.1386887763731709,0.3608167280893358,exact,8
GO:1904747,exact,direct,up-regulation of apoptotic cell death involved in anatomical structure development,Mistral-Small-3.1-24B-Instruct-2503,-1,0.7436228397614091,0.4929581477457038,0.3140917574342565,0.7492417275499951,0.7333825523324492,0.4484326260012163,0.3571267135137472,0.7206456089855455,0.8787958065720133,0.5916094625407173,0.0258186065387207,0.9106806144531204,0.8462485582374094,0.7567378387985265,0.611932791449929,0.8053662618967786,0.963523036904944,0.9788077526539476,0.7074750617568984,1.0604240796234092,-0.1084348803631158,-0.5063345436552811,-0.4459230232440437,-0.280721809685907,0.509535022889304,0.1242791558832059,0.0716244943650421,0.3844910509584097,1.1332310079891186,1.479321247229758,1.3619284106317269,1.292335483694021,0.8241841472061583,0.4550949077290523,0.3758191194328181,0.8279296243050951,0.5301811861889936,-0.0102807328882569,-0.1193815847634191,0.3729421401048551,exact,9
GO:1904747,exact,direct,up-regulation of apoptotic cell death involved in development of an anatomical structure,Mistral-Small-3.1-24B-Instruct-2503,-1,0.6964689392351731,0.3907422145813056,0.2158055173459402,0.6756608893422115,0.699535598858411,0.3884873714145256,0.2698289689174846,0.6700929092288153,0.7399763338602586,0.3975558000058998,0.0145484882050407,0.7154490541232698,0.7439098953028938,0.5722001754997567,0.4359079388508811,0.670406270722611,0.9375752619860568,0.905130844309989,0.635279913680618,1.0150829857886998,-0.1373411027246686,-0.5142862163779621,-0.4436729403562436,-0.3075397119842207,0.5503684906065154,0.181936909501276,0.0968866676301271,0.4347252240167663,1.026016400766968,1.1263497910925988,0.9510342500828872,1.105952495561331,0.8449134467117463,0.4973817227534545,0.2808792419844965,0.8602735610982014,0.4682452980556359,-0.0897615776336618,-0.1687020330341391,0.2961960776155297,exact,8
GO:1904747,exact,direct,up-regulation of apoptotic process involved in anatomical structure development,Mistral-Small-3.1-24B-Instruct-2503,-1,0.8416988925994435,0.7394074539172508,0.5082198903640416,0.913596331680181,0.6902068361345175,0.3657070805910239,0.2703576343410318,0.6563929044880639,0.8190801266222495,0.4995386929741636,0.0237931854536688,0.8246209243428319,0.9906961231560658,1.0600433183114133,0.8677524034284906,1.0116361674760868,1.0342225122377355,1.21423291050714,0.9295888361716104,1.1909753711169415,0.1428307309299859,-0.3856262942405904,-0.3634424364982994,-0.0368179144086789,0.9296286688772154,0.8071143686108144,0.6377399714831763,0.9747327943871726,1.2008345767781188,1.7575502589474112,1.6230659400507117,1.4223666541416269,0.9517976239120942,0.7620585563971163,0.5932975858195227,1.037550386668648,0.6354254453286544,0.1165629745296237,-0.0393074713690973,0.5114367507110136,exact,9
GO:1904747,exact,direct,up-regulation of apoptotic process involved in development,Mistral-Small-3.1-24B-Instruct-2503,-1,1.116813949667625,2.222062449545712,2.0644669192679417,1.523262425906324,1.1001218180476606,1.7643574613141022,1.5547174731348066,1.4021329011806174,1.2806394407927846,1.842579595041584,0.1825708454070895,1.6230974522408943,1.3121863559044815,2.293958524113194,2.2321709667734027,1.5816561305815924,1.2101414249560525,2.120271918654776,1.8082469875581728,1.5817211033593988,1.2167785811754483,1.999559887947688,1.8516157959185773,1.5703211347377428,1.2744824468871323,3.181893046698612,3.2232919674148333,1.7509735233777823,1.2279067953928635,1.8722889263039704,2.0946777764925195,1.477937099302128,1.2897673452646077,3.2327311808964394,3.283036378488708,1.8357163157865084,0.981377949416764,0.8902380135668825,0.5056978894895681,1.088307289299487,exact,9
GO:1904747,exact,direct,up-regulation of apoptotic process involved in development of an anatomical structure,Mistral-Small-3.1-24B-Instruct-2503,-1,0.7672342048701701,0.5387637447906682,0.3472194618514936,0.7873126647741545,0.646124879522136,0.2884815304185208,0.1637883552737218,0.5929274912433548,0.8156761038777152,0.4913417034538495,0.0215056151526233,0.8198145726122933,0.852309048925434,0.7410429889179817,0.5476920625754278,0.8136215428997704,0.9279982684450416,0.8765453688868367,0.6425833380313037,0.9986576162222136,0.320040310384065,-0.2679759247600377,-0.2656326680034417,0.1493082682434857,0.9488246554183976,0.8696184678586196,0.696646209053876,1.0071269968912917,1.0615908727265182,1.23347460109017,1.0430799056893965,1.1655132115973026,0.872035894662983,0.4926131970747506,0.4299629911301951,0.9035144728997228,0.60216692400147,0.0596573216269634,-0.077320129108774,0.4664525430335207,exact,9
GO:1904747,exact,direct,up-regulation of apoptotic programmed cell death involved in anatomical structure development,Mistral-Small-3.1-24B-Instruct-2503,-1,0.7282585231176556,0.4592994447840629,0.2758124053179693,0.7249212681081317,0.759199144087701,0.4988954783443,0.4060999427269308,0.7601483302634503,0.914863823258843,0.6688059187468534,0.0323360926379365,0.9643779071904964,0.6715308941673417,0.4861098271588309,0.336834037206645,0.5794792504816517,0.9566881924622026,0.9586476000240248,0.6881911223455375,1.048358390958566,-0.2450936786922438,-0.5642480084519573,-0.4952035053536509,-0.405560233966831,0.4294818876827908,0.0436680431320243,-0.0077156661855048,0.2891157240957708,1.0159721487268962,1.1134747382494878,0.9700557698045644,1.089497970021882,0.7782375479778535,0.3583874063128882,0.340823724171343,0.7582390653494889,0.5794407235718257,0.0470004837886199,-0.0848295397229832,0.436386913016505,exact,8
GO:1904747,exact,direct,up-regulation of apoptotic programmed cell death involved in development of an anatomical structure,Mistral-Small-3.1-24B-Instruct-2503,-1,0.6989488938696935,0.3963030927417764,0.2081745558980926,0.6794544581949109,0.7127300554838729,0.4121682374843083,0.2907119593530076,0.6896391111765822,0.8944727841297978,0.6479582952096485,0.039645295191587,0.9338522050555887,0.6248731430095363,0.4217261469942389,0.282923734915283,0.5226065944486167,0.9101408057593584,0.8295297766157892,0.5935542646286802,0.9684519958573464,-0.1756397176457317,-0.532001634906652,-0.4655908052056202,-0.3427226583922295,0.4913885365468686,0.1124828060927532,0.0344275254778994,0.3625230145468311,0.8987538555159281,0.8321109262939655,0.6678272337028748,0.9076180277036366,0.8489896775556565,0.5090450355176459,0.305778190723761,0.8667039759669526,0.5112358056709791,-0.0424641030086132,-0.1418129518304852,0.3491264797775225,exact,8
GO:1904747,exact,direct,up-regulation of programmed cell death by apoptosis involved in anatomical structure development,Mistral-Small-3.1-24B-Instruct-2503,-1,0.6685755330291281,0.33817175571419,0.1708229742016409,0.6335374230186132,0.6370422849313879,0.261929072676611,0.1909095345104767,0.5800999878425835,0.9479399945170678,0.7401939016096736,0.0413637859633631,1.014874229468749,0.5335021744002875,0.3096139553988444,0.2045252265053646,0.4147609928344595,0.9516879300402916,0.9442582539018648,0.6640094953232807,1.0395876630118606,-0.4027567221143694,-0.623515367563898,-0.5403667627119646,-0.5439780840135531,0.4240227741781203,0.0041397390250683,-0.0576312690667076,0.2827510698036139,1.0142629983505578,1.1161035175806626,1.0171653376490253,1.086713179864942,0.842657293687653,0.4899104902352285,0.3504604361028683,0.8567244882145751,0.5322287217982944,-0.0212770597479732,-0.1287412591369953,0.3755348216061077,exact,9
GO:1904747,exact,direct,up-regulation of programmed cell death by apoptosis involved in development of an anatomical structure,Mistral-Small-3.1-24B-Instruct-2503,-1,0.6500165453605297,0.3002931724240619,0.1377303099254213,0.6060419902315041,0.6374142550757935,0.2725744785114486,0.1659266318954524,0.5806237226538524,0.9587147174993996,0.767434871448347,0.0504719636974513,1.0315995211717153,0.5055398779943159,0.2780308315051221,0.1696973886709323,0.3826145878239649,0.9089393598187436,0.8272690502918274,0.5791205484378386,0.9664389042207164,-0.3666372548373923,-0.6060647105084145,-0.5283108225665331,-0.5127536094466225,0.4893633355028997,0.0805588466523373,0.0073408831059055,0.3600844230484817,0.8750813652448521,0.8061660321390317,0.6816814654910957,0.8728787907349064,0.8425064545596163,0.4960704620766399,0.3113394483756887,0.8564874636963568,0.4745385803870455,-0.0920650961675489,-0.1770290398681535,0.3038517550389518,exact,9
GO:1904747,exact,direct,upregulation of apoptotic cell death involved in anatomical structure development,Mistral-Small-3.1-24B-Instruct-2503,-1,0.6942733416080871,0.3882309719156946,0.2316665189651338,0.6723090515467648,0.6934947726510383,0.3742524575157505,0.2730048835081992,0.6612103606351882,0.914779155649595,0.6592329741580126,0.0359189483228827,0.9642502298558724,0.7135652584230582,0.5461016066013621,0.3789712101443954,0.6318650344115093,0.907029147208126,0.8210834607846039,0.595456094209588,0.9632430974193176,-0.1272383004270861,-0.5139698679137761,-0.4531874602740797,-0.2981929799200615,0.5492761786280994,0.1731766437890246,0.1114301768333165,0.4333664801458238,1.0462520178763592,1.0560288190133762,0.8725615802325828,1.139579269745289,0.7407858367043337,0.2982552767972232,0.1470743037615683,0.7032996904660167,0.4757801052549835,-0.0550174315768633,-0.1439538150707873,0.305365712468255,exact,8
GO:1904747,exact,direct,upregulation of apoptotic cell death involved in development of an anatomical structure,Mistral-Small-3.1-24B-Instruct-2503,-1,0.6707447111787507,0.3423499686524112,0.1977163196220586,0.636778210727791,0.6226402843089515,0.2589441235970944,0.1508175002371235,0.559925558999771,0.8931231054678327,0.6147594725948835,0.0291977621612915,0.9318473005782884,0.647682507003241,0.4433469141879493,0.2876549789794275,0.5502481126143504,0.7729706854998598,0.5175062892863063,0.3296894685023094,0.7521435682691163,0.0081111077905953,-0.4469698130367573,-0.3935576108429506,-0.170135427171395,0.5860514973639093,0.227098288580699,0.1408209340178259,0.4795861382553288,0.326196788151841,-0.0680969021860168,-0.0974667673332393,0.1874288949804411,0.6625475111606544,0.1399780157712471,0.0244387868976312,0.5932900142936083,0.4425891814995778,-0.0993786014922637,-0.1749679538107877,0.2652996092280349,exact,8
GO:1904747,exact,direct,upregulation of apoptotic process involved in anatomical structure development,Mistral-Small-3.1-24B-Instruct-2503,-1,0.7871531003787242,0.589917837309736,0.3845997280089342,0.8201253791126195,0.5040959619204359,0.0702053640330926,-0.0035948673899907,0.4008800564530503,0.8451238832268988,0.510591401640882,0.0220754256413148,0.8617399897120788,0.7885842056982917,0.6639317322927195,0.4762196748806948,0.7283319175819124,0.9746256074856606,1.0127395893033948,0.7943540444579579,1.0802181165449651,0.2391327036836364,-0.3287305714541287,-0.327596216855597,0.0626498446317799,0.9578877053087416,0.914864475191765,0.7380854702463028,1.0226672120775768,0.6566165618221622,0.2018439269152209,0.123833053325108,0.576471603614558,0.8577490701425438,0.4754529670419601,0.320904211035963,0.8806028533236648,0.6294324819802622,0.1244687026211579,-0.0318654032295929,0.5032407870398894,exact,9
GO:1904747,exact,direct,upregulation of apoptotic process involved in development,Mistral-Small-3.1-24B-Instruct-2503,-1,1.0192308286591043,1.4704096649678948,1.223218307119592,1.2690972471759052,1.0184048696221788,1.3220389319551182,1.1643020464913654,1.219666322298791,1.3340269866568075,2.131117252723865,0.2035966616292823,1.7490885312483209,1.2049798059367276,1.7834493598347556,1.6634470224737723,1.3674251083031566,1.23071942800007,2.282563473032225,2.0022524068969867,1.6370580136864537,1.2253015965073182,2.109778698431525,2.0230981888552284,1.5966295606268872,1.291410224568319,3.514007131384441,3.655458675270421,1.8127100880121567,1.250425841315024,1.95770615017169,1.787623074415143,1.5259718413662482,1.2433646542652723,2.3280202572431388,2.6703602593356224,1.682791700334223,0.9928793408471336,0.966083331540773,0.6191419586715808,1.113177868220201,exact,9
GO:1904747,exact,direct,upregulation of apoptotic process involved in development of an anatomical structure,Mistral-Small-3.1-24B-Instruct-2503,-1,0.7387115979508532,0.4737688457321611,0.322575278053615,0.7414298729347815,0.4576268733166079,0.0169855390246013,-0.0606827921529546,0.3415711794206721,0.8323306074695435,0.4676625835618094,0.0126391115174424,0.8434288499698513,0.6781229781053363,0.4687632944020836,0.3257096702965426,0.5876205736256584,0.8406362937451998,0.659962772606472,0.4443670645364435,0.8556430565136328,0.4386798775570946,-0.1780370752740009,-0.2104098603251674,0.2822943952218253,0.9712131775291946,0.9567009057573046,0.7667321391939994,1.0458171279483297,0.3158270302065242,-0.0793008427308178,-0.1202111969908911,0.1760731152485439,0.7070586366017666,0.1020238996853079,0.2001202551347503,0.6551288324006912,0.5989501052039948,0.070014264074418,-0.0700109963346426,0.4621646576827853,exact,9
GO:1904747,exact,direct,upregulation of apoptotic programmed cell death involved in anatomical structure development,Mistral-Small-3.1-24B-Instruct-2503,-1,0.6756232762671809,0.3531438360806906,0.1853542457361759,0.6440880552087613,0.7497181764612949,0.4848625058305375,0.3698309050566938,0.7455422443434786,0.9352579412100424,0.6883754591115752,0.0357300313986534,0.9953648130552256,0.5122581027034898,0.2846471984350192,0.1646148853213008,0.3903034080190337,0.9495918822661976,0.9391310419155474,0.6874946180225536,1.035925029766731,-0.1709623464634254,-0.5343707449019021,-0.4742140089762033,-0.3384466359942982,0.459193670504424,0.0830958151940254,0.0302284668461386,0.3240590707387043,0.8432340825246377,0.5597879144705367,0.4347963102313514,0.8270599588659772,0.6630829543213153,0.1812551213421819,0.0853286360034693,0.5940228216004209,0.4951403594196404,-0.0392625093723086,-0.1346635189685254,0.3291333424082084,exact,8
GO:1904747,exact,direct,upregulation of apoptotic programmed cell death involved in development of an anatomical structure,Mistral-Small-3.1-24B-Instruct-2503,-1,0.6728394976418318,0.3463972389928169,0.194023245626991,0.639913347300145,0.6551391372178786,0.3157725253914333,0.1964981996283677,0.6057403459874661,0.9164609622514734,0.6824696161793605,0.0398169407397284,0.9667878417811328,0.5127884673095847,0.2878701095569036,0.1729763292383513,0.3909113203103327,0.7987174991373135,0.5699015117484897,0.3697140365736274,0.7908581420350622,-0.0787980920985458,-0.4899232623963421,-0.4351922303667636,-0.2529825414137533,0.5188056079782347,0.1500871127993909,0.0651247390854006,0.395796943461787,0.2886013448436608,-0.0816583652182913,-0.1278186735621239,0.1464666526200102,0.670846522712207,0.1812809966771688,0.0237235115086855,0.6046775760493671,0.4475826296072402,-0.0977324958384396,-0.1708557868846847,0.2712741998428236,exact,8
GO:1904747,exact,direct,upregulation of programmed cell death by apoptosis involved in anatomical structure development,Mistral-Small-3.1-24B-Instruct-2503,-1,0.6521544372868405,0.3122574365815508,0.1563525157228258,0.6091884665232058,0.6660893480869057,0.3195883760431318,0.2232250236308369,0.6214170586654647,0.9743520552219452,0.7837297457953085,0.0496909778152304,1.056126187606095,0.4298996464662283,0.1959253764717106,0.109553662430812,0.2974883632781894,0.8989496393448914,0.8002799438258158,0.5673207910277561,0.949791319440728,-0.2780288522128626,-0.5776287695110595,-0.5066611701811579,-0.4349433370306432,0.4133422544787518,-0.0104962738711777,-0.0746654623314413,0.2703476482597121,1.046948483214158,1.1692132825282684,0.9901036394398862,1.1407483255235362,0.6820222008572171,0.2089959650237499,0.0814115949208143,0.6201134976303248,0.4912852337802536,-0.051863264655598,-0.1492785854256889,0.324376475006399,exact,9
GO:1904747,exact,direct,upregulation of programmed cell death by apoptosis involved in development of an anatomical structure,Mistral-Small-3.1-24B-Instruct-2503,-1,0.6449878064002026,0.2938613818422806,0.1566655559929481,0.5986618466341243,0.6170607321428668,0.2495971937527278,0.1323133584780053,0.55216318943404,0.9214421116446344,0.6613641615878856,0.0417253619440515,0.9743220319811828,0.4272375847367947,0.1976600630020586,0.0863134481984167,0.2945388439408404,0.7923018642493908,0.5575172745967087,0.3556096496979193,0.7811375242675759,-0.3298012929423597,-0.5923222060764521,-0.5179208844543042,-0.4806203923049515,0.4964366569667151,0.0899837602243357,0.0188495315434384,0.3686129404900501,0.276442281914708,-0.0989954914127428,-0.1429181607459122,0.1333396466526908,0.6538017012440642,0.1533347669588096,0.0162699393204576,0.5813572767028777,0.4274622897690701,-0.1258842267697565,-0.198173990041303,0.2473118586275192,exact,8
GO:1904747,related,direct,activation of apoptosis activator activity involved in anatomical structure development,Mistral-Small-3.1-24B-Instruct-2503,-1,0.5524681868223553,0.1505193682613405,0.0172475703684006,0.4677426148553945,0.5961566312717698,0.1844693108227587,0.1036717343403546,0.5233391854656204,0.8515282181609627,0.3850381560751305,0.0163404443571376,0.8709640265625622,0.4172638633065025,0.0790539741341894,0.0063323993956326,0.2835150705116413,0.7660710148373009,0.4981801220726069,0.3204374311011767,0.741899809074067,-0.4017086015372139,-0.6225598918603724,-0.5278647695666938,-0.5430758752461429,0.0318998986386293,-0.3284795097073831,-0.3487207793071942,-0.1376261714316796,1.0456068710371351,1.1344159453733358,0.9252174643121523,1.138497063120716,0.3024373223464183,-0.2972224762716106,-0.3364400884243042,0.1482403702406019,0.223962637994882,-0.2532619222533469,-0.2950780688476508,0.0195639172868201,exact,8
GO:1904747,related,direct,activation of apoptosis activator activity involved in development of an anatomical structure,Mistral-Small-3.1-24B-Instruct-2503,-1,0.4938823002979638,0.0632586404592443,-0.0554271495302229,0.3890888969272708,0.5371244257656568,0.1088045311778577,0.0235496873832818,0.4440179526604058,0.8851216315411382,0.5021892714866777,0.025333117547946,0.9200002131886992,0.3985340065261654,0.0727201585449131,0.0019698544014039,0.2629266458276582,0.7294809354984001,0.4316357172858747,0.2762716321241424,0.6884530602817416,-0.2289124615961573,-0.5605588942552414,-0.4839148897073311,-0.391028247629055,0.1097076579343036,-0.2835709327764086,-0.3036454737958401,-0.059176133806461,0.7492112619218042,0.4962260006095403,0.3740744589288479,0.6973008129738799,0.2864054821314886,-0.3571435959919944,-0.2931797926279156,0.1302219046249944,0.2024573219532433,-0.2789245624750475,-0.3096617598488154,-0.0031553248638926,exact,8
GO:1904747,related,direct,activation of commitment to apoptosis involved in anatomical structure development,Mistral-Small-3.1-24B-Instruct-2503,-1,0.6337977671956588,0.2810415758981359,0.1306028291292274,0.5823435147225247,0.529734722437548,0.0960437139552797,0.0244721140530549,0.4342922494455038,0.9656882496792708,0.645216562827278,0.0549984148376139,1.0424996766656671,0.5904395793132906,0.2586919281694053,0.1749097373499817,0.4814388457429354,0.8092647251015949,0.591174864166228,0.4534669820504757,0.8069481155651045,-0.4403666046823017,-0.633625357419433,-0.5437173266732008,-0.576202689829745,0.5065088416635466,0.0118246565309434,-0.0348872552122984,0.3808127445418288,1.0963305637759206,1.2737530636248735,1.0790806855693784,1.2257739780236303,0.5311880769622439,-0.0677643653880475,-0.0887613782017751,0.4207594300029709,0.1907773903714578,-0.30251780593995,-0.32056252430356,-0.0153997914480906,exact,8
GO:1904747,related,direct,activation of commitment to apoptosis involved in development of an anatomical structure,Mistral-Small-3.1-24B-Instruct-2503,-1,0.4642396465840821,0.0158789586175745,-0.0900380191804992,0.3503964729138987,0.4422021489359622,-0.0121935362503135,-0.0871024813326314,0.3222222620408085,0.9669509516153724,0.734291340382797,0.0459802769431846,1.044479807597226,0.5776154040927125,0.2500911868491497,0.168202391567973,0.4662727737926709,0.7137432902007438,0.4070173886032115,0.2446754412680831,0.6658997555161907,-0.3293647028035446,-0.5938699163192195,-0.5043481459397703,-0.4802377467115715,0.5180908551233772,0.0247001644265904,-0.0140740858843889,0.3949232422328096,0.2716134555726366,-0.1009727825800358,-0.1311010376169428,0.1281424447249158,0.4183739918611182,-0.2299501325169821,-0.0987835958711052,0.2825122814955346,0.0837286372737008,-0.3815553971116356,-0.3641405023073916,-0.1247209659454091,exact,8
GO:1904747,related,direct,activation of induction of apoptosis by p53 involved in anatomical structure development,Mistral-Small-3.1-24B-Instruct-2503,-1,0.6714357890892394,0.3572478046548543,0.2039548838671983,0.6378119062063823,0.6894186321750776,0.3456642300830502,0.2051312816870354,0.65523982110918,0.8219399675509814,0.3893977701733707,0.0190384112616062,0.828666870125948,0.3285402127001859,0.0923763566988162,0.0114675685160533,0.1872420857571336,0.8365738506366465,0.6451812106903688,0.4505128101270543,0.8492644335937033,-1.277439965100607,-0.8379161567924001,-0.7128414337542809,-1.2339854058706865,0.0137505581775494,-0.3651620899934544,-0.346548688319268,-0.1556305980246851,1.0291438966943889,1.151251244801194,1.084142652720967,1.1111074795522342,0.1910965995338403,-0.316860053017012,-0.4255591125506617,0.0255765626365502,-0.2093011602555617,-0.5403740113340778,-0.4586131214413111,-0.4016243941469683,related,8
GO:1904747,related,direct,activation of induction of apoptosis by p53 involved in development of an anatomical structure,Mistral-Small-3.1-24B-Instruct-2503,-1,0.66567147625638,0.3404328596546097,0.1714552874342891,0.6292077170667795,0.569744421352094,0.1601495644382383,0.0544573120554853,0.4874821075089321,0.9030111276696776,0.5863547914618895,0.0345322287152755,0.9465800749348572,0.3012045246705271,0.0610686544700144,0.0025536153782951,0.1581956849281452,0.8266532781305994,0.6262973999262318,0.4248057641172226,0.833780202411961,-1.304718482066577,-0.840662471555441,-0.7046645501408241,-1.2539117893158858,0.0875095463102258,-0.3139573109868083,-0.3126436130510529,-0.0817726330294966,0.8133403239834983,0.6776740334353741,0.5988768744728018,0.7849499674697666,0.1181362137166759,-0.3989584069094036,-0.448402853007016,-0.0518897523078594,-0.2778167173793919,-0.5814805014615828,-0.4806716632084031,-0.4624787687061752,related,8
GO:1904747,related,direct,activation of induction of apoptosis involved in anatomical structure development,Mistral-Small-3.1-24B-Instruct-2503,-1,0.7390508796614352,0.4827781190856988,0.3157799505174627,0.7419683839786924,0.5776086001671168,0.1585969971443693,0.0959260730283359,0.4980946402171028,0.8549068406227226,0.4489636321297042,0.0212400058061759,0.8758458842074598,0.594451101565568,0.3514309842863167,0.2432549019029162,0.4862011580166014,0.8864252136761812,0.7622663318642633,0.624804248289042,0.9291434459747892,-0.1773556538010749,-0.5420661332203676,-0.4765816477212992,-0.344289923242063,0.670668368283155,0.192999100228063,0.0778559719827425,0.5899545755220362,1.1436858080177876,1.5155967445974343,1.3915812380143862,1.3117196944669598,0.6093298940590752,0.0065148918221167,0.0009926270884103,0.5217140970840266,0.3920901832968009,-0.1444295919537157,-0.2165074980889865,0.205880690226044,exact,8
GO:1904747,related,direct,activation of induction of apoptosis involved in development of an anatomical structure,Mistral-Small-3.1-24B-Instruct-2503,-1,0.6195979933085137,0.2442920037405392,0.0949517213600724,0.5618378931297867,0.430897828701906,-0.033658630158946,-0.1017645825672821,0.3081444595803861,0.8333258367309754,0.4812362509763494,0.0222592086154059,0.8448479149174491,0.500662571358035,0.2303201253215295,0.1472600196139006,0.3770461737902387,0.7280677239063821,0.4264754208615779,0.3044115022792573,0.6864174311428075,0.0243759919864548,-0.4458282342769272,-0.3895574303271837,-0.1543687824455031,0.7241786078260228,0.2704691292763488,0.1554640854267759,0.6630168398424666,0.8772587358272336,0.760481384095906,0.6303787612677888,0.8760491706698462,0.4857797804041363,-0.1873770644329919,-0.0188956763322258,0.3641233322893617,0.3537288193183119,-0.1884032361454993,-0.2456090528269139,0.1618927858804139,exact,8
GO:1904747,related,direct,activation of signaling (initiator) caspase activity involved in anatomical structure development,Mistral-Small-3.1-24B-Instruct-2503,-1,0.4483504166380962,0.0094217888808349,-0.087210208567192,0.3299414164652435,0.3857954779981906,-0.0831790650098826,-0.1392366994002428,0.2528049834135403,0.9115121404909348,0.6050628540022325,0.0351824710706039,0.9593296186046356,-0.001741376522695,-0.2265219094048083,-0.2792633020980724,-0.1472158386348825,0.6203114204520049,0.2477777068043098,0.1353686999476841,0.5368627317705155,-0.7788441386437231,-0.7285490073829919,-0.6125971572942572,-0.8544900602086649,-0.75339045986428,-0.6388917429052251,-0.5798452934793594,-0.8403155276919536,0.9039487538144988,0.8437884437075543,0.7444217960642804,0.9153229611754056,0.2661658736339817,-0.2968132498057056,-0.3219851274284876,0.1076512246409564,-0.1787062928636622,-0.488208788484678,-0.4336123636852254,-0.3740215255393238,related,8
GO:1904747,related,direct,activation of signaling (initiator) caspase activity involved in development of an anatomical structure,Mistral-Small-3.1-24B-Instruct-2503,-1,0.3926233956750023,-0.0642259407060121,-0.1406129731925449,0.2596777905663609,0.2995620820573368,-0.1697922031124069,-0.2267934382639454,0.1504173579477901,0.8103493566977154,0.4699187862454551,0.020339768020049,0.8123139039870082,0.0277432096445542,-0.19133165433162,-0.2451591360899044,-0.1186794334256883,0.6093493066808926,0.2348706683309458,0.0861061799316244,0.5222259445590961,-0.7249906689598735,-0.7158289306141397,-0.6004210922134793,-0.8114985878593706,-0.7488650508876321,-0.6476677182038217,-0.5936296404452284,-0.8366180634044191,0.8138290715889711,0.6767418894339993,0.5448287386178615,0.7856317532291581,0.1744042126160391,-0.39928571330544,-0.3134423067021265,0.0076607930491535,-0.2783817505175432,-0.5424219976089732,-0.4663343084448285,-0.4629752939823265,related,8
GO:1904747,related,direct,positive regulation of apoptosis activator activity involved in anatomical structure development,Mistral-Small-3.1-24B-Instruct-2503,-1,0.6401891949935694,0.2909557327070031,0.1079314860706253,0.5916466248444785,0.7393418401991901,0.4524978283755738,0.3591465475578497,0.7296891328215613,1.0375664316974935,0.8206039209813859,0.0535551867169304,1.158583832636658,0.7220130041604472,0.4833792902950067,0.3413882897582388,0.642531889775094,0.9142032488679116,0.839562486046738,0.6424727438171927,0.9752764765088534,-0.2515451726947355,-0.5701063834128359,-0.4982523937311606,-0.4113363945661042,0.1873511015422953,-0.1832644491464348,-0.2353023929729536,0.0213018246701841,1.1207698990399837,1.2859824006402174,1.0769117720045245,1.2695434917586703,0.5433016742351408,-0.0079065069162112,-0.1062192551557914,0.4361102852821034,0.615855690292683,0.1173249668382943,-0.0596324749484172,0.4848214189989431,related,8
GO:1904747,related,direct,positive regulation of apoptosis activator activity involved in development of an anatomical structure,Mistral-Small-3.1-24B-Instruct-2503,-1,0.5843578866194359,0.1923302557553106,0.0559198422280181,0.5118781998242853,0.6863543436785752,0.3588607859685185,0.2444826016477817,0.6507635231227655,1.0798040231291086,0.9681282242565564,0.0691168418701346,1.2303500964211536,0.7023870564471869,0.4685427354589224,0.3289301497942525,0.6178231177102829,0.932471277612438,0.8910309685825992,0.6573170095389987,1.0063091202745418,-0.0360601769245302,-0.478627051890117,-0.4230187499024195,-0.2125299653264734,0.323225904662576,-0.0759415010596511,-0.1431455945162117,0.1681240835068524,0.5426230253121038,0.1181767048859683,0.0521390554428256,0.4356201928591874,0.5540998971213672,-0.041970100642143,-0.0732019912349268,0.4498836829682708,0.6088260588396825,0.0992838709782452,-0.0730194163143256,0.4753634502933014,related,8
GO:1904747,related,direct,positive regulation of commitment to apoptosis involved in anatomical structure development,Mistral-Small-3.1-24B-Instruct-2503,-1,0.7082673216707808,0.4192491831652405,0.2409490190195026,0.6937820180034625,0.7288668813727023,0.4389584703109904,0.2865594981578263,0.7138220435779271,1.0606514402116984,0.8738929125184924,0.0856782013429449,1.1974514659402564,0.8211702985543105,0.6035232256385762,0.4924849222914776,0.7715344469492788,0.9958043334999858,1.083723865593592,0.8309771766861893,1.1186740554065424,-0.3990118587895324,-0.6223724018272793,-0.5427182120663616,-0.5407535017497458,0.6109157635332886,0.1657677031225386,0.1000894231156286,0.5114117988402527,1.1509867197483403,1.4195158191530897,1.2357079800292932,1.3254033964732772,0.8116580656826589,0.4102511675518321,0.3265520991857389,0.8086650667406832,0.563480988476043,0.0208321806115256,-0.1182218624297201,0.4155808179009049,exact,8
GO:1904747,related,direct,positive regulation of commitment to apoptosis involved in development of an anatomical structure,Mistral-Small-3.1-24B-Instruct-2503,-1,0.5482779186467862,0.1272703973921203,0.0073099878794597,0.4620152130565541,0.6561804983110895,0.305305817613291,0.1766846641509588,0.6072258650168563,1.0891740335034643,0.9981623544502356,0.0795668755581587,1.2466720443132189,0.7688689765301058,0.5258532611460779,0.3965028827838295,0.7025889799436928,0.9392434567093564,0.9118592517134922,0.6610142930719974,1.017960709841569,-0.2474869380507489,-0.5649228731919343,-0.4897165872913085,-0.4077041455103819,0.6633104504173485,0.2498022239291293,0.1673798185314778,0.5801171323748247,0.4947242937329511,0.087545676968465,0.0352481910265912,0.3786948036470258,0.7390472549062997,0.2273191726248019,0.2920785328102079,0.7007872537129216,0.4667715677884577,-0.100466167372509,-0.1957356525102725,0.2944077619630113,exact,9
GO:1904747,related,direct,positive regulation of induction of apoptosis by p53 involved in anatomical structure development,Mistral-Small-3.1-24B-Instruct-2503,-1,0.6588795848000776,0.3325272351307029,0.178650136800453,0.6191214126395364,0.7980774014565287,0.5765157040352535,0.3904896175348427,0.8213153499716583,1.0421038458476417,0.8595880199366001,0.0671701016390123,1.16615805212419,0.6343386154234859,0.4719170886476819,0.3224337367212295,0.5340405614609741,1.0031383398353209,1.1042743235134953,0.8197913971367482,1.132214460449394,-1.088805262867534,-0.8023708089890368,-0.6948828314732324,-1.093995964552299,0.0091648049781297,-0.3465819084358331,-0.3295411115002585,-0.1601627847191029,1.146024465309975,1.5259997985014886,1.3803803391520224,1.3160895300203372,0.3398418517125901,-0.1825868268587333,-0.3119031088457628,0.1907787088861339,0.1105545530299316,-0.3813906125968481,-0.3645365499813861,-0.0977955496028746,related,8
GO:1904747,related,direct,positive regulation of induction of apoptosis by p53 involved in development of an anatomical structure,Mistral-Small-3.1-24B-Instruct-2503,-1,0.6583094802863947,0.3273169507124674,0.1721027269831207,0.6182772956101361,0.7106162710724487,0.3978768777103097,0.2323165669415457,0.6864942124560847,0.9837778692478508,0.7417986630272239,0.0522997802135916,1.0710596341972531,0.582013130069737,0.3985528314550013,0.288912815855553,0.4714636586604574,0.9927899142784794,1.0717041149213862,0.7971599262136412,1.113142734145676,-1.0527215442604598,-0.7915636611887009,-0.6781281259364462,-1.0667535814435125,0.093814294396171,-0.2927978774450234,-0.294796109954501,-0.0753726405496611,0.9747262495534396,1.0099807180781553,0.924503985710756,1.0234658985181857,0.3410056720938398,-0.1965836173476957,-0.316827583024459,0.1921137587124316,0.0482244317298638,-0.4304041251355163,-0.3952231074709249,-0.1599047685641139,related,8
GO:1904747,related,direct,positive regulation of induction of apoptosis involved in anatomical structure development,Mistral-Small-3.1-24B-Instruct-2503,-1,0.7802819504900317,0.5756696734859716,0.3903522416017072,0.8087317873522392,0.7677443621859049,0.5129563096426598,0.3933980241298935,0.7734142513759352,1.0702177254984016,0.9154611957537404,0.0751623688835845,1.213807234824376,0.8796062394470056,0.8331392041608701,0.6585062868644795,0.851202984541156,1.0852645168479156,1.4181415569922875,1.2065081557518034,1.2928817172148768,-0.0477998119376705,-0.4886444442104387,-0.4389404773316311,-0.2236961287149496,0.7711985815710457,0.3807142698843324,0.2774980844441412,0.7296147570213684,1.2705671301365589,2.1222425862346177,2.010246342492223,1.570497263466734,0.8469522770110854,0.4529675376112498,0.4020347966809202,0.86348694872917,0.7423173307789247,0.2857463234510585,0.076700786704058,0.6651906562873101,exact,9
GO:1904747,related,direct,positive regulation of induction of apoptosis involved in development of an anatomical structure,Mistral-Small-3.1-24B-Instruct-2503,-1,0.6540031054598683,0.2972374571357972,0.1645491770773501,0.6119135959984997,0.6664069593375569,0.3164676363561226,0.1843589219595539,0.6218736253486333,1.078426250214984,0.9932516067827764,0.0712228819109186,1.2279629139004462,0.7806696914027061,0.6449371630131928,0.5254530223574407,0.7179627278303424,0.9954758806529111,1.079808307661679,0.8859486062390369,1.1180704053342048,0.1278585034256184,-0.3924279740926235,-0.3576138973515571,-0.0519539620132548,0.9091116331348134,0.6927520765397356,0.5587467674964596,0.9408486037526158,1.044421169346258,1.1462461214870538,1.0237625037866265,1.1365098701897496,0.7593719338125099,0.2291495430834974,0.3805910102410847,0.7303658606158285,0.709262118179075,0.2147757990959395,0.0231350834363341,0.6159940058762459,exact,9
GO:1904747,related,direct,positive regulation of signaling (initiator) caspase activity involved in anatomical structure development,Mistral-Small-3.1-24B-Instruct-2503,-1,0.5633119918222478,0.1719836457483385,0.0402993704728482,0.4826407158780663,0.4416018714377878,-0.0130303077787498,-0.0957671671901606,0.3214725496068442,1.0091681458502142,0.8221435936279098,0.0560514468346399,1.111869895588844,0.3081914128403947,0.0608978574359508,-0.0342867457894792,0.1655934902554399,0.8312624223596123,0.6393089175972245,0.4423661787421813,0.8409580551221474,-0.7934771340890113,-0.7327041188395707,-0.621937988453028,-0.86609559171221,-0.62957349255501,-0.5826734606167246,-0.5446535700313815,-0.7379543575202009,1.0460506538629044,1.16679274041614,1.0317927167685474,1.1392414170508092,0.6294594114394368,0.1151761460862443,0.0159030799461995,0.5485013959609577,0.2641037273555481,-0.2345400874121655,-0.2758475575195986,0.0625993123817713,related,8
GO:1904747,related,direct,positive regulation of signaling (initiator) caspase activity involved in development of an anatomical structure,Mistral-Small-3.1-24B-Instruct-2503,-1,0.4841091793847442,0.0473383824595473,-0.0365444922198931,0.3762537979111377,0.4190281759728032,-0.0331007076239711,-0.1202604573301942,0.2934538637115447,1.0541693650182342,0.931883330708153,0.0710620666784215,1.1864532513627442,0.3183789183049582,0.0817399053760084,-0.0191722940792303,0.1764124218781119,0.8426588718035007,0.6668215809244585,0.4386669537262112,0.8588271175069137,-0.7228457487656946,-0.7145455015848752,-0.6077156621052078,-0.8097769975326758,-0.6323705288267286,-0.595708962667637,-0.5556371376242977,-0.7402950130228632,0.984239721693968,1.0174342415177209,0.9081944539890848,1.0384854494309488,0.5798412019665999,0.020276309885716,0.0304410434493736,0.4830675556361301,0.2208350892731148,-0.2763671886970227,-0.3030106749434068,0.016245555405248,related,8
GO:1904747,related,direct,up regulation of apoptosis activator activity involved in anatomical structure development,Mistral-Small-3.1-24B-Instruct-2503,-1,0.6035238270202844,0.224040573430755,0.0515614187387164,0.5388890522239571,0.6695597751753166,0.327713045157887,0.2547772965278728,0.6264115615592231,0.8818496132964768,0.4870659188725779,0.0266931530315154,0.915174589083168,0.5867573336195463,0.3012325947813294,0.1712429400887418,0.4770751167821233,0.8733756956269506,0.736789260645182,0.517010567147585,0.9078858445759178,-0.2870915203382678,-0.5819097240377971,-0.5052963998036835,-0.4429835513628758,0.1155618630056353,-0.2180866207733659,-0.2740067579315286,-0.0531872521629335,0.3772792216330436,-0.0833972457626274,-0.1059107851382588,0.244031143507699,0.4735117696162825,-0.0813680498289078,-0.1785852600028234,0.349057967315752,0.5034429924724758,-0.0143364140577548,-0.146530728873266,0.3394195506119076,related,8
GO:1904747,related,direct,up regulation of apoptosis activator activity involved in development of an anatomical structure,Mistral-Small-3.1-24B-Instruct-2503,-1,0.565316395862428,0.1622758331302635,0.0166354704750004,0.4854067489853254,0.5944008390035002,0.2124518342839004,0.121860363707167,0.5209363689102683,0.9214120931286282,0.6215799053039742,0.0292784269221754,0.9742765452470232,0.5708775210815367,0.288126504204261,0.178604422142999,0.4583395858940336,0.84911124154932,0.6804398840660538,0.4416595686300499,0.8690221950515826,-0.0782295361250887,-0.4960173840210633,-0.4388603044030097,-0.2524479234807212,0.2265438587700906,-0.1364736716418892,-0.1998327793893374,0.0628290320115919,0.3481757679699537,-0.0512355969565728,-0.0918984981989871,0.2116459558421431,0.4514656659692559,-0.1524175190956628,-0.181434215047285,0.322226217172823,0.4856875356225683,-0.0424959245744109,-0.16704234061186,0.3174909338084032,related,8
GO:1904747,related,direct,up regulation of commitment to apoptosis involved in anatomical structure development,Mistral-Small-3.1-24B-Instruct-2503,-1,0.6828476128545939,0.3664858322263959,0.183247352940494,0.654967254809514,0.6593123471469724,0.3126877857108716,0.1960289851671521,0.6117002174451021,0.8724568966087319,0.4877521514381691,0.0394202470696879,0.9013822951083772,0.7048631834035186,0.4237626372424947,0.3158597606888275,0.6209265325371026,0.9610185839460008,0.9747134293267842,0.7484329056402763,1.055992488360841,-0.3573015277227281,-0.6044744809630292,-0.5234979887899682,-0.5046377935863711,0.4893947308079904,0.0512854314702734,-0.0198776748952672,0.36012220701727,0.2948226131137244,-0.1384309937757841,-0.1703963810573233,0.1532057374475391,0.7291912404122645,0.2665798137072835,0.1552309334779032,0.6866054991637447,0.4440262749148759,-0.1035696087959919,-0.1946702083627141,0.267017180916631,related,8
GO:1904747,related,direct,up regulation of commitment to apoptosis involved in development of an anatomical structure,Mistral-Small-3.1-24B-Instruct-2503,-1,0.545196573275271,0.1228693726368808,0.0009002747642107,0.4578138929164431,0.6071674134795518,0.2308703347395584,0.1207553517692986,0.5384713597945391,0.9211569357425766,0.6214877632940392,0.0371234790410726,0.973889948553932,0.6644883074751352,0.3719641990010209,0.2592636324404465,0.5708111841982183,0.8922941474436444,0.7863064424927965,0.5447195027414509,0.938788523407454,-0.1795325196151672,-0.5349042553727148,-0.4613779304384613,-0.3462770786616067,0.528886355031,0.1112065195170647,0.018986045036593,0.4081559862843062,0.3111883266829817,-0.0679413582619482,-0.1076709384752961,0.1710076174692088,0.6608489624961278,0.1174658778546152,0.134915314670806,0.5909671087341276,0.3475593798664971,-0.2039733957964244,-0.256918608064921,0.1549058148083111,related,8
GO:1904747,related,direct,up regulation of induction of apoptosis by p53 involved in anatomical structure development,Mistral-Small-3.1-24B-Instruct-2503,-1,0.651041342986345,0.314625521601124,0.1488282283451583,0.6075495849160616,0.7672566852533648,0.5177628986798427,0.3736665270461862,0.7726545357028898,0.8595396982596591,0.4907161997751581,0.0298522936798941,0.8825578255641404,0.513304088189178,0.3166911613057697,0.2293295342653251,0.3915024633377727,0.9113854691798512,0.8282238449476921,0.5992141391143968,0.9705400030715836,-1.1082464544147734,-0.804131046012834,-0.6915643326464237,-1.1086093425040773,-0.0008103396847849,-0.3455068507320123,-0.3382065348146095,-0.1699980909252488,1.1406125630745745,1.5062651650882803,1.3976560120647483,1.305996193646619,0.2820039820778312,-0.2312334982688442,-0.3580608840770839,0.1252968205412083,0.0035290204720986,-0.4383366602408727,-0.3968459499102735,-0.2034986775665835,related,8
GO:1904747,related,direct,up regulation of induction of apoptosis by p53 involved in development of an anatomical structure,Mistral-Small-3.1-24B-Instruct-2503,-1,0.6573882748222121,0.3261043480757061,0.1653893628279334,0.6169141442452832,0.6518799332594851,0.3002623544891785,0.1862731273471617,0.6010982013327614,0.9211696358839638,0.6344374364269617,0.0386928949696475,0.973909189207772,0.4665976008243262,0.2544829625203794,0.1977471825471536,0.338464791385107,0.9258093030892094,0.8700552702652653,0.6029078454190651,0.9949258635148432,-1.1084141689193183,-0.8008422197929179,-0.6817860317336077,-1.1087352154154329,0.0825225855756209,-0.2976613663480347,-0.3100052316420105,-0.0868249795181706,0.9866047713568508,1.0412234885114862,0.949533613514864,1.0422384114255083,0.2748394809347818,-0.2533601066787428,-0.3708929152451772,0.1172999265872723,-0.0669081653334443,-0.4858392826769215,-0.4220475783576137,-0.2707194591871587,related,8
GO:1904747,related,direct,up regulation of induction of apoptosis involved in anatomical structure development,Mistral-Small-3.1-24B-Instruct-2503,-1,0.725090966819681,0.4446574116043493,0.2362119681842512,0.7199499044610173,0.6647233867424182,0.3160568782309197,0.2221405543310795,0.6194546928968735,0.9160868853597056,0.5608786188082069,0.0415170483908908,0.9662231428229856,0.6956200955309664,0.5117693674976698,0.3718336337435455,0.6093621498291184,0.981907752845142,1.034621096423884,0.8141267043407281,1.0933354331241787,-0.1280304757399362,-0.5206892543529872,-0.4559880201299717,-0.2989268805201833,0.6514250849187193,0.2071255262111873,0.0797020593232172,0.5643276747702863,1.212510268325259,1.7778961123353163,1.6002534408271758,1.446058730416984,0.7460394705997907,0.2624132419791801,0.17891951944615,0.7109116986269116,0.5710792651511829,0.0377328983837431,-0.094536620542185,0.4254555033347812,exact,8
GO:1904747,related,direct,up regulation of induction of apoptosis involved in development of an anatomical structure,Mistral-Small-3.1-24B-Instruct-2503,-1,0.6545711242253304,0.299690015097219,0.1478470811141579,0.6127517230526658,0.5729081089686046,0.1714100074346359,0.0822219276623938,0.4917450259869768,0.924373920041227,0.6356161085200741,0.037665772378093,0.9787694208437824,0.6232374084637889,0.3992615389449467,0.2858689135918759,0.5206358993545077,0.9022946722874662,0.8074877781504679,0.5931729872829209,0.95534781460187,0.0636067344599883,-0.4235283012485619,-0.3803326501592435,-0.1159802354377092,0.7898025423590886,0.4596000604120819,0.3124125054693784,0.7566459696990648,1.034922359633894,1.140628810087672,1.0213512915115748,1.1206720969070938,0.6486595882205206,0.0656604642152473,0.1320542513276413,0.5743734374879639,0.5303024490085968,-0.0227031143515326,-0.1347150806495423,0.3730955849984192,exact,8
GO:1904747,related,direct,up regulation of signaling (initiator) caspase activity involved in anatomical structure development,Mistral-Small-3.1-24B-Instruct-2503,-1,0.5521170858718556,0.1517050960346298,0.0220626181724071,0.4672620912779857,0.4096248639089036,-0.0458044677067671,-0.1159761879617651,0.2818809158375089,0.8850331154041973,0.503195165546684,0.0414059204721134,0.9198695241656024,0.1860822317633124,-0.0461413538570012,-0.1282385870013583,0.0387636992404214,0.771455912830128,0.515165751281086,0.3168090059199657,0.7498899812362789,-0.797000659904449,-0.7322985848031733,-0.6182903244605652,-0.8688853626631695,-0.7554609190753276,-0.6203202768506841,-0.5732489319745038,-0.8420061166034487,0.9510400743494104,0.9416406585882516,0.816452943896728,0.9865890150653994,0.5818943298136202,0.0584195344192481,-0.0311182441452281,0.4857360596034349,0.1325557566019478,-0.3210808205588213,-0.3371128804754653,-0.0754846282936616,related,8
GO:1904747,related,direct,up regulation of signaling (initiator) caspase activity involved in development of an anatomical structure,Mistral-Small-3.1-24B-Instruct-2503,-1,0.4777483425607385,0.0375497012689321,-0.0481973373741695,0.3679418075016136,0.3598414358973025,-0.0938902172308227,-0.1648404171002698,0.2215342784603434,0.9292388438980566,0.6421863833605016,0.0466477325071607,0.9861705603999772,0.1932697984327834,-0.0336622111835575,-0.1184534281302969,0.0460904931397033,0.7914115841638992,0.5559872143560547,0.3351981843769961,0.7797925405829026,-0.7519550539966962,-0.7206023591519607,-0.6063507059252585,-0.8330800217832496,-0.7689613079955716,-0.6353117584834187,-0.5823975871153702,-0.8530131828343949,0.9149954271933952,0.8721530341979875,0.7311034117667534,0.9318076442834108,0.5084692736968168,-0.0585498226269424,-0.0523493073950077,0.392247674297852,0.0864180918089014,-0.3587813409988103,-0.3601402776437815,-0.1220350279319368,related,8
GO:1904747,related,direct,up-regulation of apoptosis activator activity involved in anatomical structure development,Mistral-Small-3.1-24B-Instruct-2503,-1,0.5715409638026752,0.1740369685778155,0.024242256217897,0.4940211566197441,0.6579999681406143,0.3107066842474593,0.2424021890329014,0.6098240419217771,0.8857616416964984,0.5975893330138446,0.0285010695684953,0.9209453906637304,0.5644169020381803,0.2970407355187653,0.1888494309165078,0.4507552832015729,0.8864446615421264,0.7684685710190333,0.5401788899914638,0.9291753190731954,-0.2467514281827449,-0.5678829032758669,-0.4958365999271359,-0.4070454143887431,0.0650525253519583,-0.2457457756924314,-0.2921971897384556,-0.1044555710122377,1.0658136520378034,1.24476782909382,1.020866344348451,1.17272288316153,0.4954720879772218,-0.0552000110513598,-0.1343668713753247,0.3760952551912107,0.4759297487344938,-0.0513295853997701,-0.1729436057492564,0.3055482747206602,exact,8
GO:1904747,related,direct,up-regulation of apoptosis activator activity involved in development of an anatomical structure,Mistral-Small-3.1-24B-Instruct-2503,-1,0.5391242649551414,0.1243072338830505,-0.0129839639249737,0.4495599654288491,0.5917628795451578,0.2105651066551573,0.1130785042644169,0.5173315062911027,0.8889870927560735,0.5912834105440992,0.0287919090047318,0.925715199942613,0.5535073635230026,0.2997930039996305,0.2018729901609188,0.4379975255130408,0.8853577419231891,0.7673568983220925,0.5052628788485218,0.9273948562448104,-0.107295866891207,-0.5104752212148274,-0.4530072486150462,-0.2796603299720436,0.1705191407013207,-0.1754756790058304,-0.2294862994548193,0.0036583140654152,0.98458819873667,1.0301102437987086,0.8308172781782741,1.0390379456517076,0.487932276207541,-0.1082550990688242,-0.1425033566941155,0.3667767437392912,0.4453070166946856,-0.0931120537966329,-0.1982872970137285,0.2685491713221314,exact,8
GO:1904747,related,direct,up-regulation of commitment to apoptosis involved in anatomical structure development,Mistral-Small-3.1-24B-Instruct-2503,-1,0.6542617382392464,0.3159295257959129,0.150802600729697,0.6122951684666543,0.633778421639244,0.2681176079136345,0.1683660647335569,0.5755102865018586,0.9341441772956636,0.6420660898534707,0.0384980716737437,0.9936603936547932,0.6777040105439193,0.4202989715470409,0.2848020679551944,0.5871023382764847,0.94563748285734,0.9292227954128486,0.7206280514885975,1.0290372821821658,-0.413865050829223,-0.62432281130961,-0.5392420614400798,-0.5535259911075079,0.4970992202234998,0.073226363851899,-0.0023673791310056,0.3694134501808435,1.0687388064565582,1.2464158514193349,1.0705660302325992,1.1777352405526176,0.7447984434610626,0.2973571340136738,0.1849998453260019,0.7091108542447394,0.3753775866954813,-0.1794609788888555,-0.2417329474249414,0.1865998477138278,exact,8
GO:1904747,related,direct,up-regulation of commitment to apoptosis involved in development of an anatomical structure,Mistral-Small-3.1-24B-Instruct-2503,-1,0.576902727228922,0.1784313714398739,0.0480514929145962,0.5014716817171064,0.5859604559146798,0.1968509357534557,0.0912765054236627,0.5094241442197713,0.9464929481044676,0.7118219062593331,0.0362858653654239,1.0126386155196896,0.6388600248839394,0.368241629237471,0.2586190846833098,0.5395205883984622,0.9117139220269256,0.8362444528310459,0.5713061587550873,0.9710914307923112,-0.3157185988305782,-0.5880588512394,-0.5089017450652946,-0.4682562039127712,0.5595143099375532,0.1609242554622282,0.0674778301625764,0.4461351256117841,0.9704081644590872,0.9949163270883976,0.8656603999712913,1.0166886720620445,0.6903383694659871,0.1688201228057271,0.1677419054499292,0.6316766541513043,0.3050379271576192,-0.2492936298718961,-0.2833294192690361,0.1073750736060597,exact,8
GO:1904747,related,direct,up-regulation of induction of apoptosis by p53 involved in anatomical structure development,Mistral-Small-3.1-24B-Instruct-2503,-1,0.632110396885039,0.2825052851730719,0.1430633225706103,0.5798951210462823,0.7229254542853378,0.4247841828241243,0.3002417204788632,0.7048818632643651,0.9176132114427832,0.618776638573291,0.0322933958763792,0.9685282233571452,0.4640129436590253,0.2703443692649183,0.1933101260792881,0.3355592034294738,0.8618733633573605,0.7031175758943345,0.507272877751149,0.8893578040259248,-1.1925977228808564,-0.8212768693084902,-0.702769235312179,-1.17150960851763,-0.0107920080474586,-0.3400918060006247,-0.3294228685572835,-0.1798081498871229,1.0108754886970257,1.1040082944571192,1.0740054916939354,1.0812065969807336,0.2283888931507146,-0.2723377526746494,-0.3881000999670992,0.0660341775236868,-0.0804658645770861,-0.4903175890534203,-0.4274019306171498,-0.2834610799162258,related,8
GO:1904747,related,direct,up-regulation of induction of apoptosis by p53 involved in development of an anatomical structure,Mistral-Small-3.1-24B-Instruct-2503,-1,0.6616765731641583,0.3363054332321121,0.1776588726861973,0.6232683624076386,0.6410058248417144,0.2823809684657051,0.1702241853201104,0.5856876861775148,0.9559576322600732,0.7160679618036497,0.0446084336965921,1.0273064305376696,0.4137089870278126,0.2039908889128625,0.133714340507006,0.2795961375470135,0.9235598332615476,0.8641188786858658,0.5907300568002688,0.9910995643670866,-1.2065347601780332,-0.8207485452504814,-0.6967490521264642,-1.1818256805132483,0.0205763867817535,-0.3244553936116159,-0.3251727109679366,-0.148871893396359,0.8980788950727702,0.856391851298251,0.8016879702300179,0.9066191352837468,0.2555978412654226,-0.2653140131095745,-0.3848371292596318,0.0959428490301482,-0.1454090706366044,-0.5306207896396196,-0.4493689022549645,-0.3436646293747777,related,8
GO:1904747,related,direct,up-regulation of induction of apoptosis involved in anatomical structure development,Mistral-Small-3.1-24B-Instruct-2503,-1,0.7149389349796843,0.4283074653486891,0.2406055332779001,0.7041122162689253,0.6377046868795675,0.2688428309900147,0.1909473518041432,0.5810327460082335,0.8582231169358545,0.5022817197799205,0.0247125200367932,0.8806482982106727,0.6721214623233176,0.4975230355526683,0.3712463983783056,0.5802075125789022,0.9199079562118376,0.851968760280183,0.6871978298671751,0.9849062158582724,-0.184689835706171,-0.5450421351384612,-0.4752514568476193,-0.3509800332794348,0.6614711748165143,0.2315448305999699,0.1067455173946475,0.5776655775891444,1.1147123612177534,1.4143653696723133,1.3138907082073676,1.2585823060232584,0.7337971953977631,0.253527391641769,0.1683935564653625,0.6932200884323748,0.5114432424943005,-0.0427485271461601,-0.1494954859313051,0.349385569082557,exact,8
GO:1904747,related,direct,up-regulation of induction of apoptosis involved in development of an anatomical structure,Mistral-Small-3.1-24B-Instruct-2503,-1,0.6581224581959305,0.3148491139580197,0.1472597603181203,0.6180004684351453,0.5634923720147039,0.1561951010135727,0.0847538188462662,0.4790828944878991,0.9671218262449454,0.7523502225379367,0.0451876538705429,1.0447479206186994,0.5979408597188764,0.3922176227736689,0.2785036570556685,0.4903511909685881,0.8935993153359669,0.7855675080518033,0.5858908075454797,0.9409407251677564,-0.1147760859159067,-0.5098239712146397,-0.4463076112476138,-0.2866247194480498,0.7867669833149276,0.4529715657767302,0.307883852934488,0.7522075865104068,0.9669747125306406,0.9989151383750696,0.9035916543805288,1.011317437131443,0.659625807292001,0.0905799436790423,0.1438791109126315,0.5892959660435809,0.4520678058965656,-0.1162503148843748,-0.1953477055260652,0.2766564595245097,exact,8
GO:1904747,related,direct,up-regulation of signaling (initiator) caspase activity involved in anatomical structure development,Mistral-Small-3.1-24B-Instruct-2503,-1,0.5231237951040467,0.1092189747849137,-0.006755219993965,0.4279700284999691,0.3434646543203284,-0.1186448959949417,-0.1790941651653005,0.202008736613594,0.9741988838197606,0.7678561647589561,0.0469761564347491,1.055884456035614,0.1471051430168609,-0.0790254246608318,-0.156659703083754,-0.0006844762353976,0.8060774359605756,0.585782595995005,0.3856109377034527,0.8020713461471977,-0.8943043560253809,-0.7569192792411035,-0.6407025452261983,-0.945217595746358,-0.7226891133354367,-0.6067486035183495,-0.5632386479125704,-0.8151676159166562,0.965538283318156,0.998599807611098,0.8761620919152876,1.0090748896369843,0.5961825840888276,0.0727343958950118,-0.0063047090521313,0.5043982615713887,0.0437268711525789,-0.3801450233421046,-0.3723268943919012,-0.1643260803965787,related,8
GO:1904747,related,direct,up-regulation of signaling (initiator) caspase activity involved in development of an anatomical structure,Mistral-Small-3.1-24B-Instruct-2503,-1,0.4934039687059958,0.0625552985180444,-0.0406348883511874,0.3884588745112098,0.312978633591567,-0.1408051916058299,-0.2032061635208211,0.1660700535672573,0.9961224066761925,0.78085914635641,0.0572200987725213,1.0907927646617184,0.1648074439696366,-0.0595322628056196,-0.1360266814501333,0.0171729798670021,0.8261238640020911,0.6292647792525903,0.4038781559840032,0.8329575254947559,-0.8029767726582306,-0.7344219466796491,-0.6191772927410578,-0.8736127839857344,-0.7124485356385732,-0.609495504345031,-0.5646787780839092,-0.8067459521618144,0.9087834451278358,0.8774192435518267,0.7583618916977166,0.9225206867971524,0.5238176911325853,-0.0429950636958352,-0.0335652698115278,0.4114703561021285,0.0098811281713157,-0.4084053984909174,-0.3889038766543577,-0.197349037302169,related,8
GO:1904747,related,direct,upregulation of apoptosis activator activity involved in anatomical structure development,Mistral-Small-3.1-24B-Instruct-2503,-1,0.4997641102805945,0.0723852291971364,-0.0578187598903315,0.3968515033834663,0.6422483138418167,0.2811029321893841,0.1771865949274545,0.5874425191709051,0.918348665084932,0.5461019134711171,0.0266040243848456,0.96963983467939,0.3575874016478913,0.053937713463418,-0.041389122121469,0.218416705755251,0.7634304268167412,0.4974868565131586,0.341560384326571,0.737993651413028,-0.4092496693617485,-0.6250516589913864,-0.5338373419755165,-0.5495620462184383,0.1361828702129482,-0.1965113916218792,-0.257196474543072,-0.0319914032997638,0.9830383800797158,0.9226600141150784,0.7319227563939357,1.036582044092241,0.4198452095175137,-0.1624343137489921,-0.2430256404048083,0.2842640178595819,0.3923776019798605,-0.1170442850898188,-0.204269977493034,0.2062138941590516,exact,8
GO:1904747,related,direct,upregulation of apoptosis activator activity involved in development of an anatomical structure,Mistral-Small-3.1-24B-Instruct-2503,-1,0.4932009558791721,0.0637061124641644,-0.0527190972785538,0.3881915384453981,0.5393228547402129,0.1364420708628691,0.0452113195781228,0.4469197717818408,0.9293427541457698,0.6088536153155427,0.0282115103282855,0.9863289339417728,0.3867287866260228,0.10164211463333,0.0122325244680914,0.2500246517608601,0.7144023567688867,0.4077558964232073,0.2390515279047961,0.666839203075495,-0.1659655190819861,-0.5339467485445865,-0.4664141283438213,-0.3338722295281156,0.2491957752586615,-0.1135775704711042,-0.1804674812346682,0.0871241266880227,0.2647240693258917,-0.1274728905515176,-0.1684673642935726,0.1207431131265297,0.3387688207591161,-0.3004803109640135,-0.2530371769888994,0.1895484314551698,0.3863356174916287,-0.1316251181677543,-0.2116810954380847,0.1992210188018929,related,8
GO:1904747,related,direct,upregulation of commitment to apoptosis involved in anatomical structure development,Mistral-Small-3.1-24B-Instruct-2503,-1,0.5793312334073296,0.1913890120108297,0.0616771416676995,0.5048555388227958,0.5570920005529267,0.1488867857214762,0.0858845956139369,0.4705186261419401,0.9185949708572896,0.5373857450241131,0.0506958345791961,0.9700122506030084,0.5661050587225996,0.2728143903001567,0.1499682395826349,0.4527349504785514,0.798438746392099,0.5705706656725228,0.4364592569997037,0.7904347543789637,-0.3639104679947925,-0.6066338745882318,-0.5293963880551249,-0.5103850823642827,0.5172859936655969,0.0940303773434926,0.01699287559539,0.393939801377187,0.2352252188499743,-0.1806830852857827,-0.1923170492473423,0.0892650877766299,0.6384733003750496,0.0837623726925251,0.0396246669764947,0.5606076683193889,0.3074781478976353,-0.2194249362208991,-0.261744908987383,0.1100740028220026,exact,8
GO:1904747,related,direct,upregulation of commitment to apoptosis involved in development of an anatomical structure,Mistral-Small-3.1-24B-Instruct-2503,-1,0.528082313874274,0.1076725043924421,0.0023001648963827,0.4346363442931273,0.4974921328848919,0.0774648659032627,-0.0010263013515378,0.3923553065337313,0.9418924181001528,0.6359380658445167,0.0438547921590673,1.005547464124673,0.5684726554699621,0.2832122321973458,0.1719519542440779,0.4555138920980598,0.75780567181059,0.4909975458776785,0.2905106418954552,0.7296990873997379,-0.2303233931423282,-0.5551916164905353,-0.4821040566597766,-0.3922979296399845,0.5584480927581736,0.1552318583374682,0.062821521456676,0.4448018833919932,0.2236643829901202,-0.1401931029250068,-0.1699639788364014,0.0770172209446024,0.483679470649768,-0.1620615406020994,-0.0055773617961196,0.36153717517354,0.2057123256385935,-0.3070213580025817,-0.3146372528660588,0.0002687813675122,exact,8
GO:1904747,related,direct,upregulation of induction of apoptosis by p53 involved in anatomical structure development,Mistral-Small-3.1-24B-Instruct-2503,-1,0.5952420160849303,0.2227902325378707,0.0954303078169079,0.5271712526152,0.7031520184043338,0.3930787738441876,0.2540895168935382,0.6754303379152969,0.7805721433780035,0.2809440053860335,0.0182164812614692,0.7708331039609305,0.3587566610690502,0.16565637983994,0.0858525314698278,0.2196784427468735,0.842265592736609,0.6600627195944225,0.4737387820466108,0.8582075591615279,-1.1396893111194422,-0.8095240925252543,-0.6911904328070083,-1.132150732995539,-0.029920718934875,-0.3499652741189809,-0.3322607678719079,-0.1985207474258382,1.0985221080388607,1.3437176258589116,1.1977243125798298,1.2296505828257325,0.2384557964730477,-0.279337060042735,-0.3967212960670936,0.0770607620447149,-0.1705419510263744,-0.5268799592125398,-0.4521473628933677,-0.3666090555033188,related,8
GO:1904747,related,direct,upregulation of induction of apoptosis by p53 involved in development of an anatomical structure,Mistral-Small-3.1-24B-Instruct-2503,-1,0.6417528109097558,0.3016580275524111,0.1632159012810042,0.5939296212282146,0.6004711743246252,0.2278516376543842,0.1117820266122838,0.5292555110781361,0.8570050579209929,0.4667058474059136,0.0298337939445454,0.8788831551143371,0.3276072624510089,0.1261023673900914,0.0561144773953017,0.1862461509982329,0.8457229911268671,0.6709653716727929,0.4565943186163111,0.8636614560877114,-1.1373260958558555,-0.8061417687474407,-0.6803702626494346,-1.1303853450373058,0.0498425193635925,-0.3027372480340432,-0.2975822647909625,-0.1197198309097051,0.9377070396721118,0.9073731238374784,0.7598855120681339,0.9661431137167514,0.1831414440040205,-0.3506527536480945,-0.4142764054541032,0.0170237411154199,-0.2289472850672833,-0.5659253267194982,-0.475104719037127,-0.4192071257554252,related,8
GO:1904747,related,direct,upregulation of induction of apoptosis involved in anatomical structure development,Mistral-Small-3.1-24B-Instruct-2503,-1,0.6685213035753875,0.3371959163891591,0.1679188473889628,0.633456477180118,0.605785921022563,0.2185877969872822,0.1320557574186338,0.5365666798629677,0.9123953775964978,0.5292842697219833,0.0332331004206186,0.960658755132298,0.4944206509244505,0.2657436459195806,0.1450577143116908,0.3699362426000749,0.8510776368837794,0.6807647441806728,0.5583338672290181,0.8721406213936354,-0.0971930645936245,-0.5072644508178946,-0.4550031641894321,-0.2702292240465995,0.7066502420357632,0.3063975092963375,0.1654093695812943,0.6387798680140051,1.1778204295316148,1.6251644258192908,1.4203769323645143,1.3767976237494777,0.6237025038656017,0.0240917834950526,0.0420094749671899,0.54080576672616,0.488969887943829,-0.0517649304909415,-0.1474102142205462,0.3215253711176499,exact,8
GO:1904747,related,direct,upregulation of induction of apoptosis involved in development of an anatomical structure,Mistral-Small-3.1-24B-Instruct-2503,-1,0.6272012408227039,0.2612705097781921,0.1230544201992688,0.572789924891538,0.4846199468438316,0.0551071339888195,-0.0196810334317782,0.3758319751665251,0.8350730683036363,0.41992808741172,0.025051410530703,0.8473414302001703,0.4680117699245931,0.2401232761522039,0.1303201554462021,0.3400558333147659,0.7375409954956894,0.4475543753503901,0.3379231705228532,0.7001028438275742,0.0978296207071124,-0.4062156054815882,-0.3702274066667438,-0.0820613223256359,0.8411611841751548,0.5763986620079435,0.4132665169848138,0.8334861444004993,0.9856287423887216,1.0078186841141648,0.844744406831269,1.0406886760156808,0.4878672223655915,-0.1849140778818782,0.022568806850557,0.3666965064093481,0.4554420083535258,-0.0971509227352047,-0.1797673766247304,0.2807154847785406,exact,8
GO:1904747,related,direct,upregulation of signaling (initiator) caspase activity involved in anatomical structure development,Mistral-Small-3.1-24B-Instruct-2503,-1,0.4647610836392798,0.032331417431902,-0.0748274317727231,0.3510710562580176,0.3485355625519961,-0.1087985268422461,-0.1731190519338424,0.2080379194735282,0.9175543289690792,0.6229171040753659,0.0361166461747975,0.9684392504964447,0.0434612507390059,-0.1465775689468943,-0.2084174663313439,-0.1033715505379048,0.6603632199291517,0.3142554326029478,0.1833211816109992,0.5912065814390671,-0.7940570992124374,-0.7319329983704335,-0.6177609767138912,-0.8665549088523581,-0.6738286407958749,-0.5867599492477245,-0.5485885948077577,-0.7748318373304208,0.9173516793993798,0.8684423406622311,0.7243446332545956,0.9353417873344252,0.4648024184462794,-0.0957519708565023,-0.1553277572993313,0.3384214142190674,0.0321599461984237,-0.3810456680587568,-0.3702437610922596,-0.1756609098832,related,8
GO:1904747,related,direct,upregulation of signaling (initiator) caspase activity involved in development of an anatomical structure,Mistral-Small-3.1-24B-Instruct-2503,-1,0.4646185575108592,0.0282630904058941,-0.0558783623173288,0.3508866490422581,0.2604943451159934,-0.1894690648707782,-0.2461638539378061,0.1053845420284671,0.8545004360983328,0.5130267980819109,0.0240587279099541,0.8752580825324752,0.0789756114974017,-0.1127795213770235,-0.1701739407935699,-0.0685330117826625,0.6662732103024993,0.3259996410262896,0.1545674882473116,0.5993449332759405,-0.7304674412500104,-0.7161728734013739,-0.6017360587513968,-0.815891171637673,-0.6941899232065282,-0.6038870543870316,-0.5595938102032127,-0.7916882177053959,0.8599091733281594,0.7638019124550574,0.6121568811922229,0.8509231180686111,0.3364290270810877,-0.2639148430749354,-0.1754899422727458,0.1868678305596224,-0.0293502320363267,-0.4246555667493837,-0.396944260755278,-0.2350946763450989,related,8
GO:1905155,exact,direct,up regulation of membrane invagination,Mistral-Small-3.1-24B-Instruct-2503,-1,1.0875953980919708,2.0009902555223804,1.8026135341785776,1.440099680049028,1.01914725679974,1.3793572132135374,1.1743274435315745,1.2212103743253353,0.7615446376106186,0.3741872770096271,0.0037289073987709,0.744711821104863,1.305814199220134,2.101082877717865,1.96740343338714,1.567924502053478,1.125322798947044,1.6039023273991213,1.238052535897968,1.37847348848105,1.2653169081937226,2.817715375958118,2.73713859494776,1.7358520342924613,1.295569083164752,3.725709959865565,3.9594116705232594,1.82881989498396,1.2161025632254845,1.870285264439176,1.6949716089964673,1.4534303182017938,1.2980420509851025,3.2344216597118374,3.105294878719815,1.8664790121792163,1.0621095745886255,1.234432053179367,0.8548850601729354,1.2786616654056735,exact,9
GO:1905155,exact,direct,up-regulation of membrane invagination,Mistral-Small-3.1-24B-Instruct-2503,-1,1.0296199405468642,1.6029576019647815,1.3745182279299513,1.2933891358745355,0.9768568140143812,1.1937575750061862,0.9924529849217484,1.1359482763678226,0.9282170597955424,0.7344971742671973,0.0476426326300473,0.9846138732708084,1.1553626612317087,1.4321741716582534,1.2563870831081247,1.2780399617807263,1.0874167473458511,1.4250883108939054,1.094702479497185,1.297344713461389,1.2428230084197678,2.383681211633128,2.2629990279887062,1.6539791190325484,1.263441900507308,3.0599577990827624,3.1024495258615152,1.7134971207948846,1.220649382199198,1.954524850898401,1.8304169083051696,1.462817784866748,1.2556619750258728,2.4842894086475336,2.3127008129178788,1.720630442874794,0.9729370251483812,0.736874875304464,0.4107592732739773,1.0704359193702178,exact,9
GO:1905155,exact,direct,upregulation of membrane invagination,Mistral-Small-3.1-24B-Instruct-2503,-1,0.8925271862413063,0.976231087165476,0.7282569961160681,1.006210838966017,0.8252125846631391,0.712895308339561,0.5849785650194104,0.8653066118210769,0.6682794174963804,0.053221724140175,-0.0105590048517784,0.6206438095654353,0.9662301376707366,0.910300876503474,0.7618328675981758,0.9751783596586652,0.9511822855257164,0.9355340392712672,0.6740126018761086,1.0387033503805012,1.2291012237520067,2.1831091053100784,2.0599549429120705,1.6086721563565296,1.292643611554026,3.652259033778707,3.773672269773346,1.8174447365392423,1.0344184608526514,1.0687975767368962,0.8750655387801947,1.1198359460893892,1.1655316641983553,1.4165715381377166,1.5834370829642697,1.4731123523455143,0.9228188438003584,0.568888001965964,0.3052750975491532,0.9701042404450084,exact,9
GO:2000253,exact,direct,positive regulation of behavioral response to food,Mistral-Small-3.1-24B-Instruct-2503,-1,0.6143592890272936,0.2248758129012013,0.0685151691445345,0.5543283992192704,0.3031684063801338,-0.1646522267057934,-0.1837604009174656,0.1546151255913844,0.4935431752361344,0.0821794084686135,0.0028246880998752,0.4032585629399873,0.468060915679598,0.1640842209393438,0.0750393115814735,0.3401111421160045,0.8692116914406834,0.7305875422899247,0.4834231151245795,0.901156158051649,0.5098315201189995,-0.1326756290219366,-0.1579396301224016,0.365954870689188,0.4074191428287145,-0.09402761121575,-0.1498540767929303,0.2634965468982174,1.0726072437538756,1.2171288507582192,1.0357423038111768,1.1843870386705042,0.7088057969284093,0.2133459776385017,0.0774447464732218,0.6575954366194947,0.5664568296703065,0.0426520514158328,-0.1131422573904609,0.4194415859976969,exact,9
GO:2000253,exact,direct,positive regulation of behavioural response to food,Mistral-Small-3.1-24B-Instruct-2503,-1,0.473033161082937,0.00680954513397,-0.0950505292411139,0.3618012217941057,0.2742688887933782,-0.2047549595122434,-0.2117998543265365,0.1211711594652105,0.3289062393480838,-0.0748603729024545,-0.0164033652417345,0.2127963238612133,0.568932987375175,0.2768893320836562,0.2002486803290285,0.4560545426725136,0.7265659164806136,0.4323672764430445,0.2308497836352273,0.6842564526018188,0.4418200559335726,-0.1944082333378307,-0.2159664479037868,0.2859205719700972,0.3783275192154318,-0.1206022549114963,-0.1642240352091043,0.2301248730032896,0.9232425542881436,0.8266512535868589,0.6956312569376687,0.944205582272347,0.6453196810821922,0.121846609642551,0.0018696688374515,0.5698498494848222,0.5559683697926228,0.0261902032545744,-0.1191867446639741,0.4058716547570368,exact,9
GO:2000253,exact,direct,positive regulation of feeding behaviour,Mistral-Small-3.1-24B-Instruct-2503,-1,1.1618049292889008,2.7450321205581774,2.7453966875362337,1.6696150224517476,1.180037157422994,2.461395455277162,2.443490164026678,1.6149446946585286,1.0268702186801004,1.0877757940200563,0.0954358886822365,1.1408512042086123,1.42568274341695,2.991595558662064,3.256066936733569,1.857911454308832,1.271080232458346,2.669976819046328,2.573501193244956,1.7553080873921902,1.2664293003157037,2.8033375679820387,2.776190775982121,1.7402034467962253,1.337827979279329,4.999111900791516,5.899855545687104,2.0262775427598507,1.3511410828795969,2.6849863743488043,2.700927326285404,1.7673979435232494,1.3199987949591214,3.972892580503866,4.111687033696705,1.95556746808012,1.2024173650255654,4.030239433268879,5.7430570131721685,1.8486819216553128,exact,9
GO:2000253,related,direct,positive regulation of drinking,Mistral-Small-3.1-24B-Instruct-2503,-1,0.7990696752135101,0.608955662862682,0.4353841088535909,0.8400779107968747,-0.079128374727609,-0.4732737381313542,-0.4402414024378343,-0.2572070235852651,0.4325089896987194,0.0263752135445235,-0.0119053338801297,0.331205967906998,0.6164274450119391,0.4148623185666508,0.2819151700550842,0.5124477785387238,0.6273645131681316,0.2687002726003714,0.1061199887812539,0.5463328589796875,-1.523464212897933,-0.8952298390151542,-0.7655045319935546,-1.411074620358976,-0.9589754799542392,-0.7650423471024068,-0.663784876455094,-1.0050736810882477,0.8398182255099882,0.6581225673595694,0.5511238840256898,0.8222053010455714,-0.0770589113687569,-0.5826750384428763,-0.5941701428551975,-0.2494149495101359,-0.3104967892564689,-0.5432689648446898,-0.4471699784715114,-0.4910582936571731,related,8
GO:2000253,related,direct,positive regulation of eating,Mistral-Small-3.1-24B-Instruct-2503,-1,0.34405535785507,-0.1427648313254953,-0.2124619745161679,0.2001857386678956,0.5971723660293534,0.2162476669520872,0.1331027981737521,0.5247304964914948,0.2081267401976682,-0.0515782292249657,-0.01572821183306,0.0802213777473145,0.7675080486644276,0.6603399672858828,0.4826369417521799,0.7008225948769784,0.7572546489421427,0.4919139959894784,0.2538521369774529,0.7288884099467443,0.2801006793924554,-0.3188935653996013,-0.3164595441126994,0.1061534860375652,0.5538313519848982,-0.0016201283622153,-0.0761363940572285,0.4390383166738497,0.5700525184264493,0.2766980176933271,0.1933920783411401,0.4687932385829726,0.4646494346860906,-0.1176010731611954,-0.2200039539959835,0.338235008850005,0.7599907417211006,0.2946139018349037,0.1040119204901443,0.6921801378160951,exact,9
HP:0000322,exact,direct,Decreased height of philtrum,Mistral-Small-3.1-24B-Instruct-2503,-1,-0.1835033683707019,-0.5447496291705147,-0.4677600542442472,-0.3689212881769495,0.652921294352696,0.3330579911890748,0.1820189318203463,0.6025802535994473,0.6841780702492867,0.1690487921121511,-0.0125273899091253,0.6413541488686175,0.6724417288267663,0.509457440834659,0.3337944108741198,0.5806025409546918,0.7917443587589617,0.5552719338632244,0.3152223633472613,0.7802951660236637,0.7568498851836277,0.2123304745977882,0.078006515461648,0.686474411457928,0.0009005005770417,-0.4765115758869352,-0.4406605957698524,-0.1683134930428305,0.1491870678777501,-0.323135876319982,-0.3157815746145617,-0.0007426039400935,0.681152195080816,0.2666695032613108,0.2060405907658869,0.6189076191967282,0.4771676615184436,-0.1172525812280769,-0.2118056285903787,0.3070591824424493,exact,9
HP:0000322,exact,direct,Decreased length of philtrum,Mistral-Small-3.1-24B-Instruct-2503,-1,-0.064085244488127,-0.4675257364990722,-0.4122201637477301,-0.2501060112886609,0.6969613169613239,0.4185978578469033,0.2909513096052862,0.6663026069663378,-0.7635422195499856,-0.6361846328514429,-0.0866090176840647,-0.8435485191306087,0.7268894917008114,0.6086920187904549,0.4987154160620453,0.6487111918091039,0.738405345093254,0.4510380400735457,0.2065486994385259,0.7013562068862611,0.814688190646663,0.3143915281951775,0.172742756054829,0.770414510977276,0.2970899247714052,-0.2904149541169987,-0.3031008209062369,0.1392382349633711,0.0814202573885219,-0.358893652018869,-0.3392471435298068,-0.0698733175743026,0.6737482100141066,0.2521491559407691,0.2502496515463178,0.6086741635343721,0.6480796075632524,0.0753980258105575,-0.0616146909167357,0.5288779283597007,exact,9
HP:0000322,exact,direct,Decreased vertical dimension of philtrum,Mistral-Small-3.1-24B-Instruct-2503,-1,-0.6447672826480388,-0.768122890294667,-0.6418944478045754,-0.7898948462399183,0.4389452746444439,0.0171117772077754,-0.0970912501514238,0.3181575313326552,-0.9015962201035856,-0.6652622704244392,-0.0917905928847008,-0.9606607680520834,0.427164685200204,0.1872878670158,0.0732873686800594,0.2944581152980207,0.484323298267176,0.0649903128637276,-0.0844743702890702,0.3617693887828809,0.4786910058885102,-0.1174027360592512,-0.162518758986912,0.3289458129219903,-0.2781014211394755,-0.5945166309836379,-0.5298007340684179,-0.4318906890914614,0.0549487095809031,-0.3710906473216535,-0.3706336723333738,-0.0964831339889117,0.4539555838979369,-0.0143598393158337,-0.088967854884965,0.325241370215117,0.0938460845245985,-0.4112420963551455,-0.3694777292764745,-0.114601247255066,exact,8
HP:0000322,exact,direct,Vertical hypoplasia of philtrum,Mistral-Small-3.1-24B-Instruct-2503,-1,-1.0235322070496151,-0.9004512640980648,-0.7299396323711775,-1.101661255801169,-0.0520988030860074,-0.4206600440938644,-0.3948691298968568,-0.2299855755767113,0.5111486500209241,0.0250838728611097,-0.0178531389157954,0.4243863126239489,0.196592461019075,-0.0983713462853337,-0.1743909019941777,0.0494831303357319,0.8360919757360042,0.6474242449099906,0.3871427011542079,0.8485092924464175,0.6326825848505996,0.0439735459337985,-0.0461305993463394,0.5187221129067655,-0.1794740895250703,-0.5849121650626739,-0.5258210712416559,-0.341118738413061,-0.0831855374062742,-0.4346910562302088,-0.4104043399327833,-0.2320235570832043,0.2852266493251736,-0.1674949944086943,-0.2534934222716616,0.1289019276583823,0.0704077875372841,-0.439010489117865,-0.4097300964879953,-0.1379808775025833,related,8
HP:0000327,exact,direct,Decreased size of maxilla,Mistral-Small-3.1-24B-Instruct-2503,-1,0.3896074037477385,-0.0809784879832262,-0.1569222697257128,0.2559377241695113,0.3949355377051935,-0.0567127117353349,-0.1231279057844589,0.2639153180196723,0.6528087210229454,0.2059684915748656,-0.0079090487196959,0.6006533425435588,0.4681194810376455,0.1089150320961594,0.0606302886777392,0.3401770532009555,0.4240889356868972,-0.0082244297159205,-0.1032829509938153,0.2882706887655713,0.99912812874112,0.7176332745363453,0.5383077398666685,1.073407953529469,0.3516973690675083,-0.3357662166332422,-0.3327862832146452,0.1999686636950048,0.3197590046925531,0.1289596694431129,0.1111327987585249,0.1803737546214726,0.5743166295425841,0.1800695618521257,0.0650852973243351,0.4759032853174988,-0.1981408527560761,-0.573305495018183,-0.4732663842588579,-0.391587082368491,exact,9
HP:0000327,exact,direct,Decreased size of upper jaw,Mistral-Small-3.1-24B-Instruct-2503,-1,-0.0186110665290346,-0.4433865589841,-0.423910159469461,-0.203549412396624,-0.5293093189115693,-0.7389568704762265,-0.6492844031463851,-0.6792435213776502,0.461456460447802,0.0239217927812432,-0.0246604693662918,0.365153958910717,-1.3997235032827615,-0.9025067954069268,-0.7614990745561896,-1.3178580495991383,0.1430391814168057,-0.2817547538472997,-0.3131641593004958,-0.0287364239382721,0.0982182924160576,-0.4059552690013817,-0.4050156729290805,-0.0816737262746728,-0.1325523790076691,-0.581355161241975,-0.5302637403117688,-0.297055192006178,0.1021822556690072,-0.0323208163010021,-0.0374074801463209,-0.0488504304842814,0.0412482915514859,-0.2816184137306557,-0.3380032664533337,-0.1312882953011577,-1.0790527997219008,-0.8159728487796865,-0.6132421754007187,-1.0991808653899369,exact,8
HP:0000327,exact,direct,Hypoplasia of upper jaw bones,Mistral-Small-3.1-24B-Instruct-2503,-1,0.6226807291788429,0.2620921007800381,0.1533355612766987,0.5662707720585046,0.8189791726607505,0.6897761558762779,0.4849355832498499,0.8551011026908067,0.9986820624448636,0.6858465096182661,0.0357537418794972,1.0949099091589467,0.2346439713796003,-0.1428893522989444,-0.2044514451787477,0.0885937430736489,0.8414855172248069,0.6661289514104481,0.4163433480495651,0.8569792773411141,0.5055523282706126,-0.1138222772109118,-0.1512207477142827,0.3608314285691663,0.6165546865125696,-0.039441600089749,-0.1202899938005663,0.5186970202603575,0.6094587716129063,0.3944070607429599,0.3154435935645799,0.5172279943902136,0.615927497436565,0.3245849071026082,0.1571926718820072,0.5304566527216753,0.4078636380611931,-0.2059857120106857,-0.2637956900680313,0.2242493195289869,exact,9
HP:0000327,exact,direct,Hypoplastic maxillary bones,Mistral-Small-3.1-24B-Instruct-2503,-1,0.8283598374780782,0.7124525743353457,0.5405407088072325,0.8902149195495294,0.7321757848910998,0.4789769283117538,0.3263050351335202,0.718819630256573,-0.3824733226692601,-0.5334491283709331,-0.0794847219130836,-0.5051022225794518,0.6974413553018575,0.308549108266848,0.2016500032311717,0.6116364241957565,0.6171976010267787,0.251272599536378,0.0655732898244082,0.5326950347891061,0.862339266102345,0.3661787211247114,0.2364400089588079,0.8429613988769273,0.6004126069211209,-0.0582871214366036,-0.1247393762547037,0.4979094219516473,-0.0674053434683733,-0.4365944978026531,-0.4083193110368389,-0.2168072596042325,0.4618614128882565,0.0568912239018794,-0.0832553415012277,0.3348404890839654,0.3724347702691096,-0.2296733592202724,-0.2701473007477953,0.183223717668143,related,8
HP:0000327,exact,direct,Maxillary deficiency,Mistral-Small-3.1-24B-Instruct-2503,-1,-0.2469386195084325,-0.5699295437155284,-0.5344364785900483,-0.4301707688250969,0.1955805073056459,-0.2427069552359453,-0.2689992795882348,0.0322604267746532,-0.4626920339039378,-0.5775314483502703,-0.0859613454620622,-0.5784215082403027,-0.1826321569693403,-0.4537554818036344,-0.4463022398120669,-0.3175468661007917,-1.1048374587050764,-0.9559272874940332,-0.6843414470709187,-1.1353910964133005,0.616289537870088,0.0009317272265245,-0.0707032266625616,0.4976541902329846,-0.105905511879113,-0.6068442518546413,-0.5636882821916067,-0.271763811074292,-0.7166918749108493,-0.7500335334717587,-0.6534042123431612,-0.7975079315449439,0.1031087762263505,-0.282579983861539,-0.3507214930311522,-0.0675820972096032,0.5353165375961917,-0.0936868345356109,-0.1885488494370274,0.3794518071446042,related,8
HP:0000327,exact,direct,Maxillary hypoplasia,Mistral-Small-3.1-24B-Instruct-2503,-1,0.6598856106919058,0.3431007777298466,0.2055978197188965,0.6206119167322321,0.7511019985851589,0.531184057489996,0.3852114325728408,0.7476668472630642,-0.0231081977136913,-0.302956658357816,-0.0526751941034723,-0.1598853224002678,0.6922765459987977,0.2003449533107422,0.139086950691247,0.605192483601833,0.312605124593023,-0.1297455607876057,-0.1868524119299885,0.1578188866439759,1.0657195340604009,0.9678295120177778,0.7934212120679687,1.202074766157592,0.9937028169862576,0.6157852278990474,0.4808359374968503,1.085747333130762,-0.2008485909382226,-0.542279631471339,-0.4907180742429483,-0.3434803408412645,0.6978495861403057,0.3659111922680448,0.1801777289609056,0.6421780045166561,0.9625595078503344,0.7311230992702118,0.4118285337304699,1.0488792074181783,exact,9
HP:0000327,exact,direct,Maxillary micrognathia,Mistral-Small-3.1-24B-Instruct-2503,-1,0.2406147605931611,-0.2002675303749016,-0.2710480866185106,0.0783033156697594,0.2146356292334657,-0.2056405125583364,-0.2653974206891691,0.0535140186436245,0.1971307268729838,-0.2429719317341606,-0.0518340649217795,0.0684163183155939,-0.0862515977332556,-0.4333118458194887,-0.4324864023420089,-0.2277705343685357,-0.2554648787923371,-0.5704673357867107,-0.4583307542815267,-0.4240639326472102,0.5572951052101902,-0.068179805559668,-0.1034106717723527,0.4236314470310487,0.2414819080247485,-0.3964996275321802,-0.3887726721833213,0.0788259147968572,-0.8326076557532323,-0.6623880918763912,-0.6015589077954652,-0.8932047170582267,-0.2689248524766223,-0.427780860658301,-0.4578045657726285,-0.4319060753235916,0.2640712185996544,-0.3213550556106231,-0.3127183843049018,0.0625641176561917,related,8
HP:0000327,exact,direct,Maxillary retrognathia,Mistral-Small-3.1-24B-Instruct-2503,-1,0.2368784902803174,-0.2027993708169496,-0.2534067065111512,0.0740139811129435,0.1808057599831788,-0.2417171118267365,-0.2882532921592632,0.0158977748363909,0.5510840521865356,0.0846540937999125,-0.0274440276233132,0.4729163235288597,-0.1831887326447712,-0.4815848514639443,-0.4733751715762364,-0.3180591891253155,0.2417889620645603,-0.2050249324662177,-0.24613168048062,0.0783053098488978,-0.8422862382665506,-0.741813201969725,-0.6598883840770415,-0.9045786733730452,-0.3029461162095774,-0.6558035705473052,-0.5903190579507908,-0.4543837191923844,-0.6806301215886428,-0.6304513414302759,-0.5798644881186171,-0.7673192487750721,-0.6883655749035346,-0.6321402098708634,-0.6537240375163268,-0.7996655492849049,-0.0358308267231234,-0.4806038039561956,-0.4160266726864562,-0.2412767024036945,related,8
HP:0000327,exact,direct,Maxillary retrusion,Mistral-Small-3.1-24B-Instruct-2503,-1,-0.053715599583761,-0.4410148528758378,-0.4518729969882599,-0.2395564210728151,0.0359944435768745,-0.3925220693731384,-0.4029582374124652,-0.1394775355012262,0.4700452197004612,0.0278711135345397,-0.0312963315873041,0.3753037146076213,-0.2310067331686512,-0.4694088362224152,-0.4737150835700385,-0.3618244893138337,-0.5095663734843603,-0.703047816750377,-0.5836345750445453,-0.6522842059182469,-0.542998373838774,-0.6631735770071406,-0.5859189109060593,-0.6627212144985571,-1.202907214959484,-0.9129814213657548,-0.7968117006870581,-1.1932619468634271,-0.7226604606688833,-0.7189632177280937,-0.6374053176428812,-0.802484865829504,-0.6851135976834456,-0.6482232240559535,-0.6482840022479945,-0.7969521667310424,-0.5487900980528189,-0.6785824823676294,-0.5340181752099094,-0.6916688903290358,related,8
HP:0000327,exact,direct,Micromaxilla,Mistral-Small-3.1-24B-Instruct-2503,-1,-1.0427614151464946,-0.9171029114591428,-0.767323518323538,-1.116844410100734,-1.4570362509511188,-1.0337343099182514,-0.8499410302283065,-1.4212402581679882,0.0937346424594669,-0.2598858720499741,-0.055171302952899,-0.0406156280993319,-1.6243965986714657,-0.946102990917886,-0.8134672435239402,-1.4838717783824544,-3.1924470198528594,-1.4214705486070072,-0.9988274736178112,-2.497977268803272,-0.2546385735563404,-0.5657573189254691,-0.5189244069519997,-0.4141024184097496,0.1053237316961815,-0.4940560510213553,-0.4695441492445861,-0.0636527600673746,-1.5884030428755558,-0.8769251765593397,-0.7857000657621306,-1.475936447693963,-1.8524240103221183,-1.0824668919478992,-0.9400318832109688,-1.6744167875066946,-2.29228421378044,-0.9996874144713266,-0.696167896674007,-1.9046847147580348,exact,9
HP:0000327,exact,direct,Small maxilla,Mistral-Small-3.1-24B-Instruct-2503,-1,0.0552139917458628,-0.3987450039895908,-0.3886678960509878,-0.1262763500006508,-0.0471622389774757,-0.4680004515504349,-0.4597958127677041,-0.22498698599042,-0.3743879508388564,-0.6186769861454954,-0.0876118744052284,-0.497644197216334,0.0058999692846548,-0.2764990912333886,-0.2999633626507808,-0.1398423344907323,-1.8071128632302889,-1.1715177225347977,-0.8299417713932795,-1.6390035932879654,1.072517485916952,0.9969657177423736,0.8101689198580864,1.216033169402322,0.6792009598368365,0.0019836950483933,-0.0495765744983153,0.60142370683412,-0.5652358344412992,-0.6485173517099031,-0.5866701600938055,-0.6692984692660351,0.2630540123811685,-0.1745949237466975,-0.1913208046116493,0.1041981616228681,-0.0569295253100925,-0.5067942256781353,-0.4379212080319643,-0.2613018387442679,related,8
HP:0000327,exact,direct,Small upper jaw,Mistral-Small-3.1-24B-Instruct-2503,-1,-0.7189962808283629,-0.8084136003851058,-0.6963462417484767,-0.8530559082972858,-1.4035804913885903,-1.0724607164059496,-0.8751736923489536,-1.381835173089903,0.364877657989817,-0.1064488293831893,-0.0403811013885392,0.2533847556094269,-1.8082230188837385,-1.0465497869121272,-0.9047634960306872,-1.6167257095923897,-0.6912396936484628,-0.7895391611657169,-0.6272628930328071,-0.8065698336322511,0.2985161883574784,-0.2779734777755974,-0.2972548723538477,0.1259575999586382,0.2334822211951394,-0.3826320586995492,-0.3797931750554685,0.0702473476584358,-0.9130784827515156,-0.7762920518519961,-0.7020979312773322,-0.9585004369149656,-0.1779181019762471,-0.4176135520590038,-0.473236564362103,-0.3466441155586252,-0.7694956538987126,-0.7314112288474928,-0.5659732587012465,-0.8669803879912723,related,8
HP:0000327,exact,direct,Small upper jaw bones,Mistral-Small-3.1-24B-Instruct-2503,-1,-0.7425457687399071,-0.8127040425766878,-0.692539910053585,-0.8728687245599928,-0.687225011490828,-0.8207901943281803,-0.7036823619688367,-0.8157678004242928,0.4304111572532184,-0.0526659059255037,-0.0399007038603605,0.3287610817451552,-1.2608167126929526,-0.8756071314903445,-0.7828754163545492,-1.212981498274485,-0.1561748796461046,-0.5108655079788714,-0.4385422461336408,-0.3303202061045375,0.5126381710113826,-0.1049255188280591,-0.1653270910603458,0.3693219326281345,-0.0906143673749932,-0.5320886650195829,-0.501246099961772,-0.2571601498984058,-0.7021223087917045,-0.6910985498310428,-0.6089797152057661,-0.7853357724212261,-0.1746503974537088,-0.391782739944587,-0.4565883499881202,-0.3435405186945751,-0.4887371377013007,-0.647526490564796,-0.522542832529964,-0.6423166792698508,related,8
HP:0000327,exact,direct,Upper jaw deficiency,Mistral-Small-3.1-24B-Instruct-2503,-1,-1.00960427568058,-0.9123305467622056,-0.7583465114685146,-1.0906283662651746,-0.9298792304326926,-0.8857321423742442,-0.7559359284854675,-1.0163719935214404,0.5671043184145433,0.0834352182910598,-0.0239432333178069,0.4926291983026754,-1.6963128106140544,-1.0440820304211682,-0.8995189159941643,-1.536147187163935,-1.094365863330582,-0.945837089018098,-0.692580861242409,-1.1274026511817368,-0.0422321467527804,-0.4763921624202075,-0.4492509878440694,-0.2184056375373207,-0.2122740287201724,-0.6252263209832356,-0.5639851765752618,-0.3715766647404063,-0.5428863839382382,-0.6424040814791974,-0.5797928091705054,-0.650052688132007,-0.5633857064804756,-0.6138090084905435,-0.6531887602962526,-0.6939569844747379,-0.1204077733064038,-0.5194251073838956,-0.4410678384772581,-0.3206472470130647,related,8
HP:0000327,exact,direct,Upper jaw retrusion,Mistral-Small-3.1-24B-Instruct-2503,-1,-0.4176098344205047,-0.6651117973009429,-0.5948313496735514,-0.5892724218220888,-1.0470257526960929,-0.940542974091042,-0.7880249456978602,-1.1097128158697322,-1.0754923287684308,-0.7466090933323427,-0.1007754458028787,-1.1046799724131966,-1.538786331644711,-0.9582916461975942,-0.8382266789304662,-1.4211110815880323,-0.5013896262913997,-0.701791699906695,-0.5716500675857901,-0.6451772651945445,-0.9071008586306532,-0.756754305934723,-0.6714156894841438,-0.9551573455261352,-1.5871013489042465,-0.9796069553491056,-0.8571021044216206,-1.476405522922163,-0.7554808398715941,-0.7038186974610894,-0.6268297577698005,-0.8297546239108216,-0.9109304955150888,-0.7090048646779369,-0.710687009146187,-0.98104066284749,-0.9743875060443457,-0.7813192911664687,-0.582925687491425,-1.0222669525804349,related,8
HP:0000327,related,direct,Hypotrophic maxilla,Mistral-Small-3.1-24B-Instruct-2503,-1,0.7296907368959321,0.4853785704326009,0.3086590265951818,0.7271737951578908,0.3249810773325557,-0.0995848967247309,-0.1371599598213173,0.1801568563889565,-0.4279875505787685,-0.6162112598678291,-0.0861034965404768,-0.5468501816502503,0.1497057725525384,-0.2137129111410637,-0.2831672370772813,0.0019328972313512,-1.1898030241456703,-0.9849377298960862,-0.7080179311903395,-1.199626609810546,1.0435264555406294,0.8778969665024243,0.6777223421423632,1.157648067614924,0.5178784271499711,-0.1857932961462529,-0.2375511079263964,0.3946636396916825,-0.2855827632990452,-0.5118596102491815,-0.4332889231396082,-0.4217016236381536,0.2457904384335033,-0.1676998031627203,-0.2371708216035517,0.0851234666613415,0.4651487100537673,-0.152434842107365,-0.2216543188409999,0.292440428604088,related,8
HP:0000327,related,direct,Hypotrophic upper jaw bones,Mistral-Small-3.1-24B-Instruct-2503,-1,0.1597927122869167,-0.2873301241758253,-0.2937055926574698,-0.0128791709011973,0.0425252763836625,-0.3636613638241348,-0.3667488287614935,-0.1326534930715137,0.3487792666496396,-0.0912022878130818,-0.0322131221475622,0.2351536973086844,-0.735840938634375,-0.7088948644296703,-0.661042731598746,-0.7979040637848751,0.1036594137517653,-0.3131528675070808,-0.3056168161622493,-0.0702803630021469,0.2653859183723891,-0.3025916677437554,-0.3202898581455061,0.0904415003895105,-0.1002474255317895,-0.5453097789454334,-0.5333580680707651,-0.2663678786421359,-0.3404085146905642,-0.5181978818065452,-0.4512005833257776,-0.4714697277160478,-0.1982670867135152,-0.4053772167529199,-0.4808523107304523,-0.3659038677296969,-0.0002977245073809,-0.4510434544284895,-0.4080218107195679,-0.2071962568126267,related,8
HP:0000327,related,direct,Retrognathia of upper jaw,Mistral-Small-3.1-24B-Instruct-2503,-1,0.1649222624112487,-0.28975576693381,-0.3070516371724881,-0.0071885994218212,-0.0425114473389676,-0.4238963711184815,-0.4430783339714993,-0.2202700320425238,0.5425607179046588,0.0744847331228237,-0.0208877179542975,0.4624864437863445,-1.118034779321005,-0.8307572271371757,-0.7443794884248739,-1.1032005097177302,0.1023844980953576,-0.3133991352568646,-0.3406829396536548,-0.071615048279443,-1.5028163135889685,-0.8749268853117511,-0.7538868312546818,-1.3964294202167038,-0.9004326137784527,-0.8426322174929674,-0.7593536302871147,-0.958772978138936,-0.3893165100750182,-0.4647276914002421,-0.4312317953495024,-0.5153363528470593,-0.8663014153056066,-0.6839529166578793,-0.7125583082567998,-0.9453256625496396,-0.391590138839147,-0.6265874008260162,-0.5038582794607089,-0.5608071021998736,related,8
HP:0000327,related,direct,Retrusion of upper jaw bones,Mistral-Small-3.1-24B-Instruct-2503,-1,-0.1278389198542317,-0.5075766938611201,-0.4691878729346083,-0.314133488605237,-0.3325402187434847,-0.6234437127250481,-0.5589291293116673,-0.5014028945691998,0.5328131669636114,0.0936816603214479,-0.0084207344639042,0.4506070695170163,-0.8923156984466128,-0.7519848489167836,-0.6868334688473878,-0.9250813313263964,0.1030651734034396,-0.3151266772592759,-0.3007417990331586,-0.0709025411791469,-0.7546845029742888,-0.7175800403191464,-0.6434332472261634,-0.8352583254213058,-1.5479346864754877,-0.953956958075084,-0.8353258889588373,-1.448190790618365,0.2065284031946377,-0.0092498106034878,-0.0216776651902128,0.0589526043681799,-0.8896614635845355,-0.6989886494161608,-0.7054160469614563,-0.9640588827455736,-0.7143081706792754,-0.7234604624374169,-0.5547220615172881,-0.8239813673477207,related,8
HP:0000482,exact,direct,Cornea of eye less than 10mm in diameter,Mistral-Small-3.1-24B-Instruct-2503,-1,-1.0032121526332625,-0.8936854391849404,-0.7508860894432267,-1.0855548083408804,-2.0332739166404634,-1.2109819307269596,-0.9708829342986426,-1.8268619222748204,-1.5658359361138616,-0.8106380136839489,-0.114695629859303,-1.493235630307336,-1.593037101950778,-0.9425283825388852,-0.8192823546744618,-1.4609505944069732,-1.6558473619085063,-1.1034654413130822,-0.8029342059778258,-1.535361054827444,-1.3256641601897334,-0.8191975020326828,-0.7130804098125582,-1.2691606513093872,-0.3399167382069257,-0.6698347651965139,-0.5961267681630731,-0.4875913531398194,-1.9717717771323804,-1.0063891806617702,-0.8892390915113673,-1.7503081780988323,-0.9673722096187786,-0.8416373918898827,-0.8359688701358902,-1.0257685157968854,-1.8460870908043112,-0.9607705421539808,-0.687682712564897,-1.623763143318505,related,8
HP:0000482,exact,direct,Decreased corneal diameter,Mistral-Small-3.1-24B-Instruct-2503,-1,-0.2194832204287536,-0.5564240606713082,-0.5079746336346483,-0.4038115853729339,-1.5384821814634533,-1.1072762142120969,-0.9119697693108268,-1.4806456034196127,-1.4763234153531513,-0.7135043056745215,-0.1019796099848875,-1.4240043889117295,-0.7649798663247563,-0.575369315298741,-0.5422693191860813,-0.8218361835166773,-1.1771813591472344,-0.97172113006795,-0.7535385091997767,-1.1901488692752111,-1.3838120339219286,-0.8339326185507249,-0.7245729642865287,-1.3112644861347524,-0.826140313190469,-0.8617333053817906,-0.7590544520463243,-0.8993229371376897,-1.2850320279349168,-0.9166036688656732,-0.8210882302140236,-1.249619496926983,-0.804512418369148,-0.8297777328318872,-0.7960730076979183,-0.8953511728592927,-1.9160670899793504,-0.9620262725461408,-0.6841205635282561,-1.668816442438296,related,8
HP:0000653,exact,direct,Hypotrichosis of eyelashes,Mistral-Small-3.1-24B-Instruct-2503,-1,-0.5780407208179,-0.7309934061483584,-0.6208979712744572,-0.7321553681931634,-0.4953249150918947,-0.7328716121650543,-0.6403213629042586,-0.6491738429866969,0.0774034151938578,-0.2682356585605152,-0.0595070143589381,-0.0575266605886905,0.3237681598892072,0.1589870338621416,0.098004841254152,0.1821513185626262,0.5410808145912515,0.1253557836108287,0.0348028570033281,0.4332023886027342,0.4402341840878764,-0.1496925510003741,-0.2031657888759577,0.2840885266109083,0.3566814756834687,-0.1468994426276206,-0.1755652917990764,0.2055849604634324,-0.2173799899457352,-0.5115685366348091,-0.4658632829616732,-0.3588699737749681,0.4843864843826033,-0.0820839500393001,0.1390820924153875,0.3624074147572556,0.1374950234497875,-0.4111634214360569,-0.3788477282551944,-0.0704468556491527,exact,9
HP:0000653,exact,direct,Partial absence of eyelashes,Mistral-Small-3.1-24B-Instruct-2503,-1,-0.3497027390973982,-0.6346935556663847,-0.5517533309617397,-0.5269085802816335,0.5298939163406862,0.0407232099082281,-0.0715184087088903,0.4345013092729787,0.0095850450390714,-0.2589624834888654,-0.0605360056282671,-0.1269067715985107,0.4623673799622769,0.3166783921369525,0.2288873161167602,0.3337108840170625,0.4598449176641482,0.0287605567829099,-0.0370732682460865,0.3316260028602287,0.0137000700554277,-0.4241424743427278,-0.4091412371741862,-0.1647273274476982,-0.7079084483374674,-0.6706560448926242,-0.6110845582035732,-0.8030068470621093,-0.4103380333340096,-0.5805825221496531,-0.5008691169781713,-0.5340428568391135,0.5061437775664697,-0.0570104015681348,-0.1542899648372884,0.3893492641357797,0.4703274064688236,-0.1552081649841995,-0.2380202098584456,0.298725509396906,related,8
HP:0000653,exact,direct,Scant eyelashes,Mistral-Small-3.1-24B-Instruct-2503,-1,0.5251706093580497,0.1010993677464383,-0.004356191066183,0.4307191727542005,0.5052359455780299,0.0002935049501244,-0.0771610255731442,0.4023549583926459,0.6290983267586139,0.1592632927734701,-0.0178088605852295,0.5703172182215906,0.94728854459592,1.0508590315439663,0.9794805632465426,0.94741214874087,1.1081244028295036,1.5059106817023216,1.149519284596471,1.3410506138954732,1.1008460249850724,1.1748275780572144,1.0268235596805766,1.276170382528801,-0.4408130941437964,-0.5558584600440548,-0.5370797382845984,-0.5766937107966981,0.554981986011695,-0.0878342928471042,-0.1355623663319062,0.4505136486828328,1.172079941036345,1.6761306017591011,1.5718346026145116,1.4891913913486454,0.9325110971646472,0.6357858097893355,0.3287628461762122,0.98880507776558,exact,9
HP:0000653,exact,direct,Scanty eyelashes,Mistral-Small-3.1-24B-Instruct-2503,-1,0.3397010108194653,-0.122944243895543,-0.1677734184763541,0.194926543318569,0.8351090095489543,0.6081195900627674,0.4427710105724844,0.8816363037401678,0.4668959694892092,-0.0356940914086062,-0.0366213316336563,0.3715779159339372,0.8008071645159762,0.7205653314500837,0.6137806430479631,0.7444396649758229,1.0527563284835133,1.271005643369054,0.9334215366224357,1.2271471925999178,1.0723212485374845,1.0351726524855225,0.8527709795669514,1.2156278058352197,1.0133933815154277,1.0383660579520828,0.9143232047351236,1.12166062787746,0.594442001434754,-0.048185224885087,-0.1066354924305997,0.4986596098715815,1.1069417435555653,1.3183454044005845,1.1467646403030995,1.3384885355689753,0.847709685362101,0.4082399414561769,0.15092511144615,0.8344234866273417,exact,9
HP:0000653,exact,direct,Thin eyelashes,Mistral-Small-3.1-24B-Instruct-2503,-1,0.4829641036115299,0.0235163912628125,-0.0398596579861899,0.3747550645048094,0.9926162338694294,1.09850094962235,0.8953792933290761,1.1671043020134706,0.667438129342672,0.2225466111751849,-0.0093191331035091,0.6195526599567861,0.861742167050672,0.855960589762671,0.737751889960063,0.8265340312541557,1.1363951172918458,1.6444852975589457,1.2234335807726366,1.40315133138975,0.9509533733018593,0.6089707140738897,0.4498239511318319,0.9878566536190334,0.838234081639489,0.5551038846833347,0.4246693286480353,0.8290138639247852,0.5472739475257832,-0.1230234655781727,-0.1924963494231565,0.4412147410859977,0.9030029531856943,0.5863645286849456,0.6352072637045018,0.9542624123521726,0.92524203614443,0.5922322489441505,0.2910296239270474,0.9747508066252434,related,8
HP:0000654,exact,direct,Decreased ERG amplitude,Mistral-Small-3.1-24B-Instruct-2503,-1,-0.1878813538861422,-0.5542188382420585,-0.4990646705916924,-0.373188170653239,-1.0933038086161553,-0.9625421799986204,-0.7993898657104948,-1.1460144282319695,-0.8291619258337121,-0.6868482642991544,-0.097481621864995,-0.8995390462155406,-0.4509446350626301,-0.434324746439026,-0.4150919417598466,-0.5572146579693299,0.1692938004428285,-0.25461830188577,-0.2354970328190045,-0.0006875690614307,0.5213262387128045,-0.0767253849518338,-0.1404204904871555,0.3797786510044577,0.0848764179949549,-0.2450204353178523,-0.2539245362308076,-0.0844413764784053,-1.1356179749610322,-0.7871312465019028,-0.6773964535258998,-1.134653306575486,0.7208965181250162,0.1553390289641762,-0.0014443426637829,0.6747497383195241,-0.250293669413442,-0.5854170244971995,-0.4878822954215198,-0.4381887920528194,exact,9
HP:0000654,exact,direct,Decreased amplitudes on flash visual electroretinogram,Mistral-Small-3.1-24B-Instruct-2503,-1,0.7932657331644557,0.5917963629075503,0.4432661268952032,0.830329109768953,0.4986398820987365,0.0568899841381373,-0.0503592069930258,0.3938345672132418,0.3684190731729944,-0.1057421138051628,-0.0426311794105602,0.257410011748211,0.6386028287660803,0.4256752042135129,0.2876159922768569,0.5392085421909362,0.7243726293767937,0.437897951814555,0.2683716894538117,0.6811046714171167,0.1874796787238152,-0.3342329676095741,-0.355959714432822,0.0088319703396473,0.3521727836874535,-0.0178427757750765,-0.1214145322371753,0.2005038365180178,-0.6249637243157106,-0.5832132229950591,-0.5184659095538735,-0.7203101513585219,0.6867968669053538,0.2887168761624823,0.1539537845463769,0.6267442934344507,0.257003402258779,-0.3522944444753,-0.3358767355153018,0.0549257314319033,exact,8
HP:0000654,exact,direct,Decreased electroretinogram,Mistral-Small-3.1-24B-Instruct-2503,-1,0.5449289022536028,0.1159500423103942,0.0200846253582987,0.4574493442657419,0.1748526845614384,-0.2796568760340996,-0.2786880320108097,0.0093332048214233,-0.7960538117956347,-0.6199397330206303,-0.0918103312580046,-0.8713647573225213,-0.0536593616578613,-0.2118491051200987,-0.2626291077683883,-0.196915413645361,0.4880788972685939,0.0809008598451687,-0.0134588028667644,0.3664285429710091,0.2347131792906304,-0.3014512509485337,-0.3185519850217041,0.0580010226340787,0.182132549466242,-0.2752003857184343,-0.3025923189123272,0.0158196246914728,0.2184611759822566,-0.0182255503697891,-0.0382038198526874,0.071520788264377,0.7218523091875044,0.2531116578392288,0.0939881151171246,0.6761122098869806,0.3123869700375745,-0.3032200555965977,-0.3253142588144518,0.1155136484009851,related,8
HP:0000654,exact,direct,Decreased electroretinogram amplitude,Mistral-Small-3.1-24B-Instruct-2503,-1,0.57664270395073,0.1723258629420395,0.0504817945404264,0.5011097122501135,0.4221468233630601,-0.0245003233786706,-0.1056402071493862,0.2973047379063092,0.4948301228967023,0.0071482042241095,-0.027794842591718,0.4047976109685843,0.4176947077587124,0.1593743314632003,0.0593283143069069,0.2839904008936737,0.5970107161756588,0.2272648734952448,0.1093968713722487,0.5058683247438339,0.7956854907632336,0.2876890740207785,0.1782722634059896,0.742369628164767,0.7729473408377222,0.4640662617802817,0.3113130960102145,0.7321385545763822,0.2511163584943175,-0.0377914685830878,-0.0482054023199909,0.1061815991780367,0.753929572287661,0.3340721456408985,0.4105992056557592,0.7224006616912154,0.3751577655842005,-0.2515761270358419,-0.2872192050161872,0.1863474654476186,related,8
HP:0000654,exact,direct,Decreased electroretinogram response,Mistral-Small-3.1-24B-Instruct-2503,-1,0.595254530574255,0.2025955396126309,0.0575890858734038,0.5271889057811668,0.5206311608449231,0.1078200157163404,-0.001832581808576,0.4223702734366635,0.4211327418379582,-0.0326940317394147,-0.0348690603811945,0.3179720907528138,0.1338488947001978,-0.0476144131410321,-0.125301132478176,-0.0139940587294276,0.5602888235231295,0.1707687516411333,0.0730045513034315,0.4578922493017605,0.18801590877236,-0.3322701726075291,-0.350562883675093,0.0093850119618138,0.0892289489279863,-0.2267933217554944,-0.2439950426766031,-0.0800286528482529,0.0155590738130322,-0.2420545344246815,-0.2177990713762158,-0.1356874034939429,0.7259771516935307,0.2556389801079274,0.1176535534150919,0.6820030252926668,0.3799081720406581,-0.2489048692867988,-0.2891341648381497,0.1918085254662975,exact,9
HP:0000654,exact,direct,Flattened or absent electroretinogram,Mistral-Small-3.1-24B-Instruct-2503,-1,0.417965236557613,-0.0406340597842788,-0.1318956088325625,0.2913531965764014,-0.0242554011493387,-0.4304326215710783,-0.3974999728454037,-0.2016810451813731,-0.9939258631356346,-0.6525882692770432,-0.0891637870296657,-1.0375869255177488,-0.1275860445281103,-0.3973500991727005,-0.3951651077721177,-0.2665349894314672,0.3701837730347848,-0.0522850604056796,-0.1208490003065012,0.2243393265697729,-0.0230324488798855,-0.4308899808998578,-0.3876470072390252,-0.2000894590231584,-0.377422711315756,-0.5163259165403515,-0.4722653487030319,-0.520967712386657,-0.7564861936960516,-0.651669575683727,-0.5854863443020332,-0.8305873667966726,0.3518803868601606,-0.2072978619919476,-0.2944799742395549,0.2046227672428621,-0.045521016039419,-0.4902177368568719,-0.4270428819840796,-0.2504929864344524,related,8
HP:0000654,exact,direct,Reduced ERG,Mistral-Small-3.1-24B-Instruct-2503,-1,-0.2829268145593674,-0.6131124589653778,-0.5423071970930425,-0.4643865912763171,-1.8382225575150204,-1.1686923434314829,-0.9220589028957976,-1.6931923735338927,0.1095251515841974,-0.3084667847157087,-0.061775905222298,-0.0241865903092319,-1.5783715991093483,-0.8398498428756328,-0.7312751174875762,-1.450204411724617,-0.6891177153864418,-0.7878502612127922,-0.5933548097028131,-0.8048058787888385,-0.1548853329370561,-0.5056297350911179,-0.4856634260916795,-0.3237052043276481,-0.9376633683036956,-0.693482442395081,-0.6258810987073167,-0.9882724545083392,-1.8041254834839373,-0.9516683674488552,-0.8295818795046659,-1.6317733624228077,0.1524510430289404,-0.5244779232431885,-0.4806094727948221,-0.0157249850188279,-1.0917497909523586,-0.8201359539809736,-0.6185021061350587,-1.1084089908933332,related,8
HP:0000654,exact,direct,Reduced electroretinogram,Mistral-Small-3.1-24B-Instruct-2503,-1,0.5763673851855856,0.1673854672759017,0.0612493635794414,0.500726522927322,0.1634637197642502,-0.2883907109410408,-0.3254244638657863,-0.0031809522008837,0.3258874542256274,-0.1297046504862027,-0.0394553031732946,0.2094142621213224,-0.1412751850367751,-0.2927370842688747,-0.327669814469574,-0.2792850348603102,0.4238901352794573,0.0043375515204649,-0.09169114142939,0.2880318095469718,0.1645982481559121,-0.3447503756821121,-0.3470870650647034,-0.0146598554679106,-0.1801933274235123,-0.4965756899233227,-0.4825436784202166,-0.341789606801644,-0.077903153286324,-0.3084997893672764,-0.2845048720516095,-0.2269372861794682,0.5105424181105909,-0.0684259630252109,-0.1868343791091393,0.3948346650981768,0.3240937342432722,-0.2925840236947151,-0.3176099678527674,0.128543014563654,related,8
HP:0000654,exact,direct,Reduced or abolished electroretinogram,Mistral-Small-3.1-24B-Instruct-2503,-1,0.490028532835349,0.0441208942300642,-0.0643179929479901,0.3840183692434597,0.1566789532680663,-0.2980086912349335,-0.3132954786997458,-0.0106084353136591,0.1382925112372435,-0.1854942566174881,-0.0324098905791853,0.0059454006566161,0.1652821100533926,-0.0986320220743942,-0.1458628996028586,0.0176531429493143,0.4578850049516706,0.050953970529287,-0.0630159545928522,0.3292290524772963,0.2528693202463573,-0.2854781680488657,-0.2998413117600071,0.0771534471059125,-0.3923106096285157,-0.5305646528074165,-0.4791478016367489,-0.5341316149999548,-0.5783191190922011,-0.5686126758624597,-0.5142108781533141,-0.6805245160859885,0.4622774715257794,-0.1567633074061472,-0.2145646201167627,0.3353467448962022,-0.0157006826569854,-0.469861462188372,-0.4231815405080154,-0.2220252154117742,related,8
HP:0000690,exact,direct,Absent upper lateral incisors,Mistral-Small-3.1-24B-Instruct-2503,-1,0.3166729599631188,-0.1314862990367572,-0.1877595468149228,0.1673086917078075,-0.1171011682376122,-0.4963943293939766,-0.4614287288633862,-0.2950379036605486,0.3010479019361445,-0.0892450400907336,-0.0388199723352807,0.1817239556933671,-0.2718587324685408,-0.4360771534957965,-0.428933770198629,-0.3988318347806411,0.5184543030010057,0.1118936717308407,-0.0084909993294795,0.4044591225244087,0.4996366840116668,-0.0760467203961548,-0.1361879387764138,0.3537687739052797,0.2034405838044362,-0.2205431279292689,-0.2303368066915787,0.0382732500691054,-0.7334686252163092,-0.7340510714457833,-0.672935482473999,-0.8114833207354841,0.3238679165657692,0.0692335618137683,-0.0556234538285157,0.1725253945042552,0.3269963017337756,-0.2248238381295475,-0.2733727953497524,0.13178599976336,related,8
HP:0000690,exact,direct,Failure of development of maxillary lateral incisor,Mistral-Small-3.1-24B-Instruct-2503,-1,0.7874555338707389,0.6062789462304309,0.4376301989363731,0.8206287123495876,0.8245346516024582,0.6919513998111481,0.5110122617366188,0.8641937166597816,1.0169002228383928,0.7703106140076408,0.0610577876862597,1.12447359001431,1.063388018931816,1.210091432982148,1.0801740713541503,1.1243143298194305,0.8641185114370343,0.7174658900576807,0.425031940471418,0.8929592221766582,0.8798363384948604,0.4717248478548875,0.3159714175978781,0.8704684806683881,0.5704529235086415,0.0814465875878697,0.0181466738557453,0.4598607540868022,0.1526772145284315,-0.2454429765232378,-0.2649161923093726,0.0028585409150129,0.3215002426697625,0.0366471041187794,-0.0786166905792596,0.1698309977915781,0.4848804928572087,-0.1304393996162119,-0.2106657501639454,0.3165003025933773,exact,9
HP:0000690,related,direct,Absence of maxillary lateral incisor,Mistral-Small-3.1-24B-Instruct-2503,-1,0.8369072336868797,0.7501044879711831,0.5532605482180338,0.9051560043816516,0.7879627644400704,0.6043183261616969,0.4629759891213155,0.8051982608526613,0.8564143089201043,0.5459895445246014,0.0374813383118156,0.8780275894173488,1.0536895137295514,1.0794271387157686,0.9054070202934984,1.1088740976906757,1.129679120918769,1.6365295348644455,1.2269165033172678,1.3881260838841654,1.0833622632675208,1.1204757967484331,0.8847411912631157,1.2386667329678558,0.7196507524619653,0.294973366229776,0.1924575926122415,0.6567266046426997,0.0115532984385769,-0.3211243344953347,-0.3433639357017168,-0.1396487535461101,1.121282183879809,1.9230086965855144,1.693052579715835,1.3700543796186673,0.8041015113847786,0.3206493930895453,0.0798613557758006,0.7618567707412194,exact,9
HP:0000690,related,direct,Absence of upper lateral incisor,Mistral-Small-3.1-24B-Instruct-2503,-1,0.4406512247057498,0.0104560688426239,-0.0793219599146586,0.3200990209051826,0.1901601490426994,-0.2721360165877297,-0.2922182070920393,0.026245808571552,0.485448182086498,0.1158602225401614,-0.0135997659545369,0.3935970374462748,-0.018312915562399,-0.2618306885692197,-0.2861095180680524,-0.1631541893396263,0.8564646957506004,0.6999182824828217,0.3972140664021847,0.8807114017361278,0.7916599623491583,0.3004749544210415,0.182929387517385,0.7364890943619269,0.5782169416844527,0.0932311552496128,0.0309708996107012,0.4696561678081729,-0.1158416974135461,-0.3825769231685147,-0.3943470932970033,-0.2633056637970751,0.9362926483292168,1.1149869133824215,0.8618936952539251,1.0106131122702486,0.349939743214709,-0.2371748276000376,-0.285813341816695,0.1575988114667746,exact,9
HP:0000690,related,direct,Missing maxillary lateral incisor,Mistral-Small-3.1-24B-Instruct-2503,-1,0.7875264493102457,0.5765331697355827,0.4444735970862648,0.8207467579985369,0.8591480654784346,0.8117617479576994,0.6114202143325419,0.9219782371845082,-0.5530716279539004,-0.5571622918158226,-0.0848074408274237,-0.659628884138401,0.9769897816331492,0.8643083719394046,0.7526899620952285,0.9911273534101628,0.8062416623841129,0.5841436486549174,0.3279456728011925,0.802322314872965,0.721082580335695,0.1821856889442012,0.1183896327373816,0.6365462624307445,0.2476284563915353,-0.1845893523474678,-0.2138161881845817,0.0854359878468288,-0.0260440998600251,-0.4733239646134161,-0.4558960502654535,-0.1766053765928674,0.4342314019943373,0.1868626836112524,0.0424477567466022,0.3014607780016096,0.6790331032939786,0.1125636627597712,-0.0711602835913447,0.5723506465243757,exact,9
HP:0000690,related,direct,Missing upper lateral incisor,Mistral-Small-3.1-24B-Instruct-2503,-1,0.5178746620817227,0.09583718474336,0.0024966790841698,0.4209365081642077,0.2311304472654495,-0.2282918078016401,-0.2295433860996694,0.0720519958837226,-0.5737108971191496,-0.5510987518301724,-0.0827494413806885,-0.6779762881789764,-0.2437838103740162,-0.4266352456478706,-0.388922860388236,-0.3734362758842363,0.5400479168221618,0.1450483711443369,0.0056465165001019,0.4318823264349326,0.4443536478366968,-0.1265791995544614,-0.1619691696008437,0.2888505593781426,0.1180930585121701,-0.2659978945067946,-0.2867134292726222,-0.0505939503815483,0.0146143246916532,-0.4467852685303837,-0.4268025712212196,-0.1366220945954606,0.3884077616760908,0.1408514076729336,-0.0023145481970959,0.2471046770459884,0.2937367483825945,-0.2730834883747633,-0.290220428191608,0.0949200542780238,related,8
HP:0000723,exact,direct,Restricted behavior,Mistral-Small-3.1-24B-Instruct-2503,-1,0.4918271430510778,0.0103751319456135,-0.0818161380648261,0.3863833364448319,0.2241919227555029,-0.2452040245308704,-0.2709908195084314,0.064237971768827,0.9431828294356446,0.703435133570155,0.0362408137067375,1.0075339610273368,-0.2257825394116271,-0.6050375909416372,-0.5866335299236397,-0.3570668691839999,0.7720739227923866,0.4965162035918439,0.2618777070971841,0.7508091020269766,0.107599275825599,-0.3845593309224631,-0.3694069386313015,-0.072302210940989,0.973285267665182,0.6795665866287909,0.5558331370610281,1.049450077314388,0.7838942582489719,0.0310713404496234,-0.0211067781316962,0.7442674593078614,0.6617868816240144,0.0517593395595243,-0.0724713854754731,0.592249466098745,0.918823878909429,0.6611546763058763,0.339064561805817,0.962484809768828,exact,9
HP:0000723,exact,direct,Restricted behaviour,Mistral-Small-3.1-24B-Instruct-2503,-1,0.131716455486849,-0.3398775087463401,-0.3674044358122791,-0.0438059579909957,0.004875530013686,-0.4231394445148177,-0.4613527779960375,-0.1717723293629199,0.1892504815686216,-0.1207564421650541,-0.0372577784159035,0.0599819788964192,-1.1917489068008578,-0.9560974222891416,-0.843080405851617,-1.1601388963874908,0.2572953938448681,-0.2105824771189133,-0.2482219990291172,0.0955100342421192,0.0516027874725652,-0.415965048762048,-0.3981504311603122,-0.1277814193180243,0.8446179295850134,0.3671822377786465,0.2493088599257829,0.8387828701275858,-0.3391729607439289,-0.741244023241275,-0.7032338737982702,-0.4703551637231495,0.42439969333136,-0.2047255675416807,-0.2978018221385446,0.2896949928042923,0.8937152510835796,0.5877309461028856,0.2782421945503614,0.915707001799123,exact,9
HP:0000723,related,direct,"Restrictive behavior, interests, and activities",Mistral-Small-3.1-24B-Instruct-2503,-1,0.3086025048474715,-0.1642959770362774,-0.1921642567439992,0.1577060194111209,-0.2558926254384206,-0.6009966390018757,-0.5435868926806396,-0.4295010444969412,0.2442039933509612,-0.109200670187079,-0.0449165998196607,0.1192529299437673,0.2949507273461498,-0.3193939516097807,-0.3198574297748282,0.1515892139882727,-0.1672709676048394,-0.5146854724903565,-0.4196042401382753,-0.3409373070949891,0.5378348984130024,-0.0602071642408473,-0.1204942730098695,0.3997916567995936,-0.0651609295711193,-0.4770445414428918,-0.4441086969706553,-0.2327013695234556,-0.3533876961015004,-0.6557424505864643,-0.587939328289478,-0.4831587810977657,0.233373018272381,-0.3426640816242793,-0.3305955334406755,0.0714877463362009,0.6977978796125838,0.1930877622246149,-0.0139894669993156,0.5992976018705971,exact,9
HP:0000745,exact,direct,Diminished energy,Mistral-Small-3.1-24B-Instruct-2503,-1,-0.62394803915751,-0.7076691919947696,-0.6306608591318855,-0.7719799766361515,0.2098023470230675,-0.3428358057978313,-0.3459054552455362,0.0481068383281085,-0.444207170541278,-0.5714299611787133,-0.0867885140427603,-0.5616331436673558,0.0910642385847394,-0.4591751959411247,-0.472922976004053,-0.0565933065657885,-0.3396784600830501,-0.6365802284486037,-0.5428381836890085,-0.5014631307763342,-1.5904777567660682,-0.88060229424829,-0.7628020208640381,-1.4583504323685237,-1.2529142277317096,-0.7881300456309832,-0.6938064357968105,-1.2309734375025556,0.0820712691990117,-0.4799037944557569,-0.4618968318026551,-0.0692161803291146,-0.3169896333938969,-0.7443472584706082,-0.7382686811324847,-0.4760621567186887,-1.6009772635102637,-0.875207729858444,-0.6422263290944257,-1.4626472997104245,related,8
HP:0000745,exact,direct,Diminished motivation,Mistral-Small-3.1-24B-Instruct-2503,-1,-0.7004644078866348,-0.744355957736887,-0.6492975595241133,-0.8373893649666417,0.0512483257200061,-0.4320502929868112,-0.3916355578621611,-0.1235132244435924,-0.1179189865494727,-0.4928716941046978,-0.0858326275922344,-0.2539140744285313,0.4958536592308026,-0.1170223218443227,-0.1314237427685517,0.3715669003075197,-0.0008058786098848,-0.4075855877961746,-0.3931153029839293,-0.1776148322892057,-0.4939812428267994,-0.6343162473710287,-0.5658189127555442,-0.621651522657509,-0.3486010057800064,-0.4999084611303592,-0.4592935571162451,-0.4953470031140922,-0.0040915124126079,-0.4818661790711297,-0.418906207916068,-0.155075741876274,-0.3539087610162919,-0.7529727193697138,-0.7039310588854836,-0.509590298916983,-1.084762988495218,-0.7733506209368687,-0.5842716658811267,-1.103333677134757,exact,8
HP:0000745,exact,direct,Diminished volitional state,Mistral-Small-3.1-24B-Instruct-2503,-1,0.1120687072469978,-0.2537234614067958,-0.284771716518618,-0.0652323094399964,0.2873445324082053,-0.2148384094446175,-0.2720020183606551,0.1362480448388774,-0.8739838036112344,-0.6478954675616395,-0.0852344440124299,-0.937443111678068,0.906623299165049,0.4442911039288996,0.2764229021019659,0.889069193910706,0.5569329862105851,0.1518494552808112,0.0173803407922571,0.453559100291059,0.4644630352671229,-0.1082916867937389,-0.1589676681468835,0.3122437052238375,0.4389343209025068,-0.0776199075128859,-0.1110850433175244,0.3001765187046022,0.7233012851128736,0.0928741197069272,0.0415139562381725,0.6628470634082495,0.4588203244964653,-0.2673458736312614,-0.333679047618823,0.3311434268889104,0.2725637440678685,-0.2549338885801014,-0.2771587091423866,0.0717776579930543,exact,9
HP:0000745,exact,direct,Lack of initiative,Mistral-Small-3.1-24B-Instruct-2503,-1,-1.3961344407081615,-0.98004119600929,-0.8103932541724497,-1.3865451383112062,-2.09404250052422,-1.229274449184759,-0.9869800498004508,-1.8678265129212337,-1.0235822326857835,-0.7538498981125038,-0.1028325845291711,-1.062072269461118,-1.1253443912820715,-0.9056738173535208,-0.8122288999956072,-1.108872298363343,-0.5336233836585753,-0.7166018595311392,-0.6020748396004686,-0.6731090579163631,-0.5934880458067525,-0.659244563775152,-0.5921606250156184,-0.7045648871845259,-0.8912823094038306,-0.7634637495330823,-0.6749595229130467,-0.9514933252176884,-0.9230078791043012,-0.7282394981516268,-0.6661980443165685,-0.9664957084743402,-0.8943231790059908,-0.9231020798154268,-0.9076406340487472,-0.9677869682922008,-1.400779056501274,-0.8053785812338169,-0.6067597438589263,-1.3268195651675252,exact,8
HP:0000745,exact,direct,Lack of motivation,Mistral-Small-3.1-24B-Instruct-2503,-1,-0.7816299093999027,-0.7809822207705613,-0.6921091387140546,-0.9055202073308416,-2.0305940231783675,-1.2202215839981363,-0.9717260363248792,-1.8250481741232445,-2.537084829063815,-1.0182212409183398,-0.1245783925874465,-2.208112814518575,-0.9090977451369212,-0.8731918550663966,-0.7843249462508792,-0.938532606534571,-0.5161073390639299,-0.7054514205851098,-0.584622325402633,-0.6579588253544583,-0.6716722884095718,-0.6885566148145422,-0.604846047515721,-0.7684860233902753,-0.8312467391769127,-0.7013019802080714,-0.6191079727182961,-0.9034348176834952,-1.0155830292997243,-0.754089900283652,-0.6748446682905529,-1.040412909126425,-0.68778723909983,-0.8569026673615769,-0.7845174748192741,-0.7991831384111996,-2.1080668983591635,-0.9495259611559868,-0.6766330621848028,-1.7904641164405224,exact,8
HP:0000745,exact,direct,Lacking in initiative,Mistral-Small-3.1-24B-Instruct-2503,-1,-1.324085049418564,-0.969946366063016,-0.7964158268623839,-1.3328996982048478,-1.5549661277166862,-1.0950851668678876,-0.8989442052316697,-1.4925783753465236,-0.6200452462800545,-0.6915113468767887,-0.0970558184570586,-0.7189093260944257,-1.3741169267333595,-0.9693698434838166,-0.8520569360483635,-1.29865988708221,-0.9962038404091712,-0.9288956521898676,-0.6842796054196479,-1.0517221059779387,-0.9940085372997984,-0.7637709744009917,-0.6622072707518284,-1.0220858004183542,-1.2767925997749932,-0.8672645677049968,-0.7557832672926347,-1.248883933403612,-0.9417469510457346,-0.7697833630477798,-0.7064988311943438,-0.98154864627668,-0.934698738780316,-0.9449433359832368,-0.9164570247955812,-0.9999350838676324,-1.3261621735094062,-0.7898528485329684,-0.5985852692794336,-1.2751129825681335,exact,8
HP:0000745,exact,direct,Lacks initiative,Mistral-Small-3.1-24B-Instruct-2503,-1,-2.111217922719404,-1.178971740246636,-0.9366475037907246,-1.888619469949622,-1.7468887442287464,-1.1438766166558982,-0.9252976045738708,-1.6293882858939877,-0.9707350201098696,-0.7798026471815742,-0.1054970094833082,-1.0183652865310109,-1.455447417595101,-0.9826669514354126,-0.8590114031120298,-1.3594334991386423,-1.2125289359396365,-1.0166492938893692,-0.7576610566169476,-1.2166362065805505,-0.8246720319343529,-0.7174299673151417,-0.6254891709050088,-0.8907308450736358,-1.4899226863675985,-0.8923106442102857,-0.7736240273805151,-1.4061455507372789,-0.563648870966329,-0.7679687914293697,-0.7107130330043289,-0.6679347670526363,-0.8204463203824615,-0.96488245553582,-0.9244313253763734,-0.9082982111451916,-1.317924557968358,-0.785740816625611,-0.5964144853819675,-1.2693664386245491,exact,8
HP:0000970,exact,direct,Anhydrosis,Mistral-Small-3.1-24B-Instruct-2503,-1,1.048753899474994,1.6455004775713655,1.4464270491825404,1.3395734093404257,0.809637208491231,0.6543546616449537,0.44639252092482,0.8399190795162713,-0.8555762956552057,-0.6838655836758021,-0.1000172782241901,-0.9219093257107942,1.3138421583001894,1.940056728074273,1.8369177509764247,1.5852487518520073,-1.10153564324238,-0.9793858760339124,-0.7353717525823729,-1.1328739761663358,-1.2043198638640442,-0.8051046687053768,-0.6880799885405655,-1.1801876547332684,0.4021537016606425,-0.0881496020545743,-0.1218472994292151,0.2574224257475302,-0.4367093878825066,-0.6776515902041034,-0.6342170847484696,-0.5573873979132848,-1.863303729230128,-1.1484620594414494,-0.9802863776560632,-1.681877788291104,-0.7336075354281315,-0.7470602458835002,-0.5720240689566117,-0.8390786356979857,exact,9
HP:0000970,exact,direct,Lack of sweating,Mistral-Small-3.1-24B-Instruct-2503,-1,-0.818402345781855,-0.8293648038388344,-0.7023203848837732,-0.9359838278507204,-2.2373566176854003,-1.2433168282892737,-0.98038713306091,-1.9632351728934752,-1.4861082970128217,-0.8221377111305772,-0.108175018283455,-1.4316060347113668,-1.7104975041523522,-0.9923658761846512,-0.8706586007939672,-1.546411458719399,-0.472034153084114,-0.6919694767960511,-0.5680558633995707,-0.6195402783819725,-0.6422446678944341,-0.6724622609638973,-0.5892798232616315,-0.7445481015028116,-0.7762372718831544,-0.7529091475800181,-0.6828720588842575,-0.858933670324572,-1.127773087145588,-0.7655436371492405,-0.6997499834604425,-1.128547073570108,-0.3585854888628125,-0.6796423564591478,-0.6886028237402707,-0.5138140210194969,-0.708836379449178,-0.7193938985906334,-0.5696080519610065,-0.8196889692438524,exact,9
HP:0000970,exact,direct,Sudomotor dysfunction,Mistral-Small-3.1-24B-Instruct-2503,-1,-1.0499106647979592,-0.910686249893238,-0.7621464906477191,-1.1224749850649478,-0.6133908792153707,-0.7245441893590594,-0.6415728174466326,-0.7525702633802618,0.2140007480156249,-0.3695163771283041,-0.0707739085385952,0.0865448634502819,-1.2523083538577242,-0.978195185237204,-0.8721142751802082,-1.2064976255687332,-0.4727277936361596,-0.7001583229021885,-0.5363234666505773,-0.620148282257264,-1.605876306174279,-0.8679729517459372,-0.7282400701071694,-1.4691595732181786,-2.624897010955194,-1.0525387514782565,-0.8986490117494194,-2.183398480826682,-0.7548234743422331,-0.7779965074758979,-0.7341260812750415,-0.8292100401827276,-0.8674773886023853,-0.830031365516075,-0.8349848098966376,-0.9462707861510364,-1.250144317942122,-0.8375184889481013,-0.6186556707161434,-1.2217851080005653,exact,8
HP:0000970,exact,direct,Sweating dysfunction,Mistral-Small-3.1-24B-Instruct-2503,-1,-0.9129347123927656,-0.8762233703270929,-0.7290879563742928,-1.0132037545618215,-0.6517201117572783,-0.7749953326259083,-0.6746637190691632,-0.7855124639677978,-0.4785437346189884,-0.6579488327564262,-0.1008923297871244,-0.5927688485301688,-1.5848305799608715,-1.0871721022122858,-0.9259220893518544,-1.4549393763131735,-0.1929097375425975,-0.5513415116458813,-0.4854886090915603,-0.3653311258657124,-0.6909933035771375,-0.6763118919499386,-0.5821986499856667,-0.7841252888820359,-1.455718113068113,-0.8162132116576819,-0.7237576076003348,-1.3812086196547628,-0.2862088489816559,-0.6420409064843112,-0.5951629200964956,-0.4222736013074236,-0.473827297560206,-0.7134976644296683,-0.7388391399439241,-0.6163014768544666,-0.563373113137106,-0.6707648628496077,-0.5384451087368088,-0.7035403196617311,related,8
HP:0000973,exact,direct,Chalazoderma,Mistral-Small-3.1-24B-Instruct-2503,-1,-0.6180933439017496,-0.731049590579112,-0.6104186619890274,-0.7669258247444638,-1.0827348865590345,-0.9404074781043452,-0.7931454337842331,-1.1377515087976986,-0.4404956504340662,-0.5852132492895168,-0.0894713409951228,-0.5582546829341739,-1.5250124147086628,-1.0002422477301944,-0.8469811568304075,-1.410957664081673,-0.6538868257897112,-0.7789996806509867,-0.6292136923746933,-0.7753921603409192,-2.087833218468818,-0.9304388742456788,-0.786832490840748,-1.7984023711953132,-1.1009915309352525,-0.8079545697203322,-0.7040802485194778,-1.115521002838844,-1.0882563770002942,-0.8239742097321894,-0.757330423995008,-1.0976777687833834,-1.381679397550756,-0.956058756337234,-0.9233722353170216,-1.3406098873287826,-1.4749934501344586,-0.8693018357697052,-0.633423752174576,-1.3776493996388075,exact,9
HP:0000973,exact,direct,Cutaneous laxity,Mistral-Small-3.1-24B-Instruct-2503,-1,-0.0412963594277645,-0.4166219154259256,-0.4109139413728817,-0.2268701312108791,-0.3020122640109699,-0.633488036304582,-0.5833812086125596,-0.4729540972476981,-0.4138838511419174,-0.6407436299405539,-0.0958103242559236,-0.5339557174619032,0.0047515968093729,-0.3521245402206119,-0.3368577473254807,-0.140951434582596,0.1687276514564238,-0.2762301970651915,-0.2639401435055051,-0.0012954512324977,0.2131552101191356,-0.3139933202246674,-0.3180371863985876,0.0354442038014379,-0.1777616183383039,-0.5989549714786301,-0.5490612505062216,-0.3395208874033209,-0.9508249490697868,-0.815979700035565,-0.7400592597198569,-0.9888241494409802,-0.4594339563095418,-0.7175860663539134,-0.7186167222973536,-0.603663279295977,0.3734301574138529,-0.2374616410713067,-0.2752210968610233,0.1843650434969228,exact,9
HP:0000973,exact,direct,Dermatochalasia,Mistral-Small-3.1-24B-Instruct-2503,-1,-0.4749762534851404,-0.670100499178267,-0.5858922554824464,-0.6410556581860778,-1.1932038070025095,-0.9763352318894564,-0.8222168546211247,-1.2233355497733571,-0.7803991556984701,-0.7052730552336544,-0.0984897128076963,-0.8579896854235994,-1.231202709370857,-0.9097047330256588,-0.7955147906925104,-1.1903829305555789,-0.4795064553550595,-0.7051225122305138,-0.5496384216423871,-0.6260843441363241,-0.8926998492347353,-0.7323431042994833,-0.6260164492403462,-0.9439697067025108,-1.0484765633368838,-0.8305863715553639,-0.7201322329926643,-1.0749774570269357,-1.330630224535109,-0.898544391279876,-0.8019586936012472,-1.284220865797571,-0.8729097418438573,-0.7920567849015087,-0.8165844217021029,-0.950633879909394,-0.8657076390199253,-0.7524211032710199,-0.5765993169046418,-0.9407197073052534,exact,9
HP:0000973,exact,direct,Dermatomegaly,Mistral-Small-3.1-24B-Instruct-2503,-1,-0.81083872748386,-0.8091107914780734,-0.6768974781554395,-0.9297378253562684,-1.2286349339516784,-0.9909624192851164,-0.8336760315433429,-1.2504292844543086,-0.0030181134502454,-0.4763777259460222,-0.0786987827626257,-0.1396549447044757,-1.6564666610999323,-1.058163750894059,-0.9158452236837102,-1.5072324503649954,-0.813741801237291,-0.8472428416930666,-0.6669405276324567,-0.9069840741663588,-1.2778035366796203,-0.8137565417776513,-0.700339160948802,-1.234251491844057,-1.7080711289998995,-0.9607791962587536,-0.8403671932743699,-1.562712595579993,-0.9231618346000252,-0.8336138935315297,-0.7514405741399901,-0.966619570884224,-1.3863632741711172,-0.9777116659685308,-0.9381378553316608,-1.344046453755938,-1.0877842387453331,-0.8283566780915989,-0.613024449170515,-1.1055291563155256,related,8
HP:0000973,exact,direct,Elastolysis,Mistral-Small-3.1-24B-Instruct-2503,-1,-1.286471361254226,-0.97390132820853,-0.7976268237489126,-1.3046343335908015,-1.0382825129134976,-0.9386514895102772,-0.8068641644878902,-1.1028188910110484,-0.1258958298989314,-0.4068898419595878,-0.0672611200590237,-0.261720768002137,-1.257811449774401,-0.8975942046320857,-0.7936559391830135,-1.2106921243706337,-0.9691496980054012,-0.9086637265305296,-0.6771122379251046,-1.030604003951673,-1.2202862086357138,-0.805364200337925,-0.6892119739567671,-1.1919836209433536,-2.423606216231669,-1.064024996196073,-0.8940896649790862,-2.051414349602988,-1.0936897841303357,-0.8854322977272704,-0.7880550484735531,-1.101933234196476,-0.6898167759931764,-0.7962309488085618,-0.7726371469709513,-0.8008757813347016,-1.4580114952700205,-0.9114769764296304,-0.6599402333518778,-1.3660695209073077,related,8
HP:0000973,exact,direct,Generalised elastolysis,Mistral-Small-3.1-24B-Instruct-2503,-1,-0.7054715941153471,-0.7604347189379513,-0.6523437346303584,-0.8416289511916416,-1.0845093161623056,-0.9516466567839184,-0.8068557226484271,-1.1391399124560335,0.0505487738042753,-0.3176222644035024,-0.0616374698539538,-0.0851603001497024,-1.4421403853315995,-0.9230514671504224,-0.8039821157685831,-1.3495300616877504,-0.9807903262106016,-0.9085726540178838,-0.6573184998474182,-1.0397046227483189,-0.9957974920149434,-0.7539358419183395,-0.650767805006536,-1.0234531837842986,-2.100343641902615,-1.0189818826165975,-0.8553038910008682,-1.8347952538776755,-1.178465011290018,-0.8790746062659134,-0.7955802492231576,-1.167878209402535,-0.584285861680854,-0.7040868046410419,-0.7181830530215427,-0.7118439868515236,-1.170572171730467,-0.8402756829971847,-0.6241282006607636,-1.1652239539248457,related,8
HP:0000973,exact,direct,Generalized elastolysis,Mistral-Small-3.1-24B-Instruct-2503,-1,-0.8417363063772509,-0.8146299872642077,-0.6918476168732881,-0.95518870886739,-1.0267444494362972,-0.9335244649486496,-0.7983027775311361,-1.093703754066924,0.0933574867455445,-0.3132370042527909,-0.0650075528828149,-0.041007092871925,-1.5932639915197175,-1.0053814253742914,-0.8726516411031966,-1.461116712688908,-0.7741135330629508,-0.8270138721713047,-0.6201969790901573,-0.8748002654409829,-1.018210006519119,-0.7585484670265651,-0.6522769736503088,-1.0405498681058667,-2.0857319815015303,-1.0191369179743324,-0.8538156440666318,-1.8248536663986827,-0.8999082010268394,-0.8124659666554624,-0.7255886106379628,-0.947874989188813,-0.4950627302537085,-0.6832670913238784,-0.6985000698876505,-0.6348661217446612,-1.191676030437419,-0.8430258397033544,-0.6243251451647548,-1.1803008985052383,related,8
HP:0000973,exact,direct,Hypoelastic skin,Mistral-Small-3.1-24B-Instruct-2503,-1,-1.0776017534265874,-0.914474352957279,-0.7537566033762032,-1.1442111102371495,-1.1731337268727315,-0.9707053488593788,-0.828740929204205,-1.20791296555135,0.1790903684588754,-0.2325352970534808,-0.0469455636859088,0.0491387851837294,-1.1668922125632393,-0.8210811647517708,-0.7339379529949996,-1.1410027360996913,-0.8548048897435884,-0.8669628223350953,-0.6566925221989468,-0.940042422757592,-0.8104729644928871,-0.7013156126254818,-0.6187394674676986,-0.8795352324612999,-0.5397988215137176,-0.6724310300144616,-0.5985446476542101,-0.6620909364277947,-1.1006832736170462,-0.8660721593733589,-0.7815424058076678,-1.10740534856507,-0.9753809809524028,-0.861186800611927,-0.8254883267545083,-1.0320762852766434,-0.988923048024788,-0.8092918562576396,-0.6083911557663053,-1.0330407056077369,related,8
HP:0000973,exact,direct,Inelastic skin,Mistral-Small-3.1-24B-Instruct-2503,-1,-1.5361910432354633,-1.0464259983530542,-0.85456972166063,-1.4890485232038635,-0.742383757539122,-0.834494454069997,-0.7259402691606149,-0.8622922970808433,0.4867678422324571,-0.0851271513090683,-0.0411799349865181,0.3951698252400217,-1.019863266862949,-0.7307804928643421,-0.6631320936967771,-1.0264566642688535,-0.5430275072800774,-0.7269495853551445,-0.6054682776124056,-0.6812157173626986,-1.2040102955948844,-0.8096186664672181,-0.6967149538976276,-1.179958670974922,-0.5837375703162657,-0.6957142836950158,-0.6122384568099983,-0.6994020684448019,-1.3102250120066188,-0.9238085335791132,-0.8178340644083882,-1.2687637370422222,-0.9518021801939516,-0.8804100969948673,-0.8098120943563384,-1.0134780506225616,-0.4195832737355588,-0.635542872663073,-0.5085569144660063,-0.5845150743349193,related,8
HP:0000973,exact,direct,Lax skin,Mistral-Small-3.1-24B-Instruct-2503,-1,-0.7505001172045971,-0.810025364745331,-0.6818842976478259,-0.8795370880515238,-0.4066601234889656,-0.7155160278528157,-0.6224883700277637,-0.5694811881514686,-0.3164818486103815,-0.5707782405123222,-0.0874027297177296,-0.4438513205042343,0.0172534577867103,-0.2665682873621532,-0.2915131072289866,-0.1288583420160175,-0.3202997421056531,-0.635638951957984,-0.5335113936344587,-0.4838157639852889,0.4546812103886693,-0.1254842852255271,-0.1591739489666694,0.3008338186467338,0.2847368915462948,-0.2669257936692843,-0.2887434707471137,0.1256972060775504,-0.4263176362949434,-0.6609403812073417,-0.6344014850753257,-0.5482045053500108,0.2273980730964075,-0.3634372688477313,-0.397899381940042,0.0649513586194719,0.2805701862336729,-0.3135799717609431,-0.3434775345080186,0.0804997190350033,exact,9
HP:0000973,exact,direct,Loose and inelastic skin,Mistral-Small-3.1-24B-Instruct-2503,-1,-1.303489676237067,-0.9716332808100328,-0.7900676059356164,-1.3174454749588345,-0.7541578939263419,-0.8302076052669599,-0.7274349513872087,-0.8721498697176592,0.4168170028829319,-0.1211047083284046,-0.0451929722864102,0.3129671877904111,-1.1109217503799582,-0.7863557706291563,-0.6896220976397203,-1.0976757317949626,-0.4613291833182772,-0.6887806034851319,-0.5705818483277872,-0.6101431234515196,-0.575457405500685,-0.6468273088415526,-0.5777366387359831,-0.6896741613008847,-0.7090574349575407,-0.7316197059066794,-0.6501555759873786,-0.8039534402670959,-1.362761469614103,-0.9187792450698146,-0.8131283113929315,-1.3084732790215912,-0.7803524222974559,-0.8340211614128741,-0.7363480000353658,-0.8756391157466192,-0.5428714404321836,-0.6843454700915554,-0.530707044239848,-0.6868383569101645,exact,8
HP:0000973,exact,direct,Loose skin,Mistral-Small-3.1-24B-Instruct-2503,-1,-0.9201840779588282,-0.87061249100806,-0.723663716171604,-1.019062642532467,-1.2109877073720998,-1.0122663797117128,-0.8397026111738187,-1.2369557075120745,-0.0523700931752989,-0.3546395284042472,-0.0530266732325791,-0.1891559307071857,-1.129212571748918,-0.7947448470425482,-0.697229965088421,-1.1118714382371058,-0.7209063327108717,-0.8116579577611104,-0.6476544631826885,-0.8311414870209357,-0.8100584320440121,-0.7117352266069336,-0.6436635528784108,-0.8792079419548842,-0.4652802300903398,-0.6498610520718447,-0.5747306742544332,-0.5979810776066521,-0.7901213151570856,-0.8193611116410656,-0.7326066769259272,-0.8583604857659056,-0.6774679840609238,-0.7904626813756748,-0.7565812367130758,-0.7905652309915716,-0.5665073700148513,-0.6846405033901893,-0.5348437730163057,-0.7060861541931549,exact,9
HP:0000973,exact,direct,Skin laxity,Mistral-Small-3.1-24B-Instruct-2503,-1,-0.5903396828264976,-0.728621111269883,-0.6511599613636042,-0.7428687704159145,-0.6767531588868404,-0.8139791803868387,-0.6960984665675538,-0.8068697807379893,-0.5326244003205363,-0.6393711845952352,-0.0955747393989392,-0.6413812247723569,-0.4168919509676725,-0.5331376682614931,-0.4993546314704492,-0.5275563572557036,0.0877964377624621,-0.3435726424698095,-0.3134930908278501,-0.0868420197737678,0.0744245101556304,-0.3965949609590783,-0.3929206815535634,-0.1053028297654373,-0.3892905443712826,-0.6686060453967118,-0.5974763799284533,-0.5314651038454532,-0.9608941272377378,-0.8188986009641972,-0.741247628921684,-0.9968813276277444,-0.5744284174320505,-0.7648799601138279,-0.7629648037745317,-0.7034184807044648,0.3701292286606529,-0.2391054109474922,-0.2883457599419726,0.1805826014434768,related,8
HP:0001392,exact,direct,Abnormal liver,Mistral-Small-3.1-24B-Instruct-2503,-1,0.4665833323348443,0.0157952055403129,-0.1143235467454535,0.3534301710251732,-0.135951279480415,-0.5783149902720643,-0.5088073005443543,-0.3136443008556291,0.2613099292411884,-0.1273393967368247,-0.0494492938849685,0.1379244098891135,0.4950095808885929,0.0341022166322901,-0.0522538049271261,0.370606284398198,0.4815789882949086,0.0469216762801378,-0.0378239488905249,0.3583706830141664,1.0110442252737817,0.7546269087793368,0.6299945680164535,1.095462708370592,1.111511049086152,1.2101955748875088,1.0024464729301967,1.3169642082851385,-0.2883397885415174,-0.6070087448384822,-0.5493006290531007,-0.42421973817023,0.9792153162229476,0.7623166279899377,0.5773751179682137,1.086355830866389,1.1590264320995325,2.396941648370334,2.1694408338013007,1.595684383873874,exact,9
HP:0001392,exact,direct,Liver abnormality,Mistral-Small-3.1-24B-Instruct-2503,-1,-0.2468002648764534,-0.5869354971850214,-0.5362323190855299,-0.4300385004385466,0.0750947958544705,-0.4046806650626719,-0.387634446902622,-0.0983744875003558,-0.6743183383662567,-0.6370165155744112,-0.0913680126184619,-0.7664189703600096,0.7101877164103444,0.2487240731888073,0.1214032311075568,0.627613543633264,0.3737837891086411,-0.0818997786392988,-0.1635529830398966,0.2285575959372022,1.185998596083981,1.692702543547182,1.5286896251867703,1.4821589909087638,-1.085947471559509,-0.8310125609779806,-0.7465046032031538,-1.1039410769694609,-0.5656908584619944,-0.717724237064088,-0.6531273217707986,-0.6696893977056358,0.98203121823876,0.7740585564497098,0.6271780413440847,1.0914577844816726,1.1788738015905955,2.867380546626644,2.879572177415052,1.690724675216431,exact,9
HP:0001392,related,direct,Liver disease,Mistral-Small-3.1-24B-Instruct-2503,-1,-1.2726880417618325,-1.0055762749040604,-0.8245368064216331,-1.294230933397316,-1.0477355245374014,-0.9567476783119367,-0.7851446129525321,-1.1102719608991634,-0.9063299091660808,-0.7000741928974995,-0.0957311782572494,-0.9646310497920276,-0.7736037176842464,-0.7597314412461273,-0.6825205735188925,-0.8288965673435433,-0.3871960792091606,-0.6383520620469472,-0.543561679260982,-0.5443378039275711,-0.5008305358582115,-0.659865931687795,-0.5946035840158546,-0.627417461941619,-3.352378215639599,-1.170408527755109,-0.9822868049701956,-2.645726284798704,-1.0304878762762235,-0.8275773298674101,-0.7183868667389615,-1.0522109009230314,0.0914848699615348,-0.4089392020362766,-0.4746614050870878,-0.0796611106989496,0.4047789183352858,-0.1537752836523109,-0.2436513527966331,0.2206437557688494,related,8
HP:0001658,exact,direct,Heart attack,Mistral-Small-3.1-24B-Instruct-2503,-1,-1.3824999045888506,-1.0711722840834947,-0.8492508553109991,-1.3764424805083528,-0.7070504765987112,-0.834680446241926,-0.7270803355370573,-0.8325560126068847,0.4379173256658127,0.0045304525714988,-0.0300228121275118,0.3375184835079964,-1.6530485738393397,-1.3621566844948334,-1.12882669372261,-1.5047464261568464,-0.1840436715455792,-0.5319328042608694,-0.4423561617721584,-0.35691720083193,-0.0854047505406162,-0.4886752249744146,-0.4655602927939227,-0.2591879769156315,-0.654622868705054,-0.7820262517648409,-0.6998267023771267,-0.75886866253363,0.1415802001461712,-0.4928066318439109,-0.4542861705780312,-0.0085772533086556,-0.656228976980501,-0.7858605495075184,-0.6035905845366544,-0.7727663773811339,0.7931790854165147,0.2950375676289722,0.061548993939415,0.7442777686997676,exact,9
HP:0001658,exact,direct,MI,Mistral-Small-3.1-24B-Instruct-2503,-1,-3.012672741750019,-1.408468905927024,-1.0604761533309488,-2.462212593652294,-3.946943049708109,-1.5207072425518429,-1.1675063077848435,-3.001058475722453,-0.0723266335277946,-0.2873555526995863,-0.0616345598709862,-0.2089884218749154,-2.379375530023011,-1.4494571762828203,-1.2053198237565814,-2.015341556554248,0.0267625518044361,-0.4132554559233193,-0.3271773836185648,-0.1496770487513339,-0.1509202730178167,-0.511277369348573,-0.4651691940875919,-0.3200589825207717,-2.1097730383075564,-1.0662455579845025,-0.9304792011083628,-1.8412035714971364,-1.8356164691997623,-1.115657320535983,-0.9860772807042998,-1.6542031667266446,-0.380630877632455,-0.7377972869136941,-0.252849204251884,-0.5336543184368678,-0.4552128701949856,-0.6109337192572141,-0.5082836282344798,-0.6144292320095912,exact,9
HP:0001732,related,direct,Pancreatic disease,Mistral-Small-3.1-24B-Instruct-2503,-1,-0.8510505626818966,-0.8658955970738991,-0.7277068361857012,-0.962827945545507,0.0850199532984131,-0.3471052571103707,-0.3585193489934897,-0.0878448760424141,-0.0981902790364076,-0.3063812934544663,-0.0652632047826912,-0.2345383262361642,0.0145746045909833,-0.5204448866032237,-0.4973537441904468,-0.1314530965211096,-0.3843048298053073,-0.6397727966811054,-0.5488694154559961,-0.5417449048468576,-1.0866740336533178,-0.8148986158330197,-0.6952617573697686,-1.0923912664245286,-0.9275161610596344,-0.8563594779567667,-0.7551947014939683,-0.9802513226844256,-0.9002855141782644,-0.8011276777810411,-0.7155360032502528,-0.9481797239615536,0.1857128579544844,-0.3608209868188398,-0.4037764267584445,0.0197854151867875,0.5121197342240872,-0.1064316377158187,-0.2189522267634744,0.3502307636154319,related,8
HP:0001852,exact,direct,Gap between 1st and 2nd toes,Mistral-Small-3.1-24B-Instruct-2503,-1,-0.8488674795441353,-0.8951016931232566,-0.7424444545264668,-0.9610388169321225,-1.4217223839013349,-1.0489016392162256,-0.857717484051885,-1.3952462505824976,-2.063524458561546,-0.9099931846539456,-0.1138431019648971,-1.8669010866780744,-1.275646034717732,-0.8366818621500091,-0.7659517558122783,-1.2242653449154166,-1.5001888037571025,-1.0847764848862618,-0.8044005896522537,-1.426129337730404,-0.8371083857056024,-0.7178610057347109,-0.6377289051264045,-0.9005126068260696,-1.4604734824612695,-0.9374239325120473,-0.8077656805132992,-1.384682161932914,-1.5710109593348056,-0.918715004704636,-0.827254981718782,-1.463198015768184,-1.4729985494679654,-1.028719864084657,-0.9741438826530086,-1.4071637777275658,-1.315670101547734,-0.8700695523921742,-0.6417670965008757,-1.267792386046105,exact,9
HP:0001852,exact,direct,Gap between first and second toe,Mistral-Small-3.1-24B-Instruct-2503,-1,-0.924107370362136,-0.910245189395855,-0.7643641262295736,-1.0222297826347415,-0.8463397059551857,-0.8712213583103868,-0.7374712097807724,-0.9484673866737772,-1.5877209736933626,-0.8386136934326226,-0.1068359873191616,-1.5100587548880084,-1.089207517626947,-0.7980883469398199,-0.7244880288355288,-1.0807760369792987,-0.9327022363500984,-0.9141186482533064,-0.7051784063483925,-1.0019698482466604,-0.8491077690330379,-0.7182058152964184,-0.6368416019779394,-0.9099296458457122,-1.3821381189475772,-0.9128053331559128,-0.7897806099233586,-1.3271831908064646,-1.0386602249873345,-0.8188717606224094,-0.7477375254880155,-1.0586679501414376,-1.523268012237681,-1.0361778966864523,-0.9592910953991736,-1.4434084742810709,-1.40154739836676,-0.8948666265506026,-0.6573126596168987,-1.327348812133846,exact,9
HP:0001852,exact,direct,Increased space between first and second toes,Mistral-Small-3.1-24B-Instruct-2503,-1,-1.4672181305715326,-1.0609490713443035,-0.858582080372151,-1.4388543744492652,-1.7844561757024662,-1.1388478337433965,-0.919470150875312,-1.6557298141606378,-2.108754087848151,-0.928836466033038,-0.1117836717528438,-1.9000284272345696,-1.904880022991726,-1.0275287978362828,-0.9043297628727922,-1.685608817162391,-1.5638222211298038,-1.1016868462361755,-0.8098374953370006,-1.4711125226822277,-1.1931084724944705,-0.7935004238282891,-0.6942332063520297,-1.17188803715917,-2.15721073270278,-1.0154708127354133,-0.8669435730719965,-1.8733567778295344,-0.6133285988198246,-0.7010070207728345,-0.6300909281626622,-0.7104202493909421,-1.6908238330232015,-1.066834243552429,-0.9833389198665036,-1.5623190758789298,-2.0152048631309905,-0.9637980751419692,-0.6901825511054425,-1.7319765289537672,exact,9
HP:0001852,exact,direct,Sandal gap between first and second toes,Mistral-Small-3.1-24B-Instruct-2503,-1,-0.9346793328439188,-0.9108467461113984,-0.7559998089096608,-1.0307515144630306,-1.3265337484922433,-1.0276333441477168,-0.8515220828263053,-1.3244367944771271,-1.6729858744392143,-0.878249312656726,-0.1170966324704506,-1.5752306503072424,-0.6483451128072649,-0.6214544946940788,-0.598767035930445,-0.7253163567578164,-0.8812042873272032,-0.8858350369282403,-0.6914759705320608,-0.961143039332946,0.0538184443965523,-0.3941798047575636,-0.3976753944281096,-0.1256068772073149,-0.3762252046787243,-0.6738563983135106,-0.6049543922031292,-0.5199068057064009,0.1828568904187726,-0.3314280936162985,-0.323929017198181,0.0341709367728507,-0.172710935110754,-0.6572811301887754,-0.649465837769868,-0.3416970324086937,-0.4761000038626469,-0.6555070616139408,-0.5343085970101779,-0.6318333508426156,exact,9
HP:0001852,exact,direct,Space between great toe and second toe,Mistral-Small-3.1-24B-Instruct-2503,-1,-1.7821014537161293,-1.1322275152304044,-0.906648997852669,-1.663821660884646,-1.7529023909892418,-1.145272085682456,-0.9208611200847726,-1.6336142410787011,-1.050334888091499,-0.7455123005168505,-0.1014580009069562,-1.0840701924362497,-1.7257941203976366,-0.987543315919576,-0.8694447540351653,-1.5574635114324176,-1.9037168960020887,-1.182512906016193,-0.8505223192843187,-1.7039833304144814,-1.2054394817810057,-0.8027921916135798,-0.6945877709016847,-1.181015734675479,-2.203898813222558,-1.0501479734053978,-0.8972733334440853,-1.904864646348415,-0.6787342696270137,-0.7176177991024159,-0.6461931116674182,-0.7657264755209358,-2.1853559907491613,-1.137150423022114,-1.0293491773184478,-1.8982055120930537,-2.150107943897613,-0.9782989246890064,-0.6929497068050009,-1.81673732621638,exact,9
HP:0001852,exact,direct,"Wide space between 1st, 2nd toes",Mistral-Small-3.1-24B-Instruct-2503,-1,-1.2843362503255429,-1.026044355142106,-0.847342185426348,-1.30302440886738,-1.7050510333728,-1.1197361434483095,-0.8999188043802295,-1.5998882147831834,-2.2906986224775467,-0.93640397468729,-0.1122223600684438,-2.0320840371180022,-1.532868773194159,-0.9182419558724186,-0.8197476865914749,-1.4167508939964608,-1.2271775007443613,-1.004183415627482,-0.7560731228751695,-1.2275626950387912,-1.153009493708293,-0.7929345634230377,-0.6949509623459109,-1.14208937062949,-2.302519009540352,-1.0396797586788298,-0.8870653070328408,-1.970988072760883,-1.0131686161286886,-0.7780387038177942,-0.6952586684478171,-1.038499138313861,-1.8503766014941707,-1.0853328373887878,-0.9896590076521524,-1.6730115531040188,-1.7582086994558326,-0.921471738105132,-0.6637695691938702,-1.566609580221341,exact,9
HP:0001852,exact,direct,Wide space between first and second toes,Mistral-Small-3.1-24B-Instruct-2503,-1,-1.2697429652740753,-1.0176127248563218,-0.8360112815587285,-1.2920048272278046,-1.7752073982079544,-1.1404727300706696,-0.9148678436032172,-1.6492575537549252,-1.88313646095762,-0.8955783295600208,-0.1118958550513158,-1.733491787497567,-1.7189300966152814,-0.9918095770809896,-0.8735033709099167,-1.5525062929653408,-1.4893995599055032,-1.0807607902628114,-0.7955616878391506,-1.4184558691044136,-1.190148178382504,-0.801477066791616,-0.6969627217783878,-1.169694273208291,-2.0066176474634765,-0.9913978726047136,-0.852459187488843,-1.7707808633742004,-0.5577066775789905,-0.6730477515315318,-0.6029404281785277,-0.6628246535080293,-1.7875696191628108,-1.0772835795277584,-0.9816129332612448,-1.6297202018664985,-1.7272897765289934,-0.9123733750556574,-0.6613377288309187,-1.5463424154640126,exact,9
HP:0001852,exact,direct,Wide-spaced big toe,Mistral-Small-3.1-24B-Instruct-2503,-1,-1.1643466314304711,-0.9723506317359654,-0.8046977571847296,-1.2115735710035498,-1.4208068248193844,-1.068902768524628,-0.8714926054152307,-1.394570374644401,-0.7428864017156561,-0.6609016995771435,-0.0968220829281593,-0.8257971802583228,-1.5027321866771777,-0.9151118166852402,-0.830380826257403,-1.3945002880527295,-1.2135704772047016,-1.0074940274369664,-0.774105069778831,-1.2174140667929123,-1.19640647744552,-0.8075127266274292,-0.6933593900939512,-1.174330930152416,-1.7725048960581626,-0.976304591748574,-0.8326171717210431,-1.608190788852623,-0.8583719857757319,-0.7115546665541111,-0.6418181055148332,-0.9142086750706327,-1.861339246178731,-1.0867675625295494,-0.9939205540797644,-1.6805313811627185,-2.0651150916436936,-0.9699822135086256,-0.6980710268878128,-1.7634905521990545,exact,9
HP:0001852,exact,direct,Widely spaced 1st-2nd toes,Mistral-Small-3.1-24B-Instruct-2503,-1,-1.0801032607927228,-0.9583154516281136,-0.8004524464580671,-1.1461690254443242,-2.1074015869421947,-1.2086374389693124,-0.9684213764693222,-1.8767904986855253,-1.2549611055328644,-0.7803071534015167,-0.1057162384323755,-1.2496657815199763,-1.7468997648845035,-0.9887271750566382,-0.8858076189221472,-1.572684302124677,-1.4068779429520228,-1.059199480914662,-0.7812645916858812,-1.3593076396070956,-1.3869050544785346,-0.8362829336578037,-0.7134782612342739,-1.313494831561224,-2.031810952739456,-1.0091623721507617,-0.8597472525027857,-1.7880452784280976,-1.4431164634298892,-0.8687544096408735,-0.7626298625775159,-1.368669314583701,-1.909277493799027,-1.09533907058249,-1.0020949531501455,-1.7132899094428322,-2.0990532007726546,-0.960095708519204,-0.685915748982562,-1.7848146423121785,exact,9
HP:0001852,exact,direct,Widely spaced first and second toes,Mistral-Small-3.1-24B-Instruct-2503,-1,-1.3928021103007444,-1.0347031244016092,-0.847856393539674,-1.3840781005349576,-2.469907071389557,-1.2827010849413951,-1.0216083082274767,-2.114695603929704,-1.4612298745936383,-0.8283157294027415,-0.111476266904565,-1.4122619534383354,-1.9107771040443595,-1.0232254574729298,-0.8906799508301132,-1.6897908990569166,-1.696465310372058,-1.136958725287064,-0.8211022167924309,-1.5634260450666102,-1.39472222373232,-0.8366121291293837,-0.7089363328755542,-1.3191276094871756,-1.7752803225744291,-0.9632847926888124,-0.8266503675504426,-1.6101423187598536,-1.547834059135679,-0.917944024038016,-0.7983952886462133,-1.446180205614959,-1.957726878748926,-1.1034584904010427,-1.004893654055796,-1.7461950935700448,-2.018036736977725,-0.9435770339267676,-0.6763101449250208,-1.733769601067551,exact,9
HP:0001852,exact,direct,Widened gap 1st-2nd toes,Mistral-Small-3.1-24B-Instruct-2503,-1,-0.8148871647804152,-0.8745068141983757,-0.7280752916953428,-0.933082282747095,-1.5545102895647736,-1.0987203012186966,-0.886194675886109,-1.4922487944681917,-1.4987599469510715,-0.810445356129557,-0.1060574899052548,-1.4414223438052096,-0.9103853639180504,-0.7390350145553576,-0.6949494010895189,-0.9395632206157808,-1.1711503598302275,-0.9919531365209509,-0.7645612746287063,-1.1856122896393688,-1.244969143983728,-0.8126465904153716,-0.6950275655007137,-1.2101653521976825,-1.6329666277919066,-0.955298467163203,-0.8250837913715144,-1.509274723742689,-0.6561888313341581,-0.6642300981643419,-0.6008133070995606,-0.7467410808499939,-1.6157438357622995,-1.0500843968732043,-0.983070642601401,-1.509388346534736,-1.1780589898139715,-0.83346829689512,-0.6237834043941743,-1.170579041399842,exact,9
HP:0001852,exact,direct,Widened gap first and second toe,Mistral-Small-3.1-24B-Instruct-2503,-1,-1.0156564217679085,-0.9403127255698596,-0.7766496382216759,-1.0954262143880913,-1.077132814279823,-0.949422193257521,-0.7952404239703169,-1.1333651560592095,-0.6975661396018792,-0.6935347646577552,-0.0945939794296384,-0.786630069925271,-0.7865102120444577,-0.6723254529136093,-0.6051136734468977,-0.8394442213842538,-0.8600320439348599,-0.8885440722677886,-0.6944928411177155,-0.9442297851474472,-1.2368728308607002,-0.80902370211931,-0.6937687662206841,-1.204208697678396,-1.5381377203622435,-0.9204304840395604,-0.7948601069746968,-1.4411118301722403,-0.3146603133390451,-0.5695522274458269,-0.538956806328266,-0.4481766147485603,-1.549456830325335,-1.03547622595486,-0.9564521990667312,-1.4621839762703992,-1.2437968543508895,-0.8474242562281585,-0.6322600390819663,-1.2173015168240335,exact,9
HP:0001989,exact,direct,Foetal akinesia sequence,Mistral-Small-3.1-24B-Instruct-2503,-1,0.875076426127355,0.9350627862315988,0.7378787901955063,0.9737477174913352,1.082765799827481,1.674871905409055,1.4248940458349888,1.361010273085671,1.5268239845279354,6.277745718369721,0.8563469980389469,2.426876085697616,0.441298185243705,0.1148118135145554,0.0028853636729795,0.3101523826599061,1.2077623026887558,2.049764994367644,1.6985049678904542,1.5755043309746075,1.2870087447248542,3.5600730311802904,3.8643802885235714,1.8276835787947208,1.1953149039229185,1.945432032743377,1.8035135470185155,1.5148451125982465,1.1080057665754557,0.8554817307684127,0.7220851398199919,1.2465342826755768,1.2611751094117436,2.3881232278066205,2.230199360620237,1.7381529603416872,1.1863435912781557,3.108726963662142,3.416679879170896,1.7330721149805877,exact,9
HP:0001989,related,direct,Early severe fetal akinesia sequence,Mistral-Small-3.1-24B-Instruct-2503,-1,0.8526831379795359,0.8576328349242073,0.6825746119871947,0.9331243271510126,0.9886627891822288,1.190408757134686,0.9782745991619316,1.1592226796826484,1.0738957634146835,1.0238486719002895,0.0850726290989224,1.220136002343822,1.1942992047302812,1.7030023244676926,1.6223650782073324,1.3477418312435745,1.046325567477633,1.2147770456526794,0.8711551521604296,1.214494830589809,0.9247324845380188,0.5967722904140065,0.4395611008627079,0.9434543604087284,0.4620673602483121,-0.019722790935504,-0.0697169262845025,0.3274664878817501,0.919065717251773,0.3967820761982403,0.3141436590572355,0.9379166903249964,1.020771138558356,0.7528956777460268,0.531729953483139,1.1634911460151165,0.8776863703800231,0.5220681759366622,0.2375878028012157,0.8867771990539938,exact,9
HP:0001989,related,direct,Early severe foetal akinesia sequence,Mistral-Small-3.1-24B-Instruct-2503,-1,0.704812627367744,0.4573406446191409,0.2873162307604094,0.6884566546088444,0.7444469168783607,0.4885818444950786,0.3507497659722947,0.7374716740073181,1.030470516336982,0.8570606829655851,0.0550642975494676,1.1468009566144255,0.3768316506639467,0.1058780962717847,0.0055278776215783,0.2392517253397287,0.919458494421104,0.8100557607869411,0.4968806477338791,0.9841455225998887,0.9181573914108628,0.5782155511785126,0.4359394023258949,0.9325349962736909,0.4585918592016461,-0.0157167738999618,-0.0815790855676819,0.3233461153155375,0.915013510854798,0.397829907730862,0.3050614004044623,0.931834743702249,0.9601645488151326,0.5629964327514005,0.4067250736686518,1.0522809676247653,0.8394374970171661,0.4277310057027658,0.1745262988721749,0.8203475149575123,exact,9
HP:0001989,related,direct,Fetal akinesia,Mistral-Small-3.1-24B-Instruct-2503,-1,1.0254595680957932,1.59483751325224,1.3465548867638346,1.2835983335001449,1.0437097112205134,1.4123506676227326,1.2374657405220713,1.2733556252781084,0.9914083451049318,0.7101935195638897,0.049371455421823,1.0832333438365065,1.2607409891132793,1.935968118453256,1.9765262690048,1.474702810240774,0.9510288634721488,0.902915167552786,0.5777289775318145,1.038435127693515,0.9687885368384572,0.7164792013867195,0.5530921679555064,1.0188937705395138,0.0902535775214016,-0.2857753575482861,-0.3012084803313664,-0.0789888804679873,1.0350836463437,0.6488826666128025,0.4971018247915135,1.120939814845343,0.8999161126413233,0.3943172937735994,0.2271397042532359,0.9491342199565228,0.7959361375234942,0.3192838081759195,0.0822041950067429,0.7486939605873695,exact,9
HP:0001989,related,direct,Foetal akinesia,Mistral-Small-3.1-24B-Instruct-2503,-1,0.5465912435855732,0.1976985426833707,0.0717282078170369,0.459714399235454,0.8293826883697326,0.6880430669964387,0.4918967425744245,0.8721683362089095,0.4022068372016708,-0.0253646295978447,-0.0216463776494653,0.2960866142855147,-0.0287076522939,-0.2975117748505553,-0.358018305298173,-0.1731156116930657,0.8459131480383313,0.6312503095526617,0.3413047923800989,0.8639618951462321,0.8653181951592606,0.4540819874094871,0.3098723518921751,0.8476098409463007,0.062795732966541,-0.3080750107282957,-0.3437857716796219,-0.1067254024167365,0.5042695344678353,-0.110587842519957,-0.1629496423591964,0.3899404549268039,0.6951795191108415,0.0288357562607269,-0.0721432083846081,0.6384387084297989,0.7555065974557719,0.2469327325653366,0.0525875653962952,0.6852847879943792,exact,9
HP:0001991,exact,direct,Absent/small toe,Mistral-Small-3.1-24B-Instruct-2503,-1,-0.842493432981398,-0.8358492713325761,-0.7208649969129998,-0.9558102461214384,-1.0870812683925175,-0.9817007780671224,-0.8003673815260126,-1.141151526436673,-0.1333254126104333,-0.1805503784430819,-0.0448591735207953,-0.2689778230455358,-0.957030419089146,-0.7797590232800959,-0.6851414740416992,-0.9767609788890084,0.5469497483587147,0.143364883655414,0.017930945550681,0.4407176398364552,0.9903077149000572,0.761517266092875,0.5851549578627241,1.0573240184208097,-0.1015957927257507,-0.4397560478021963,-0.4024775392219115,-0.2676545974634666,-0.4208412193756205,-0.589529244514596,-0.5490219161257914,-0.5433567362557516,0.829589335107036,0.4604439740511153,0.3756456756517767,0.8363067901069436,0.1797073849716767,-0.3552125744477647,-0.3451762135944882,-0.0269446377549458,related,8
HP:0001991,exact,direct,Absent/underdeveloped toe,Mistral-Small-3.1-24B-Instruct-2503,-1,-1.2932347474848442,-0.9958562305916404,-0.7972261052953312,-1.309730189046154,-0.7532547597343925,-0.8328280610982183,-0.7078835928983833,-0.8713946459938794,-0.0105693096368488,-0.1304437878314848,-0.0444469681008239,-0.1472718814586594,-1.1782248141194178,-0.9486716337819548,-0.8564686489199174,-1.1497351792348465,-0.0215848429353363,-0.4187996086989332,-0.4053218128660574,-0.1984966001308652,0.9823840602465608,0.7390031529259263,0.5692056487992054,1.0430430491924767,0.4491969160860573,-0.0843353529357161,-0.0760770243545148,0.3122441590404616,-0.6143671874814544,-0.6268455129983547,-0.5867282652572039,-0.7113039723039508,1.0131970126742402,1.0544253144074864,0.8608145627974907,1.1491254754725484,0.4642652975126577,-0.1227991738534763,-0.2143734507970901,0.2913703523047956,exact,9
HP:0001991,exact,direct,Aplastic/hypoplastic toe phalanges,Mistral-Small-3.1-24B-Instruct-2503,-1,0.2407468579804778,-0.2177345991695655,-0.2551813920475654,0.0784551036278331,0.6707277148354128,0.3381311911517186,0.2315602269036968,0.6280952750450903,0.1224465833137326,-0.1743660955723686,-0.0331398760832737,-0.0106847109932331,0.3313603599415521,-0.1573836312817461,-0.2250071141665974,0.1902546249972788,0.5966887459505661,0.2212025441591335,0.0647537195555822,0.5054431152946044,0.7243231592319005,0.1889141677173697,0.0941533166815317,0.6410122742169101,0.9019702205547624,0.5672508358684519,0.4546224127078393,0.9292244713365918,0.0118719618773452,-0.2909267052647654,-0.3088648883732963,-0.1393337944836154,0.8258476668788659,0.5843552126684435,0.4067635315558939,0.8305036335158719,0.2639293153001187,-0.3066882286893948,-0.3247908476754194,0.062410496516071,exact,8
HP:0001991,related,direct,Absent/hypoplastic toes,Mistral-Small-3.1-24B-Instruct-2503,-1,0.1008731060471986,-0.3502099467017999,-0.361220912146936,-0.0773638525162917,-0.2260061056522086,-0.5742430787411976,-0.4977559235710752,-0.4010270972835277,-1.5150396039455931,-0.7506782296736051,-0.102573301783477,-1.4540330837285649,0.2161881021834157,-0.1904561291877317,-0.246829784558295,0.0695644584630208,0.5859124673429302,0.2011573337776503,0.0526522327242175,0.491258744799958,1.0637681891106965,1.0368912890071484,0.8417419937393842,1.1980994678764,0.4440554252134084,-0.0880165003951665,-0.1119076792298113,0.3061906347330838,-0.0880216949624278,-0.4306410971841805,-0.4170284538548872,-0.236673725188605,1.0640333732095155,1.2626780382650842,1.0409823849958864,1.248487870805853,0.5541060824907158,-0.0291290848313008,-0.1324740147518948,0.4034730972327736,exact,9
HP:0002206,exact,direct,Pulmonary scarring,Mistral-Small-3.1-24B-Instruct-2503,-1,0.5291404834716219,0.111823107449075,-0.0038893287270975,0.4360617794676896,0.0762891384058189,-0.3169481442567771,-0.3177110807260181,-0.0971095009432953,0.1631805549756592,-0.3657666384706399,-0.0735350878396037,0.03222928804998,0.554665155601327,-0.0790249405239229,-0.1662778395100229,0.4393485517534269,0.1952523797316855,-0.2478924452182151,-0.2808749304877001,0.0273316418555688,-0.674835285085988,-0.6862773343432186,-0.6056644160415173,-0.7710504531247377,-1.3508443389343598,-0.8870786723078213,-0.7572157984032671,-1.3040432446844228,-1.1764181363182975,-0.9376972275608072,-0.8278845915218174,-1.1662957949581982,0.5105874553857866,-0.1042676432325944,-0.161228420277135,0.394890897779925,0.3295041200455705,-0.3289527227885684,-0.3405000066668107,0.1345919756031076,exact,9
HP:0002239,exact,direct,GI haemorrhage,Mistral-Small-3.1-24B-Instruct-2503,-1,0.2784759575463663,-0.2196950957850112,-0.2632807863625225,0.1221985342757248,0.1279293109169479,-0.345629985778604,-0.3695817540423044,-0.0418574633358678,0.8040720231775232,0.4635877026348446,0.0272923409113913,0.8035064797295772,-0.6134368830272632,-1.1548667137947353,-0.9868969639503532,-0.6960402280113687,0.0925870954069635,-0.3503050850435729,-0.3665745101185433,-0.081850634105898,1.0008010904315798,0.7520709726733268,0.5824356061640606,1.0764813799629682,0.4223115261850586,-0.2606456218861072,-0.2498471763810748,0.2807594522789758,-0.6670307194663616,-0.8406885818106846,-0.7585574170362165,-0.7558811812382598,1.0399720302168236,1.0707736069499048,0.909241726943261,1.2005732021338025,1.0062378594594272,0.9554614756634217,0.60216114135388,1.1428741677484224,exact,9
HP:0002239,exact,direct,GI hemorrhage,Mistral-Small-3.1-24B-Instruct-2503,-1,0.6332290531807899,0.2529406061759311,0.1184236334517012,0.5815179479319539,0.1403697320304728,-0.358292256642972,-0.3554930408296554,-0.0283795755545935,0.9861885869947996,0.8940641669227335,0.0599223765635374,1.074897439935634,0.0850115293079239,-0.8836779334647001,-0.8110273892001896,-0.0625766765513522,0.5870231565758006,0.1874832581727666,-0.0090194730549917,0.4927164787384487,1.0600412001208108,0.9736496588338344,0.8027222734777328,1.1905449043807972,0.5272350435294751,-0.1748337747417521,-0.1933951816821295,0.4061267741621774,-0.6148671762818531,-0.7553906578590055,-0.6896631423250714,-0.7117293425449385,1.0880132201804242,1.257510247902675,1.204236902101156,1.2980099398375926,0.9704395270765525,0.805936727477462,0.4587438672640559,1.0652071197709625,exact,9
HP:0002239,exact,direct,Gastrointestinal bleeding,Mistral-Small-3.1-24B-Instruct-2503,-1,0.8118977220207817,0.6216397600589036,0.4129563324756801,0.861839282199693,0.6281887742500335,0.2519498828391089,0.1118252976534039,0.5676741601508422,-0.8075416669594954,-0.6311839301078658,-0.0789203932963932,-0.8811578995277083,0.8563635737133407,-0.2948144689102541,-0.3611227003161794,0.8191620692638347,1.075283439870039,1.3544306183758852,1.0027589198011315,1.272370490061326,0.9546206544069068,0.6048381384576669,0.4431418505475057,0.9941811469484556,1.2287117616459793,1.9322973577376457,1.7335775615419795,1.606387274221633,1.2626870524935203,1.3197163990384555,1.1359935225692026,1.552890631678835,1.1852894453390057,1.932246978684733,1.954170191151126,1.5223729836352102,0.9847743403896516,0.8076067821918865,0.4829421374720798,1.0955876865021923,exact,9
HP:0002239,exact,direct,Gastrointestinal haemorrhage,Mistral-Small-3.1-24B-Instruct-2503,-1,0.9519682295362222,1.093817065780693,0.8589647684089647,1.1228642326540388,1.1592394446725307,2.244081643432257,2.1818735093265733,1.555084495990839,-0.0868478982193455,-0.3175430601919072,-0.0497588275724054,-0.2233545552895859,1.2693189711014314,0.7062794941953728,0.5680542132797368,1.4919520726207751,1.1515601309811156,1.7194312319710876,1.46890527101015,1.4377532743421386,1.24721819329284,2.5013306724106714,2.468733053489875,1.6691610321153685,1.3283551594978658,4.050758539746586,4.357323405390706,1.9747393580323944,1.058022526458961,0.5836290374356505,0.4743973487928438,1.1594447444992642,1.243296740913787,2.5202438178847806,2.75567700590891,1.6825872094559555,1.1929598971205084,3.361503333929272,3.9291529155613527,1.7753813912332617,exact,9
HP:0002398,exact,direct,Anterior horn cell loss,Mistral-Small-3.1-24B-Instruct-2503,-1,0.2216205467958243,-0.2410915921507268,-0.3009094040864617,0.0565742991295374,0.3126532567846652,-0.1728386475790084,-0.186909779282995,0.1656892817624335,-0.9020884467955312,-0.6649536251371233,-0.0915641563509583,-0.9610737482180668,-0.3054089012185729,-0.4894077005620228,-0.4942332388682149,-0.4289704104154149,0.7959883152830035,0.5644300133321675,0.2814371910028406,0.786716946822776,0.720632299216917,0.1628150004484468,0.0960697456776331,0.6359265866706654,0.2479297697741592,-0.3812119666730071,-0.3454959587659805,0.0857604455153943,0.2079653211547278,-0.2427683641898372,-0.2665499859252263,0.0604633206303585,0.7433279406820511,0.3388391771418316,0.1912663400026062,0.7069791985878352,0.704386836819026,0.1467694084596807,-0.0539983545055311,0.6088715291420166,exact,9
HP:0002398,exact,direct,Degeneration of alpha-motor neurons in anterior horn cells of the spinal cord,Mistral-Small-3.1-24B-Instruct-2503,-1,0.4345476301623084,-0.0328401909626154,-0.1311290021030336,0.3123278918312255,0.4345072592472033,-0.0345245561584139,-0.1030182367751337,0.312630160219027,0.3198160169370154,-0.1210029393810575,-0.0344365732520144,0.2026233223023381,0.4506932154088142,0.0197758056791959,-0.0073052107002766,0.3206331217456505,0.5699911477557914,0.1888721373098041,0.0666644091895065,0.470467570646144,0.5003185708748162,-0.0915762616502242,-0.1533016098046981,0.3545816924267355,0.1438025515315891,-0.405801493463049,-0.4280514767934092,-0.024119146652638,0.427935467202274,0.1620681111000991,0.0935866565651798,0.3013039642566837,0.4253090173638843,-0.0628738907359516,-0.1443817662858989,0.2907807809912738,0.558907058123008,-0.117386109275656,-0.193787159982996,0.4096632016733714,related,8
HP:0002398,exact,direct,Degeneration of spinal cord anterior horn cells,Mistral-Small-3.1-24B-Instruct-2503,-1,0.9047684425491288,0.9342908940903548,0.7211459465928988,1.0294340201848586,0.9499980846102936,1.0179699106754596,0.8175802898521287,1.0843767958944066,1.105506800180151,0.9551933404340606,0.0898331159743786,1.275496416530496,0.672873392374893,0.2774978137480047,0.1467276794727183,0.5811350708584755,1.0999606208805066,1.4930050341540002,1.1495078770998015,1.323650642494829,1.2338588392890952,2.325295967149712,2.1976114152322723,1.6240455970951708,0.809935903009408,0.2634689088840465,0.1616332312188303,0.7863671046625784,1.2409881250533437,1.8853607870606577,1.7646157282999966,1.505627189430052,1.167778523816456,1.81922486991029,1.8001738036006432,1.4786029026868357,0.9179471745242974,0.5608864937600253,0.2786138148670999,0.9608194644197166,exact,9
HP:0002398,exact,direct,Loss of spinal cord anterior horn cells,Mistral-Small-3.1-24B-Instruct-2503,-1,0.4853036178658504,0.0394073251136228,-0.0564291122542517,0.3778182736312814,0.4144713475649278,-0.0533403023794279,-0.1092158878803218,0.2878385055294079,0.7551314510628607,0.2986223050077215,0.0176971430220083,0.7359728916395084,-0.1742106223012872,-0.4155081441780328,-0.4056560078956672,-0.3097865793860154,0.9742841893946228,1.0252978431160296,0.7115533801981975,1.0796057666825143,0.6692348392164021,0.0931386939336547,-0.0050935619928143,0.566543971185377,-0.3236413305016501,-0.6320925052115486,-0.5749749553685289,-0.4730107877884079,1.0703379886216653,1.2254079277517955,1.107227556651247,1.1804818386172382,0.5880837382048117,0.1203412773576142,-0.026015288263173,0.4938004605153908,0.5854254307282449,-0.0349502846673365,-0.1590721897031257,0.4442535461471192,related,8
HP:0002398,exact,direct,Progressive loss of anterior horn cells,Mistral-Small-3.1-24B-Instruct-2503,-1,0.832632145083665,0.7236320020900281,0.5175810071945174,0.8976648313287431,0.2722164522763341,-0.2038006507535056,-0.2367246690571502,0.1188127113561531,1.0297758570883802,0.7718070670994648,0.0663273152535985,1.1456514941661844,0.2654022516973941,-0.0394661989489193,-0.1166328122057204,0.1205643821157045,1.190332693053867,1.9956588323962527,1.6377098266692565,1.5309970479604964,0.8145832264669479,0.3306005572845631,0.1776024832733038,0.7702582781625082,0.1488204998400498,-0.4053202029000317,-0.3870463511836064,-0.0189228604048542,1.157117080963786,1.5592804610245752,1.3610650140918876,1.3369895144331667,0.8139042104233754,0.477522836041547,0.3566348986662133,0.8121044479065113,0.8372088411964578,0.3894533610203667,0.1199835116716117,0.8165811821145882,exact,8
HP:0002398,exact,direct,Spinal cord anterior horn cell degeneration,Mistral-Small-3.1-24B-Instruct-2503,-1,0.5320570547336946,0.1062828738198268,0.0123091334379094,0.4399957792859673,0.6186099606148694,0.2193284481149385,0.0723231231417839,0.5543155453842338,0.6033543704612558,0.0830748742764923,-0.0179981968358482,0.537777472734586,0.1973644589206108,-0.2243985663219858,-0.291994327063894,0.050271896575995,0.6246202031958641,0.2602025051259339,0.1008677576601729,0.5426431433060533,1.1669951355905537,1.6056975377967124,1.3793952333240054,1.4320742632312995,0.5940193811571928,-0.0667625387717498,-0.1344034826971678,0.489732763501935,0.7379979256094413,0.4842334943320735,0.4051836054266006,0.6823254238005828,0.9382113792280338,0.7865407795144717,0.6292687423378277,1.0139218293704455,0.8778102132596178,0.464414880511472,0.2014124701498627,0.8869981065526328,exact,9
HP:0002538,exact,direct,Abnormality of the cerebral cortex,Mistral-Small-3.1-24B-Instruct-2503,-1,0.81888080706399,0.7094121256786116,0.5505634513596034,0.8738128967386428,0.5044562837304657,0.0166255629786818,-0.0718702129085255,0.4013461318906877,-0.2493454375628098,-0.4199153652122601,-0.071748012217673,-0.3806164267182335,0.6602507147498351,0.2023821437457739,0.1052137444184087,0.5656101311529438,0.9330698397087516,0.8837909998274717,0.6358499462915308,1.007335676325184,1.0314057549185232,0.8573503189814566,0.7098851235665863,1.1340716916779587,0.8877987060217998,0.4836889288777234,0.3575627079109571,0.9064057993343552,-0.2879316842909476,-0.5639550537656638,-0.5054239145520913,-0.423847102856714,0.9635337659262074,0.7533878107284043,0.6910517430419362,1.058252441081446,1.104252790502741,1.6712452268956337,1.23223343089532,1.39840609809715,exact,9
HP:0002571,exact,direct,Achalasia of the esophagus,Mistral-Small-3.1-24B-Instruct-2503,-1,-0.19157590923457,-0.5604298811773937,-0.5022403330424233,-0.3767842923702229,0.1424330403262677,-0.3020882748485747,-0.327974349662757,-0.026137739538255,0.8291655782947498,0.5290081342035379,0.0368707905227371,0.8389219443047476,0.1653971930296958,-0.2519860878168502,-0.24440617951854,0.0177695692608991,-0.125721682449912,-0.4978515810117235,-0.4348742855409831,-0.3009918949626671,0.7672915392352906,0.2554229734847195,0.1423493567964456,0.7013234701559978,-0.154999614416298,-0.553894350715749,-0.5225962210000491,-0.3182088130118725,-0.2033011264224852,-0.5685558676642386,-0.5288280008465351,-0.3457675333606363,0.9302669468589748,0.8134902120906022,0.6051503625367276,1.0002665857674204,0.873592331185418,0.4295922642408366,0.161792496629666,0.8794965693413525,exact,9
HP:0002571,exact,direct,Achalasia of the oesophagus,Mistral-Small-3.1-24B-Instruct-2503,-1,-0.3905083172889534,-0.6656373933136962,-0.5760922898323236,-0.564525395321646,0.0166947066271596,-0.3920205228912585,-0.4074965447305047,-0.1595491864416212,0.8792714845948787,0.6426936858389267,0.0607961164519744,0.9113799999191572,0.1054790980756437,-0.3159091039316913,-0.3115273529800181,-0.0423009891431794,0.0502231607563316,-0.3778557752008261,-0.3560677048096098,-0.1256874136988106,0.6720426310237823,0.1124014755518426,0.0220757143174475,0.5702677799122521,-0.1215415970079956,-0.5282761817580064,-0.5056632959722034,-0.2866285020933942,-0.731117749233985,-0.7334782054693527,-0.6496911624512359,-0.8095276015535928,0.9436637490362596,0.8525941695690145,0.6521404579008752,1.023361872502472,0.8210530215413165,0.321104829427087,0.1009917004958168,0.7895964717120733,exact,9
HP:0002637,exact,direct,Brain ischemia,Mistral-Small-3.1-24B-Instruct-2503,-1,0.3228439936990324,-0.2097353960270779,-0.2434038708171245,0.1746778136942042,1.139384470450895,2.0705160531316986,1.895466571309165,1.5011814254102958,0.8995262858435886,0.5830127169592673,0.0329247945088609,0.9413760048108132,1.150032804101424,1.1832174500405788,1.038772803614057,1.2687335992738096,0.8621132203706846,0.6785404039677472,0.4498182100639788,0.889742210625975,1.119919841903309,1.2926708372534577,1.0676840461143564,1.3186597673137097,0.4338915009887145,-0.0174940818916581,-0.0826128185135702,0.2942692355218993,1.3092412394100177,1.5280769894215491,1.36980436388593,1.660792471918206,0.893312790244761,0.6101543488911756,0.4696558106783166,0.9382169062367616,1.1182165911890545,1.6983990154476507,1.30127727992421,1.442945902649827,exact,9
HP:0002637,exact,direct,Cerebrovascular ischemia,Mistral-Small-3.1-24B-Instruct-2503,-1,0.8386460524536125,0.7157178680022163,0.5425927055613022,0.9082134568501946,0.5012568745552021,0.0489976071299924,-0.0330465441860052,0.3972111257500189,-1.0974578005767175,-0.6947720199699797,-0.094697298242235,-1.1226152148858992,0.1376638339324555,-0.5618498253910326,-0.5540493677019191,-0.0101692324800493,0.7302912632461168,0.4228107279883928,0.1814647099007118,0.6896212141952529,0.927987895329184,0.568723272427381,0.424187983276489,0.9488916562581332,0.5686063087455783,0.0928091726654555,0.0269258566653152,0.4575375297146295,1.1083503336373135,0.6568277509988396,0.5231430712726352,1.2471510665054577,0.853250346764654,0.5045378844668144,0.3551010371881242,0.8734507031052621,0.9476188964512172,0.6927741179147281,0.3765959679001491,1.018594665519028,exact,9
HP:0002637,exact,direct,Disruption of blood oxygen supply to brain,Mistral-Small-3.1-24B-Instruct-2503,-1,-0.2661386271302206,-0.6005854560855135,-0.5626302979504901,-0.4484718128810791,-0.7068982716961988,-0.8186073631421338,-0.723699297609518,-0.8324274106096666,0.4480716659840192,0.0778793609625441,-0.0290241346179286,0.3494075598332393,-1.68766233863727,-1.0191945716462194,-0.901125516536867,-1.5298801421431678,-0.4825878616703771,-0.6866278022766574,-0.5518977542737881,-0.6287793118330934,-0.7853644678510279,-0.7071565943295123,-0.6299648402021172,-0.8596653288651708,-1.814797226134005,-0.908455829031293,-0.7824302286765759,-1.6378635629864815,-1.209926672149514,-0.862750113604088,-0.7746014837970884,-1.1921412405338183,-0.6167427246719465,-0.7084815236631229,-0.7100592738192071,-0.7394516417335912,-0.7228553934193105,-0.7223757859631112,-0.5683436364569971,-0.8306756831497796,exact,8
HP:0002681,exact,direct,Abnormal shape of hypophysial fossa,Mistral-Small-3.1-24B-Instruct-2503,-1,-0.2378996819689312,-0.5178678518944764,-0.4551790101152804,-0.421517565276462,0.0710683549385138,-0.3496519679780187,-0.3612398037736014,-0.1026348925807745,-1.0322194833873757,-0.6757788492235232,-0.0950538140100914,-1.069183677490961,-1.088087813508751,-0.7858898439771305,-0.6994931733558505,-1.0799031995702764,0.3198894308264982,-0.1045276756756506,-0.1808843283717887,0.1661384389444138,-0.3557848713868441,-0.5780050030298185,-0.53461681832995,-0.5033175376838643,-0.8782377640042545,-0.7834717004893692,-0.6997022857592913,-0.9410951399910372,-1.1235840314190806,-0.7602265734043809,-0.6923625378531779,-1.125283476216931,-0.1324712020394002,-0.5089187092033293,-0.579512493001975,-0.303205321764116,-0.1240157291985993,-0.4790157315096243,-0.4237561258480469,-0.3239810060042831,related,8
HP:0002681,exact,direct,Abnormal shape of pituitary fossa,Mistral-Small-3.1-24B-Instruct-2503,-1,-0.0271049285335025,-0.3943676497783849,-0.3522232803287399,-0.2123037723206083,0.3103142712419725,-0.152936913206861,-0.1975040154647567,0.1629537992877121,-1.0649304293675266,-0.7507422343602331,-0.1042660181818569,-1.0960362651872997,-0.8967244822185134,-0.6988865990595555,-0.6357739655924196,-0.9286184994197186,0.3936400602386924,-0.0335383919111643,-0.1295499283399328,0.2519539710398177,-0.3116128260617206,-0.5634548414929021,-0.5142143486825971,-0.4646430400193968,-0.7526459426292715,-0.738530559371795,-0.6746682351549653,-0.8397074441017205,-1.0110376765688271,-0.7396953313739733,-0.6861886634772668,-1.036809448919971,-0.1727059309690655,-0.5404199332047929,-0.6010966505498792,-0.3416922745253636,-0.1655092860068403,-0.5129575895009802,-0.445739566775051,-0.3620299284235345,related,8
HP:0002681,exact,direct,Abnormal shape of sella turcica,Mistral-Small-3.1-24B-Instruct-2503,-1,0.6002992602709415,0.2762501752933751,0.1461989072927194,0.5343182209418197,0.94473614369486,1.021493339329163,0.8269923168679223,1.074484514423652,-1.105254917682909,-0.6945592963474624,-0.0977339607163153,-1.128968524945207,0.6469862754740046,0.386426233402041,0.3238382312943705,0.5493998730687099,1.0894587732700975,1.459545104035355,1.0882866865427765,1.3015926307831096,0.8152772830900643,0.3325754451468202,0.1909858375036219,0.771291617172396,0.5967303861383381,-0.0172738048503013,-0.0812051044103247,0.4931961599517255,-0.2504897077308859,-0.4987339131551371,-0.4814408991985619,-0.3895030819506157,0.912385003974098,0.7213868919207863,0.5293960005524737,0.9699474096547852,0.87501600828876,0.5221650162765102,0.2267670441033024,0.8820234956472608,related,8
HP:0002681,exact,direct,Deformity of hypophysial fossa,Mistral-Small-3.1-24B-Instruct-2503,-1,-0.1002382136485043,-0.4307810895813103,-0.4293170739659566,-0.2865869454068613,0.3781083538656823,-0.0661400070783284,-0.1475384349010535,0.2435006664034382,-0.1073143684911751,-0.5063599264952613,-0.0857141622683711,-0.2435112651658681,-0.5572219207128326,-0.6141873998072354,-0.5874740392602851,-0.6484990136518759,0.2584730701715498,-0.168978216146283,-0.2099345776605476,0.0968213033284726,-0.3543442760507537,-0.5792676965424772,-0.5263519515076135,-0.502063029901414,-0.3609548544675867,-0.6158759140609384,-0.5799015027522856,-0.5063510690434282,-1.1339919116776245,-0.7801744430238042,-0.6922522094529441,-1.1333882181565678,-0.245060100764547,-0.602010697277786,-0.6210014614981967,-0.4097621890572412,-0.0648023203683342,-0.4593923744812848,-0.4075311442321965,-0.268734823963079,exact,8
HP:0002681,exact,direct,Deformity of pituitary fossa,Mistral-Small-3.1-24B-Instruct-2503,-1,0.1514080044393368,-0.2596694111536524,-0.2722199154845603,-0.0221539148089211,0.5910142799225961,0.1967404597644537,0.0542238425726752,0.5163096540394879,-0.7380996029709962,-0.710145402493935,-0.1002610854249096,-0.82167461952682,-0.4337333821119453,-0.5390996911989095,-0.54135236207552,-0.5422501337451081,0.3074082226376662,-0.1266289924113548,-0.1444242632345906,0.1518999067156798,-0.2868043900640471,-0.5585305196574465,-0.5116913722353996,-0.4427291092747925,-0.205948486341245,-0.5340028409167681,-0.5042768567582676,-0.3657242687774864,-0.9722487116080823,-0.7516253320468037,-0.6752339982161555,-1.005951149552582,-0.4059017931589762,-0.6537668432812413,-0.693022472968126,-0.5562581928370887,-0.1072267628215296,-0.5059258457725276,-0.4297877473190032,-0.3084327475531501,exact,8
HP:0002681,exact,direct,Malformation of hypophysial fossa,Mistral-Small-3.1-24B-Instruct-2503,-1,-0.2307838042889992,-0.5197735308616458,-0.4634944170507269,-0.4146882719992462,0.0875965648623754,-0.335185743562834,-0.343165253152748,-0.0851048506436282,-0.4168710783372905,-0.5881886124555914,-0.0932944175798594,-0.5366899532315262,-1.0320546904878385,-0.8003325728332603,-0.7228660757928973,-1.0360458994103414,0.1671783048027893,-0.2484221659526504,-0.2898323924659748,-0.002958314268062,-0.9078785823535424,-0.7424960515729044,-0.6484415106713736,-0.9557607273555652,-0.7206900070905043,-0.7675161886216584,-0.6909211532504795,-0.8135249137824611,-1.1802582262544976,-0.7749838740344562,-0.709056239869313,-1.1692641306390488,-0.4657792079704584,-0.679072606191246,-0.6800216646942135,-0.609240315308322,-0.1480598242719316,-0.4899091777106467,-0.4338233184774165,-0.3460936511158176,related,8
HP:0002681,exact,direct,Malformation of pituitary fossa,Mistral-Small-3.1-24B-Instruct-2503,-1,-0.1918526184985283,-0.520461602408087,-0.4570192659063489,-0.3770534575777104,0.2223654639253524,-0.2378788879682007,-0.284362722080895,0.062184939393391,-0.9735725395779816,-0.7355961308805588,-0.1042587245551276,-1.020720703266427,-0.95620558950098,-0.7703352836979646,-0.7195555606101836,-0.9761054992574372,0.2080166624137198,-0.2221327022424191,-0.2358606805294804,0.0412164918380389,-0.8697796275569375,-0.7355574861455646,-0.6356762881166003,-0.9261049253108178,-0.6018807948088215,-0.7141962097393302,-0.6433955903816515,-0.7147065896966477,-1.0152897807364407,-0.7410801119503239,-0.6867738313459228,-1.0401805066141347,-0.5890169202085631,-0.7116710577608113,-0.7450911972548699,-0.7158809877160255,-0.2154525392874355,-0.5448995290232763,-0.4616878871814066,-0.4071414981284478,related,8
HP:0002681,exact,direct,Malformation of sella turcica,Mistral-Small-3.1-24B-Instruct-2503,-1,0.8854641475163011,0.9513245027375612,0.7043926445797594,0.9929829696879754,0.742593278601333,0.4830085543948534,0.2980364917229438,0.734642057276125,-0.7745074446531253,-0.6365156511136987,-0.0945500969391973,-0.852946924723365,0.5009279584350617,0.1627256234027654,0.0731801345189407,0.3773488746667611,1.156296766775769,1.7950248455350457,1.4698199646904224,1.448761963013388,0.4996054990017514,-0.081114403075086,-0.1445431616807643,0.3537316037116471,0.846234176200333,0.339209257141514,0.2162098499256981,0.8412651187530251,-0.2804856145215692,-0.5100768296350509,-0.4888441988165825,-0.4170417933066088,0.9329648941064174,0.7424768277416351,0.6650209240304796,1.0048908649158006,0.970213513821292,0.8289127872041957,0.4792999830627389,1.064735233261927,related,8
HP:0002813,exact,direct,Abnormal shape of limb bone,Mistral-Small-3.1-24B-Instruct-2503,-1,0.8847362213872451,0.9186895715587712,0.6974249476831832,0.991626633233042,0.4999522611050946,0.050572783278988,-0.0493100217841259,0.3955272150355872,0.4251544532772327,0.0433905266995636,-0.0268954627698841,0.3226436890398477,0.5485915593786345,0.1675616783508207,0.0768111173654791,0.4322689168687673,0.8502068046642332,0.6674947510408065,0.4181352034193905,0.8707589414756077,1.0639039579953278,1.007760224762934,0.8501728754890177,1.198375610691775,1.0555487138963286,0.8919479879670209,0.7132047828876291,1.201911714207096,0.0697773119309484,-0.4186811585469312,-0.4095757934733574,-0.081603605768467,0.9843324085380492,0.8602965760897374,0.7499405470331971,1.0956400300923153,0.9660828377748067,0.7924278878405798,0.4238145310212229,1.0561483419738662,exact,9
HP:0002813,exact,direct,Abnormality of limb bone morphology,Mistral-Small-3.1-24B-Instruct-2503,-1,1.076348348436059,1.874439441117085,1.6526011535035985,1.4099446511835692,0.8047852889458312,0.588745006457286,0.4141151132433145,0.8320863993731381,0.5457130469380652,0.0091568527699207,-0.0256433861670275,0.4663392558711244,1.2415237702624766,1.6068717916687874,1.447118377700409,1.4368191966673187,1.2404087869887686,2.353308294144126,2.086684293318254,1.6641716474518946,1.1956031988329154,1.846837073731293,1.7000034442068506,1.5086422991823805,1.1920395989126102,1.71474771504414,1.5109543660770108,1.5063419252611143,0.1747695837910139,-0.3632844308686689,-0.3657759944156061,0.0257493955534872,1.2539541329553536,2.6204501473423525,2.5926691433154203,1.7152752700187954,1.1844183505124548,3.029169753113586,3.194244672290388,1.7216852923125194,exact,9
HP:0002813,exact,direct,Arm and/or leg bone differences,Mistral-Small-3.1-24B-Instruct-2503,-1,-0.2259851928823661,-0.5588987713700051,-0.5008490477306711,-0.4100743617084956,-0.3781768397172442,-0.6612205249923572,-0.6044846415220173,-0.5434822770361954,0.3203294105312731,-0.0452472028936804,-0.0335875366137855,0.2031969830252593,-1.282646847518184,-0.9179011889354232,-0.8091457046442638,-1.2295849174936044,0.2620233861435462,-0.1791623364323256,-0.2183924978175525,0.1007783328410661,-0.0129646346422081,-0.4298132547202033,-0.4248978785266119,-0.1904395320321548,-0.8834065728696446,-0.8281970585108169,-0.7164589715142493,-0.945218229933603,-0.0082444008163105,-0.5065973927308896,-0.5003662240976439,-0.1591590537054483,-0.2289910869256462,-0.6305860808362763,-0.5979806309269609,-0.3947674294183352,-0.0291990405208213,-0.396322391944469,-0.3663147242702201,-0.2349502734578137,related,8
HP:0002813,exact,direct,Limb abnormality,Mistral-Small-3.1-24B-Instruct-2503,-1,0.015472840396318,-0.411338188317831,-0.3965752459057332,-0.1681420770925332,-0.2035791792003611,-0.5900611282185426,-0.5392607368663411,-0.3794919623611054,0.537386372421305,0.089641719354949,-0.0235013680600779,0.4561740434087508,0.2049517443974552,-0.216420014939048,-0.2520903878222602,0.0580342656092096,0.298565926254581,-0.1564395788213525,-0.1639176751520595,0.1418603125358547,0.1955041142020381,-0.3369641343816918,-0.3418986286122475,0.0171201480691188,0.0496561861892229,-0.4538839783944944,-0.4361557101424752,-0.11990634167685,0.5697055076265637,-0.1629520879976579,-0.2213326529369304,0.4683708513897708,0.7054337203077983,0.1654401436606508,0.0330383296185525,0.6528375575277735,0.6819939801402911,0.1799380713162115,-0.012568603177726,0.5765719016171399,related,8
HP:0002846,exact,direct,Abnormal B cells,Mistral-Small-3.1-24B-Instruct-2503,-1,0.9873487766055,1.2971652942860434,1.0980887709309022,1.1975867100029332,0.0413464649448154,-0.4601608902904938,-0.449637311324385,-0.1338864371441021,1.1516017709185458,1.0892882474835408,0.0826813046330735,1.3596218027018854,0.6386536127129187,0.0634832832578714,-0.0307519534022871,0.5392701533442941,0.9753214089117002,1.013943310874333,0.6877289853955695,1.081466798235259,0.753006903169057,0.2112664791180836,0.0831597834771365,0.6810412788185551,0.7382583828311228,0.3087730922894209,0.2123318048841363,0.6827112092507608,0.5822702310680589,-0.1064746317922265,-0.1322473841513918,0.4837101122671892,0.895886348827377,0.649555824967509,0.4799921023004584,0.9424632851065288,1.1101910565793125,1.7137067679027154,1.3161433973799346,1.416986625707462,exact,9
HP:0002846,exact,direct,Abnormality of B cells,Mistral-Small-3.1-24B-Instruct-2503,-1,0.9588720561470404,1.188528714491217,0.9420119291334496,1.1371015371154924,0.4397008632676312,-0.0748418182083634,-0.1153242609300084,0.3190999039758347,0.5586641123308371,0.0327103684306407,-0.0258453140190143,0.482225657344075,0.3989202102509124,-0.1458751808808525,-0.1872928555237085,0.2633496975296772,0.8243562690750716,0.6224847541990711,0.3329036991351967,0.8302134380804044,0.6671108357971663,0.0845286160281631,-0.0182069538789284,0.563731925931406,0.8004113013611069,0.5025242001831357,0.3577258355837448,0.7722446015229752,-0.0031101072208185,-0.4229057910181835,-0.4247117944661514,-0.1541100620422402,0.7704182191510051,0.3786543599579791,0.297278051743404,0.7466362426379176,1.0594918457211904,1.2524324185992954,0.8418030914861147,1.27179982143366,exact,9
HP:0002863,exact,direct,Myelodysplastic syndrome,Mistral-Small-3.1-24B-Instruct-2503,-1,0.8608314610287594,0.8125216718567339,0.6190832856492833,0.9477769638047476,0.726364042593121,0.4746538788419198,0.3518280337819425,0.7100507647956831,0.4959284927003089,-0.1883149720635905,-0.0512351752083889,0.4061118062200821,1.156180118956624,0.8237948086404288,0.6613049370982647,1.2794720903728307,0.9483234492317716,0.934295687192006,0.6122848921503649,1.03371253583967,0.5444738827799852,-0.0538955406704477,-0.1145912279706667,0.407894070520446,0.784461263181317,0.3148703559480819,0.2226930752848747,0.7488436430124359,1.0835498138928064,0.6865513098006958,0.5620353622312385,1.2033479963285596,0.3914316930106646,-0.1521507386853934,-0.1531976004592007,0.2506544966447744,0.6380968394439142,0.083059218916553,-0.0809092935769697,0.5151033061034345,exact,9
HP:0002863,related,direct,Hypoplastic myelodysplasia,Mistral-Small-3.1-24B-Instruct-2503,-1,0.6389314888164325,0.2899923705070997,0.1951926451601686,0.5898123016284404,0.7710128848117992,0.5845210809386796,0.3965929427360104,0.7785143359462052,0.750366204073282,0.0564648365833054,-0.0258080607424224,0.7295004061869236,1.0820605389979807,0.6834699826621322,0.5275039906430845,1.1544248829836488,0.5864353988494567,0.1959294869322673,0.0491458934392948,0.4919449508147565,0.3149921418277651,-0.2382399676090634,-0.2951249777244495,0.1438116700411531,0.4411968215252132,-0.0619811679282898,-0.1163380057297413,0.3028316639250283,1.0212315617093892,0.541567964304871,0.4152304160455599,1.0980948557255492,0.107332271811377,-0.3807658412142131,-0.4539443498894661,-0.0631805037324786,0.4536220340354804,-0.1245277844440782,-0.2024498965109074,0.2785250661750433,related,8
HP:0003191,exact,direct,"Ala nasi, cleft",Mistral-Small-3.1-24B-Instruct-2503,-1,0.6214390137380653,0.2571825239540225,0.1077085626057993,0.564483979108331,0.8968148960721625,0.7399799405534967,0.5474921814809195,0.9872682043756584,0.6484110084280563,0.1875335158467111,-0.0073219405965297,0.5949994806802851,1.2175414609159876,1.765795396958809,1.6272077759886463,1.390910323635897,0.5833129359282548,0.1562283099016322,0.0120365500031082,0.4878507277541344,1.273332596656969,3.045319226593404,3.1120000217178405,1.7679822054669485,0.2311944412358664,-0.3862612279093773,-0.3899102179823683,0.0677990524681218,0.2748841545484607,-0.243848124328341,-0.2575465048644141,0.1316616644311758,0.8745987300848381,0.4828333726751362,0.6771682704509122,0.9076570083750812,1.1726228322430474,2.556380600636318,2.418627593028212,1.658504394211262,exact,9
HP:0003191,exact,direct,Alar clefts,Mistral-Small-3.1-24B-Instruct-2503,-1,0.4227005802682155,-0.0129452267270094,-0.0981858680315196,0.2973224559067326,0.1320411729516617,-0.3819325363371743,-0.3408494492305018,-0.0374100515442511,0.2705098346915097,-0.1553394783834845,-0.0495295214882697,0.1480112344263265,0.6328060869632488,0.357627223256198,0.2235311025963028,0.5321858092344552,0.417755414010743,-0.0334444725510881,-0.1567931984790949,0.2806718679994211,0.2711182556218324,-0.2849948626787915,-0.275735436987552,0.0965506151631153,-0.8521812917038978,-0.7655704200423207,-0.6747521058795697,-0.920252057060077,-0.0440911051921089,-0.5108530648725098,-0.5061268735427769,-0.1942039854689749,0.3505085371601495,-0.2195246126013981,-0.240377390759076,0.2030413144184921,-0.0221508326358817,-0.4720095294378789,-0.4192645560675791,-0.2282095303910649,exact,9
HP:0003191,exact,direct,Cleft nasal alae,Mistral-Small-3.1-24B-Instruct-2503,-1,0.5175694475920803,0.0982626726377704,-0.0248386923088125,0.4205282774974498,0.255572535564338,-0.2760983115922609,-0.2797057915739496,0.0997673523734772,0.5858789759124924,0.1604103039778282,-0.0147877013730121,0.515916730216083,0.5965647785787384,0.2497247031706142,0.1548434658665595,0.4887139547933059,0.72909413905349,0.4061384470276663,0.170202120853685,0.6878957020412584,0.9485327319834284,0.5881913196503301,0.4598331688046018,0.9836979263251744,0.7718774540772281,0.4468661747344137,0.3046482136639303,0.7305940858571016,0.5810869731152092,-0.1010744480409632,-0.1522797842143751,0.4822615725667215,0.8715812326467208,0.6305020214833709,0.9642233811639996,0.9027806106908648,0.1014500373317198,-0.4171016956649903,-0.3904099976975476,-0.1069676021699534,exact,9
HP:0003191,exact,direct,Cleft nostril,Mistral-Small-3.1-24B-Instruct-2503,-1,0.4815701285506346,0.0579255575866869,-0.0624277938469281,0.3729319917504508,-0.1188872461752593,-0.5536185473412437,-0.5109819369611429,-0.2968057501424839,0.1943443928231898,-0.0895900113003858,-0.0382676198362664,0.0654316254247507,0.2172414595323547,-0.0728687108121097,-0.1184698466789049,0.0706474919292932,-0.50430680618318,-0.7200028283111363,-0.6068239300588905,-0.6477144630921945,0.3498851254830706,-0.232342290604648,-0.2505466846383873,0.1820617940975021,0.2957191323595221,-0.2110172585968038,-0.2274858647739294,0.1377321226861776,-0.1241054419268805,-0.5422879471145893,-0.5070888162397755,-0.2711782252200824,0.5833898533010737,0.1006770906600261,-0.0350358193167481,0.4876818909970686,-0.8519765597448508,-0.7590388286807085,-0.5787970439489097,-0.9302875709061892,exact,8
HP:0003191,exact,direct,Notched nasal alae,Mistral-Small-3.1-24B-Instruct-2503,-1,0.1471461255748539,-0.302834502228767,-0.308847171262076,-0.0268554521448355,-1.2878690439203082,-1.0446275991075025,-0.8750230603872566,-1.295354910316565,0.5258015343595785,-0.0718029850028302,-0.010944423153237,0.4420936022949426,-0.8086962440455165,-0.6444408984914146,-0.5976894671725277,-0.8575229155277223,-0.1210801251109904,-0.4912510340945408,-0.4484805748673707,-0.2964970003136497,0.4152097348507891,-0.1880938934936089,-0.2077655576901211,0.2553745981311871,0.0055755469169142,-0.386247303683818,-0.3755396085918714,-0.1637053941702555,0.3440693105887711,-0.2416146704887039,-0.2586051603873423,0.2071058631214373,0.3970634970422894,-0.098388045862857,-0.1886547130365171,0.2572794553703308,-0.9538058514796848,-0.785372329336144,-0.5901260666160547,-1.006959362513062,exact,9
HP:0003191,related,direct,Nostril coloboma,Mistral-Small-3.1-24B-Instruct-2503,-1,0.0256151387446177,-0.3811875140739109,-0.3719486838078045,-0.1575181518791271,-0.6097682472244473,-0.7978970783335905,-0.6906318857986742,-0.7494414272129472,0.4419902225234053,-0.0748212353224342,-0.0383407901076598,0.3422813397172163,-0.8247116169577481,-0.808976397258804,-0.6977643719414414,-0.8705325545146197,-0.7192683902234869,-0.8121741933838353,-0.6656170297362214,-0.8297891766969502,-1.5603340219378738,-0.8784226267645072,-0.7494604422105932,-1.4371328154696452,-1.7980080770726996,-0.9436945902690156,-0.8064958441998163,-1.626100660384707,0.1152611415914599,-0.3732682874967463,-0.3594146785429394,-0.0355368902347311,-0.7789169485102635,-0.8152675359779988,-0.76932068116381,-0.874464817134559,-1.9010361764805284,-0.9477737710239208,-0.6755609716638474,-1.6591729580647665,exact,8
HP:0003233,exact,direct,Decreased HDL cholesterol,Mistral-Small-3.1-24B-Instruct-2503,-1,1.156855448760964,2.6151345504041026,2.631726986887431,1.652107590677815,1.20730202541899,2.7942956052748733,2.877273937594707,1.6999433705346612,-0.6566151109780625,-0.6063202072812206,-0.0883401966421621,-0.7509725701123482,1.394339219066639,2.058026535422852,1.9897813725568845,1.7743993682729011,1.0464098415633956,1.2589961362426565,1.0027016107071558,1.214659927643403,1.2713835335372583,2.980766030058976,3.01300017566741,1.7599980452001565,0.9261874172542848,0.470191001155117,0.3101849108442872,0.968997564045656,1.2172828886927012,1.2521836567191065,1.0921861047422412,1.4558610643928849,1.1654787632719348,1.7925878163726126,1.5730298406083756,1.4729834096769845,1.1442411403119068,2.1233612105103266,1.814086910185214,1.5354432080128708,exact,9
HP:0003233,exact,direct,Decreased circulating high-density lipoprotein cholesterol,Mistral-Small-3.1-24B-Instruct-2503,-1,0.6353996218292264,0.1907578251751892,0.0906159481281196,0.5846707795639924,0.4741628487967201,0.0456037256956606,-0.0388981388772001,0.3624977580659514,-0.535212150341367,-0.6005042543646614,-0.09147462437616,-0.6436945475066044,0.1063043372117681,-0.4971246787252972,-0.5199100710100154,-0.0414809360485475,0.230876548395308,-0.1961972817182224,-0.0815541733797232,0.0662646139129601,0.8655684358485815,0.3773890024123078,0.275004266183027,0.8480009654908287,0.3563157407657235,-0.2935158760878515,-0.3131926019430124,0.2051724057286411,-0.3699630823935055,-0.4605512402327241,-0.3821163230825706,-0.4980361452331642,0.7060721058117638,0.2837048058690623,0.1604046850797141,0.6537374220411386,0.8204745720912091,0.3850151115921041,0.1312648677344967,0.7886404082726258,exact,9
HP:0003233,exact,direct,Decreased circulating high-density lipoprotein levels,Mistral-Small-3.1-24B-Instruct-2503,-1,0.6849194560872464,0.3091666902750003,0.1775653595817221,0.6580994272163601,0.0928088062178048,-0.3225417137819746,-0.3110820733184583,-0.07955379325312,-0.3686786600061638,-0.5864743157011827,-0.0894921759795866,-0.4923701830259103,-1.3537632122980678,-1.0487593912689668,-0.9236524379916684,-1.2833572455655915,0.3299807123780641,-0.1018007418810976,-0.0341726631816232,0.1777089772798776,0.7794860190271966,0.2244510710636729,0.1401423285958634,0.7188297779712677,-0.0948050290077517,-0.517467834792691,-0.4811825222940249,-0.2611690446587636,-0.1881797642567616,-0.3808581571043269,-0.3179420970014384,-0.331642967659719,0.697223353551869,0.2614270081338342,0.0955720421882308,0.6413003695433862,0.4685657415065875,-0.1033854761021047,-0.1880328432622774,0.2965851463482971,exact,9
HP:0003233,exact,direct,Hypoalphalipoproteinemia,Mistral-Small-3.1-24B-Instruct-2503,-1,-0.3710893061039822,-0.6664059578710703,-0.5863398517666037,-0.5466780709242274,-0.39603063009309,-0.6397406228593779,-0.5828761303253549,-0.5598021181872579,-0.6399890864911632,-0.6748400214620146,-0.0994576794597526,-0.7364216067484286,-2.0560855387715185,-1.294204318347563,-1.087391257572642,-1.7921302654089617,0.0254163273062293,-0.3818803217221257,-0.3154254675436856,-0.1510475837876872,-0.2417188521314026,-0.5614591960895536,-0.5013237914127228,-0.4025346589132743,-1.5864787433084862,-0.9790321810758684,-0.8483094987012025,-1.475958075388354,0.3018165913480404,-0.2420711748893403,-0.2812464688147982,0.1608002764933163,-0.9474521513119464,-0.7842330173090877,-0.7700006868634107,-1.010037776222945,-0.2443197985089874,-0.5329600752835798,-0.453870340665861,-0.4328894175442078,exact,9
HP:0003233,exact,direct,Low HDL-cholesterol,Mistral-Small-3.1-24B-Instruct-2503,-1,0.9504414618386032,1.0304115158348766,0.8345788417385401,1.1197367997670002,0.7631828744442791,0.5244793437276001,0.3353939031961602,0.7663207177071535,-1.1066577060270386,-0.7315657016644166,-0.1012625749219791,-1.1301108279241476,1.0027024311037702,0.4766310357574088,0.341062238586562,1.029783350091586,0.6307311548506455,0.2716785184249969,0.1154905551761952,0.5508679743942516,1.082021688146159,1.045952005794488,0.8648564914080477,1.2358437666773778,0.5148016872510807,-0.1711717609197847,-0.2158149712676841,0.3909070032901196,0.2994588728992395,-0.1130280130272219,-0.1414136933746191,0.1582379154491955,0.7087150075006337,0.2883101337732554,0.3474758486521458,0.6574671864172321,0.8702258689084323,0.4404907583968449,0.1694912070533879,0.8735417599676237,exact,9
HP:0004370,exact,direct,Impaired temperature control,Mistral-Small-3.1-24B-Instruct-2503,-1,0.2623844100229637,-0.1653414203471707,-0.2174517586114386,0.1034456542567234,0.0001571780357973,-0.4353478654288568,-0.405650143242607,-0.1766375643296025,0.5417252025424898,0.0704923296016552,-0.0136616507073059,0.4614661776152594,-0.4098166004387962,-0.7167701593457364,-0.6641757096663577,-0.5213681123425273,0.9097453658184724,0.8068096676527536,0.5166644789055161,0.9677891520153488,0.4323489402392759,-0.1606348963562965,-0.1964822229924571,0.2750013512885879,-0.8578854516807699,-0.7414826280231388,-0.6585593464802868,-0.9248232817553224,-0.680869119167719,-0.7125682319171338,-0.6490179391589659,-0.7675199985721992,0.7821643694484951,0.2897802485008342,0.1619817606513264,0.764093176448983,0.8020715201834204,0.370012633600707,0.1233566278615861,0.7585725569010031,exact,9
HP:0004370,exact,direct,Impaired temperature regulation,Mistral-Small-3.1-24B-Instruct-2503,-1,0.2191802213774988,-0.2077757498382725,-0.2461108574749683,0.0537963600989883,0.0109691620035629,-0.4368248619456869,-0.411832069292748,-0.165476882617431,0.3235844952540849,-0.0981777703253358,-0.0315376562092031,0.2068366427630517,-0.0398412135423085,-0.5424004682817586,-0.5130879403159774,-0.1837545462894674,0.9556228815832044,0.940617827594247,0.6099395242627413,1.0464858223779092,0.9134359048486762,0.5044078555591051,0.3617642667512251,0.9247446811301762,-0.3009641346765127,-0.5406844363581396,-0.4995492764099595,-0.4525946323006795,-0.1022242116298624,-0.4005150596933355,-0.4036415983016829,-0.2502947181432271,1.0434177392079929,0.9867841359713712,0.7919598819617434,1.2073329326449789,1.016741283685062,1.03835698284319,0.6855624536320739,1.166887108300355,exact,9
HP:0004370,exact,direct,Inability to control temperature,Mistral-Small-3.1-24B-Instruct-2503,-1,-0.4717516867357975,-0.6823604900263851,-0.5767959293240819,-0.6381659888583827,-0.3990638563645898,-0.680064270385456,-0.5894404539389843,-0.5625669430218816,0.4178926663731493,-0.1066159474403777,-0.0182089151645877,0.3142138248070114,-0.521005594753783,-0.7157077544184406,-0.6530397751298792,-0.6176033420561902,0.5726771141302232,0.17485390770555,0.017367356071944,0.4739614590357853,-0.4165979225518064,-0.6095850555463749,-0.5637720161179813,-0.5558710644007899,-0.6665371831213642,-0.6720957320771292,-0.5956730327176242,-0.7687787316338005,0.139722470497769,-0.1818904742211098,-0.210439895649104,-0.0104876797767846,0.3503526938904244,-0.2498417127044961,-0.3523581202841578,0.2028617231018729,0.5792080021605872,0.0362412935633728,-0.1087742076050607,0.4360817316351526,exact,9
HP:0004370,exact,direct,Inability to regulate temperature,Mistral-Small-3.1-24B-Instruct-2503,-1,-0.2040014066352289,-0.5355115085428621,-0.4697088711327659,-0.3888475716981648,-0.2790324299540768,-0.6204851045609078,-0.5548871517472608,-0.4513755174373874,-0.2449157821880682,-0.4324504460496682,-0.0576781510231359,-0.3764101651066589,-0.4349562923156513,-0.6563214073685599,-0.6188753116436357,-0.5433151306123296,0.7150117232351697,0.4043397914432866,0.1929628381306541,0.667708195565821,0.0719270472274082,-0.4058884736327441,-0.4052873791244288,-0.1077714811969058,-0.2238454411678944,-0.505068355994138,-0.4711894130474448,-0.3822563720798806,0.1954318775599828,-0.140626225300384,-0.1936176300931363,0.0473110017994277,0.5259137116226492,-0.0667227265938394,-0.1803476090869066,0.4141081360449743,0.7814052396510365,0.334185992537837,0.0938383709011675,0.7255748724749632,exact,9
HP:0004370,exact,direct,Poor control of temperature,Mistral-Small-3.1-24B-Instruct-2503,-1,-0.2628181159627213,-0.5787905500265679,-0.5295678145632183,-0.4453144480557234,-0.1867683030289763,-0.5736312318743204,-0.512148681076146,-0.3632528020476824,-0.6385120215625568,-0.5893643649388794,-0.0872237317201915,-0.7351267900025732,-0.2398365871512036,-0.485952474894599,-0.4838597617114485,-0.3698526929377015,0.5603558106169407,0.1504452923520488,0.0155088459817267,0.4579788301944992,-0.1080941270840406,-0.4892032579998753,-0.4743509354106602,-0.2804042900075764,0.1040764818484866,-0.3782469504673856,-0.3845137931063463,-0.064925113865976,0.2944492099431431,-0.0726248728343858,-0.126934144501076,0.1528008206487116,0.5662663953206845,-0.0379869965273872,-0.1886624660591863,0.4655055131911564,0.3894038248335901,-0.1780761058400272,-0.2443259252043247,0.2027690669937266,exact,8
HP:0004370,exact,direct,Poor regulation of temperature,Mistral-Small-3.1-24B-Instruct-2503,-1,-0.0363753841255116,-0.4295041938906129,-0.4138214308377542,-0.2218276330382027,0.0221197242238565,-0.4299983483438069,-0.4128235288415946,-0.1539213545239481,0.2896235474792197,-0.1095352455046364,-0.0268277745265929,0.1690699735819686,0.2032427007671588,-0.1766570856130399,-0.2489644496066009,0.0562841514432062,0.7699368184124084,0.4985538825730732,0.2666384033964313,0.7476325963289978,0.5033769836765162,-0.0961885355749025,-0.1492081023326489,0.3582315960143812,0.7643266793372928,0.3281444799273687,0.2290248559569594,0.7197309387302796,0.483893158048068,0.0835678206773509,-0.0068030800545884,0.3659918060557094,0.9142093710582192,0.5834087165342985,0.3954000636301774,0.9730148801042902,0.6508531720541779,0.1046091201518418,-0.0404379094549608,0.5327257366601096,exact,9
HP:0004370,exact,direct,Poor temperature control,Mistral-Small-3.1-24B-Instruct-2503,-1,-0.4759711553864577,-0.6786225468659349,-0.5863887239840565,-0.641946733737527,-0.4015201018066672,-0.6862514583177793,-0.6069526763679383,-0.5648041949927416,-0.9460494089281102,-0.6536290285377867,-0.0929317359434101,-0.9978315991461696,-0.5696422816464535,-0.6463296239048736,-0.6206091550958022,-0.6590458629210378,0.474720374238234,0.0368314744016815,-0.0714174037274172,0.3498980569705437,-0.1875048533085315,-0.519353338308522,-0.4872487255071557,-0.3535441442259163,0.1759370733512619,-0.3264615942056583,-0.3446752533477513,0.0093252227999629,-0.690012120623299,-0.6890817662249719,-0.632285363178821,-0.7751929929949914,0.4433425142541821,-0.1640354447180708,-0.241684893052484,0.3124161113280304,0.4223320984818551,-0.1351201336448293,-0.2158330014110625,0.2412488281350492,exact,8
HP:0004370,exact,direct,Poor temperature regulation,Mistral-Small-3.1-24B-Instruct-2503,-1,-0.8327064070800397,-0.8514340485883325,-0.7145302275892872,-0.947768141476039,-0.2285765047711704,-0.6021607280546266,-0.5690674914565927,-0.4034859914481943,0.6222614173118471,0.2662051086481657,-0.0068911810874205,0.5616357764954107,0.012136156046822,-0.3260914160632712,-0.3332593160458242,-0.1338133341103666,0.6991530689938543,0.3617485033609374,0.2023905429275426,0.6452131269496442,0.4859860163787127,-0.109553469850929,-0.1504024366775442,0.3375590380154257,0.733175197525071,0.2719886053279065,0.1680831599022599,0.675577304552536,-0.0174939492498836,-0.3291084252467821,-0.3342562923712346,-0.1682360858552406,0.904858774874714,0.5435389674967375,0.392203761394029,0.9573531682491891,0.720611802081941,0.2202597387015967,0.0288451794420789,0.6327051619542202,exact,9
HP:0004370,exact,direct,Unable to control temperature,Mistral-Small-3.1-24B-Instruct-2503,-1,-1.0615435778747175,-0.9241599053380009,-0.7590229409564253,-1.1316202592596225,-0.3044250223380436,-0.6440405767358486,-0.5753219372426238,-0.4752114965510625,0.003660236655566,-0.3333275431444497,-0.0428444091844217,-0.132905276530551,-0.6323248253195329,-0.6668757805655199,-0.6079091467463267,-0.711903732419332,0.2721233111910878,-0.1739305518438597,-0.2184320412758827,0.1120681283966071,-0.7015444854685031,-0.6965889996666418,-0.6183153741827634,-0.7926403849237591,-0.9275659042702976,-0.7763916326658533,-0.6792453493513897,-0.9802906778906928,-0.6431773925812606,-0.6479642458281334,-0.6030343846003107,-0.735746793462607,0.3298357129679022,-0.3287320693540623,-0.3317226308216915,0.1793293930116649,0.4296537927258999,-0.1151091689534261,-0.203391019386056,0.2499075761845801,related,8
HP:0004370,related,direct,Body temperature changes,Mistral-Small-3.1-24B-Instruct-2503,-1,-0.7278030050659494,-0.8066087046163558,-0.6804921695860747,-0.8604776687636062,-0.1471771675963398,-0.5455434534206854,-0.5014566431869315,-0.3246717313438826,0.5781265017275407,0.2094005229420613,-0.0136822572055925,0.5062761965996583,-0.3322138150941784,-0.599477362799062,-0.5798995171711294,-0.4528897014752778,0.4722224039012724,0.0246551910785268,-0.0733267023364857,0.3468198156645077,0.0854465096357183,-0.408232653914764,-0.4110219222585182,-0.0943819659629496,-1.0286596021248813,-0.8261408032250137,-0.7236681765022819,-1.0595886803903074,-0.7231712019166024,-0.7327837601804491,-0.6527364279188353,-0.8029104940263044,0.1071592714844345,-0.4542205414294294,-0.515355105751253,-0.0633609333784296,0.2673246742490097,-0.2751738652643157,-0.3111024341908568,0.0660891958990995,related,8
HP:0004401,exact,direct,Meconium ileus in neonates,Mistral-Small-3.1-24B-Instruct-2503,-1,0.6940689382824495,0.4511447143459744,0.3001487192257593,0.6719973271199141,0.8182398917056897,0.6878395064265579,0.4679612645120493,0.8538947651446152,0.4994864565525666,0.0403741790664393,-0.029567860637051,0.4103731175222063,0.9540919552804356,0.5856589667538498,0.4737026906562442,0.9573403719278468,0.6585977858761262,0.2958715167608727,0.1340878653075732,0.5887815994952984,1.08744902078643,1.1320803201364182,0.911044760149799,1.2473176017471967,0.3426669376759598,-0.1839046954349699,-0.1993877654771063,0.189824764461585,0.0949487911080095,-0.4037702892667626,-0.4009281815006496,-0.0561902195308518,0.8122456948923561,0.3603709523892481,0.1432914072482031,0.8095642364014811,1.038339481886397,0.937813693532897,0.5629644891250215,1.2183220526512508,exact,9
HP:0004401,related,direct,Distal intestinal obstruction syndrome,Mistral-Small-3.1-24B-Instruct-2503,-1,-0.2102127648367446,-0.544897272762238,-0.5000139426512621,-0.3948599899341362,-0.2480121389552714,-0.5645117265359215,-0.5188301239834799,-0.4220175281387283,-0.8200690094532586,-0.7458310823391329,-0.0968684443238712,-0.8918162698760749,-1.652912603917159,-1.2177446764987438,-1.0137267724804326,-1.504647514625396,-0.3442919260600509,-0.6248868604432823,-0.5502517959072918,-0.5056504019923066,-1.079917535041654,-0.7677566718876067,-0.6740679838336505,-1.087300424719762,-1.9553597152624416,-1.0222503059856924,-0.868886594078034,-1.7355206548869633,0.6051553489467182,-0.0813875888250602,-0.1327134288733386,0.5118925211538341,-1.0338007607777866,-0.8491477596800678,-0.7063478763742659,-1.0778038257969729,-0.9559689737766076,-0.8030125953285625,-0.5993565245126562,-1.0085710982080842,exact,9
HP:0004401,related,direct,Meconium ileus on ultrasonography,Mistral-Small-3.1-24B-Instruct-2503,-1,0.5810352897037159,0.231664852013851,0.1192751012747565,0.5072334356416487,0.6058495985838183,0.25149684147251,0.1423478310786554,0.5366544342064631,0.5958493566069695,0.0620222997037788,-0.0157411061830581,0.5283669591463066,0.7742205397021842,0.2486490215293872,0.119398920148418,0.7095481134273038,0.5179875542183209,0.0872259118173401,-0.0714044005154251,0.4038699821117508,0.6384168236250377,0.0632232207794761,-0.027354164000309,0.5261458156681592,-0.0255058051228971,-0.3492454979683149,-0.329849237287361,-0.1942119551924387,0.4474521365840146,-0.1640982551128897,-0.2092893313134257,0.3236905140353816,0.5142075944586666,-0.0894496704417232,-0.0472824635094191,0.399415474736068,0.7722434466210122,0.1884904777766252,0.0059808020946833,0.7111915983308319,related,8
HP:0004936,exact,direct,Blood clot in vein,Mistral-Small-3.1-24B-Instruct-2503,-1,-0.4194904840662513,-0.6907643620506119,-0.6070748006947948,-0.5909828299584983,-0.6967463600097374,-0.8457060630558956,-0.7212782290775808,-0.8238398503410773,0.3921952772608777,0.1096735256138961,-0.0215727683388495,0.2845743770635976,-0.7143052687912148,-0.9197692601859848,-0.8144553782705014,-0.7801401581331079,-0.4779398217094737,-0.6952095947571951,-0.551511988028656,-0.624713364585672,0.3831477416078007,-0.204043117526033,-0.2343923191492855,0.2191042944773594,-0.3901993772939736,-0.7129161499809877,-0.634557900979417,-0.5322677456920564,0.3955637583013873,-0.2618261709809611,-0.2958730756261184,0.2645686238865998,0.4894285145723785,-0.1446336630883946,-0.2418496590394067,0.3686229703906222,0.7233667901409272,0.1744633846810991,-0.0178278746023008,0.6367895371680102,exact,9
HP:0005280,exact,direct,Depressed bridge of nose,Mistral-Small-3.1-24B-Instruct-2503,-1,0.3787823704818332,-0.0442176086011864,-0.1348587162146367,0.2425646798751805,0.4620648887138485,-0.0138495238309191,-0.1184946301465182,0.3471686915730247,0.2555656168064887,-0.1508077962669698,-0.0535087133191632,0.1316423291463309,0.4211594834865599,0.0819610431445292,-0.0167571159343623,0.2878157867512574,0.7978207364298403,0.5719741280735564,0.3204232589737153,0.7894964183651848,1.045107763726338,0.8964376530407248,0.7156888624835475,1.1607584521057353,1.2285282825902544,2.0788428107989203,1.9513903865677784,1.6058573996854353,0.0706218677932054,-0.4077079994217213,-0.4072988631072797,-0.0807541233528759,1.0407827011703477,1.2147603323739549,1.2325407897877527,1.2021606012357826,1.073188352192378,1.2310021151877375,0.8541662674890306,1.308366060619837,exact,9
HP:0005280,exact,direct,Depressed nasal root,Mistral-Small-3.1-24B-Instruct-2503,-1,0.8355229921176813,0.7777171623751502,0.5875108639855039,0.9027263977761116,0.8764831166967376,0.781839547236644,0.5967293468937516,0.9516966579565366,-0.4061648591478955,-0.4175102184753883,-0.0694622530054614,-0.5268826175622208,0.8528791396834913,0.7715973397906175,0.6547447167928466,0.8143997148974625,0.600271475032471,0.2108846153556878,0.0814912851943929,0.5101793019569495,-0.0489540376095381,-0.4639154143427709,-0.4245033478996738,-0.2247917259716416,-0.1059169283536914,-0.531109355648268,-0.4799613381910493,-0.2717746894189382,0.0517674514168805,-0.5164898324993289,-0.4759621603491536,-0.0996666061312929,0.5145392975648704,-0.0260655646425579,-0.0853472876583073,0.3998304985326775,-0.1492182712081414,-0.5669075677737804,-0.4830700632846953,-0.3471545175147058,exact,9
HP:0005280,exact,direct,Flat bridge of nose,Mistral-Small-3.1-24B-Instruct-2503,-1,0.1038501640076743,-0.3281409900408024,-0.3631506217208625,-0.074143341356233,-0.0733515774327582,-0.505355344842126,-0.4845144663676525,-0.2514100098223996,0.0063680607404211,-0.3772235099520107,-0.0725348516020229,-0.1301649909616012,-0.5329734051934002,-0.6458515041049315,-0.592932250222383,-0.6278365908237453,0.7485268788807347,0.4809097056472406,0.2733695352356525,0.7160923927114126,0.2749007691415672,-0.2944502373314185,-0.3045286020566625,0.1005899079718613,0.3561200297729502,-0.2864681030922497,-0.2863885856882676,0.2049516686599114,0.0115454784768894,-0.4359326332613138,-0.4299783806115081,-0.1396564822333217,0.4138888511535257,-0.0327770275032193,-0.1119804790185396,0.2771797788130893,-0.22135004041614,-0.6187480780115936,-0.5070321537525554,-0.4124207799591024,exact,8
HP:0005280,exact,direct,Flat nasal bridge,Mistral-Small-3.1-24B-Instruct-2503,-1,0.3938053196667839,-0.0382857406473707,-0.1169565184410951,0.2611451674410145,-0.2662021779167699,-0.6047352145762978,-0.5643501038960772,-0.4392651129280721,0.68690359756153,0.308668187275869,-0.0013199896369927,0.6449218737390672,0.5878233869551949,0.2741018057488206,0.1259649679647258,0.4783377140392502,1.204177412732857,2.0907931442729586,1.7854788551853449,1.5662031445214804,0.5322413724881824,-0.0811107850725159,-0.1322784681606176,0.3929894296466047,0.7214892126003296,0.0973238772282497,0.0036227263860932,0.6592781482376808,1.0594340295435667,0.632755820463559,0.5199156880851832,1.1618426043544996,0.5892511329729818,0.1594512271927474,0.0145249879310412,0.4953248647820002,0.0110442192155103,-0.506395898389457,-0.445653548837695,-0.1962213969899249,exact,8
HP:0005280,exact,direct,Flat nasal root,Mistral-Small-3.1-24B-Instruct-2503,-1,0.1756951519716342,-0.2691028899963292,-0.2883277261187326,0.0048038144969656,0.3645473629851902,-0.1206496289453146,-0.1872449052598476,0.2271741680629729,0.0317606464594004,-0.2836065544711637,-0.0627755002341551,-0.1043672797765654,-0.3040397823937272,-0.4607921486761326,-0.4220146629068567,-0.4277449031019784,0.6375033339475635,0.266051245836219,0.1563056957356614,0.5600197979983362,-0.7712410811043567,-0.7168767032140607,-0.633363490343694,-0.8484473505429595,-0.53912117220124,-0.7328591320750738,-0.6317230573287181,-0.6615127145772756,0.0272293891365121,-0.5237471224776175,-0.4894949373726059,-0.1241198590019995,0.1494714340921782,-0.3325356019475721,-0.3705924076833455,-0.0188838613621832,-1.1730278728304322,-0.856504452842036,-0.638004319528494,-1.166981216959441,exact,8
HP:0005280,exact,direct,"Flat, nasal bridge",Mistral-Small-3.1-24B-Instruct-2503,-1,0.3306676352752195,-0.1117169146997319,-0.1607113528768011,0.1840537841262288,-0.151998801472362,-0.5468732706303241,-0.5113524475022428,-0.3293960546102134,-0.3710593592371066,-0.5629232996702025,-0.0803576706635897,-0.4945701558077512,0.4016199503925166,0.0583686489401934,-0.0411024065386807,0.2663087446947205,0.90390452341293,0.8162423175189001,0.5589576355754801,0.9580283624060698,0.4461627587167872,-0.1646522763356375,-0.2022930855799552,0.2909450641194721,0.2092478997837493,-0.3883317971449164,-0.3679285074550185,0.0444248265664445,-0.0598585916922675,-0.4712236871713692,-0.46304567942069,-0.2095067150110158,0.3176863718258024,-0.1974787608820436,-0.102858780216091,0.1654968168576835,-0.1084424870895519,-0.5863211005398756,-0.4863024617253045,-0.3095616566572386,related,8
HP:0005280,exact,direct,Flattened nasal bridge,Mistral-Small-3.1-24B-Instruct-2503,-1,0.3950352158676437,-0.0090726398575378,-0.1111447950130722,0.2626731212036441,0.7034867138787364,0.3623532853217592,0.2279812137902319,0.6759250655657235,0.4877515259108098,0.0596947386397162,-0.0255458598421485,0.396342760878252,0.4053026056342193,0.0583979528053523,-0.0121523378153696,0.2703499897917681,1.1743270993809656,1.886122599814652,1.5381344506456405,1.4916091629843955,0.86461463091117,0.3908984345440259,0.2555584800508042,0.84651070645242,0.8894047593562457,0.4579955310485041,0.3810607876787822,0.9089755795171616,1.2212002007505658,1.1892139557752992,0.9898392938661044,1.4639594117679215,0.68146102211073,0.2827843920171447,0.1219254179307136,0.6193355891613805,0.2148400618767293,-0.3818218812079896,-0.3789744695274323,0.0098984330316012,exact,8
HP:0005280,exact,direct,Low nasal bridge,Mistral-Small-3.1-24B-Instruct-2503,-1,0.4285225988018501,-0.0051591245711516,-0.1114449680856127,0.3046837877013754,-0.4225298142427729,-0.6833593391044636,-0.6059368318381482,-0.5838809626029666,0.3331992719897209,-0.0608407581986175,-0.0413062793658949,0.2176123385233409,0.8665383831911947,0.8150339096611128,0.6773556370256048,0.8331292378264249,1.0216289386012205,1.1717679174129092,0.8179180295871483,1.166892558343421,1.064351957284112,0.98067616923827,0.805330496759834,1.1992872775185877,0.4224721722916267,-0.2351837212642811,-0.2450790376024643,0.2809463479987293,0.5637642917344361,-0.1309496949287668,-0.1881321471065003,0.461150017828381,0.9113562954184355,0.7869931776731622,0.6376389231670083,0.9682202815766364,0.1581700761861427,-0.4230345044664572,-0.3932653659296856,-0.0492415182468001,exact,8
HP:0005280,exact,direct,Low nasal root,Mistral-Small-3.1-24B-Instruct-2503,-1,0.0286707598880765,-0.3999859702140222,-0.3997793314980055,-0.1543093795800998,-0.0028962386819542,-0.4438516461050171,-0.4103453195639251,-0.1797816924592891,-0.0807491363841126,-0.3918251647199773,-0.072989414246424,-0.2173275398951419,0.0602748326221092,-0.1600183968049379,-0.1513963074452107,-0.0869217726323484,-0.077752440659074,-0.4655706655192578,-0.4004941727176382,-0.254213848728509,-0.994072808844624,-0.7682028296335172,-0.6681220784924583,-1.0221349332690206,-0.9073595597289232,-0.8486587747893993,-0.7216561381339222,-0.9642760115073792,-0.3904973242898406,-0.7203837587066642,-0.6667779204574026,-0.516389456802633,0.2495142347270719,-0.2576963900464915,-0.2806950098433318,0.0892262955265577,-1.1301601760706872,-0.8388892897566511,-0.6314887451734951,-1.1361956292122348,exact,8
HP:0005280,exact,direct,Retruded bridge of nose,Mistral-Small-3.1-24B-Instruct-2503,-1,-0.1483320913729102,-0.4856232973942758,-0.4710577255584226,-0.3344211620745699,-0.485338409753572,-0.728432746082374,-0.6488875527670169,-0.6402886994485083,-0.4264773883120016,-0.4309947375928935,-0.0798332116895094,-0.5454712867870674,-0.2825999467728266,-0.4426939229258987,-0.4716795914938449,-0.4085053820080755,0.646559556856046,0.301405035162011,0.1281133997286186,0.5723199575323982,0.0679802419481192,-0.4141039121786534,-0.4097196590749599,-0.1116683463510788,0.7195802149583199,0.1147297639241583,0.0433686261760994,0.6566287756419433,-0.1797825916471331,-0.5196241271617108,-0.5183690912051765,-0.3237758413806796,0.18778099822657,-0.2466162182713939,-0.2436005546911144,0.0220086051285089,-0.1093042271267325,-0.558926531206299,-0.4740445574702327,-0.3103615717478644,exact,8
HP:0005280,exact,direct,Retruded nasal bridge,Mistral-Small-3.1-24B-Instruct-2503,-1,0.3056977528253165,-0.1076033174574152,-0.1734525155888275,0.1542593053261333,0.1161000390803485,-0.3409979034480777,-0.355675829332426,-0.0546119631527793,0.3346540154577073,-0.0314594300393225,-0.0365257487306377,0.2192460020629302,0.5908872152317939,0.3138585911252831,0.2177866590926684,0.481969827092668,0.9766352202999982,1.0284691038488845,0.6896927798386692,1.0838272285111652,0.321439072170269,-0.2569472320011576,-0.2811232736197679,0.1508334803739379,0.8463487486773523,0.3493582834339018,0.2340180987392364,0.8414412188008192,0.7660144045979598,0.1204312854014428,0.0708592939221319,0.7199306512157757,0.4534265746337325,-0.0060371631187036,-0.1280018338403148,0.3246004476291558,0.1228665993096489,-0.4370305588217284,-0.3989916080280478,-0.0853359789972981,exact,9
HP:0005280,related,direct,Concave bridge of nose,Mistral-Small-3.1-24B-Instruct-2503,-1,-0.0733230233580103,-0.4450569084807648,-0.4301406832509336,-0.2594715182552721,-0.057484216345826,-0.4795092946340437,-0.4598834693959442,-0.2354290734488607,-0.4253697820419316,-0.5511988351364066,-0.0900049535073466,-0.5444596849764617,-0.3210450327213497,-0.4936465799700624,-0.4831062173008082,-0.4429402900759918,0.5218468751714466,0.1113888109000295,-0.0385987186625957,0.4087458511656875,-0.0024606105707145,-0.4536796343152491,-0.438787428098911,-0.180337681546373,-0.0960465706181574,-0.5497638121717807,-0.5012247817281491,-0.2623557687000579,-0.1140558136631484,-0.4922188964490505,-0.4672598834378789,-0.2616020342162142,0.0092782600589383,-0.3659856419939635,-0.4479755126160484,-0.1636732113295502,-0.3262888204528004,-0.666512350867484,-0.5295144986384851,-0.5047696477077676,exact,8
HP:0005280,related,direct,Concave nasal bridge,Mistral-Small-3.1-24B-Instruct-2503,-1,0.0979120388230823,-0.3153541444009421,-0.3380693062146465,-0.0805631900905878,-0.2926415672833229,-0.6227127583448302,-0.5500869127168293,-0.4641720077827913,0.1027132575674358,-0.2895434962684962,-0.0655490467359241,-0.0312834227000131,0.5972130929968451,0.3280299445555636,0.2031807241810621,0.4894851781990269,1.1184188065364973,1.5778547004805374,1.2085882374996129,1.3633219428322447,0.3125000031695283,-0.2665662525648394,-0.2951566635747005,0.1411027140053388,0.0774365461509245,-0.4413530598462995,-0.4144464788616884,-0.0919687105431078,1.332824777616897,1.800324141068694,1.58170144108796,1.7195111305703208,0.3788805907787231,-0.0846982740098857,-0.2206888094689029,0.2359540279190693,-0.0203174420058802,-0.5279458468016616,-0.4452370272110159,-0.2264532171269269,exact,8
HP:0005280,related,direct,Depressed nasal root/bridge,Mistral-Small-3.1-24B-Instruct-2503,-1,0.5754427034743682,0.2215089793060395,0.0973438227532157,0.499440093656666,0.8073494756197925,0.5999718908442153,0.4223837311500635,0.8362214736479877,0.4267435103617078,-0.019778356131592,-0.0377021218592936,0.3244915792315315,0.8763228934647179,0.743231071686229,0.6293347545754148,0.8466473852664669,0.8666791471198193,0.7288938587645666,0.4733370273787752,0.8970755864581692,0.5560480851185745,-0.046337641232804,-0.0989814220730223,0.4220955285463976,0.4489049805218371,-0.1081765442304551,-0.1476548247824198,0.311900020616781,0.2079115589181258,-0.3933336043627682,-0.390053595858592,0.0604067838940343,0.4999150509191548,-0.0235727643967305,0.2953020046206301,0.3816040315562309,0.7202794903550283,0.1188864051249322,-0.0503266244408131,0.6322132435858783,exact,9
HP:0005306,exact,direct,Capillary hemangiomata,Mistral-Small-3.1-24B-Instruct-2503,-1,1.1371965765306018,2.470476532204365,2.4190205206695325,1.5862915976766436,1.134055745751706,2.046978844730684,1.872697599618374,1.4871882576646742,-1.042313401820801,-0.7663116833623803,-0.1027822413044242,-1.0774832221516004,1.3315845949528855,2.021242146308388,1.927005704962323,1.6244082025271436,1.06317390200816,1.3101896233437849,0.9540294585023444,1.2478819967244876,1.1570927540274272,1.494923837911476,1.293049010916293,1.4070575905266098,1.044604392087951,1.0337547175661743,0.8522724751752317,1.1806026274238952,1.144381784607981,1.0184463200800848,0.9229911996224948,1.3130188355701573,1.0329626574661153,0.9356607109796344,0.7261607662647621,1.1869227830617242,0.9845839319622748,0.7992302933364273,0.4331098927205488,1.0951781404980396,exact,9
HP:0005306,exact,direct,Strawberry birthmark,Mistral-Small-3.1-24B-Instruct-2503,-1,-1.550446437075163,-1.047771082871408,-0.8504630523098258,-1.499355752013945,-1.6261522053106754,-1.0851088006516376,-0.8910057518526803,-1.543771625851072,-1.059366997734402,-0.6955648535099354,-0.1013659020166231,-1.091478041328447,-1.433862601996936,-1.0411607325356034,-0.9148362716626056,-1.3433616942660402,-1.7336064125794062,-1.1436773444900707,-0.830869977461091,-1.5889360257954903,-2.221536286345968,-0.9689035939370984,-0.8169840877109376,-1.887007352854188,-3.1439431542173786,-1.093173702692469,-0.9285038361424168,-2.515299705390574,-0.4790275993023706,-0.6479294612506405,-0.6015646450172908,-0.5945701167241757,-0.9784642471098536,-0.8998139434989235,-0.8837998082316065,-1.0345021527819371,-2.159196979235876,-0.9934655884727824,-0.7051708752654235,-1.8224010213013,related,9
HP:0005550,exact,direct,Chronic lymphatic leukaemia,Mistral-Small-3.1-24B-Instruct-2503,-1,0.944824541880013,1.0862768506552634,0.8955362115710781,1.1082954538079377,1.169777304504649,2.3067309968475915,2.1802169137686125,1.5849404592880134,1.1970490344461944,1.240361949372092,0.1027562438487727,1.4471303867977756,1.1123826507401056,0.9192067868217538,0.7633286375881664,1.2044603363903177,1.133047923475277,1.6650659645446595,1.3982675893834762,1.3956407217584694,1.2659717934019452,2.921798612242722,2.963300622816271,1.7384098084170303,1.1573322930004384,1.6890622213615307,1.553488451868904,1.4205002252343768,1.0596725383750374,0.661866007362833,0.5687852483549654,1.1622481178802635,1.271196975458881,3.113123613604755,3.0451956515889047,1.7709901447526843,1.1739933601105632,2.5713528037770805,2.446989810243887,1.6653571487649586,exact,9
HP:0005550,exact,direct,Chronic lymphocytic leukaemia,Mistral-Small-3.1-24B-Instruct-2503,-1,0.784230967121396,0.5435694297885244,0.3521726000207962,0.8152701832656074,1.0506311515067086,1.434815100959995,1.2380571423151114,1.2884415781727985,0.2931291713548515,-0.2131676225652818,-0.0537821696645666,0.1729475280380755,0.8511664101215695,0.3406993655670896,0.2150489536010393,0.8120626885542969,0.8871080498582572,0.7993018339812817,0.5887011003172803,0.9302628936200272,0.4352369764014381,-0.1547756837470509,-0.1832297136584072,0.2783253524699821,1.0617747698539295,1.1743040989047089,0.998448333400591,1.2141938924707574,0.942999687491777,0.4834535093904605,0.4219509849108253,0.9742330747332086,0.8538251081814383,0.6475726993959817,0.4780146299048825,0.8743628323496544,0.8962189412993881,0.4738772557173628,0.1919510023131735,0.9202890616810891,exact,9
HP:0005550,exact,direct,Chronic lymphocytic leukemia,Mistral-Small-3.1-24B-Instruct-2503,-1,0.9854236309977098,1.1962115441362595,1.0088364213167218,1.1934031204477231,1.100347019178929,1.6826815242006592,1.5195541541059228,1.402676292202544,0.6576921178127018,0.1220661743832725,-0.0238664234381965,0.6069463868037707,1.2329556174253256,1.2122566949649416,1.0612163780725743,1.4202496701988845,0.95402383482771,0.9825452756779586,0.7563611312344694,1.0436791014402944,0.372964694955436,-0.2043994788562575,-0.2271687983757742,0.2077021286174789,1.2126447046017603,2.0275835108055005,1.9152457970709504,1.561177125579582,1.2410594822037428,1.3970372398171655,1.218062399865117,1.5057798321190905,0.915912923864434,0.8024760096556628,0.6027744852390907,0.9758844225710632,0.902986438657246,0.4918476913086879,0.2013479543533236,0.9327633858605184,exact,9
HP:0005997,exact,direct,Restricted neck mobility due to contractures,Mistral-Small-3.1-24B-Instruct-2503,-1,0.2286870617678642,-0.2419784920610515,-0.2298250872639907,0.0646360022849432,0.0537628128339632,-0.3612663469193968,-0.3668847079596711,-0.1208729984450672,-1.208989287680648,-0.7189571168361268,-0.0965894334794071,-1.2128560115495988,-0.024962336214566,-0.377398926562595,-0.4016485618448298,-0.1695296086767806,0.5732713544785488,0.1857619440430761,0.0590890972878885,0.4747351851603554,0.5268440839428299,-0.0794023896819308,-0.1441449059283538,0.3864466567901039,-0.0927121445787821,-0.5527244578668536,-0.5145308686070321,-0.2591675675604607,-0.3783196889518798,-0.5950678531942852,-0.5546129755307232,-0.5055154595941816,0.4210519225418069,-0.1906292922339078,-0.1581202903694173,0.2857017662482545,0.685599355972495,0.12794151544977,-0.0430316675449235,0.5817273452985046,exact,8
HP:0005997,exact,direct,Restricted neck movement due to contractures,Mistral-Small-3.1-24B-Instruct-2503,-1,0.3218219770708448,-0.1466045288063255,-0.1677191783134978,0.1734557782821772,0.014903192800137,-0.399468627061306,-0.425047018836261,-0.1614052629542138,-0.8592323969636371,-0.6804803403698895,-0.094375769017596,-0.9249982494836916,0.0383042228471553,-0.277192632441657,-0.3357725815392257,-0.1084014131128775,0.6130379185884993,0.2397615320187356,0.1006008359175015,0.5271400041453316,0.5143035266018631,-0.0891977900216443,-0.1620589792083397,0.3713223296242391,-0.0251710577790078,-0.5237775762136656,-0.4955383079927078,-0.1938850087609192,-0.3693013181356953,-0.5913176975065192,-0.5533243486940664,-0.4974432490521779,0.4366019353998802,-0.1654691508443545,-0.1741269964796106,0.3043063055579793,0.6826462193061571,0.1345847162454586,-0.0402545795795296,0.5775033070716926,exact,8
HP:0006155,exact,direct,Long finger bone,Mistral-Small-3.1-24B-Instruct-2503,-1,0.1221971006071589,-0.3408119747035002,-0.3495607726522352,-0.0542089029821723,-0.358594436520006,-0.7286364385009615,-0.6204737301694518,-0.5254910408770062,0.8319980946768608,0.3368969731069003,0.0002336962818542,0.8429549326053045,-0.1051919621641972,-0.4628425753086612,-0.429071478730947,-0.2455833705534838,0.3494609914331749,-0.1161215641820602,-0.1778989720707222,0.2001954847738076,0.950540742377979,0.6391872751480889,0.4986208191096232,0.9871468563819442,0.5391016533912969,-0.0784478383431054,-0.1070526372442557,0.4207504517079876,0.5251180410744893,-0.1653613099161137,-0.1899688840574871,0.4146718107486,0.4874711802948223,0.1301283741536388,-0.0202411059239479,0.3662080885728417,0.1290076581015565,-0.4015564133431106,-0.376778037722583,-0.0790968736042459,related,8
HP:0006339,exact,direct,Cone shaped lower front tooth,Mistral-Small-3.1-24B-Instruct-2503,-1,-0.959046434058013,-0.9145436046712576,-0.7622563330392684,-1.0503234358179991,-0.3529675144607925,-0.6930423028056568,-0.6095259026523099,-0.5203034365152509,-0.0153622660258177,-0.4374701212387077,-0.0764082993938857,-0.1520984148896863,-0.8724939868092495,-0.7249296640274295,-0.6589047582172816,-0.9091481258100034,0.2215048378837145,-0.2308415846183525,-0.2832159382406904,0.0559673425161627,-0.2838148124671604,-0.5274995713346643,-0.488590762524082,-0.4400787375517705,-0.3446048319463164,-0.5347340708157853,-0.4838019931039005,-0.4917802289222403,0.0886859792914808,-0.4288825379675244,-0.4312780801255044,-0.0625317248760068,-0.7175375763148713,-0.6316341045486329,-0.6784823589225089,-0.8239207170824023,-0.2521575047513439,-0.5595955489933682,-0.4602485944347617,-0.4398401791461442,exact,8
HP:0006339,exact,direct,Conoid mandibular incisor,Mistral-Small-3.1-24B-Instruct-2503,-1,1.15132543497824,2.6025245336217147,2.580688087441977,1.6330208988797243,1.1663239616399892,2.223123045454313,2.1341740669588742,1.575053571422152,-0.1765105115600862,-0.4766124816093293,-0.0716511381291091,-0.3108967216064514,1.4480076121758976,3.033243067498816,3.316226411615745,1.922077916506254,1.080867138270306,1.3850594944274452,1.0572719892493938,1.283807683384121,0.5117132692538927,-0.0394711953052323,-0.1117818769367502,0.3682117664611996,0.7253141393153429,0.2712536028896075,0.1685884078455988,0.6645976182881524,1.3262784921891944,1.8979203789642207,1.7775363260447707,1.7028996691480158,0.7605278905425349,0.4845462389929253,0.3251578770914491,0.7320619686455797,0.0966144888955408,-0.4213351975907077,-0.4000244506518348,-0.1118248292858744,exact,9
HP:0006339,exact,direct,Lower front shark tooth,Mistral-Small-3.1-24B-Instruct-2503,-1,-1.880434053585321,-1.1509899899969236,-0.920149430672875,-1.732013139652424,-0.4361210907926425,-0.746264670258837,-0.6521519080036663,-0.5961654199981485,-0.9958751424121824,-0.6554380169545501,-0.0965809858022384,-1.039199581409808,-1.2251299322440812,-0.8820662662360976,-0.7880237857792898,-1.1857379771276435,-1.09855795887877,-0.9719474660945217,-0.7028818022735549,-1.130602590780876,-0.8179630714475601,-0.6901678303615146,-0.6051297570159425,-0.8854446544978318,-0.5787061668770518,-0.6527032803385899,-0.591046412838621,-0.6951474368561997,-0.0078920137927646,-0.4602990789698293,-0.4395699362298325,-0.1588127607259251,-1.6873638264843511,-0.9483499792542556,-0.8526391747549132,-1.5598919953244317,-1.2280239155984958,-0.8315357458639414,-0.61978873139723,-1.206139191504833,related,8
HP:0006339,related,direct,Peg shaped lower front tooth,Mistral-Small-3.1-24B-Instruct-2503,-1,-1.2072761965601986,-0.972761526477719,-0.8094928198624659,-1.2445166280784148,-0.1291276852029779,-0.5448642007214588,-0.4890174848645013,-0.3069219704056294,-0.3680501954338829,-0.589634232662033,-0.082213200720977,-0.4917892411454744,-1.0883196176531909,-0.7999154367442632,-0.7193577345867538,-1.080083908010408,-0.1662402307097437,-0.5272684029730389,-0.4496396020553357,-0.3399525994334124,-0.5762963583284082,-0.6229998358649412,-0.5422578246458142,-0.6903682924632198,-0.8320202053296022,-0.7132437885641567,-0.616380614234558,-0.9040573052244192,0.4564964110232891,-0.1522904813047922,-0.1951868323956628,0.3341274566242355,-1.4003791601629976,-0.8205234950715941,-0.8283182145925194,-1.3543149102394716,-0.6482245781034882,-0.6902907311848075,-0.5215118103558782,-0.7717785324363513,related,8
HP:0006339,related,direct,Peg shaped mandibular incisor,Mistral-Small-3.1-24B-Instruct-2503,-1,0.9686403103144116,1.1914932297815508,1.0401583210273195,1.1575213162952973,1.0364139711230371,1.3604179853380571,1.1587532709949326,1.2576458915501585,0.1458171525827646,-0.2641434678380047,-0.0591529623006179,0.0138707162431785,1.0212311998365455,0.9092655212118078,0.7432413106108373,1.0581356148303445,1.0456535356655263,1.252840918347353,0.8679795212329021,1.2131789557437,0.3853531302968156,-0.1522931182485625,-0.1784456910079784,0.2215810521637512,0.2573548850011339,-0.2363802397048694,-0.2541248653596434,0.0959295557583064,1.082405167000789,0.8145310913515669,0.7038905671590882,1.2013543923662682,-0.5072513896519316,-0.5591585865253876,-0.5935064499524066,-0.6454786034655322,0.4157147606155058,-0.199663697809714,-0.2372459797262788,0.2334557348513346,exact,9
HP:0006339,related,direct,Pointed mandibular incisor,Mistral-Small-3.1-24B-Instruct-2503,-1,1.029311945059594,1.4996598671759986,1.2812841057998163,1.2926613692136455,1.093633695800251,1.671141901275007,1.4685650410324254,1.3865879890977266,0.4703831204319141,-0.0091606598271902,-0.0377792475446469,0.3757037649328547,1.2607020820572337,1.7239130494483654,1.6158534057236154,1.4746250635100255,1.1315137029396,1.62512909022596,1.2931050582993575,1.3922129209502203,0.2620004432715768,-0.2523605307278871,-0.2754340242094535,0.0868404587314412,0.3691955627463821,-0.1565315384390836,-0.1642515080060321,0.2197424047334928,1.1974749257380988,1.1109902907821467,0.9669990143764436,1.415622917677707,-0.2153190569554985,-0.4055005859160809,-0.465725116103202,-0.3819549693872807,0.5823716717222363,-0.0208938096114031,-0.1421547879081979,0.4402350458879321,exact,9
HP:0006339,related,direct,Pointed mandibular incisors,Mistral-Small-3.1-24B-Instruct-2503,-1,0.9297195532650446,1.021451533633263,0.7975647274753717,1.0780122830070105,1.0233592945100871,1.294955416511978,1.0591697643739608,1.230005148961549,-0.7915825923218077,-0.6360660402683366,-0.0943666643563051,-0.8675481469827178,1.127102623459999,1.2163026205029663,1.0670974440884349,1.2292924844130677,0.7380660878762099,0.4313548013686953,0.2088708825189195,0.7008641676116721,-0.1484307964945728,-0.4849228577606146,-0.4525264123359081,-0.3177675380533631,0.0447222305151607,-0.3597242991251911,-0.3400590020847905,-0.1248407454503551,0.8795734444867528,0.3125103451496541,0.2051902856181283,0.8794249729467939,-0.2669539355287688,-0.4377183557956109,-0.4992522790429185,-0.4300828919763804,0.2666461184712299,-0.2993354193223039,-0.3131879927519186,0.0653535196880682,exact,9
HP:0006505,exact,direct,Abnormal shape of end part of limb bones,Mistral-Small-3.1-24B-Instruct-2503,-1,0.5884362196404892,0.2215068155283072,0.1284454097776541,0.517594537148084,-0.539927940528694,-0.7389884684538807,-0.6494680552894341,-0.6885869139847657,-0.9831122700236024,-0.673033471254231,-0.0928803239622589,-1.0286323299858835,-0.6322318579329819,-0.6846987434599574,-0.5877316584877238,-0.7118257845113661,0.5789133964766513,0.1798973934552728,0.0935173948787785,0.4820948275993144,0.3562103582259048,-0.205585981052771,-0.2377601279138408,0.1890613032583086,0.6169171595804351,0.0429699898883279,-0.0171540784553929,0.5191661901650606,-0.4967725586142722,-0.604134311138411,-0.5932165081897093,-0.6100619381401625,0.5053638463404602,0.0329795704352994,-0.0525291747839856,0.3883780089500242,0.3707603113345881,-0.1720466061886353,-0.2299750088787861,0.1813051990659874,exact,9
HP:0006505,exact,direct,Abnormality involving the epiphyses of the limbs,Mistral-Small-3.1-24B-Instruct-2503,-1,0.6803502769849001,0.4148933538742151,0.2802914218618991,0.6511990665829654,0.2406152976699808,-0.21635382616163,-0.2443095709301174,0.0827717932149652,-0.9917429782281164,-0.6568885010323043,-0.0949096166882518,-1.0357804567716702,-0.2367494146409773,-0.4779232421092538,-0.4510078366357719,-0.3670476595463133,0.4092134791128115,-0.0283938832757734,-0.0564442691249017,0.270460966425871,0.8967789261988808,0.484931882526495,0.3109983834385369,0.8975888302054655,0.6147745319408023,0.0573609902080635,-0.0314772422882693,0.5163943956991933,-1.2202289829252757,-0.7828866650267183,-0.6584185358033227,-1.2000622111053183,0.528591642303338,0.0577975142725577,-0.0360784539132191,0.4174827184801258,0.6706138515295247,0.1078951970681643,-0.050260036606493,0.5604087267171177,exact,9
HP:0006505,exact,direct,Abnormality of limb epiphysis morphology,Mistral-Small-3.1-24B-Instruct-2503,-1,1.1264939071603162,2.383166867117764,2.2861246958638364,1.552610552026997,1.1003881766270576,1.7959388510777754,1.6739830370242097,1.4027756297782428,-0.905354692248653,-0.6352481003564819,-0.0920022400283448,-0.9638133447623196,1.2788536571203462,1.847223516759704,1.7793019597744515,1.5113849711050746,1.2214730481801237,2.189269759296629,1.8364366659495968,1.6118339934566297,1.2105183805874378,2.019569332788578,1.9002263553676788,1.5515714379730126,1.2034854301399691,1.8794069719729047,1.7424676322962265,1.5363988781815376,0.4914379548337519,-0.1218540912266096,-0.1796610806151845,0.374834079274164,1.247980617534148,2.629737576498837,2.526581418933904,1.6968027867132325,1.1883003087757538,3.1420399241347585,3.4480398305094946,1.7450357119365116,exact,9
HP:0006611,exact,direct,Decreased number of sternal ossification centres,Mistral-Small-3.1-24B-Instruct-2503,-1,1.2581435538590164,7.394895267040309,17.698413016477218,2.2351532731092827,1.322781282755378,7.10703325328948,13.673389667807893,2.2890949013455058,1.4173887904584284,3.2135587867102537,0.3477720723891437,1.9790195661828,1.471126184878175,3.752702768427148,4.294557767679918,1.9937349057137617,1.2885919553050038,2.854971949722401,2.893626478007072,1.811695660477876,1.287649938953114,3.5276497841410333,3.759783896163567,1.830663997881082,1.3292537991396831,5.052920186956525,6.002382948891315,1.979382860203481,1.5063893160200104,6.805240243840067,8.578543434122938,2.343915979542781,1.3551536051976565,5.752305376319925,6.871230100106194,2.135029571128302,1.191002663610912,3.2635812579169152,3.791257931906741,1.762286890531226,exact,9
HP:0007924,exact,direct,Slow decrease in sharpness of vision,Mistral-Small-3.1-24B-Instruct-2503,-1,0.2039160206483434,-0.2613291184853028,-0.2930592425191123,0.0364901484949516,-0.0175288763250346,-0.5062942264180749,-0.4738890373504861,-0.194802091647804,0.7510897272795821,0.3201317889435749,0.0028299019059943,0.7304820064354751,0.2773385269442164,-0.1411237942433033,-0.2086439623781864,0.1330596460491807,0.2754921137475956,-0.1734615815322652,-0.1968401709597795,0.1158447022764468,0.4153508280054062,-0.1835999889055707,-0.2368723175402629,0.2555354803594944,0.8879703608717114,0.6132146599084675,0.4546300073032609,0.9066802618428572,0.3869305205983154,-0.160366260335211,-0.1971757271706776,0.2548529350236985,0.4557427773580869,-0.0988277364567482,0.099927609735472,0.3274079355285597,0.5357087067149086,-0.0636703198420979,-0.1611910435260793,0.3799498949127041,exact,9
HP:0007924,exact,direct,Subacute deterioration of visual acuity,Mistral-Small-3.1-24B-Instruct-2503,-1,0.6107780593321955,0.2392090665787959,0.0750903512175692,0.5492117773524192,0.4982896555118327,0.0606203905774773,-0.0335204881917255,0.3933830782717494,0.6201705122161937,0.1758947397556078,-0.0151568145592482,0.5589865586979292,0.5438563658839095,0.0822141605480078,-0.0344379837157574,0.4267624098399809,0.7845400048632613,0.5457846262439877,0.3311901985085492,0.769443135262049,0.2027603335823458,-0.3367436608912448,-0.3428088861829511,0.0246374597191738,0.3756740043384136,-0.1067678575591908,-0.1462198755676986,0.2271034861132658,0.1738003972893613,-0.2881447120878918,-0.3140660402778415,0.0247416744195126,0.1824866163202216,-0.2632602395107507,-0.3412015423104671,0.0163209077196637,0.0802022112772386,-0.4377925627428704,-0.4027266915665531,-0.1282382881325961,exact,8
HP:0007924,related,direct,"Decreased visual acuity, slowly progressive",Mistral-Small-3.1-24B-Instruct-2503,-1,0.8035776723680464,0.655011107665339,0.4909488776524416,0.8476912274190129,0.568517463464493,0.1962818125665852,0.0920742576504624,0.4858311471374664,0.774018485569448,0.43689521122332,0.0173940836698584,0.7618030625780837,0.8027271253448355,0.5970364510535268,0.4823570275050643,0.7469803420679267,0.5336149949422877,0.1393116824431405,-0.0148177926471969,0.4236781692438748,0.6830935336837917,0.0974312851076939,0.0186068992970549,0.5849963960246913,0.4691745234046279,0.0143568567419251,-0.0501880047131795,0.3359151401740586,-0.0544271395526481,-0.44243954171867,-0.4418392501779991,-0.2042429726031194,0.5863630283413793,0.1845222098260946,0.0181323183771585,0.4915554798822347,0.7665786669035463,0.2508709417399347,0.0634624470030809,0.7023706828764155,exact,9
HP:0008067,exact,direct,Abnormally loose or hyperelastic skin,Mistral-Small-3.1-24B-Instruct-2503,-1,0.6146624177687153,0.2611997409660138,0.0945713583889473,0.5547621184503461,0.7002313926984682,0.4007816322309138,0.2371048134619846,0.6711186658994361,-0.610035610603108,-0.6053733423010094,-0.0840179136416262,-0.7100961059493152,0.3018086079091294,-0.0371126351391935,-0.0831433386503443,0.1588345894706997,0.6993324215353489,0.3777977668621577,0.1281748685158433,0.6454661494946321,0.3211230387161267,-0.2360557508388829,-0.2637063270926789,0.1504887933123936,0.6975431571720451,0.1007331402062678,0.0719565893857878,0.6263065155051114,0.8810924720445623,0.325957508094871,0.2429328952173861,0.8816434096491504,0.6934194909912857,0.0819085745574338,-0.0171272747800461,0.6359776879108309,0.4714378642891904,-0.0523176514301391,-0.1801994355977511,0.3000759194920349,exact,9
HP:0008067,exact,direct,Abnormally loose or stretchable skin,Mistral-Small-3.1-24B-Instruct-2503,-1,0.6427428460652246,0.3191715785018511,0.1707766409962214,0.5953765918749316,0.4162558723913248,-0.0466397511496645,-0.1065616051486292,0.2900359644259088,-0.7943535322608294,-0.662016071874738,-0.0901410574707677,-0.8699137381567519,-0.1532413572845588,-0.4092024614513281,-0.4059110887495819,-0.2903952034454148,0.6852737753309618,0.3440949408126854,0.1374971011852527,0.6257269023640305,0.3026299475313143,-0.252297327447855,-0.2871385614753015,0.1304033052156975,0.5735891921678338,-0.0463343366758838,-0.0466328688982962,0.4638122352996598,-0.1409071183602196,-0.4788475903017997,-0.4677283158112841,-0.2871313994698781,0.7937389491738107,0.1853884073314147,0.1146784072058913,0.7814566125658953,0.3808978830534199,-0.1414890630740498,-0.2097999096065711,0.1929481487285949,exact,9
HP:0008724,exact,direct,Hypoplastic ovary,Mistral-Small-3.1-24B-Instruct-2503,-1,0.7447366293113115,0.5305610394588219,0.3400693287559251,0.751018343236032,0.7052790042613841,0.4410004442963844,0.2799259498532243,0.6785765121806293,0.1827399272702285,-0.1624696655466784,-0.042508877716156,0.0530296719030605,0.8496875324438794,0.6134907329631969,0.4446966683239965,0.8100467855733091,0.4624012315989454,0.0228005670852249,-0.0549812581399919,0.3347559881379927,1.1321504506701168,1.337592271852358,1.1100722258987703,1.3468672015362642,1.1858942737395284,1.7109707441946087,1.5584887428173664,1.490589173668364,0.0032553415928594,-0.4340459885925933,-0.4016987004244102,-0.1478399291786864,0.8959299563478047,0.7488093487643677,0.5474392137545733,0.9425353308128196,0.4230416149795337,-0.2034922907359481,-0.2576684231065289,0.2420862436543352,exact,9
HP:0008724,exact,direct,Underdeveloped ovary,Mistral-Small-3.1-24B-Instruct-2503,-1,-0.2813910086194582,-0.5782007047498804,-0.5266107126859169,-0.4629340343014956,-0.518780777746952,-0.692099041230147,-0.6131296247352219,-0.669955082436236,0.0896044025392474,-0.3100670224652079,-0.047904943132318,-0.0449001889968812,-0.5178995830374714,-0.690312949199779,-0.6487097948357154,-0.6149436442002275,-1.2582400644068368,-1.0103402045073375,-0.7511957153011554,-1.250636589262642,0.9177561696369516,0.5139006910721163,0.3454529695094756,0.93187135707187,0.8928113538242063,0.4493905686357172,0.3386643611264898,0.9144399514423992,-0.5525899788972956,-0.674914344244522,-0.6090243224154612,-0.6584194990558593,0.5605094877468492,0.1701513484196658,0.0552439077360863,0.4580998544366688,0.6850085222344281,0.1146811603190268,-0.0527487920946048,0.5808813322603799,exact,8
HP:0009154,exact,direct,Delta-shaped epiphysis of the proximal phalanx of the 5th finger,Mistral-Small-3.1-24B-Instruct-2503,-1,1.1403335418546714,2.500039469493568,2.5081686789968463,1.5964314401932256,1.2041026162437265,2.6727622168031484,2.670489466253112,1.689522588892768,1.4227682624678235,3.343506791415268,0.3742306799004641,1.9958400843368416,1.4673792306070077,3.123320459434194,3.422544468485002,1.981706234540862,1.2120408331967003,2.147798908374407,1.819301028874461,1.5867100471269933,-0.0706930319605417,-0.4562449657493029,-0.4397842296438734,-0.2453523961690845,0.4301057164722557,-0.0532255865495,-0.1170272707011721,0.2898441146406514,1.353045243550519,3.0319994793681286,3.047764069451033,1.772503508058527,-0.4866836524351411,-0.3102103337630149,-0.3127823354460403,-0.6275523730210579,0.70448952320669,0.0414962691923053,-0.0903180953848213,0.609021207043159,exact,9
HP:0009154,exact,direct,Triangular end part of the innermost bone of little finger,Mistral-Small-3.1-24B-Instruct-2503,-1,0.286172368481085,-0.1871953102546652,-0.2277372441288312,0.1312196046395563,0.3643765207476761,-0.168107144788915,-0.1977741967505914,0.22696918943045,-0.8535715975798773,-0.5838110193605847,-0.0847207109314615,-0.9202148585012258,-0.037739413419931,-0.5232324902199522,-0.4779991189071148,-0.1817485233035795,0.4997713864496482,0.0800262064958231,0.0312674134925465,0.3809939853092552,0.0940079357724839,-0.3816553956916271,-0.3657465712625811,-0.0858695515119696,0.4659925888471218,-0.016849021160601,-0.0704254624362544,0.3321288128712529,0.0579271374886544,-0.0682069774169734,-0.0345902626996466,-0.0934998554335627,0.4085680187839671,0.3656244295308704,0.3036199087757775,0.2708688928096397,-0.087880440980827,-0.5457964091050967,-0.4543806891227743,-0.2904034399457515,related,8
HP:0009154,exact,direct,Triangular end part of the innermost bone of pinkie finger,Mistral-Small-3.1-24B-Instruct-2503,-1,-0.0060207950189332,-0.415221068050252,-0.4081892499347849,-0.1905225793370132,0.2329553529843498,-0.2794312355495371,-0.2901532631242487,0.0741110704238288,0.3824858267439919,-0.1024965424551216,-0.0266533059920137,0.2734516883555064,-0.0700834634325505,-0.5207466830373791,-0.4713531330057501,-0.2124966127252836,-0.0765509947184593,-0.4590457986883418,-0.331851278137896,-0.2530328759437173,0.3507225570907979,-0.2067518347980194,-0.2219364770458902,0.1829873168426678,0.6509998212406722,0.2199604935205656,0.1381455039501318,0.5637650033250413,-0.0124104854053608,-0.0609428632550822,-0.0403340755677233,-0.1632504253239187,0.1327847661934496,0.0746740609315809,0.2542182063740247,-0.0365085909631399,-0.2732649755422843,-0.6167500145910932,-0.497189742803122,-0.4584757988147027,related,8
HP:0009154,exact,direct,Triangular end part of the innermost bone of pinky finger,Mistral-Small-3.1-24B-Instruct-2503,-1,0.0354174601329284,-0.3873839591624804,-0.3874257420005392,-0.1472112183351172,0.260926110043529,-0.2544967772570325,-0.2787152514230724,0.1058778970744315,0.3065970940168048,-0.1834881171774042,-0.0351120378850134,0.1878888005449617,-0.0622123612205526,-0.5198460465198341,-0.4740057775368848,-0.2050377614094653,-0.023054237251196,-0.421041280551186,-0.3194133579147825,-0.1999676505896955,0.3894794395356174,-0.1752521418795132,-0.2005492702925731,0.2262221770377816,0.6347655943901261,0.2017273950557842,0.1280672446738109,0.5424008590631286,-0.0185227629594038,-0.0826626585319637,-0.0190056359890124,-0.1692442209596748,-0.0362844500141262,-0.0583359535594536,0.179183973212527,-0.2092250065930966,-0.2126908430724713,-0.6057069379856301,-0.4895344435635372,-0.4046659009354846,related,8
HP:0009182,exact,direct,Triangular shaped middle little finger bone,Mistral-Small-3.1-24B-Instruct-2503,-1,0.7653250499987394,0.5581842953997478,0.397724284677342,0.7842018461742286,0.3751628783798146,-0.1798710200239244,-0.1877438441059354,0.2399450850975161,-0.5641234449301346,-0.5493036625369051,-0.08318974289576,-0.6694623406116142,0.1071971517610243,-0.5131434513705947,-0.4879216093613278,-0.0405935078027877,0.7493501718724149,0.4672558760566249,0.2836394314171275,0.717295893206594,0.5152269071393571,-0.0790349026325221,-0.137023951064535,0.372432288885904,0.781792254517371,0.2005909927074503,0.1112933477178567,0.7449575150054297,-0.7503323725955434,-0.6639130746975547,-0.569621378237281,-0.825487714126618,0.6336493077874126,0.4925808381980692,0.5854761935775361,0.5541200307049428,0.2271123752325767,-0.3621691524358852,-0.3536220987494478,0.0229107927784403,related,8
HP:0009182,exact,direct,Triangular shaped middle pinkie finger bone,Mistral-Small-3.1-24B-Instruct-2503,-1,0.3788658004106648,-0.0912074381094561,-0.1540684484299617,0.2426674459437515,-0.0735037823352707,-0.5456052395456901,-0.4812669000717839,-0.2515628912290411,0.6465271541222909,0.1802668794657582,-0.0096923990387626,0.592581359699097,0.104173459184346,-0.4695133640881975,-0.4712140115601065,-0.043598016446133,0.1735744918247669,-0.2647277987351704,-0.1479255700649315,0.0039130639206135,0.5361501472675746,-0.0450326176539462,-0.0707492865126836,0.3977405247683914,0.9620094603627948,0.5383742019077358,0.4663914279701516,1.0297889103493751,-0.8290461519521518,-0.6661093246657688,-0.5844997638238436,-0.8902938367299923,0.0708706657147804,-0.1435351236069542,0.2564085395541429,-0.1009577582377739,0.091160242073386,-0.4411366598497121,-0.4089686385878178,-0.1172918184216283,related,8
HP:0009182,exact,direct,Triangular shaped middle pinky finger bone,Mistral-Small-3.1-24B-Instruct-2503,-1,0.5261682922569947,0.1095016475358377,-0.0159068004018009,0.4320605310173349,0.0151889652701606,-0.4920013062275684,-0.4666858714702135,-0.1611092718965423,0.409267730960175,-0.1366324323311041,-0.0419684603571107,0.30423275574684,0.1353359633370553,-0.4476396554034113,-0.464764910487233,-0.0125036588038866,0.2781975279879726,-0.1754570983816882,-0.1944958547587584,0.1188815624660232,0.604995240010739,0.0263477834846025,-0.0246414610921801,0.4832694884077536,0.97428950969685,0.5719587470872897,0.5045625471648374,1.0512140709208695,-0.9456232083047396,-0.7343783620404261,-0.6343303518091852,-0.9846565804703756,0.0368768163479589,-0.198275540212737,0.2724083225304683,-0.1357376322029089,0.0694082722965543,-0.4663642268267672,-0.4256227262072782,-0.1389729218749249,related,8
HP:0009213,exact,direct,Delta-shaped epiphysis of the middle phalanx of the 5th finger,Mistral-Small-3.1-24B-Instruct-2503,-1,1.119590080549498,2.267827127253755,2.199172850626413,1.5315777590190476,1.1911760713089117,2.506040735947138,2.393473269739783,1.64867706892726,1.4024391846346371,3.036217100126527,0.3496954464627391,1.93379957724096,1.440469472454058,2.833572876826536,3.013818755253654,1.8999142006413043,1.208708765498089,2.1220022621259047,1.7969610359630606,1.5779732364816044,-0.1154750865040097,-0.4805873139012275,-0.4583268429973644,-0.287274718836294,0.2245549458060318,-0.2466501181974558,-0.2714603600786903,0.0607062996183446,1.361944359950968,3.1502771224259485,3.1538018580515126,1.7967070264659253,0.0888748526323317,0.053306834562506,0.0083497880453614,-0.0823662991515298,0.6675895052074198,0.0004894786714311,-0.1143044086598887,0.5561407915412859,exact,9
HP:0009213,exact,direct,Triangular end part of the middle bone of the little finger,Mistral-Small-3.1-24B-Instruct-2503,-1,0.6329961446294682,0.2656745807423118,0.1359895606751371,0.5811799536806854,0.4667778048023617,-0.0611651052903721,-0.1267483704448806,0.35312802413087,-0.6152953934012482,-0.5965302650821883,-0.0859550397626133,-0.7147292154989369,0.38306128465878,-0.2306557753387664,-0.2553354496885781,0.2460279966228218,0.799145352188108,0.5592526905936845,0.4269897984299279,0.7915081771042811,0.4153455037354207,-0.1658062571404309,-0.2003821124858993,0.2555294091263563,0.6603870174627972,0.1831119810687422,0.091126284122306,0.5762219145456465,0.4687234098694026,0.298490813622691,0.270780444126923,0.348301595357643,0.8583145381533352,1.1496548444165169,1.012212137205117,0.8815039313012806,0.100284882239532,-0.4411504068947289,-0.3940632394035379,-0.1081388769374846,exact,9
HP:0009213,exact,direct,Triangular end part of the middle bone of the pinkie finger,Mistral-Small-3.1-24B-Instruct-2503,-1,0.3718076284315081,-0.0711747303907629,-0.1461541939619269,0.2339898414465209,0.4212048613898575,-0.0954103424359432,-0.1369711515527298,0.2961409439365501,0.6346375126672721,0.0880667213056599,0.0057274648407207,0.5773722689994594,0.4507837255076149,-0.119129087220483,-0.1495481872533466,0.3207342806320613,0.2428888469274612,-0.209360523595434,-0.1317162556587533,0.079521962057376,0.3972243508395989,-0.1725234970965888,-0.2136612880099384,0.2349584864179834,0.865431793666455,0.5663611239347378,0.4209108732934867,0.8710331900190389,0.3623074162345948,0.2542517693158859,0.2113651865357984,0.2273251066655776,0.3869880151913476,0.3182803376530334,0.5494665678349939,0.2454397925678458,-0.142506503146101,-0.5554393543894725,-0.4686263704247139,-0.3410023745515094,related,8
HP:0009213,exact,direct,Triangular end part of the middle bone of the pinky finger,Mistral-Small-3.1-24B-Instruct-2503,-1,0.4499932909866727,0.0184439648175585,-0.0742274475480694,0.3320474083022217,0.439564966033245,-0.0697040839621495,-0.1196626910973551,0.3189303841458354,0.5848464159324376,0.0876365857289872,-0.0004383452304195,0.5146306819473889,0.4060705080561713,-0.1739349493367576,-0.216188296266199,0.2711933759516444,0.3725391256881481,-0.0779048798209488,-0.0290055141476016,0.2270983683550629,0.4340572702946397,-0.1409282561516754,-0.1964638908509014,0.2769669714926248,0.8529678575454397,0.5405711200164209,0.4120576196757999,0.8516462783447483,0.3534757470037009,0.2293951832655538,0.2262430366892821,0.2175162450481925,0.1236429142060902,0.053163700927897,0.3632896710623098,-0.046117511183634,-0.0808967345956764,-0.5484356716794786,-0.4585420618331167,-0.2838650074604325,related,8
HP:0009459,exact,direct,Hypoplastic/small proximal phalanx of the 3rd finger,Mistral-Small-3.1-24B-Instruct-2503,-1,0.7907836927817143,0.5944819772266113,0.3815607820588551,0.8261780800781502,0.806603205664106,0.516475591748369,0.3546157397194105,0.8350170018900698,-0.1573948745085297,-0.3492853548865484,-0.06208145305892,-0.2923964463139414,1.1930242819358616,1.164640852823342,1.0405731216204757,1.3454092413857237,1.002716969406508,1.101196547392608,0.7780115075094611,1.1314332882398173,0.6394177863823213,0.0658804989957464,-0.0262171070686296,0.5274446181618601,0.4339253426812148,-0.2507469802639819,-0.2858730319858162,0.2943088295177476,1.0194808677865856,1.2164370903695327,1.0375865666345934,1.0952285886365545,0.3901706493051828,0.2638067629360155,0.2516398702479605,0.2491735221968334,0.6194667422568683,-0.016226148517352,-0.129402118942957,0.4897006603513002,exact,9
HP:0009459,exact,direct,Short innermost bone of middle finger,Mistral-Small-3.1-24B-Instruct-2503,-1,0.3079600943954678,-0.1969694443198228,-0.2429441964587919,0.1569433174899845,0.4391790178875882,-0.1108289280261175,-0.1446456470124871,0.3184490156327039,-0.9440158468950836,-0.751562481494386,-0.1033132398577832,-0.996136665151428,0.0953902936690483,-0.4757576123578015,-0.4287901450478024,-0.0523103516283453,0.4155988617648195,-0.0274617862323136,-0.0170316508019792,0.2780899082533462,0.1952979888925975,-0.3237717118102838,-0.3507856845049696,0.0169069206177562,0.2001175742396394,-0.3633110944398344,-0.3442353200486456,0.0347594735459708,-0.1830181007953632,-0.3156523781947035,-0.2364530609727385,-0.3268091177763557,0.124402828865346,-0.007941840427951,-0.0967295003851029,-0.0453200226063906,0.0537731087477096,-0.451554583882437,-0.4018924530836941,-0.1544392581494613,related,8
HP:0009459,exact,direct,Short proximal middle-finger phalanx,Mistral-Small-3.1-24B-Instruct-2503,-1,0.9646203782435404,1.1581813496380402,0.9376452227730128,1.149078061772575,0.909129515174427,0.7892518115009429,0.5878272546537152,1.0092106936214964,0.7445899488587298,0.2853535209860988,-0.0042080209171646,0.72167831178811,1.198681367884887,1.1402974701061608,0.992110521907282,1.3557867785412632,0.8283279554758808,0.6249675816241869,0.3965573020061538,0.8363849615095806,0.4799133061551931,-0.1036844698897956,-0.1625063614019197,0.3303866141212417,0.9536676870270672,0.5328397316665381,0.4303791450452925,1.0154110548040598,0.8219202881975736,0.7079857914524861,0.5707471735129757,0.7969505505178102,0.1124886823826019,-0.0287906566165203,-0.131110076918156,-0.0577973746954364,1.0248870490904105,0.9595976757594298,0.6203317854702565,1.185944847987049,related,8
HP:0009459,exact,direct,Short proximal phalanx of the third finger,Mistral-Small-3.1-24B-Instruct-2503,-1,1.223647364035354,4.257804586184006,5.398401395927256,1.9421626057864585,1.301531614631127,5.023589041158181,6.703846451510631,2.111476008543631,1.1296974907005792,1.17038504952165,0.1630820089046611,1.3191104931423103,1.5534342667165564,5.062312724465413,6.826283642900941,2.3274935662747827,1.3830740098147836,4.962246702242019,6.860684904733774,2.227389691747925,1.2750040371274332,3.14231024513766,3.23040518898129,1.7749233492180416,1.3051837934159758,3.295024523256344,3.4185539236497045,1.867778084106924,1.4082683467452872,3.5212897259239417,3.611824157524666,1.9335153010161628,1.3023177326191653,4.470158426825328,4.806794881454214,1.882916430027293,1.1537156366129082,2.135807635146824,1.8006475228310206,1.57323205292643,exact,9
HP:0009459,exact,direct,Small proximal middle-finger phalanx,Mistral-Small-3.1-24B-Instruct-2503,-1,0.8414277453307407,0.7130930063116221,0.5105301190621561,0.9131174622543472,0.7032226849662147,0.301729171618279,0.1555638680008248,0.6755347824929725,0.6642022872583255,0.1922450768857228,-0.0158554800443871,0.615360177834314,1.123089463015888,0.9300332041278032,0.7511242760936934,1.2224857403260525,0.9716263143821116,0.9988085010820964,0.7218955309943026,1.0748467489759266,0.2416351105768453,-0.2979408183793585,-0.3028280680580852,0.0652858339968881,0.5605230370128056,-0.1481461476363404,-0.1796115514497963,0.4473972326795581,0.6731714207147376,0.4845808089513183,0.3784129316543845,0.5976199062738626,-0.566726328496188,-0.4218255399826893,-0.4717756160104622,-0.6968218250857791,0.8813799842639383,0.4461928226441815,0.1985763160920418,0.8933829172424907,related,8
HP:0009521,exact,direct,Small end part of the innermost long bone of index finger,Mistral-Small-3.1-24B-Instruct-2503,-1,0.3478340383817364,-0.1388810268582748,-0.1865363580314226,0.2047593344931658,0.5222417372113058,0.038937604664582,-0.0421835670407862,0.4244747489339027,0.8452339511189211,0.4775399846320023,0.0201428962940477,0.8618981916257343,0.1452629963000928,-0.3810619795394139,-0.3909890123283926,-0.0025372317582718,0.72300047439066,0.4077679598773714,0.2345362685643566,0.6791353816458109,0.1246669838742797,-0.3848934676439035,-0.3584957559577993,-0.0551695489993383,-0.0704076151023838,-0.5284073453555224,-0.4825479978494797,-0.2377585315897062,0.2501569469447743,0.0935517914434768,0.0924244540497967,0.1051575936128553,0.0292383514992778,0.0491511173361585,-0.0876193933765885,-0.143495959043033,-0.1107789894179074,-0.5418103658153349,-0.4475070645143937,-0.3117299748963697,related,8
HP:0009554,exact,direct,"Hair displacement, preauricular, towards lateral cheekbone",Mistral-Small-3.1-24B-Instruct-2503,-1,0.3216224404910558,-0.1008862558435172,-0.1450531027366049,0.1732172645945263,0.4341275235465471,-0.0075011785074722,-0.061932412265584,0.3121578266797555,0.4931055976374306,0.1527686587845228,-0.0172943921536065,0.4027354596537473,0.4665050429857336,0.0899432362679698,0.0315754890505936,0.3383606887334325,0.713516398431383,0.3865641460694974,0.2239941906105591,0.6655764400761817,0.8092304336064746,0.342921964980087,0.2247123260295646,0.7623107062934908,0.3358696502582018,-0.1582334618600572,-0.1859202563492842,0.1822162475099817,0.0789667444090483,-0.3486269360090721,-0.3544823615886701,-0.0723487302932687,0.5537667642603952,-0.0137798463836844,-0.1248222683448888,0.4494574863607282,0.5565127624508417,-0.0976329083014646,-0.2017446734593034,0.4065734265113155,exact,9
HP:0009554,exact,direct,Hair growing down to cheek,Mistral-Small-3.1-24B-Instruct-2503,-1,-0.5713072303117798,-0.7380161962649333,-0.6435782669494791,-0.726276086983223,-1.0335292159324811,-0.9206349685053956,-0.7772886703063485,-1.0990661822757448,-1.3278910901696073,-0.6895593217120598,-0.0954265364020343,-1.3076214036309153,-1.12300177696017,-0.8059639747587065,-0.72068690524364,-1.107055205356891,0.0301680892188403,-0.3838926919970615,-0.3869300887531696,-0.1462071046712254,-1.2082491751133806,-0.7985332717779603,-0.6931227588906369,-1.1830932081460948,-0.7927291848741853,-0.7168213281007838,-0.6478645355132872,-0.8723231419634946,-0.6081644916203989,-0.7225254835416757,-0.6552709451588313,-0.7060234864875373,-0.4367487522811655,-0.7061191343612281,-0.7527050703609066,-0.5836524577536362,-1.001133439940838,-0.8144492514112137,-0.6165153763373198,-1.042067629538591,exact,8
HP:0009554,exact,direct,Projection of scalp hair onto lateral cheek,Mistral-Small-3.1-24B-Instruct-2503,-1,-0.2732058373516675,-0.5388307740789056,-0.5012048197636779,-0.4551811969503004,-0.5376844713278842,-0.7084620105303079,-0.6099830143065028,-0.6866149118648733,-0.1223274750219023,-0.3497640115665149,-0.0677426317286855,-0.2582304657225822,-0.4673130383149804,-0.6507742545853549,-0.5792890116146946,-0.5713983327903588,0.4828279734633893,0.0491881251240155,-0.0842258466350658,0.3599168843150616,-0.9353381244990212,-0.735212609307241,-0.6488204654856391,-0.9770124128149832,-1.5885520566381783,-0.8805659946145922,-0.7759012077433631,-1.477447969975371,-0.1105441621178262,-0.4421803664882243,-0.4231687750293096,-0.2582497437979789,-0.3713467650456676,-0.6880378251441291,-0.7105995132304934,-0.5253127937219886,-1.0259293644957104,-0.8301814696537239,-0.6238901493503247,-1.0603338137026133,exact,8
HP:0009931,exact,direct,Broad nostril,Mistral-Small-3.1-24B-Instruct-2503,-1,-0.3784895407913487,-0.6211284454322322,-0.5588299476770886,-0.5534908625809326,-0.2431353696298697,-0.571773689738439,-0.5429695401120924,-0.4173776789874477,0.1652664569853117,-0.1155383611414758,-0.0440660544367464,0.0344414372286601,-0.1799885248980335,-0.2472762733004416,-0.3072038981565666,-0.3151124946642286,0.0436778734287741,-0.3759626395122261,-0.3941976122778502,-0.1324004730802608,-0.1440477813814676,-0.492402621692368,-0.4546324054550497,-0.3137291324776173,-0.3147303643619404,-0.6832137143735344,-0.6071939611507563,-0.4650023558033112,-0.2513714084111588,-0.5933863723030508,-0.5463793184044063,-0.3903154218516957,0.1493470454273518,-0.3845589652803014,-0.4735146805850029,-0.0190156557908702,-1.1165044345473665,-0.8118797111117154,-0.6129360351296215,-1.1263390351314375,exact,9
HP:0009931,exact,direct,Dilated nares,Mistral-Small-3.1-24B-Instruct-2503,-1,0.1650015208436387,-0.2458923009402292,-0.2828775407838476,-0.007100573453115,0.5502870436104911,0.0958014586166671,0.0333982950782255,0.4614504631096735,0.484366745804741,0.136030984935181,-0.0197308542527672,0.3923088187858286,0.0876637618863566,-0.1987276003401228,-0.1919636765775832,-0.0599561215408561,0.7529156139623686,0.4723022913541054,0.2474818680153656,0.7225164145656061,0.6280892610730653,0.0587087572772376,-0.0132347168664925,0.5127959085651587,0.0366091944022371,-0.4996955283338405,-0.4594834836652584,-0.1329367859571838,-0.0580086820055529,-0.5438247790085803,-0.5260340648157846,-0.2077148204247973,0.9934821241766332,0.8230228054015304,0.6475612808070392,1.1123854922964809,-0.1281087363692077,-0.521405206821993,-0.4448644085018437,-0.3277579778181213,exact,9
HP:0009931,exact,direct,Dilated nostril,Mistral-Small-3.1-24B-Instruct-2503,-1,0.0179194230593058,-0.3705691361660236,-0.3694699979120434,-0.1655830549519206,-0.0048702430808668,-0.4157952000296936,-0.4069534534234515,-0.1818125318840934,-0.734635928047219,-0.5482683816707319,-0.0821463383084855,-0.8186894886120597,-0.5478334433150575,-0.5732259839073104,-0.5285061669421318,-0.6405102885618016,-0.0822297715744583,-0.4684033170313439,-0.4268581010819263,-0.2586107960396188,0.0283939143005507,-0.4101881241002137,-0.3948328501053445,-0.1504606730516371,-0.1743615475701025,-0.6254261271585598,-0.572801202604223,-0.3363461113217236,-0.1718091632114496,-0.5681064054247789,-0.5265012706484963,-0.3162900333304767,0.3231466052852527,-0.2585423767185533,-0.3314538796337356,0.1717042452899754,-0.8370302722137521,-0.7677529273689534,-0.5787354211192787,-0.9188980884850128,exact,9
HP:0009931,exact,direct,Enlarged nares,Mistral-Small-3.1-24B-Instruct-2503,-1,0.7612022210156425,0.6170713869866223,0.392804126954146,0.7775038694086148,1.0951518620472511,1.6976342272653775,1.509949776062974,1.390206459682226,0.5048647740036538,0.1379471288625908,-0.0096314972853673,0.4168269408349086,1.0843949623607148,1.3294933325575709,1.2467793109495886,1.1582258436869328,1.0791773348070672,1.3832454483321397,1.0242589483021016,1.2803365034920302,1.1718634198823417,1.6531270364120625,1.4839923058315745,1.4446333748248403,1.2007132654735824,1.700955741617461,1.537659651319212,1.5290298670652072,0.0053769949482169,-0.5023313038644305,-0.5149771936001006,-0.1457474651622457,1.174904421580766,1.7239917260425706,1.834379891213846,1.496200647449248,0.6642736121062688,0.080594617839259,-0.0835453478557824,0.5514744997464426,exact,9
HP:0009931,exact,direct,Enlarged nostril,Mistral-Small-3.1-24B-Instruct-2503,-1,0.595823939838531,0.270522453547106,0.144187166986862,0.5279922947567154,0.4712763915383574,0.0346649286050074,-0.0479958678264693,0.3588309666558278,0.3513008219941493,0.0402592399409067,-0.0178383904819896,0.2380021264030044,0.2774323134266842,0.060346105090953,-0.0116742258022567,0.1331580239425894,0.6389856935073868,0.2645537364376136,0.0952752140672725,0.5620282791249269,0.541667612192601,-0.048469149461278,-0.106704245091111,0.4044653750243648,1.002564855377774,0.6007017733328012,0.4691412867032739,1.101795913545614,0.2745953047136262,-0.3314623534113609,-0.3226254881766817,0.1313506993835213,0.4305519280985804,-0.1656573358691764,-0.2690868121366987,0.2970507235231324,-0.2939369322066496,-0.599620336023065,-0.4840267401492545,-0.476611261142939,exact,9
HP:0009931,exact,direct,Increased diameter of nares,Mistral-Small-3.1-24B-Instruct-2503,-1,-0.1825439241891381,-0.5073527435680948,-0.4687156733533001,-0.3679853872503756,-0.0009463075074185,-0.4337575997643225,-0.4232259393429449,-0.1777742252211293,0.4229288497123212,0.0384882519953126,-0.0283081147177677,0.3200575224161178,0.3938053657987743,0.2057549574538977,0.1642630097594896,0.2577518266626315,0.5922632760110357,0.2052352621970602,0.0411699502678066,0.4996069677213691,0.7144158337037876,0.1617254657999781,0.0691835135447761,0.6273932752290864,0.667361260236521,0.0006828446775644,-0.0537843779777575,0.5855270225116519,0.0428267914699662,-0.4054238839120068,-0.4018927308192966,-0.1085971653987258,0.8595913091612664,0.4686061418870359,0.3497619836657313,0.8835402009591604,0.1639416703872591,-0.377722425191292,-0.3782727289058655,-0.0432873757399856,exact,9
HP:0009931,exact,direct,Increased diameter of nostril,Mistral-Small-3.1-24B-Instruct-2503,-1,-0.1861905073284877,-0.5132184826687216,-0.472061012396522,-0.3715409473083453,-0.3699150644221886,-0.6331480806029084,-0.5565355184755439,-0.5359035518493246,0.1593531941848855,-0.1563162359240889,-0.0481280813609785,0.0281740342347801,-0.2460973467908733,-0.3166799412644234,-0.315229075351624,-0.3755351675323977,0.0742304708286866,-0.343269196045145,-0.3591667942879827,-0.1009286949827265,0.0511072500589101,-0.4094619248906158,-0.3970287007278691,-0.1282675339229544,0.3388856382030855,-0.3491599328025824,-0.3707328125227501,0.185589349904361,-0.5102121402695639,-0.6198584062622465,-0.5822621136195175,-0.6217566022455354,0.1811676675466308,-0.362814910815832,-0.3973133215498076,0.0149058138818638,-0.6202768522629278,-0.7056865214695125,-0.5422216661273288,-0.7494570321722891,exact,9
HP:0009931,exact,direct,Increased width of nares,Mistral-Small-3.1-24B-Instruct-2503,-1,-0.1145784279158494,-0.458170433459318,-0.4375355430999776,-0.3009313079596469,-0.3036073092648513,-0.6232895172854727,-0.5756655259625871,-0.4744466104915495,0.4127729699830375,-0.061765056815196,-0.0333912121336417,0.3082850732291369,0.3424009538034096,0.1510760710891236,0.0614393202911524,0.2020775193810408,0.5772776148632605,0.1841928707146294,0.0310191370309418,0.4799585521385651,0.5402304396015012,-0.0535864729640415,-0.1276504322017417,0.4027116209843538,0.5048718007552448,-0.1985358627584829,-0.184815930770676,0.3788254240372994,0.0629250705022195,-0.3987598852078493,-0.3943938922955882,-0.0884877229451293,0.7841016871592977,0.3176432084817499,0.122532004719444,0.7669881181765418,0.1689578230228473,-0.3791069153517177,-0.3686299351724511,-0.0381001442284964,exact,8
HP:0009931,exact,direct,Large nares,Mistral-Small-3.1-24B-Instruct-2503,-1,-0.9722367058062954,-0.8936635240539236,-0.7520241806514607,-1.0608779419276464,0.3397022423168935,-0.1688772095731408,-0.2232378602959616,0.1975449083374199,-0.6189734313175301,-0.606174145167557,-0.0873585719422842,-0.7179663911130562,0.6503306441020901,0.4747795629697011,0.4172458518370605,0.5534770478394203,0.7990416302364003,0.5572244468207889,0.2882413324169696,0.791350572345947,0.8891431624296031,0.4736869788721405,0.3735017160528245,0.8853052696360156,0.7780961708726001,0.1658372321928223,0.094962372352652,0.7395897294100371,0.085787705991027,-0.4569088239177573,-0.4573220585861494,-0.0654622425752738,0.8910487735694429,0.5155479619747051,0.3292979682097099,0.9344901697852598,-0.0446659841582165,-0.4703775594021631,-0.4239562441802433,-0.2496810862874402,exact,9
HP:0009931,exact,direct,"Naris, broad",Mistral-Small-3.1-24B-Instruct-2503,-1,-0.8902410765011526,-0.8552136975510727,-0.7333543743782652,-0.9948060496492696,-0.4810821083725964,-0.7155889902290868,-0.6305359067061888,-0.6364949468483843,0.360110871589161,-0.1566708345352073,-0.0324747542200606,0.2479751164398315,0.5100829934965633,0.2986893423893631,0.2114245916560059,0.3878116822250014,-0.9261742360144924,-0.9067590701628604,-0.6938693360419466,-0.9968186582774162,0.2938882568250379,-0.2465650645785098,-0.2727335748892214,0.1209657930411415,0.0251670327559925,-0.5078612143937186,-0.4710727358820362,-0.1443178543659514,-0.1432672805470479,-0.5607692102556963,-0.5473752304417145,-0.2893667119200157,0.5505276548332193,-0.0568712929119866,-0.1681870536209997,0.445317760220028,-0.1797321247163059,-0.5143586204727182,-0.449147439705766,-0.3749514841419544,exact,8
HP:0009931,exact,direct,"Naris, enlarged",Mistral-Small-3.1-24B-Instruct-2503,-1,-0.3186897488024568,-0.5988908566644665,-0.5460429850887398,-0.4980236093655322,0.4935798456458197,0.0169830492371843,-0.0536651111457322,0.3873203773373597,0.2920904537304876,-0.1193526840366851,-0.0374037096901517,0.1717981118231325,1.0695951277889386,1.3001287012948222,1.174490601364068,1.1342667975310452,0.4427913001041999,-0.0216241200917974,-0.1056397671845,0.3108500273098943,1.2507462827682652,2.621411659155818,2.615461467014042,1.6816105776639745,1.2137586263356284,1.8232943128077048,1.71408606242648,1.5642375134343047,0.0319761058808641,-0.4093040970695538,-0.399316943582005,-0.1194035077458576,1.0172803922919909,0.8188384972579216,0.994415255281405,1.15685248124236,1.1245207097724284,1.7731718886054992,1.3823176900509633,1.464092791123958,exact,9
HP:0009931,exact,direct,Wide nares,Mistral-Small-3.1-24B-Instruct-2503,-1,-0.953558830489112,-0.8849407254964107,-0.750872478874446,-1.0459241486412432,0.2323651707093012,-0.2604107893418636,-0.2981317973466907,0.0734449784346687,-0.6741636275529945,-0.6173762948797449,-0.0896618030933859,-0.7662841918092645,0.6691886893933984,0.4918278207884833,0.3963212003230793,0.5765930672397782,0.7405943104490861,0.4490416229062882,0.1754308584791707,0.7045338924819061,0.463749963394058,-0.1213415197468725,-0.1763957042547689,0.3114099613068633,0.7628127732619442,0.162324013398428,0.0877758456004061,0.717560649350777,0.0693995100319179,-0.4634100975344514,-0.4585315017212814,-0.0819835404524981,0.8148264022488128,0.3765154989083724,0.2589094037598812,0.8135184364078839,-0.0922515786185255,-0.4940588092672728,-0.4310453838227956,-0.2944876927846505,exact,8
HP:0009931,exact,direct,Wide nostril,Mistral-Small-3.1-24B-Instruct-2503,-1,-0.3664888407783242,-0.6039934698879187,-0.5563823419612669,-0.5424356066199643,-0.4755887538808938,-0.7025466730915793,-0.6131718353563528,-0.6315924839799701,0.0179505896855317,-0.2070674192002806,-0.0514829280523162,-0.118420358812293,0.0266620030344458,-0.1210266823390827,-0.1865831770967369,-0.1197299661403161,0.3235521122461778,-0.1261115294643782,-0.1938158675431524,0.1703319395749062,-0.0538907768011406,-0.4590637475765037,-0.4309807642815063,-0.2294731996594131,0.5925784589728992,-0.1257265120782883,-0.1739446368614323,0.4878942410658045,-0.34097790565094,-0.6388580427748367,-0.577864660897727,-0.4719832547341148,0.2134922782216722,-0.3385721965330691,-0.4104361349988152,0.0498003302325532,-0.9512928730479068,-0.7892486195779468,-0.595286858403575,-1.0050860853694072,exact,9
HP:0010077,exact,direct,Broad outermost bone of big toe,Mistral-Small-3.1-24B-Instruct-2503,-1,0.1087565390723816,-0.3614275392546309,-0.378680640833685,-0.0688271750735107,0.3362784085659864,-0.1495685530555476,-0.1950989833468564,0.1934898304087235,-0.9590397293033516,-0.7796434081501572,-0.1035223183641479,-1.0086465265870157,-0.5078451806593796,-0.7482620059942292,-0.6711956587777826,-0.6063230195139696,0.0981859199251878,-0.3331594918575644,-0.2683064809461006,-0.076005974877914,0.3811435342632399,-0.2105040705061432,-0.2188973058136551,0.216855749400406,-0.0752954971468973,-0.4429441272821414,-0.4080661249064136,-0.2424625662601245,-0.0011844416552556,-0.1240366516269573,-0.1275775006089475,-0.1522144536474074,0.3212757711711677,0.0783328709749123,-0.0245295862117696,0.1695756985544217,-0.5605851003102279,-0.6822856662897707,-0.5395045220724326,-0.7012740562363968,exact,9
HP:0010077,exact,direct,Wide outermost bone of big toe,Mistral-Small-3.1-24B-Instruct-2503,-1,0.0280957886285451,-0.4251956807098708,-0.3977568797918411,-0.154913455204855,0.271390197091266,-0.2169143238208633,-0.2502506605695517,0.1178638811879373,-1.0805781581148437,-0.7644629676232438,-0.1025931846960918,-1.1088375596791906,-0.5955334940269257,-0.7927404979681628,-0.7135568017771702,-0.6809530006413014,0.066738720691796,-0.3580014307998392,-0.3007320844343539,-0.1086780759893528,0.1807281240771379,-0.356114319028003,-0.3489711121172746,0.0018786393227266,-0.3846945978909893,-0.5756837662128337,-0.501881933036512,-0.527403460256637,-0.0413619385631487,-0.1449407903437952,-0.1458590867950556,-0.1915483865708913,0.1635731053701459,-0.0496633072018245,-0.1629446936503647,-0.0039018752011821,-0.6368325812167607,-0.7095138737173032,-0.5563717514610771,-0.7626977963549018,related,8
HP:0010109,exact,direct,Hypoplastic big toes,Mistral-Small-3.1-24B-Instruct-2503,-1,-0.6532924308758186,-0.7430311048824298,-0.6430634152446958,-0.7972049794633226,-0.9313717703440656,-0.896976901787202,-0.7645314695488419,-1.0175747705057934,-1.0521975754949526,-0.687674585341782,-0.0949240566263041,-1.085598688828305,-1.0876070042056194,-0.7824905959219107,-0.7051808852822918,-1.0795283544071606,-0.1278998434357746,-0.4892951957110851,-0.4563879787464717,-0.3030989497364639,-0.0198846644034282,-0.4455876604368515,-0.4389665431016351,-0.1970757163786716,-0.1019961847984661,-0.5242882407081522,-0.5055896064104763,-0.2680365837605411,-0.3175380592400691,-0.6465010252665829,-0.6148998340408132,-0.4507869210932121,-0.1187813001346511,-0.4014410618586781,-0.4756491904099378,-0.2900022923433888,-0.5139241993508934,-0.6657587527610218,-0.5171393683287392,-0.6631082871139666,exact,9
HP:0010109,exact,direct,Hypoplastic hallux,Mistral-Small-3.1-24B-Instruct-2503,-1,0.0401493275964963,-0.332931861153318,-0.3352459857272706,-0.1422218533558804,-0.3773078739727976,-0.6680219366766765,-0.5825451562687498,-0.542685955681043,0.7606202212587395,0.5390759218112388,0.030466469859309,0.7434501632689078,-0.3090366770338535,-0.4949396597734262,-0.4588742841783413,-0.4322158693090743,0.6438174077577725,0.2792275923807377,0.1082286232683866,0.5685880541589541,0.8248214173441629,0.3405222107303479,0.206994278883509,0.7855683606314359,0.3337812508728165,-0.2908456100803913,-0.31773511329764,0.1798832020403835,0.3424466685386013,-0.2926724799476766,-0.3405998063835675,0.2053138474140612,0.6863436346438598,0.3129630596999842,0.1738680691638525,0.6261139331938224,0.3175646344286342,-0.2923853599024358,-0.3046913866907067,0.121266367064753,exact,9
HP:0010109,exact,direct,Short big toe,Mistral-Small-3.1-24B-Instruct-2503,-1,0.1279377749601826,-0.302268577694683,-0.2883221559737497,-0.0479403291486156,0.1130932157001008,-0.4319606563368996,-0.4292033993917372,-0.0578445539617177,-1.1503000100666303,-0.798035990567604,-0.107050466513881,-1.1655395056561733,0.066357438899886,-0.2579798616022558,-0.2990140799982935,-0.0809514419326017,0.3365540910675424,-0.115043062334294,-0.1957902467673619,0.1852744093607432,0.4291749147178897,-0.1548491599795094,-0.1948621889128351,0.2713538227062715,0.8206217232148307,0.2880683908404252,0.175558927686687,0.8023479610376706,-0.0238462018782138,-0.5158197034809688,-0.4843432380018176,-0.174455922198608,0.0421297353660319,-0.3025967887154338,-0.3850359201105817,-0.1303903307285712,-0.3323818901288651,-0.6192527385355993,-0.4904037701275236,-0.5100429714962444,exact,9
HP:0010109,exact,direct,Short halluces,Mistral-Small-3.1-24B-Instruct-2503,-1,0.0026906800499038,-0.4105450116648468,-0.3938057510251665,-0.1814733593654379,-0.2548202021202073,-0.6321473440803014,-0.5683182321033169,-0.4284836651719983,-0.1783123922259889,-0.2735639451606388,-0.0618510668057624,-0.3126361642858485,0.6216725257148403,0.3070073057472001,0.1696683994741123,0.5187519939782538,-0.8613804293070606,-0.8809031006724398,-0.6797312772260662,-0.945309193165836,0.466381673986916,-0.1153396327402669,-0.185658043281265,0.3144885969074097,0.3667365356684324,-0.2724337290165696,-0.3034317830152054,0.2169540784343096,0.2140912836417241,-0.4007175570754716,-0.4035072413295131,0.0669122354661538,-0.2812336112753675,-0.5473148003120852,-0.6201877750426187,-0.4432696042799797,-1.06650029185097,-0.8137801324732609,-0.6086143196900455,-1.0900364624721812,related,8
HP:0010109,exact,direct,Small hallux,Mistral-Small-3.1-24B-Instruct-2503,-1,0.8391959947344944,0.8037703972716215,0.6166569688237309,0.909181727352378,0.8046998678270743,0.5431401507350847,0.3698563963646081,0.8319488164712388,-0.761649513630526,-0.6725435233009361,-0.0910460146378963,-0.841924517631109,1.046059635265036,1.0659944409967597,0.899778082377417,1.096819658569366,1.089789386991166,1.4227221291098973,1.0826261978006086,1.3022816290114705,0.9971296259715436,0.7681963698992175,0.6123738561220987,1.0697460947436732,0.9390884412591604,0.466563559817404,0.3349922341186563,0.9906101722603268,1.1369914320656265,0.8558530337300914,0.7463187494202558,1.299279606629354,0.6581452962296128,0.2279637517459625,0.1610852772358835,0.5872750218634609,0.9227068691967246,0.5583189263083534,0.2566142166446769,0.9698899825030468,exact,9
HP:0010385,exact,direct,Bullet-shaped bones of the little toe,Mistral-Small-3.1-24B-Instruct-2503,-1,0.540226930514533,0.1345957096586525,0.0152104193098801,0.4510562917209666,0.4874574810978153,0.0194391925429928,-0.0854929509850628,0.3794638950243281,0.8018364134406099,0.4075964287386144,0.0224189088897652,0.8003780286657585,0.1732207876785222,-0.2450727070240511,-0.2881507248488176,0.0256942043178398,0.7123624917186344,0.4001006543422934,0.2265240758802522,0.6639329489818762,0.576614218852761,-0.0134889883836173,-0.0901809420215184,0.4475743310309871,0.3925911810074916,-0.1051816184270116,-0.1665951125180502,0.246429998989875,0.5477553639171738,0.3880908855000777,0.2980739373688107,0.4417945293616895,0.8451593645318629,0.8341712246062091,0.6545457680346295,0.8606608388787308,0.1780638867570539,-0.4070563506221288,-0.3784732952270897,-0.0286536975713882,related,8
HP:0010385,exact,direct,Bullet-shaped bones of the pinkie toe,Mistral-Small-3.1-24B-Instruct-2503,-1,0.0249866332807526,-0.404644239699777,-0.3711243815864464,-0.1581776947769838,0.4924600524344774,0.0405420879435175,-0.0704186246198109,0.3858813457160133,0.8828371455025226,0.5147592697979084,0.0321931616129734,0.9166298659692428,0.2133581257910485,-0.2153331448748763,-0.2701269335756564,0.066656567832682,-0.0896415693735742,-0.4743845070667765,-0.3190226700809776,-0.2658754206691359,0.4439261850178569,-0.1290060093460958,-0.1564373352930144,0.2883559487772872,0.5567050417287863,0.0835044663506681,0.0145201783479373,0.442624057118204,0.5801260953228496,0.4389503004494687,0.3102649229175493,0.4810858843635583,0.3424883277883803,0.0078200267776051,0.0216637301238799,0.1938155773646225,0.0998885850248286,-0.4421283969821738,-0.4083990289865282,-0.1085371257487965,related,8
HP:0010385,exact,direct,Bullet-shaped bones of the pinky toe,Mistral-Small-3.1-24B-Instruct-2503,-1,0.3157642689882609,-0.1456067146589401,-0.1799788600568835,0.1662255272823239,0.5253052491521831,0.0885678908391301,-0.006893624974688,0.4284833099540123,0.8422136265853875,0.4435183685763722,0.0271968891419906,0.8575611601342394,0.2179434247330084,-0.2060505436099684,-0.2759404736869388,0.0713694373004251,0.1908139445481916,-0.2548484023445794,-0.1890561924268864,0.0225202843319419,0.5515445133207965,-0.0264674601491186,-0.0607124682753415,0.4165581039770105,0.5606730821072652,0.0883198822835009,0.0131274358850478,0.4475850299070706,0.627805379227145,0.4940398825465406,0.3735517053103566,0.5401053059559718,0.062061946588393,-0.2451931255276664,-0.0986933413653275,-0.1100102529136471,0.254680832254378,-0.3594156385131035,-0.3578264551638423,0.0524214569775238,related,8
HP:0010385,exact,direct,Bullet-shaped phalanges of the 5th toe,Mistral-Small-3.1-24B-Instruct-2503,-1,0.8296147626575874,0.737788897654511,0.5292165863215493,0.8923994763037836,0.7486131378068289,0.4588735955807008,0.3120010945078049,0.7438474301323956,1.0640250595874574,1.0804478522342615,0.0904038745399491,1.2032023293200262,0.723016806206423,0.2940031957740979,0.1892882475070104,0.6438025569503169,1.0252808156509303,1.1833541917165795,0.8379370456459513,1.1738362594293283,1.1469986987448209,1.4606598973955642,1.266287065501679,1.3822378431243776,0.9519193354916256,0.7314523703564918,0.549935511868904,1.0124151756310855,1.0171167956189135,1.2363946141581024,1.047431647935959,1.091365432741741,1.0091550959447648,1.3794897303365354,1.2306468352164113,1.1415174134112247,0.8411547849475475,0.3086714593175881,0.0669074890759615,0.8232571061663935,related,8
HP:0010744,exact,direct,Absent long bone of foot,Mistral-Small-3.1-24B-Instruct-2503,-1,0.6417792303872191,0.3244335119637768,0.1604080703801537,0.5939682196379762,0.459788804176786,-0.03664959391113,-0.1275704526947912,0.3442962308630943,-0.3422238806438929,-0.4806885606074899,-0.0796824035326644,-0.4678480616010554,-0.5318631206782471,-0.6809817505627936,-0.6288966941283978,-0.6268882157042918,0.770066470852043,0.5187156371765151,0.3546684113108774,0.7478251581217796,0.0456247731937887,-0.4170052400717163,-0.4023904745432334,-0.1336402315194771,0.3069647675505236,-0.1766080882635885,-0.2025832548274949,0.1501139112870518,-0.3581427215551454,-0.4979528545724057,-0.49964822417419,-0.4874324478101699,0.0376217185821495,-0.3134329202552111,-0.3484749281602646,-0.1349799405264015,0.1047272295329974,-0.438131458888063,-0.3921533510274804,-0.1036701355119735,related,8
HP:0010744,exact,direct,Aplasia of the metatarsal bones,Mistral-Small-3.1-24B-Instruct-2503,-1,0.3678377543179359,-0.0519187856808952,-0.1230118704126549,0.2291236145176119,0.2110479422456701,-0.2585419463656027,-0.295528489140034,0.0494992693986613,-0.5098826804765544,-0.6263318827569806,-0.0847849702407587,-0.621001493595472,0.4016252745159754,-0.1285377954146075,-0.1798010414730091,0.2663145831765893,0.7206364782413209,0.4239958223148794,0.2545885553069854,0.6757471405357531,1.0705102361323993,1.030334163821585,0.8455291804274803,1.211893698484208,0.2997609720915259,-0.2393004756538335,-0.2322215079053257,0.1421754799199945,-0.4703748116950798,-0.5322378466204064,-0.4995007113329719,-0.586994826162693,0.7192758910953522,0.3733181329373851,0.2299152214212753,0.6724417076902572,0.8319816396535602,0.3435158235307232,0.1077431760060305,0.8077897528734692,exact,9
HP:0010750,exact,direct,Baggy eyes,Mistral-Small-3.1-24B-Instruct-2503,-1,-1.535218389315168,-1.069219456605776,-0.8532444308968331,-1.4883444300295925,-1.518812027480583,-1.072476688871428,-0.8761930668535398,-1.4663669821528416,-0.1670165785940132,-0.4254313203725547,-0.0714031304514813,-0.3017191941453789,-1.422407136053245,-0.8670231629429143,-0.7612091480240194,-1.334815438826848,-0.747735744219275,-0.8414663857391569,-0.6613331466695719,-0.8532211826983364,-1.2839492654629416,-0.8219485757464261,-0.7159671256983229,-1.238747274172942,-2.4861768554118537,-1.0229276989942726,-0.867163209836635,-2.092662433395857,-1.0978089489492604,-0.8566041708495863,-0.7764942876521038,-1.105157018000898,-2.6462910560564525,-1.1958181268977373,-1.0202079938355633,-2.1943446329385536,-1.945010718976652,-0.9377111708272536,-0.6730861303324012,-1.6873353835623788,exact,9
HP:0010750,exact,direct,Droopy eyelid skin,Mistral-Small-3.1-24B-Instruct-2503,-1,-0.7043731000523972,-0.7668042673697804,-0.6358976060858289,-0.8406992755162213,-0.612968432955336,-0.7710541246023668,-0.6609152123842262,-0.752205538138062,-0.1238126218586641,-0.4842046787679875,-0.0754379256628686,-0.2596835075381205,-1.5032965437638175,-1.0437296798311326,-0.8878230922896744,-1.394917668077125,-0.7585141837009048,-0.8347023304993291,-0.685631060593466,-0.8620540963490149,-0.6986678584563099,-0.6882500620190277,-0.6112281552263782,-0.7903206391594249,-2.0594035524674656,-0.9413810776380456,-0.8060905448365969,-1.806904974332124,-1.268593490972444,-0.8027176567380698,-0.7438015221428386,-1.23709139904033,-1.5496441281999591,-0.9799314276453064,-0.8545853426630272,-1.4623179954857022,-0.7503402564973853,-0.7534467338521508,-0.5725427736933075,-0.8521153592403186,exact,9
HP:0010750,exact,direct,Extra eyelid skin,Mistral-Small-3.1-24B-Instruct-2503,-1,-0.7281923447338303,-0.7880248312603663,-0.6632118557522662,-0.8608054360850323,-0.4619656385503966,-0.6741044149761162,-0.6217849313035305,-0.6194049132507528,-0.3971770075734632,-0.5707490915599436,-0.0877592655353926,-0.5186325107990675,-1.5263516365325471,-0.8967391429509759,-0.7870756981064978,-1.411945561117116,-0.6585283831286328,-0.7935219566676265,-0.6524102645618585,-0.7792811391210146,-0.2332817857292996,-0.5296758517759426,-0.5029152045236384,-0.3949585631502125,-2.0146161110993805,-0.9640526585527904,-0.8392108120810757,-1.7762666918436945,-0.842052214481389,-0.7713445964420138,-0.7284759841074048,-0.9009151615470656,-1.930507922350841,-1.0417795096179652,-0.9436857578222464,-1.727733686342172,-1.2631586565515416,-0.8714378409659589,-0.6468388213440865,-1.230962890262556,exact,8
HP:0010750,exact,direct,Eyelid dermatochalasia,Mistral-Small-3.1-24B-Instruct-2503,-1,0.446706847040113,0.0538820967937122,-0.0642118829811634,0.3278365805160199,0.7113943798087629,0.4491888853842969,0.2699094772586962,0.6876512794331976,0.6220085690424114,0.0278232256460546,-0.0261432333198507,0.5613152691021097,0.8851273554738511,0.6681976048097152,0.5352495252462574,0.8588856995928509,0.0611010004416813,-0.3806867179116605,-0.3629298773104297,-0.1144957671668578,0.4765681433842714,-0.1208286040035788,-0.1864886880642134,0.3264457174859517,-0.1066357585208984,-0.4515143538714518,-0.4407661487636735,-0.2724595623823166,0.3541927397409296,-0.216975224297983,-0.2572886453010782,0.2183113154519287,-0.4880426343422392,-0.6200025266368071,-0.5486257059144266,-0.6287395853603571,0.2674567733205775,-0.3231319540259231,-0.3390634082407125,0.0662324438265557,exact,9
HP:0010750,exact,direct,Redundant eyelid skin,Mistral-Small-3.1-24B-Instruct-2503,-1,-0.6754813156980002,-0.7512739654022713,-0.6530854928219334,-0.8161623843888589,-0.4536992039215906,-0.663567411079529,-0.604384203536647,-0.6119886744826634,-0.2352367350399577,-0.5793960434006412,-0.0835695187790265,-0.367204226945291,-1.4578686651250108,-0.9524038894134048,-0.8321242674908027,-1.3612337940937802,-0.7289469448422158,-0.8250395293873085,-0.6855332827995576,-0.837772664976546,-0.4431850450296528,-0.6139660048429609,-0.5465246009168919,-0.5786059974815314,-2.117484051422825,-0.9649405660527114,-0.8279702431733519,-1.846439813998064,-0.9720121577670334,-0.8076224947953843,-0.7511576344942551,-1.0057623661942143,-1.846024427980013,-1.0464731141638226,-0.8845119851151821,-1.670023203488404,-0.6546628598064235,-0.7288576465985321,-0.5589879390230003,-0.7768997915663561,exact,9
HP:0010750,related,direct,Hooding of eyelids,Mistral-Small-3.1-24B-Instruct-2503,-1,-0.5588122079704279,-0.6999258872541082,-0.5940339080580955,-0.7153399636990667,-1.3666583776392986,-1.0036759933781596,-0.830179917542352,-1.3544193259312405,0.093961705593359,-0.3789130538575538,-0.0623623082232414,-0.0403799292494803,-1.2904606130160097,-0.8398910693207383,-0.7485836944235372,-1.2355166069111496,-1.1255580794326925,-0.967621295629276,-0.7369013882634401,-1.1511512127275174,-1.0162883253593342,-0.7747462520933704,-0.6802104115698897,-1.0390864479159194,-2.367596176487357,-0.9933284799419476,-0.8392089635441117,-2.014313432168079,-1.450241426022472,-0.8281572418971284,-0.7489627528905521,-1.3739761454080626,-2.028444694212294,-1.0542431849420817,-0.9221896882060312,-1.7938684869181485,-1.247543101458633,-0.8509802625909058,-0.6281877118122994,-1.219948296903017,exact,9
HP:0010956,exact,direct,Foetal megacystis,Mistral-Small-3.1-24B-Instruct-2503,-1,1.0173480932651369,1.570830689036668,1.3545423265967658,1.264750245325831,1.1773394031815216,2.5272961467928523,2.499847285448442,1.6069606898501485,1.5051810193403294,4.763787370775022,0.5783899274631897,2.310558034060775,0.5655431589237099,0.2456007718037436,0.1501641101850557,0.4520758568318871,1.251805236432657,2.4583690472969155,2.221853872857136,1.6970329038341905,1.2672237574585477,2.9566254085227834,2.979322461554464,1.743331474238888,1.155802077675692,1.5756232445080662,1.394231573380389,1.4168777605064815,0.2243632920659463,-0.1889047191784742,-0.2462673233495105,0.0777562697301359,1.223866373615036,2.276436820915901,2.203776018812738,1.6258964539461531,1.1883152731237048,3.1360602360868133,3.423136416223406,1.7451288286934266,exact,9
HP:0011072,exact,direct,Absence of tooth root,Mistral-Small-3.1-24B-Instruct-2503,-1,-0.7936778863725985,-0.8287810945670679,-0.7040508502668583,-0.9155282366668456,-0.1074703253755688,-0.533665185828962,-0.4967242373944008,-0.2854876545934176,-0.1395527152706152,-0.495063562838543,-0.0862209359268554,-0.2750501492188295,-0.1835859941643944,-0.2813936397226136,-0.3355259933853032,-0.3184248232005487,0.393771873552321,-0.0402573311988625,-0.1320162872655168,0.2521100291035089,0.3306093666103822,-0.2410025272083779,-0.2633387933796696,0.1608565987390953,-0.5711019793453388,-0.6749927041998266,-0.5990823718889726,-0.6887085375492269,-0.2780145066282986,-0.5665831114938399,-0.5137254109594486,-0.414780647716702,0.3701076155215386,-0.1559915202927933,-0.2093004139390608,0.2257304314383967,0.0091550992896912,-0.4694662790022454,-0.4134707104317889,-0.1980526819218968,related,8
HP:0011072,exact,direct,Agenesis of tooth root,Mistral-Small-3.1-24B-Instruct-2503,-1,-0.8520795318041535,-0.8552512058035638,-0.7263265006334045,-0.963670940675502,-0.7824866431286756,-0.8322085659493712,-0.7110777138134021,-0.8957638801566328,-0.4724576729251427,-0.617168276254161,-0.0891790161698304,-0.587265733284911,-0.439526028435193,-0.4201403880998525,-0.4085243210017929,-0.5472924402613702,0.0988449864933308,-0.3248059291366363,-0.334704783967167,-0.0753171691983605,0.2719602508895473,-0.2822151394589407,-0.299828049524299,0.0974492068229153,-0.5844453917401291,-0.6548899109122244,-0.5926445285515219,-0.7000002473499894,-0.4110574698092656,-0.6140096815333274,-0.5774916529056583,-0.5346815189440156,0.0806609114894822,-0.3693392519051556,-0.403008706628354,-0.0908631043793919,-0.2303080087068313,-0.5601211366067085,-0.482855744332353,-0.4204208966075429,related,8
HP:0011072,exact,direct,Aplasia of tooth root,Mistral-Small-3.1-24B-Instruct-2503,-1,-0.570975596344674,-0.7417222769257749,-0.6381173891129327,-0.7259862692478504,-0.7275476623222749,-0.8237881915969053,-0.7111363227733706,-0.8498347353260391,-0.4518580435951324,-0.6178985012335183,-0.0903984945501386,-0.568589435113751,-0.6670524444498914,-0.5601034780201566,-0.5237859615607381,-0.7409300426618736,0.2758832319404936,-0.1708398672755333,-0.2307213387350197,0.1162835179537422,0.1182040807218191,-0.3769996001272613,-0.3783767902077694,-0.0616696321900575,-0.4264711479546272,-0.6328605885921482,-0.5566654264452024,-0.5641591508516572,-0.6191935700854985,-0.6790714370081541,-0.6359969296167614,-0.7154083187869266,-0.1714313045932866,-0.5101291442055061,-0.5153737960104672,-0.3404801427510646,-0.2664133682287015,-0.5755608451314305,-0.4871991421617642,-0.4524397741930167,related,8
HP:0011072,exact,direct,Missing tooth root,Mistral-Small-3.1-24B-Instruct-2503,-1,-0.0363155926765156,-0.4880558576591595,-0.4495109407622673,-0.2217663098513531,-0.0178348392413098,-0.4766537830672198,-0.41679226482572,-0.1951153390188957,-0.9044799219040146,-0.7137793196608956,-0.0875995433969075,-0.9630797578871576,0.1039654088214918,-0.1229251891551384,-0.1751739390188932,-0.0438046485898143,0.4537598964972939,0.0022324149053813,-0.1078266710752103,0.3241919782602172,0.2897204943413486,-0.2635478675917755,-0.2839885180077309,0.1164789434591094,-0.2894371649333996,-0.5641812560591543,-0.5083182420255307,-0.4421713994870022,0.6249638006489261,-0.127452417799595,-0.1701573564876613,0.5365479768715359,0.4042716057057664,-0.1252628480078366,-0.1802132713099699,0.2657849847038663,-0.0436979456493837,-0.4977273725343252,-0.4391735246606954,-0.2487615736859557,related,8
HP:0011072,exact,direct,Teeth without roots,Mistral-Small-3.1-24B-Instruct-2503,-1,0.2235804548739609,-0.2497041561828231,-0.279079368157519,0.0588076036281582,0.2170895450086678,-0.3086168539381375,-0.3352439290131213,0.056263581305409,-0.3291042497381638,-0.5648864505430898,-0.0885184439042717,-0.4556347992103884,0.4133641476468613,0.0993085561628682,0.0332924588776834,0.2792162666610922,0.5567341858031453,0.1603614471038708,-0.0094053352888698,0.4533026661746697,0.6332043633091836,0.0488829414132785,-0.0271195669339196,0.5193964454554043,1.031837919390607,0.9241825005368626,0.7407934640636634,1.1561776443120162,0.831604333252412,0.1458369252455713,0.0717365361557833,0.8105775124795653,0.1258347282656181,-0.3405990227864029,-0.3414922762709255,-0.0438167083708324,-0.0090565121667238,-0.4575001592524325,-0.4026307070937845,-0.2156392157194827,exact,9
HP:0011072,related,direct,Tooth with dentin dysplasia type i,Mistral-Small-3.1-24B-Instruct-2503,-1,-0.7050481872265265,-0.7953268011775009,-0.6425929325956721,-0.8412706420750233,-0.925029640554168,-0.9073844870091328,-0.7494154383875609,-1.012461426675032,-0.7103494091872327,-0.699609339282561,-0.0966901930254719,-0.7977086882648039,-1.327210579964821,-0.858951624703836,-0.7736915027236113,-1.2633362746619103,-0.4258519540862407,-0.6614270082141424,-0.5385576571681507,-0.5788122108582995,-0.8156816217587516,-0.7134186601479627,-0.6402646180607413,-0.8836455408425533,-0.3220226374989209,-0.6079887643610213,-0.5572877748495331,-0.4715573857930689,-0.2101132905475653,-0.5872349818435476,-0.5618202507627755,-0.3521130307549995,-0.912137923416766,-0.7878345594480743,-0.7867205027590912,-0.9820025965349608,-1.100249540588549,-0.8081557516916814,-0.6113878885891878,-1.1145745724168203,related,8
HP:0011093,exact,direct,Molar shape of bicuspid,Mistral-Small-3.1-24B-Instruct-2503,-1,-0.2952633200359392,-0.560191032454196,-0.5107085723452076,-0.4760301660962329,-0.260826083324452,-0.5800011288477485,-0.5220920776482805,-0.4341771539305193,0.579571239023525,0.148830052129967,-0.0090785125504084,0.5080701492867248,-0.3917502113510256,-0.5546115432769991,-0.5257285044859792,-0.5055257235652446,0.24101536917474,-0.2318388497141658,-0.2633436971385826,0.0774499253450424,-0.5506531528580001,-0.6408071900785313,-0.5760515334535501,-0.6690946773581773,-0.8618139421294592,-0.7180517642074805,-0.6412197154085179,-0.9279687778316942,0.420518722289224,0.1695756613081352,0.123039902623104,0.2928443056473037,-0.2075176000632517,-0.4818307531041112,-0.5333180881071058,-0.3746212961641256,-0.3429338194823412,-0.6446350833408907,-0.5072584275087859,-0.5191531848015403,exact,8
HP:0011093,exact,direct,Molar shape of premolar,Mistral-Small-3.1-24B-Instruct-2503,-1,0.7771102226956155,0.6233511008067119,0.4546030636148469,0.8034992870725709,0.4002836762950091,-0.0353084882062585,-0.1109531460477795,0.2704405025596847,0.4902276686285411,-0.0244493949303426,-0.0384544671822152,0.3992974473269963,0.6042556796890516,0.2102717900602393,0.0780825398888573,0.4978777994496927,0.762559594597195,0.4672741651082553,0.2502319362590042,0.7367071667901038,0.1028161798535796,-0.3682625009295114,-0.3732999863641887,-0.0770844457249511,0.2323581061803977,-0.2596821572892309,-0.2870484663170338,0.0690440837973188,1.096674153342568,1.2613554546103058,1.0773415297938853,1.2263811387076438,0.2536955525464389,-0.1805833093224093,-0.2802932934448489,0.0938408083333218,0.6021643439414784,-0.0488345244488382,-0.1353307864090919,0.466449099587386,exact,9
HP:0011093,exact,direct,Molarization of bicuspid,Mistral-Small-3.1-24B-Instruct-2503,-1,0.0023861608096683,-0.3615624915897121,-0.361594605810078,-0.1817901812537944,0.8909060843210508,0.8683647072802574,0.6558003237890393,0.9768479304452854,0.9657148045203532,0.7071940371308056,0.0475719639015007,1.0425412987383555,0.3472229714653099,0.0068734062749642,-0.0461165872405496,0.2072558707348298,0.5800262465835156,0.1507538869076223,0.0232748237719547,0.4835493507019349,0.6728576246365704,0.1039828552071683,0.0126334072907928,0.5713500437487359,0.2915129769398357,-0.1586651883726089,-0.1926563969979926,0.1331162063953069,-0.184164213930197,-0.4088427296052332,-0.4094002232267327,-0.3278829922301296,0.5966565477944594,0.1154841150618956,-0.057160074036932,0.5050200836315627,0.0758367497715216,-0.4687810194717927,-0.4098236827157921,-0.1325854520365084,exact,9
HP:0011093,related,direct,Enlarged premolar,Mistral-Small-3.1-24B-Instruct-2503,-1,0.4656683841153239,0.0652903724779306,-0.0514027285400454,0.3522453381262516,-0.5739736922427486,-0.7170149441192748,-0.6214150314550096,-0.7183804721499533,0.1557740634303159,-0.1647158746968355,-0.0445202138076584,0.0243861723564777,0.5286940813689719,0.2936555701978537,0.1669909005360303,0.4092061801566907,-0.3295288349336485,-0.6458783585965279,-0.514511081092573,-0.4922322132023548,-0.2738451169192166,-0.5510680386749474,-0.5091847014169659,-0.4312251172757057,-0.073977709795557,-0.454140013082663,-0.4453845087263616,-0.241195034321664,-0.050139356809835,-0.4813109455322375,-0.460138227593146,-0.2000819450467177,-0.2567297591819426,-0.5425944954562487,-0.6024432325315563,-0.4206089287464413,-0.1421117539673926,-0.5583178078706714,-0.460130410006116,-0.3406401069265128,undefined,-1
HP:0011093,related,direct,Increased size of premolar,Mistral-Small-3.1-24B-Instruct-2503,-1,0.4415300199561097,0.0052108039899821,-0.0777266578855735,0.3212201928383028,-0.0897842710147369,-0.4501590044430916,-0.433635194222575,-0.2678709614646363,0.6320528414685957,0.1665467110787721,-0.0175666395906146,0.5740778695347118,0.4227604064558455,0.219373690216156,0.1404184512290857,0.2895850558936461,0.3090677738649901,-0.1516215241992475,-0.190845342539125,0.153788555994415,-0.219092606217807,-0.5298310045123219,-0.501665296455418,-0.3821778176168507,-0.4459064727307218,-0.6235534498279218,-0.5618177124898998,-0.5811351090968057,0.9050083586231638,0.8522015121851904,0.7524753283895124,0.9168982232916408,0.1348486172012308,-0.295790750516839,-0.3685433952837576,-0.0343347337012442,-0.390302172891361,-0.6592643561977483,-0.5172722726216423,-0.5597118581205294,related,8
HP:0011117,exact,direct,Abnormal serum IL level,Mistral-Small-3.1-24B-Instruct-2503,-1,0.520976169686039,0.1447604433371073,0.0323486915022372,0.4250894330597746,-0.2401844582546266,-0.5965060823776894,-0.5259904634601266,-0.4145668648906946,0.8856854408481752,0.5028113216712404,0.0416008977356699,0.9208328339690398,-0.5858173782624511,-0.7224909537459022,-0.6704852544056616,-0.6727443369055983,0.8340477889377641,0.63427191663796,0.4070068355461771,0.845309320194237,0.6412257563474147,0.0820410199836106,-0.0223638510248019,0.5297927754301845,-1.4928126853608843,-0.8447540041917172,-0.7269869393931523,-1.4082474727437744,1.0847633741971954,0.8667701949153636,0.7196626301616248,1.205464261141128,0.4151012831968915,-0.2081586089227353,-0.2880018353047333,0.2786201120869715,0.7449536360782991,0.281612702775674,0.0589938678065057,0.66918513933063,related,8
HP:0011117,exact,direct,Abnormal serum interleukin level,Mistral-Small-3.1-24B-Instruct-2503,-1,1.0753979424967852,1.9074300023413744,1.7330052508442229,1.4074383175541894,1.0611247476681982,1.5345038270880529,1.2767780330453449,1.3116668236623985,0.0841110141101369,-0.3712218028750744,-0.0471254452802873,-0.0505907482516568,0.6553033754126721,0.1403311159965873,0.0399428878674685,0.5595517248888644,0.9607074180908776,0.9617006321201592,0.6569577443617958,1.0554427314295818,0.8918178474873444,0.4949125051837798,0.3424515586061124,0.8895964897713002,-0.7641427402609987,-0.690777610618387,-0.6155378792899072,-0.8490877852160187,0.92776102590074,0.5000589150638349,0.4032079290453273,0.9510318304313944,0.5752066518857388,-0.0290404040631456,-0.1615017685235237,0.4770558813443743,0.8482845227282203,0.4748359865178149,0.2125483900870533,0.8354073557404271,exact,9
HP:0011117,exact,direct,Abnormality of IL secretion,Mistral-Small-3.1-24B-Instruct-2503,-1,0.3677925631064854,-0.0507582562175124,-0.140851675692606,0.2290682793497074,-0.410258682255512,-0.669657339912084,-0.588803530747669,-0.5727517607247063,0.0795212599833629,-0.1959043813937911,-0.054387490227354,-0.0553382005303017,-1.1970460000944725,-0.8691144642362324,-0.7571380765713893,-1.1642086794000397,0.3621755740133493,-0.0798669733445209,-0.1746096365702237,0.214981397103814,0.1427170197352945,-0.3472353424944321,-0.3496193001203238,-0.0369331886011078,-0.9917529939314194,-0.7326605611441,-0.6508497974431828,-1.0307951113254208,0.178679075887191,-0.2546642748813543,-0.2819548863392808,0.0298176262303517,0.0848701095268275,-0.4427348779968847,-0.4960279464759096,-0.0865121020108589,0.419805703738121,-0.1090843466143554,-0.188260544220173,0.2382699108397421,related,8
HP:0011117,exact,direct,Abnormality of interleukin secretion,Mistral-Small-3.1-24B-Instruct-2503,-1,0.8147551970832654,0.7356953258669877,0.5451153046412754,0.8667278171739272,0.6651706827824551,0.3267107484753221,0.1732309652208901,0.6200970715395715,-0.0022095377819281,-0.2817812550673462,-0.0568004452747762,-0.1388383942314985,0.4944566911447874,0.0744104734742161,0.0497663467095402,0.369977241860244,0.6598727015325339,0.3132155948704003,0.1273528683759615,0.5905325297111155,0.2641328134007898,-0.275791718664738,-0.2928549394463453,0.0891080052309661,-0.1021588695612089,-0.3673363068246747,-0.3409276607337018,-0.2681917769911104,0.1713820741374818,-0.2594190768211609,-0.2719736205772021,0.0222286119155533,0.4149854730606737,-0.1832772758115903,-0.2733723425245344,0.2784824960428922,0.5823045901624557,0.0433605317232662,-0.0953907217447446,0.4401468767416222,related,8
HP:0011744,related,direct,ACTH-dependent hypercortisolemia,Mistral-Small-3.1-24B-Instruct-2503,-1,0.6561875790964433,0.3871452520108823,0.254335936798753,0.6151389319196694,0.5970116190149652,0.2750142877205208,0.1486560256825585,0.5245102498630932,-1.168669032745728,-0.7467161973139641,-0.0915189315513144,-1.1803887895269007,0.488338454194632,-0.0293238468594488,-0.0980254544921836,0.3630258799463254,0.982344249391912,1.0276334888981835,0.711938067903616,1.094125150386652,0.4499969937163816,-0.1435249462482168,-0.1849343852674248,0.2953906603699628,0.1086398098299843,-0.3017119443430965,-0.2963551952531035,-0.0602672033788358,-0.2568727514583609,-0.5260539050257219,-0.5023049273130048,-0.3953800425033246,0.0857880120879606,-0.3155043708153921,-0.3555437479133493,-0.085562398237245,0.4003675317617189,-0.1494017303193606,-0.2299318699312033,0.2154988349238249,exact,9
HP:0012071,exact,direct,Abnormal circulating esterified carnitine concentration,Mistral-Small-3.1-24B-Instruct-2503,-1,0.9668208426164748,1.305251975013071,1.0946773417863027,1.1536927961916352,0.7279388974007508,0.5006443606625349,0.3462918555360099,0.712422868628344,0.6401597650540807,0.1059057976582357,-0.009900504234519,0.5844250517863245,0.8236677220044777,0.716573944601398,0.6006540256092628,0.7748803272162166,1.0632819457078555,1.3246490643029216,0.995306195455844,1.2480986254468336,0.1576797396146879,-0.3504427577184131,-0.3580762576875486,-0.021722324143946,0.4075667415357644,-0.0975187280295022,-0.1285221950206634,0.2636670341716024,0.4554338737289912,-0.0307565650643414,-0.074535713965775,0.3328992199694909,0.638920098740087,0.0819579351168324,0.1304931538052375,0.5612095717900549,0.2654582588511163,-0.3503520086403374,-0.3322704896978919,0.0640662630110619,exact,9
HP:0012071,related,direct,Abnormal acetylcarnitine profile,Mistral-Small-3.1-24B-Instruct-2503,-1,0.9853958210214326,1.3743351249460365,1.1657639743183152,1.1933427910037984,0.8062296824084503,0.7038394232864319,0.5652112329080654,0.8344144534330737,-0.6856380128699295,-0.5958069588064644,-0.0904916525028211,-0.7762703163718732,-0.0665502931956544,-0.259215985869511,-0.2839551926678323,-0.2091503742844245,1.0141587972042687,1.134304412488914,0.8792499211759048,1.1527875377733496,0.4240970823716702,-0.1599253189307903,-0.2076398321447968,0.2655306671598055,0.6204477043438187,0.106050643300736,0.0560683500442427,0.5237415232476129,0.942029034747308,0.5390326274044519,0.4220916641210895,0.972746842281174,0.7100611216148187,0.2271250611908407,0.0697220157452243,0.6593695742458217,0.1467151258356211,-0.4331375388753166,-0.3997440788540863,-0.0610139552066735,related,8
HP:0012225,exact,direct,Failure of development of some deciduous teeth,Mistral-Small-3.1-24B-Instruct-2503,-1,-0.0325431693945116,-0.432721352796448,-0.4052268194196319,-0.2178945559308836,-0.1690480802206415,-0.5548150141106443,-0.5046120428967048,-0.3460437323444763,0.4784219250772315,0.0295707815206839,-0.0245647001317774,0.3852377120417379,-0.4708593140865444,-0.5142010222095807,-0.5316913177754079,-0.5744651700470049,0.5089140443178871,0.0973371562189715,-0.0046511520882937,0.3924470716193119,-0.2766742058065389,-0.5558091082943575,-0.5047963068393634,-0.4337398700385604,-0.1288338701449762,-0.4600352307478155,-0.4267115668583686,-0.2935376876961421,0.5751921882456015,0.2570749543151071,0.2005263541768246,0.4750576140117186,-0.1640952328780628,-0.4021678000007709,-0.4254008763432141,-0.3334947879769107,-0.3692690078281775,-0.6131464796675048,-0.5046924805237489,-0.5417697714729565,exact,8
HP:0012225,exact,direct,Failure of development of some primary teeth,Mistral-Small-3.1-24B-Instruct-2503,-1,0.0258925432579829,-0.3916924564736949,-0.390013177517497,-0.1572269980245709,-0.0836518112436067,-0.4955413805014798,-0.4579778843811346,-0.2617384901905869,0.6308640312642015,0.1440079050520634,-0.0099542917475701,0.5725640347198488,-0.212197014536431,-0.3562249359227996,-0.397664131609971,-0.3446675649991791,0.5957746962511415,0.2168513712266587,0.0592623102621229,0.5042364266116465,0.2950915418417724,-0.2604774880529506,-0.2868866138767463,0.122262717326557,0.3678333326904329,-0.1282018292673983,-0.1669321930740849,0.2181973647772229,0.5308075519497985,0.2112625457150075,0.1882172273038064,0.4214619074681859,0.0629519689315477,-0.2695361026895679,-0.3309744469758343,-0.1090968863587912,-0.0919672560074557,-0.5102426535700392,-0.439605904001583,-0.2942222215149321,exact,8
HP:0012225,exact,direct,Partial anodontia of deciduous teeth,Mistral-Small-3.1-24B-Instruct-2503,-1,0.6739407727024094,0.3684760501209927,0.2050168304673492,0.6415637309602001,0.5510488446786789,0.1500077135321285,0.0531601254911931,0.4624637210241605,0.7212070643010798,0.344962891449571,0.0061859352750546,0.6902725143171541,0.282464838739189,-0.0559790899585276,-0.124306916723431,0.1384415094389219,0.8664414509804891,0.7129146683910398,0.4862145195060164,0.8966930767874983,0.2448334756181654,-0.2948048025884594,-0.3143615022875336,0.068658899709092,0.0848091423411891,-0.3707986458234334,-0.3509183609813072,-0.0845095300712832,0.9250250168053032,0.5955472506267183,0.4825482330029277,0.9468955593278756,0.0119111534644313,-0.2402121157406344,-0.3474473530406788,-0.1610195530664381,0.4351498365199179,-0.1505537602181501,-0.2199263120298879,0.2564325497608202,exact,8
HP:0012225,exact,direct,Partial anodontia of primary teeth,Mistral-Small-3.1-24B-Instruct-2503,-1,0.6331748237270493,0.2837305304312421,0.1360117156818232,0.5814392453362268,0.6082926425802695,0.2356568160465725,0.111513082053962,0.5400240281261738,0.9563721186926184,0.7313677511028615,0.0439964220689302,1.0279512419646455,0.7857034453590861,0.6107922182942598,0.4569521084383308,0.7245522169853229,1.052713111003635,1.2729252698330344,0.9212847878880578,1.2270617936040935,0.5150249651849053,-0.0797851278296754,-0.1144456313202308,0.3721894929899719,0.5760164162094578,0.0766400641212042,0.0080169700244434,0.4668753567811282,1.315837865841084,2.2365840588998926,2.12963465812775,1.6769102999617227,0.199467813701183,-0.1232501080115292,-0.2459886581294677,0.0346057836640264,0.7698635992847985,0.2677816645774257,0.0525014758984905,0.7074791733086129,exact,9
HP:0012225,related,direct,Decreased number of baby teeth,Mistral-Small-3.1-24B-Instruct-2503,-1,-0.5546177682984171,-0.7243264731703577,-0.6325345081932781,-0.7116611394103017,-0.2133544614086664,-0.5779629567372015,-0.5417427129934465,-0.3888965178356411,-0.9239538568837974,-0.6872736915313078,-0.0920595814157898,-0.9793873375289002,-0.7513591203251401,-0.6017564113511237,-0.5767321832408364,-0.8106639849966553,-0.0758789629063528,-0.4575164023188673,-0.4100509239382766,-0.2523720929810737,-0.0992866436129428,-0.4786944021989117,-0.4450460052352158,-0.2721859809667029,-0.9788042653720552,-0.7226324415130884,-0.6244231724129633,-1.020650865419843,0.2075616156326072,-0.0712050920573242,-0.1326965333713261,0.0600388064891273,-0.6745948918543866,-0.6426830983924829,-0.6883754890439964,-0.78816236463735,-0.2043231925078486,-0.5354229880773057,-0.4595275757944044,-0.3971517689990645,exact,9
HP:0012225,related,direct,Decreased number of deciduous teeth,Mistral-Small-3.1-24B-Instruct-2503,-1,-0.0925424979631925,-0.4797760456755143,-0.4416613921340662,-0.2788598256076795,0.0412338643791811,-0.3926166357316224,-0.3969993044931381,-0.1340041805705792,0.2289157170901784,-0.1364393268492988,-0.0412422173763965,0.1026559011947018,-0.7310062249857651,-0.650201233201833,-0.6126066686391292,-0.7939218048917355,0.5705616184901839,0.1767106364942877,0.0933267965842647,0.4712091768013384,-0.0446288288562761,-0.4523483030362044,-0.436034096934923,-0.2206841519019311,-0.7819320540416227,-0.6668076777448269,-0.5983484011491491,-0.8635618584395328,0.3389286632744079,0.0357559125954028,-0.0222377517203259,0.2014324541646129,0.1139456024913162,-0.2165276291736382,-0.3599154026156536,-0.0562745394278691,-0.1052107039441257,-0.4937569922455616,-0.4371058603940254,-0.3065596065123014,exact,9
HP:0012225,related,direct,Decreased number of milk teeth,Mistral-Small-3.1-24B-Instruct-2503,-1,-0.7803138022725836,-0.810565047905056,-0.6995242555968026,-0.9044253291338116,-0.0301642129004505,-0.4653790088567182,-0.4490372408881614,-0.2077104746065486,-0.0641242664555211,-0.3118138013326466,-0.0616867705104718,-0.2008496259787082,-0.7758464023043047,-0.6226143973957791,-0.573099296603941,-0.8307309967964251,-0.8124668855808833,-0.8470420581737721,-0.6534018082100788,-0.9059529924616344,-0.0172925055304629,-0.4418545406155841,-0.4208705725304978,-0.1945916302907915,-0.7387928661908006,-0.6593692442689871,-0.5821280226778107,-0.8283770599816809,0.0752517738598494,-0.1563814938952618,-0.1777734389638877,-0.0760933019732576,-0.7566320758169609,-0.7027791371229534,-0.7221246741019222,-0.856189406895129,-0.6524646486936155,-0.6938041098179187,-0.5461466250162902,-0.7751521216521209,exact,9
HP:0012225,related,direct,Decreased number of primary teeth,Mistral-Small-3.1-24B-Instruct-2503,-1,-0.1003564060476825,-0.4966111411616328,-0.4638977722752455,-0.2867054603639439,0.108204021484698,-0.3488795733785192,-0.3608419327559195,-0.0630927757332725,-1.0118334473443316,-0.6413471397014368,-0.0914877570448823,-1.0523847192572122,-0.53777289771759,-0.5101825544656969,-0.4954253271236201,-0.6319338696998357,0.7062126443319627,0.386249750415142,0.1935985748775157,0.6551962188667685,0.6425070038889376,0.0704661295643841,-0.0117528340279383,0.5314585709234373,-0.1246326075001091,-0.4422705823298078,-0.4320165861887973,-0.2895589313094793,0.2236907753608157,-0.0538975627418784,-0.0990038551804106,0.077045125834588,0.2633549757598578,-0.0962698550832892,-0.2285244084061812,0.1045319261193484,0.2075080473927183,-0.3328969418845805,-0.3503515737588357,0.0021600093655407,exact,9
HP:0012225,related,direct,Fewer baby teeth than normal,Mistral-Small-3.1-24B-Instruct-2503,-1,-0.8003411566886188,-0.8372959488178795,-0.7034152492400753,-0.9210519179242236,-0.1392935748906904,-0.5194711983541376,-0.4945368213978694,-0.3169316380821816,-0.1035335748854877,-0.3557170484455462,-0.0562334232533651,-0.2397956396071813,-0.8200231119302778,-0.6917261283148864,-0.6484942704438196,-0.8667274905950445,-0.0813719045988755,-0.4513182530598806,-0.4086128167965447,-0.2577688291643024,-0.0606560224277807,-0.4583721550858467,-0.4176302965272407,-0.2358768276748676,-0.4232317232929939,-0.5607416100804058,-0.5379331795694737,-0.5613221065820777,-0.8075969745383716,-0.6881425402898067,-0.6373877975527704,-0.8727244729183641,-0.6559244392148914,-0.6662651009360149,-0.6466509696806888,-0.7725105592987076,-0.1500929115452797,-0.5014568047913602,-0.4312921685709279,-0.3479552107131562,exact,8
HP:0012225,related,direct,Fewer deciduous teeth than normal,Mistral-Small-3.1-24B-Instruct-2503,-1,-0.3903755246522297,-0.6564254203895722,-0.594958685610841,-0.5644036801825648,-0.3323321018359676,-0.6431947419383618,-0.5680204523820265,-0.5012097786043628,0.5293140855850579,0.1129067081266065,-0.0167751743439061,0.4463552267316044,-0.733920158709599,-0.6690464758568182,-0.6051183893150391,-0.7963223483188472,0.2302369296931102,-0.2053865437692087,-0.2429535660125865,0.0655605562286916,-0.0111962163970074,-0.4360824960163903,-0.4121543555358983,-0.1887412512443929,-0.3038606573695577,-0.5059147337756471,-0.4885390083146313,-0.4552089466800013,-0.9693866056304334,-0.7523153245115937,-0.6954403668042043,-1.003666538509316,0.060775167297085,-0.2464565597710867,-0.3428922612569189,-0.1113302735315236,-0.1636294542969908,-0.51885091584106,-0.4419375755004229,-0.3603175509425323,exact,8
HP:0012225,related,direct,Fewer primary teeth than normal,Mistral-Small-3.1-24B-Instruct-2503,-1,-0.3854955690649856,-0.6551940624354272,-0.5911841542537606,-0.5599276716875812,-0.1037591660433881,-0.5139052519324208,-0.4747724842249146,-0.2817995318328692,0.4963272001693126,-0.0617180586989785,-0.0169801791228479,0.4065890100277664,-0.5153743103261348,-0.5802279541757933,-0.5514626519559668,-0.6127800597368048,0.2941210084491053,-0.1442068928282927,-0.2064350993610329,0.1368282880745588,0.6967731044966673,0.1436917296428424,0.0456646574203282,0.6033920089741102,0.1215469498033841,-0.2926062170027773,-0.3223352273769469,-0.0470515197160487,-0.7029458485069262,-0.6446840466144136,-0.59762092655537,-0.7860246835363746,0.0920875115962974,-0.2492056499194475,-0.3418778826372988,-0.0790361303156414,0.2226287469792462,-0.3044465614853653,-0.3151497279312397,0.01814804479741,exact,9
HP:0012225,related,direct,Missing some baby teeth,Mistral-Small-3.1-24B-Instruct-2503,-1,-0.8821184776799855,-0.862417366115571,-0.7267017431727663,-0.9881999276828376,-0.7136713898580067,-0.8303289397305583,-0.6923468048706457,-0.8381459573327187,-0.4787700280473418,-0.4349942585784766,-0.0678460892341291,-0.592973338300848,-0.5311779469438868,-0.5538624721992157,-0.5289912745712627,-0.6263028580360392,-0.6142974533472615,-0.765496527334021,-0.5840403301274097,-0.7420482520432473,-0.4736212344020535,-0.6246898638032482,-0.5625848285808379,-0.6044586684353805,-0.3506217217803908,-0.5189895332620643,-0.4643352097003344,-0.4971492393379905,-0.7670201708368073,-0.7560604266370875,-0.6962496287927584,-0.8393036072548566,-1.307582356692936,-0.8414635130205373,-0.7829494287907203,-1.2859042302429975,-0.1892184892932683,-0.5339303770311659,-0.4472519793291176,-0.3835365332101105,related,8
HP:0012225,related,direct,Missing some milk teeth,Mistral-Small-3.1-24B-Instruct-2503,-1,-1.6380610720871167,-1.082074099144377,-0.8545850249005268,-1.5622172163406276,-0.5499035740882657,-0.7623011473537019,-0.6455098863367374,-0.6973422999031242,-0.9892614475716148,-0.7567732668827609,-0.1056987508711349,-1.0337261352739515,-0.5310493488849571,-0.5380475115539962,-0.5021073243086234,-0.626192985561528,-0.801627941627424,-0.8429540203353728,-0.6471625997780498,-0.8971754915899395,-0.3946010814115026,-0.597845323512961,-0.5388266447595254,-0.5369517669404683,-0.2834997826901393,-0.5050453971139423,-0.4683431241173348,-0.4367903977711979,-0.7111250396845138,-0.7340996383376452,-0.6686026956899618,-0.7928610191125979,-1.2574458611166557,-0.84584184109474,-0.7368534953950051,-1.2485158751585488,-0.6205864594619149,-0.6891303000215608,-0.5398530738760499,-0.7497051279617588,related,8
HP:0012225,related,direct,Missing some primary teeth,Mistral-Small-3.1-24B-Instruct-2503,-1,-0.2038081273001023,-0.5655132860766459,-0.5116636276760469,-0.3886602925053253,-0.2752498275043902,-0.6061338934259339,-0.5526007094218021,-0.4478098357491372,0.1393901113353115,-0.1991428792534182,-0.0371393927314605,0.0071003038823384,-0.4105148797078246,-0.517997091329177,-0.4929479426770459,-0.5219792429588561,0.4694672895590355,0.0401862669167132,-0.0658825420339055,0.3434293521110431,0.0034074955633602,-0.4374648862003156,-0.4187824878304203,-0.1746790574740475,0.2568166797710073,-0.1896325764601517,-0.2091693214290765,0.095347815945452,-0.4381135597530299,-0.6337813406295993,-0.5913323610115981,-0.5586266275736154,-0.2823995762887694,-0.4485002753774744,-0.4974200508221611,-0.444344020114587,0.2161982054562858,-0.3249882610382005,-0.3322303581946038,0.0113347748036468,exact,8
HP:0012490,exact,direct,Inflammation of adipose tissue,Mistral-Small-3.1-24B-Instruct-2503,-1,-1.4376171918220668,-1.0191844206898952,-0.8159228447433862,-1.4171443679325768,-0.4973160037145587,-0.6554405308379068,-0.5954929059668869,-0.6509426590712174,-1.540792027003876,-0.8227870420774178,-0.1081625104905501,-1.4739351335736672,-1.0458961828370188,-0.8438574416989071,-0.7519384440238635,-1.04691246593924,-0.6203090047983228,-0.761318801888899,-0.6163742680340248,-0.7471316368979408,-0.8746536164237102,-0.7382077346365858,-0.6424376936772069,-0.929909977505871,-0.8500443723015542,-0.7236933144274212,-0.6537540201819279,-0.9185383486978808,-0.7777413383104591,-0.6721048378960048,-0.6384703291188157,-0.848157692365778,0.0422376818510249,-0.3914458546104443,-0.4389864728963737,-0.1302803420419626,-0.9005683776018676,-0.8005006171846271,-0.5992402088148608,-0.9670724638018112,exact,9
HP:0012490,exact,direct,Inflammation of fat tissue,Mistral-Small-3.1-24B-Instruct-2503,-1,-1.008679593969363,-0.8891920101367011,-0.7295052719768368,-1.0898948218199296,-1.0434163221507955,-0.8955563247147162,-0.7629987575424776,-1.1068682124768046,-1.4760340060706312,-0.8670172156184263,-0.1106824330629143,-1.4237794249910174,-1.0645994190000616,-0.8648456860983079,-0.7609992581123227,-1.061561498893102,-0.5818454477067009,-0.7455805395971588,-0.6178821637088623,-0.7144796261650601,-0.6733365030850554,-0.6876056992209801,-0.5999424766006557,-0.7698355055078883,-0.6852830343791678,-0.6688696373494845,-0.6201417394884509,-0.7843229631679363,-0.6198436044007773,-0.6273742496161209,-0.5874167569035295,-0.7159608096710687,-0.0236053847304379,-0.4402832793487753,-0.5014352085501448,-0.1966183672074893,-1.0146529542966047,-0.8284498219153706,-0.621176866470343,-1.0520376563345075,exact,9
HP:0012537,exact,direct,Non-allergic food hypersensitivity,Mistral-Small-3.1-24B-Instruct-2503,-1,-0.8324338693125231,-0.8520415609570468,-0.7090925667426474,-0.9475439523536744,-0.4540245807284924,-0.7179533787039575,-0.6300500090748682,-0.6122808866383765,-1.1659639026302582,-0.789162707514715,-0.1075096627303824,-1.1782042956356018,-1.0125221197090877,-1.0223356399305772,-0.8706665149756837,-1.020674207390755,0.3571407376075358,-0.0818417244217711,-0.1147313140484149,0.2091158897738635,0.3365018122643909,-0.2429854169588291,-0.2604682433694553,0.1673190266378429,-0.4336190842344374,-0.6394325712601713,-0.59394522853754,-0.5704115670816199,-0.7191800889703114,-0.6810261182223092,-0.6406951898364818,-0.799583411196449,-0.0840740031385377,-0.5259663935688074,-0.5559897572635083,-0.2562765452101124,-0.6808349883607933,-0.7092072508627909,-0.5580784190130245,-0.797638860802667,exact,9
HP:0012576,exact,direct,Renal C3 deposition,Mistral-Small-3.1-24B-Instruct-2503,-1,0.7346485604167523,0.4989173655805893,0.3217850839409358,0.7349941606260783,0.4483944034902223,-0.0211858438260775,-0.1061457309400686,0.3299703069266517,0.1540514624348907,-0.2507207090257161,-0.0593104146080182,0.022564615402326,0.38258006580769,-0.152839490181862,-0.2080889506924262,0.2455039936318367,1.1639808346981182,1.7960424410473192,1.437363540500086,1.4668354646629551,0.9952315237216948,0.7467001120005229,0.5348917184382062,1.0662778219858462,0.1367239295617194,-0.2756112245540268,-0.2718605056568416,-0.0314331303249037,1.3018543081009013,1.7122986040867687,1.5043392554505952,1.6430074872678266,0.8235650633915623,0.363739982576046,0.2002182993755212,0.8269726422696371,1.042563040092578,1.0938977030592334,0.6989460516551198,1.2287364059376158,related,8
HP:0012576,related,direct,C3 nephropathy,Mistral-Small-3.1-24B-Instruct-2503,-1,0.3953014963904979,-0.0665959553834862,-0.1416617317454727,0.2630040701554947,0.0059106786618962,-0.4327174820221219,-0.4470354657867968,-0.1707038629909444,-0.0532960489382553,-0.3639968482287334,-0.0701833433448974,-0.1900784393464438,-0.7002569547230556,-0.8250789753110552,-0.741726384158572,-0.7685167048642731,0.0312960654436621,-0.4181340769956543,-0.356343767588979,-0.1450568747435914,0.4119448164346497,-0.165073995210363,-0.2166410621521117,0.251654915035062,-1.0299545565270647,-0.8120225886799388,-0.724786728085874,-1.0605957918097848,-0.4054031487615506,-0.6667591697615607,-0.6131363088992923,-0.5296592888719232,0.1084060176422352,-0.4911243233950773,-0.5115294447361164,-0.0620603901277312,0.7321983354920321,0.1623020683076652,-0.0119326937481998,0.6499580149592492,related,8
HP:0012763,exact,direct,Paroxysmal dyspnoea,Mistral-Small-3.1-24B-Instruct-2503,-1,1.0962637676975784,2.1303562207116604,2.0367586521841505,1.4640018011668885,1.094652536780335,1.7622330288899704,1.5822572186225032,1.389015083598936,1.0675810991758683,0.6137184252070084,0.0308512457160936,1.209284291320294,1.0063703426189714,0.4771675071069079,0.2870453726737402,1.0353620581718586,0.6267897206857511,0.2505670998496627,0.0643609887152593,0.5455595277764861,0.7217758763488135,0.1899858951326135,0.0779737059970379,0.637500793744717,1.0787225263656284,0.9051438060307446,0.7116122097125536,1.248246988300771,0.8119473933079008,0.2945560564431955,0.2020714572518498,0.7830080715839929,1.236447500697108,2.224874607177538,2.025045008877432,1.6622000986834744,0.937899294451018,0.5997987186826264,0.2913075827811124,0.999337694366718,exact,9
HP:0012878,exact,direct,Delayed ejaculation,Mistral-Small-3.1-24B-Instruct-2503,-1,0.7494886590076802,0.5491729191098901,0.4118218517503286,0.7586193966686238,0.4354732944447829,0.0128095973841008,-0.058471505057612,0.313832195424691,0.849690161334745,0.5967886543030317,0.0297995963912487,0.8683127392769852,0.4555205571941734,0.2173588312772801,0.1421337756024437,0.3260334881954452,0.8395428915042806,0.6591109593320399,0.3614493569239058,0.853924068018789,0.9784920188871232,0.7060595859867161,0.5265856501223519,1.0360847785298106,1.2115752255725012,2.056982268384642,1.8904185426534368,1.5582486560870863,1.1342168119093572,0.8690828146023079,0.7039725263053195,1.2941528878379185,0.6190615198882841,0.0499219737408201,0.0725690419087193,0.5346221967042005,0.8482014447964921,0.334686487088611,0.1104641778363155,0.8352651162675808,exact,9
HP:0012893,exact,direct,Hypertrophy of cervical muscles,Mistral-Small-3.1-24B-Instruct-2503,-1,0.3397969552376217,-0.108050894897754,-0.1857608916829973,0.1950422970310505,0.1545496377441409,-0.2844859164796026,-0.28580341101318,-0.0129352489619988,0.5472990252003858,0.0171160142234315,-0.0376237788313447,0.4682797149304871,0.2818652605281289,-0.3071900710309667,-0.3720258300092695,0.1378115581485262,0.5574645612130873,0.1461834463740456,-0.011282019543802,0.4542449267540559,0.8459089492319345,0.3690656393551716,0.2552051976455383,0.8175697882170483,0.8186165010013743,0.2996115402184373,0.1708797115828584,0.7993379216122477,-0.2299114785500583,-0.5379354729789073,-0.5138957470116643,-0.3704936310369863,0.9050081842479828,0.6798819435927433,0.4809743303262492,0.9576022519619678,0.9567775934092516,0.6430392101883334,0.3271337123385042,1.0370575020267636,exact,9
HP:0012893,exact,direct,Large neck muscles,Mistral-Small-3.1-24B-Instruct-2503,-1,-0.745021551877986,-0.8194154618738302,-0.6981918637134483,-0.8749455279565151,-0.4774058940435435,-0.7166595114116942,-0.6103986851753233,-0.6332149254326384,0.5000113957299035,-0.0095113079613499,-0.0361038025249325,0.4110023755065191,-0.3307697489929502,-0.5796646260013575,-0.5692777356539573,-0.4516046525848002,0.4252730946355606,-0.0226104899535397,-0.15493470634505,0.2896940670931608,0.3083436498358081,-0.253116449819643,-0.2798496883697341,0.1365914212587199,0.0471241752202182,-0.4585948095020861,-0.4444968536774576,-0.1224396056830661,-0.2720527633367411,-0.6606619657124375,-0.6154298045502782,-0.4093199209673134,0.611127095802602,0.026391805605618,0.0018471743755369,0.5240920380620098,0.3385461982919865,-0.2600732991197796,-0.2973802418598811,0.1447404077219924,related,8
HP:0012893,exact,direct,Overgrowth of neck muscles,Mistral-Small-3.1-24B-Instruct-2503,-1,0.1944321234884067,-0.2497704888933344,-0.3000861971932916,0.0257973101167826,-0.2920878831226523,-0.5862433069633443,-0.5277685495541418,-0.4636523642433874,0.5499610518056932,0.0106996905289917,-0.0339261494673284,0.4715398384791424,-0.6659175870572359,-0.7688181641071499,-0.7117625550770891,-0.7399843369911064,0.5385245006564543,0.1184945811283668,-0.0494307247803353,0.4299367741963891,0.7809102612483314,0.258906686343064,0.1211744108987772,0.7208862247109847,0.9230352470769296,0.5263497287160669,0.372671910614006,0.9637627822958948,-0.2703944427113719,-0.5523496189526769,-0.5274127329181605,-0.4077995681587901,0.7547195117970473,0.3118733507499215,0.2505306220231053,0.7235547193198858,0.4076107921820204,-0.2425897334350687,-0.2762920199525165,0.22395353544182,exact,8
HP:0012893,related,direct,Hyperplasia of neck muscles,Mistral-Small-3.1-24B-Instruct-2503,-1,0.5352107060435306,0.1328347772963988,0.0052359807547863,0.4442581192380774,0.5161535411108042,0.1162561237655873,-0.0065279670819236,0.4165301346321739,0.5892868471847198,0.0929816424252921,-0.0283827632169786,0.5201656387878453,0.2011118227397367,-0.2950678770143907,-0.3387814295439181,0.0541033974124811,0.3992907457327706,-0.0499684180823195,-0.1691314697308064,0.2586529206011613,0.8285430820640629,0.3447585657257539,0.1988901888865425,0.7911698202623255,0.8965881682534962,0.4613123905831186,0.3447794314619253,0.9205200171289604,-0.0980581270408121,-0.4852639428019245,-0.4702053657117025,-0.2463046501811192,0.8789766391848216,0.5991934054644701,0.4447711463543325,0.9147567829724385,0.6777017923383344,0.0514018672266954,-0.0944671906063366,0.5704563019438602,related,8
HP:0020059,exact,direct,Increased RBC count,Mistral-Small-3.1-24B-Instruct-2503,-1,0.6896833050235329,0.3273700736722602,0.2119529629583516,0.6653221398342112,0.0497751996992597,-0.4050172194271509,-0.384908501052933,-0.1250588743910102,-1.920908220854178,-0.8200946515431901,-0.099496537666086,-1.7616037116856182,-0.0706744411364847,-0.5093060894906987,-0.4734975893445552,-0.2130560248499844,0.6274725568678271,0.2546966755139935,0.1382992601123934,0.5464782530811781,1.0473325479703002,0.8984357259528997,0.7154340018768318,1.165148396845944,0.5420564816509389,0.0040894968353486,-0.0831817253766722,0.424406880965839,-0.0262801649534684,-0.4809245150126737,-0.4838635122565337,-0.1768361585173669,0.8701200232737022,0.474010208940001,1.10425238443578,0.900424226421985,0.9447808304605028,0.7581285062667864,0.4288127004496439,1.0129367203345172,exact,9
HP:0020150,exact,direct,Elevated urinary Tamm-Horsfall protein concentration,Mistral-Small-3.1-24B-Instruct-2503,-1,0.4345392871694252,0.0167400942184079,-0.0729020640385291,0.3123172883967158,0.688889797794409,0.4136630563094104,0.3360138812220319,0.6544665618377685,-1.1888426300601138,-0.6868120011314772,-0.0945199724591136,-1.196654899584482,0.2824644291912306,-0.050884926744877,-0.1300540440801975,0.1384410791005194,0.2834873475250676,-0.1348605091707123,-0.1925906551429028,0.1248297263927826,0.079300020242399,-0.3858569352563277,-0.3700357867355502,-0.10047730482819,-0.3846648335108383,-0.5333333621514906,-0.4838427210587905,-0.527377141407777,0.1316263664131118,-0.2688560939245091,-0.2888886807840951,-0.0188000917801695,0.0385346170015941,-0.419241249971677,-0.4562386060084394,-0.1340511006441701,0.2894600409405871,-0.3177274072670643,-0.3330038202982698,0.0902255106848443,exact,9
HP:0025289,exact,direct,Swollen lymph nodes in the neck,Mistral-Small-3.1-24B-Instruct-2503,-1,0.1947811386906857,-0.2657238759133714,-0.2883634395719433,0.0261900126199899,0.2169800506655338,-0.2471600697706696,-0.2996837999193043,0.0561408335993649,-1.471274147019823,-0.8587761275117224,-0.1133616313306262,-1.4200784229370058,-0.4707409547265742,-0.8871685126891955,-0.7834148594023878,-0.5743628471817961,0.0653557613356927,-0.3497203217861956,-0.3182224938641363,-0.1101062845650209,0.572040670935173,-0.0498708390580859,-0.118627641860396,0.4418807611391535,-0.5481670973797165,-0.516248987354947,-0.4774395643408635,-0.6692243347184419,-0.4310819479530925,-0.6398084955242396,-0.5831080179266751,-0.5524171802916139,0.455921496704102,-0.0841634636203517,-0.1270438113650895,0.3276247013852201,0.5823241986183916,-0.0689895260065837,-0.1781444710135114,0.4401726487966159,exact,9
HP:0025321,exact,direct,Liver copper accumulation,Mistral-Small-3.1-24B-Instruct-2503,-1,0.2055992194625217,-0.2684285037095729,-0.2829140704194853,0.0383926669573992,0.6028668484279476,0.2094809561007617,0.0769341497277737,0.5325478917194757,0.6213531647762789,0.094734935133604,-0.0239542051960317,0.5604846707621449,1.1888870284603632,1.5971371200079063,1.4093050814877215,1.337864173703818,0.8857769514780078,0.7502705836818846,0.5127636270593303,0.9280813412323016,1.2626022911110897,2.836283607525983,2.8312224996185464,1.7253680252764778,0.0909487592769818,-0.2926604738247724,-0.3281311531675654,-0.0782832122310238,0.0037577741312855,-0.5233082065973997,-0.504050865432844,-0.1473445258677609,1.122736959356371,1.3589497845698006,1.2244075871106792,1.3733026497171392,1.193987277009147,3.0629567146340047,3.3549966116486667,1.78248184570248,exact,9
HP:0025347,exact,direct,Reduced circulating beta-2-microglobulin level,Mistral-Small-3.1-24B-Instruct-2503,-1,1.1570973955545756,2.7312720024888364,2.758527333220703,1.6529538368402137,1.3044561231151184,5.4530646191043965,7.927478484150968,2.1311018690402026,1.376537823554632,2.397534366118881,0.2387666500517239,1.860052993729305,1.5323507378194414,4.749691743145249,6.30069566877143,2.223789071307843,1.3740113042843194,4.649674120852659,5.788412977334435,2.1720181369175857,1.2234742309872777,2.155563056532473,2.023463468975843,1.590908865255933,1.2237178694803803,2.407149279218256,2.3650701089640176,1.5920814655522886,1.3879608837378916,3.6021408697636,3.6470323154118223,1.8710615700119613,1.2145415130173571,2.424841021714795,2.3523411210575933,1.5998632999560998,1.191631682236854,3.2866915723697403,3.6222134769581698,1.7664364760665023,exact,9
HP:0025448,exact,direct,Anteriorly displaced papillary muscles,Mistral-Small-3.1-24B-Instruct-2503,-1,0.9644889761056306,1.3000130571963622,1.0976571417333705,1.148803022353253,0.8844606726330198,0.8453334667428223,0.667106819442445,0.965559120362974,-0.0333972365011558,-0.3042854103183992,-0.0471434626554129,-0.1702035980595656,1.0242270431520544,0.5883436186500096,0.4343492727019442,1.0627604415872132,0.8949995616840214,0.7913392577625925,0.5868432053371139,0.9432526764833588,1.0194113155560744,0.879939911790977,0.7259135023390305,1.1111827127113365,0.9782950613489436,0.9539738485100882,0.8102596808769891,1.058271478900568,0.2142222679999908,-0.2888040072801475,-0.2812806155350805,0.0670502729497686,0.980374847339893,0.9259202748390268,0.7334704387460136,1.0884546233083927,0.997763394411154,0.8967075042012056,0.5498643462146175,1.1239305083688802,exact,9
HP:0025693,exact,direct,Pituitary gland macroadenoma,Mistral-Small-3.1-24B-Instruct-2503,-1,1.0851821874005156,1.9960217891668048,1.8688840479476312,1.4335504451763952,1.1875208239817354,2.5611108205235658,2.5261803239431764,1.6374669447604138,1.1457473905918238,1.1525103387830014,0.1001308035877149,1.3486948855620338,1.330360865653263,1.8259280947555088,1.7409700334145757,1.6216670244886393,1.3256531051745772,3.3737484932873034,3.5213654504490832,1.9454717807424056,1.30581748905881,4.260852466695299,4.771690466108349,1.9245235776535672,1.16542290389544,1.7728482099301026,1.5921394789464225,1.4398660529275715,1.4600428468358393,3.926127462877431,4.142512214169779,2.1182418080764767,1.22015187072746,2.4308189587652844,2.308278818245239,1.6154414433239337,1.1508786026461904,2.17737414529375,1.868779579746188,1.5616313591382056,exact,9
HP:0025780,related,direct,Abnormal energy,Mistral-Small-3.1-24B-Instruct-2503,-1,-0.4030728645709984,-0.6545491145409013,-0.5838196537430097,-0.5760214707500511,-1.589720098160799,-1.121984468824131,-0.9106553344227624,-1.5176396271102668,0.3639490082574754,-0.0562897182568686,-0.0392171527082504,0.252330112630527,-0.0698549356717775,-0.4485951299052088,-0.4644590900963216,-0.2122802682978654,-0.5991518875239369,-0.7679614416490691,-0.5931517486694342,-0.7292086271213668,-1.167029057190246,-0.7918784928332555,-0.6887687656296788,-1.152528138749175,-0.6448067392237676,-0.6713542618944699,-0.5999310286948977,-0.7506857460038819,-0.1966131041891951,-0.6132458059276814,-0.5542404165910758,-0.3395270590325954,-0.6973358563187195,-0.90233027842835,-0.8657552027924049,-0.8071402239213128,-1.1975487629902046,-0.7922629694758212,-0.5985782437578383,-1.184486603096559,related,8
HP:0025780,related,direct,Abnormal motivation,Mistral-Small-3.1-24B-Instruct-2503,-1,0.0428830482645464,-0.3948412370193608,-0.3990561331830894,-0.1393352132283791,-1.7167964372018925,-1.1504596076892868,-0.9370149322528368,-1.6081876718362609,-0.1348194110608891,-0.3697282836781025,-0.0593451895862826,-0.2704355005580381,0.1909775585097618,-0.2642645459069677,-0.3177384994449505,0.0437520515261759,0.2244090525315313,-0.2302350092018229,-0.223510602566094,0.0591541219119994,-0.5520484918992133,-0.6431691508242531,-0.5601807176852673,-0.6702553034505401,-0.1790480103845535,-0.5078723404896959,-0.4575619791729891,-0.3407212496689678,-0.0033818508894614,-0.524836969786515,-0.5127509974616115,-0.154377478960438,-0.4617022622491642,-0.7779086619609497,-0.7698661036007686,-0.6056579682305924,-0.5881829700159329,-0.6306561956939004,-0.5124794263492176,-0.7236384679677139,exact,9
HP:0030140,exact,direct,Bleeding from mouth,Mistral-Small-3.1-24B-Instruct-2503,-1,-0.1726213246534283,-0.5363447940234292,-0.4734941452657406,-0.35828920227859,0.1103985676811288,-0.3590723800918242,-0.3520788155979856,-0.0607383121173084,-1.128648962970869,-0.7469142286542134,-0.1029487627346748,-1.1479896715759363,0.1262607901274366,-0.2622902096187447,-0.2945509939262499,-0.0215888070914082,0.1872744329461648,-0.2363823975765989,-0.2606041128632595,0.0186895116730061,0.7158929383197788,0.1376288778561293,0.0596033820464546,0.6294172272502633,0.7284120812384505,0.3364401908335604,0.2090609996474988,0.6689169781582001,0.3108936118768816,-0.3664909418170262,-0.3799703890032682,0.1706860831319265,0.6627541107246476,0.284056968578481,0.0942639885966952,0.5935727354078307,1.0369101286510731,1.0380921435335362,0.6397225877996712,1.2148254571061416,exact,9
HP:0030140,exact,direct,Oral cavity haemorrhage,Mistral-Small-3.1-24B-Instruct-2503,-1,-0.1551371925679443,-0.5382210508871413,-0.5080066826944677,-0.341127495399554,-0.2154542678188394,-0.5792372713624402,-0.5305217975732794,-0.390913051253646,-0.8354792840419123,-0.6339556697479668,-0.0842982294830547,-0.9048978246106412,-0.2664170687456199,-0.5741536203970972,-0.5503063199072028,-0.3939221364591493,0.0026968981342454,-0.4170717428124274,-0.4066106108867905,-0.1740799872775618,0.93264701187154,0.5467890841680683,0.4142839113753832,0.9567098067463364,1.1980381408411125,1.9768981553963667,1.835928923977588,1.5219738321702891,0.4348419596152104,-0.3082829069874309,-0.3402232942799094,0.3092051044704781,1.2438486262542812,2.6748678624741893,2.610810906826452,1.6842503328684366,1.0706593773886524,1.3167219288945469,0.9366362491850084,1.3014872117277296,exact,9
HP:0030140,exact,direct,Oral cavity hemorrhage,Mistral-Small-3.1-24B-Instruct-2503,-1,0.1364358084610921,-0.3120773321881048,-0.3268852672940128,-0.038633153581576,-0.2476518171452418,-0.6103897752337132,-0.5400638444884186,-0.4216749405219041,0.8548983738617978,0.3606830498917965,0.0004710040222493,0.8758336367247114,-0.2304866072615157,-0.6281764359575491,-0.6065506352015018,-0.3613510740449555,1.0133549520785337,1.1217708858211,0.8359222119592262,1.1512775156076178,1.00858327162546,0.7679990161909673,0.6076687085866598,1.090876348026125,1.217867741721398,2.167784144979474,2.05703701708346,1.5756189237211229,1.2917553163290163,1.4537847822444732,1.2795717108910931,1.6191215923952036,1.2257229101814398,2.407253244998734,2.539609995575923,1.631165480670845,1.0400129087969217,1.1231519355804358,0.7631595738511734,1.2224335000607618,exact,9
HP:0030445,exact,direct,Lung carcinoid tumor,Mistral-Small-3.1-24B-Instruct-2503,-1,0.8674954265941867,0.8615999976296098,0.6698741708208675,0.9598691337655912,1.1965576017906048,2.600965896977572,2.519474898395338,1.6654465762222186,0.8583816762768096,0.4610196188084092,0.010209849211938,0.8808781788535861,0.3620785045594251,-0.2846536669083975,-0.3014802869066584,0.2232659425627457,1.305254454672054,3.064347944616602,3.036721195167983,1.86905092184704,1.068215856073626,1.0215019995734211,0.8398042768067051,1.2071805837457827,1.142335938179183,1.4885159476538956,1.308360714808659,1.3855235799176744,1.429552816216023,3.01433939318238,2.9968613214918167,2.0042245921437485,1.196644557707415,2.1054390714187003,1.9067097547788867,1.5517556882927048,1.1760821766797291,2.653612294989079,2.5847175676021825,1.6760219311253624,exact,9
HP:0030445,exact,direct,Lung carcinoid tumour,Mistral-Small-3.1-24B-Instruct-2503,-1,0.7285512231179733,0.4974679851776836,0.3482688404347531,0.7253813749097016,1.0654361844985532,1.5347020377454277,1.3283130183144858,1.321337621820146,1.0535609127899574,0.7970940331114424,0.0485507535113359,1.185424324712569,-0.3322301970125134,-0.7214788737796316,-0.6641373587958447,-0.4529042771471276,1.1954798949073635,1.99167290188398,1.679371347935824,1.5439571187945875,1.0358248990065304,0.8894942684199181,0.7192252042183347,1.1426141184035157,1.090809718825555,1.2022927086680613,1.023127527392084,1.2731216195795825,0.9637172097401644,0.42576337903306,0.356766872665624,1.0062356967282875,1.067993793917208,1.2815170498035575,1.0881547709176804,1.2565396470132717,1.167998332714178,2.4446300509064547,2.277749005581699,1.63615185109945,exact,9
HP:0030445,exact,direct,Pulmonary carcinoid tumour,Mistral-Small-3.1-24B-Instruct-2503,-1,1.1171886890979603,2.270117094783513,2.178650648173829,1.5243802712061052,1.1650643884161356,2.306339274889264,2.282969740190584,1.5714728136839475,0.9946795936440546,0.6763069306171254,0.0376718278445978,1.0884759252821163,0.9575395299940316,0.4935204803571936,0.4223945595552819,0.9623904603761116,1.2925225850999285,2.8937774756159724,2.770998425586803,1.8248723652950145,1.3096281451484684,4.537245904203131,5.466141000006782,1.9472666773731488,1.3433906565176754,5.322012629894009,6.315553773854762,2.0597553457837483,0.31257685863013,-0.2499183089832268,-0.2431918653387511,0.1725229838547673,1.2789455314247071,3.170226119740021,3.1200803903349668,1.7973362783111009,1.2092328514992663,4.563910381536756,7.740976337385543,1.9207279680461504,exact,9
HP:0031170,exact,direct,Female foetal virilization,Mistral-Small-3.1-24B-Instruct-2503,-1,1.051817863611336,1.7542796187003082,1.5310763680743602,1.347156035950549,1.1505101828911866,2.1715268505985867,2.032075375782174,1.5310279882835631,1.2979547365895157,1.8588033429970408,0.1749648859829757,1.6625839684023311,0.7246509025603368,0.3907090585939043,0.3050343553969554,0.6458725390431982,1.201837186197451,2.041592854643186,1.717047247200686,1.560173474409657,1.3071766991251212,4.405218833940805,5.118003526316417,1.93247897506684,1.2923068255539618,3.552241364179214,3.679863427087458,1.8161483762830144,1.2297723450029534,1.2628938078040106,1.0839915122561008,1.481851088562882,1.2726074285376314,3.00326938056124,2.9436371236706966,1.7757206898669418,1.1925780482417578,3.3340183722198047,3.799194347938085,1.7727835448943607,exact,9
HP:0031353,exact,direct,Fluid behind eardrum,Mistral-Small-3.1-24B-Instruct-2503,-1,-0.5204525171924536,-0.7056485633952477,-0.6067313079478911,-0.6815496882431732,-0.4407353843167726,-0.7088709071932845,-0.6149791136247653,-0.6003260856592951,-1.1301502736239415,-0.6499303614466512,-0.0916955227206813,-1.1492082683337266,-1.3608225904565676,-0.8110078263605444,-0.7091072952563469,-1.288669057658496,-0.1965594537183138,-0.5250648259505208,-0.4577134191580377,-0.3687881356491603,-0.8075499402708197,-0.7204166910056524,-0.6354374898110503,-0.8772268466341583,-2.190625734465796,-1.0280453365525453,-0.8736075639147498,-1.8959208274511368,-0.5716452705394698,-0.6792832033257373,-0.6198151134059067,-0.6748017505795619,-0.3894839191566541,-0.6011609093467106,-0.5974202008845775,-0.5415898101547029,-0.8568152042530196,-0.7715401677431464,-0.5801842454887247,-0.9339671182720182,exact,9
HP:0031353,exact,direct,Middle ear effusions,Mistral-Small-3.1-24B-Instruct-2503,-1,0.6354886137533134,0.3115914944194015,0.156566084540377,0.584800156686632,0.4806222384860022,0.0076755052435771,-0.0769522693863102,0.3707250296836836,-1.0102705602481694,-0.7028229358865757,-0.0955430186723938,-1.0510947815811107,-0.4523444699843538,-0.5692761774926722,-0.5517234086045628,-0.5584294752576098,0.4458424541836027,0.0252678577941859,-0.0951908419130569,0.3145539070459149,0.5625897114058215,-0.0416032671301097,-0.1127516951739451,0.430165449657114,-0.8264224632050505,-0.7336461336734631,-0.6676704254960851,-0.8995502352221076,-0.0165096115724613,-0.4516148979072264,-0.4429794861718598,-0.1672712544209443,0.7220031483155411,0.289579593418322,0.1668420229935668,0.676327316183009,0.7993913538641894,0.288127314329227,0.0675649389382359,0.7542484817881866,related,8
HP:0031353,exact,direct,OME,Mistral-Small-3.1-24B-Instruct-2503,-1,-2.0387659820231936,-1.2036078360279292,-0.9657430064976154,-1.8399514891801312,-1.8396685040888896,-1.2251558547713104,-0.9810370852974624,-1.6941960615596745,-0.3033795360792712,-0.4083514376686274,-0.0722042240978887,-0.4315851043657682,-1.6844379675609882,-0.9270149962566486,-0.8278225015301809,-1.527542721420275,-2.395382716710732,-1.301382937966236,-0.8911013935614719,-2.021614839021622,-1.1662539956023494,-0.7913231882859687,-0.688988239091919,-1.1519516164276808,-2.5822218212497385,-1.0950127956326323,-0.9321806330204684,-2.155586223421066,-1.0825199463548598,-0.7362744229624472,-0.6436204424158526,-1.0931811154089923,-0.6223766733357233,-0.7363748972101742,-0.7197360311498288,-0.7442231172790804,-1.0212434595390418,-0.8129096874763214,-0.6036984723243668,-1.0568885141502884,exact,9
HP:0032360,exact,direct,Decreased pre bronchodilator forced expiratory flow 25-75%,Mistral-Small-3.1-24B-Instruct-2503,-1,1.216922216522117,3.995634360914556,4.844652322866217,1.905113941889776,1.2880863305387698,4.571817984498907,5.830634417979924,2.031236436929687,1.3027811751694145,2.0020640385540966,0.2052391024744534,1.6738117180498724,1.5394518898696954,4.78915553231028,6.290843331905572,2.2565590948469523,1.3598683839941694,4.222269852082026,5.140135489951956,2.096316675225387,1.2970898696374953,3.8635145207918096,4.193161694753072,1.876898112636451,1.206363197196207,2.194892146867094,2.070160316756127,1.5441115100002372,0.4462151163945629,0.0568667469624485,0.022364508662153,0.3222661282790165,1.365454273424577,6.9727408818228165,9.11183757363377,2.2041664883870244,1.202714587936593,3.987737467242452,5.322203546122947,1.8513587873728703,exact,9
HP:0032360,exact,direct,Decreased pre-bronchodilator FEF25-75%,Mistral-Small-3.1-24B-Instruct-2503,-1,0.9706398476087432,1.1845432784061714,0.9771304833614886,1.1617422377370128,0.7717211035418575,0.5633673561941652,0.4379161536450311,0.7796213255621952,0.791137891306601,0.4132451143789221,0.0085017621956034,0.785465847507583,0.689707451655915,0.2722728608792799,0.1698975148541329,0.6019934815894428,1.125863017445522,1.6659195203586352,1.2991862420039266,1.379666563220361,0.802720372634142,0.2843125353100814,0.192214779090664,0.7526964529344808,0.437018799560738,0.0230057655838557,-0.0716142614592537,0.2979308955595234,0.9470509163935412,1.058847297236764,0.9624581759029636,0.9804487121752358,1.1040493496596584,1.4757899530002696,1.3077660142678351,1.332218424023821,0.6066949292866552,0.0371341013799134,-0.1029967084846114,0.4725065804070913,exact,9
HP:0032360,exact,direct,Decreased prebronchodilator forced expiratory flow 25-75%,Mistral-Small-3.1-24B-Instruct-2503,-1,1.0423937579003952,1.5631498506118302,1.3476088346679105,1.3240031072900502,1.0349051235435385,1.418859954578774,1.2684991757199042,1.2544208652661797,-0.5602926204644371,-0.512410767382755,-0.0818611120740837,-0.6660561546918223,1.417822698999828,2.69364738325104,2.758960267672772,1.8363090292366016,1.2927581203652647,2.982610776661102,3.012290800675113,1.825668526520001,1.1651647276305208,1.581632314797455,1.3482608894212105,1.427397617165282,1.3476612334724831,5.980685906864553,7.471857907831813,2.087590257478241,0.3532484793671561,0.034141679565209,-0.0096078006455581,0.2172642749743734,1.212251045878829,2.3840592272474725,2.148259400231501,1.593574650899098,1.079406296772034,1.439703042042057,1.0251970733635765,1.3255411727098907,exact,9
HP:0033842,exact,direct,Feeling full quickly when eating,Mistral-Small-3.1-24B-Instruct-2503,-1,-0.5694828958679946,-0.7654935590612469,-0.6527405157549747,-0.7246814888010562,-1.0891453532439377,-0.9684598858492772,-0.7973628997940031,-1.1427652255871164,0.6505750355498785,0.2899450677748372,-0.0011424421370836,0.5977800651714298,-1.1944429132710446,-0.7534926183489428,-0.6928411143487373,-1.162209074274742,-0.7470788385251259,-0.8196673749161925,-0.6237222642948289,-0.8526821611363365,-0.4567258045179052,-0.6258214875310563,-0.5503653652756969,-0.5901302025892666,-0.6390124706439728,-0.690674349272156,-0.5919010186076962,-0.7458478098314315,-0.2259819478020568,-0.6087794157696802,-0.5773421103919046,-0.3668526697860121,-0.8689686228255346,-0.8025337017316017,-0.7785717334153229,-0.9474689661261,-0.9165766178254916,-0.79889206177281,-0.5993842884612663,-0.9791111132784184,exact,9
HP:0033842,exact,direct,Not able to finish a normal-sized meal,Mistral-Small-3.1-24B-Instruct-2503,-1,-0.912211653009558,-0.8833472474016137,-0.7509637547211001,-1.0126189030599837,-1.3502761601729492,-1.0560982798376517,-0.8659297150847792,-1.3422019501950315,-0.2532209049497471,-0.3879267430332579,-0.0659562373826412,-0.3842929281514103,-1.9116269160579864,-1.0057966617017824,-0.87418458531509,-1.6903933767746355,-1.066211836063911,-0.9371073723899576,-0.6657413301920712,-1.1058448419111655,-1.145126531689686,-0.8068397297390686,-0.6952327857291455,-1.136210066091807,-2.39725638130777,-1.0227533582979926,-0.8709772545858188,-2.033981552435149,-0.9727965976738172,-0.7650157363773786,-0.6917262886135325,-1.006388365739746,-1.076262332758799,-0.8622416973911372,-0.7938743837598693,-1.110733793214011,-1.379084364056255,-0.8836082400595363,-0.6478052128963688,-1.3118494064105393,exact,8
HP:0034079,exact,direct,Anti-CENP-B antibody positivity,Mistral-Small-3.1-24B-Instruct-2503,-1,0.6645090192479925,0.3337676588087813,0.1667005325834575,0.6274774640727533,0.8921175110961506,0.8374081742653358,0.6279008485825472,0.9789786929202364,0.7881279577978386,0.1907764212278927,0.005195911010459,0.781287856512689,0.6503814280489285,-0.052176412207952,-0.1046226433622673,0.5535390106837744,1.1363821520478825,1.6672647237815224,1.299291333372344,1.4031221533335374,0.8225802799852451,0.3478095831271576,0.2158362492389955,0.7822045998071021,0.7504837961796955,0.2941735861465171,0.1866169837219775,0.6999807260948688,0.6781688649806972,0.5039956253664886,0.4337771155198806,0.6040412293487548,0.7576555132133818,0.4084572135222264,0.3069945053866753,0.7278501855713183,0.6708522490727448,0.0337401734029593,-0.1091149143343964,0.5607456381575988,exact,9
HP:0034491,exact,direct,IL-5 high in blood,Mistral-Small-3.1-24B-Instruct-2503,-1,0.1851790491315709,-0.2943468407545194,-0.3082135184689111,0.0154081714545281,-0.6648835061577376,-0.8035617660045364,-0.6801054186964376,-0.7967583094110233,-0.0584234423837533,-0.3327527697456395,-0.062671116975491,-0.1951826595975053,-1.1967814321133623,-0.8139179063802996,-0.7199379429474005,-1.1640054787065597,0.5073452497983075,0.112016277412836,-0.0343536151799876,0.3904777952996089,0.5639508229971276,-0.0234377093064057,-0.0909187320245188,0.4318485419929682,-0.7750776842509725,-0.7292711945095285,-0.6388944489595585,-0.8579906549315361,0.2374333805315004,-0.078696681398974,-0.1342220576797979,0.0916100895806635,0.3006000874693841,-0.2390770143243711,-0.2105069282686748,0.1461690824032801,0.6842174758410162,0.0128660312808346,-0.1213293612697434,0.579749349230344,exact,9
HP:0034581,exact,direct,Trypanosoma cruzi present on peripheral blood smear,Mistral-Small-3.1-24B-Instruct-2503,-1,0.4247265370400105,-0.0165239594772758,-0.1182351483775597,0.2998812720904964,0.760474248424056,0.5540843689086681,0.407154049626572,0.762121689213924,0.0771725035322727,-0.2673249902372144,-0.0464760301118146,-0.0577651896090355,0.3805351928515265,0.0433821000530029,-0.0856607080723011,0.2432783593964727,-0.3222963896760272,-0.6036583980164811,-0.4859426416122588,-0.4856384473671181,-0.598636234577781,-0.6637219792492952,-0.5956193016205096,-0.7088060617994169,0.2675775225236598,-0.1737007264501356,-0.1958104757748329,0.1070034580432368,0.1907853540747527,-0.3102584667307899,-0.3028993273684364,0.0424492059259895,0.0262809037614215,-0.4138997132244689,-0.4809457333753006,-0.1464943158645738,0.2899543804349697,-0.3602306163221545,-0.3517833102011425,0.0907676238069013,related,8
HP:0045043,exact,direct,C4a deficiency,Mistral-Small-3.1-24B-Instruct-2503,-1,0.3467209440812409,-0.1158090650750085,-0.204779654466005,0.2034111408280664,0.1301044432227521,-0.3271118274401037,-0.333548042192131,-0.0395057299011134,-0.3871192653003531,-0.5384433540048824,-0.0897931399260206,-0.5093819258855852,-1.1044111664856802,-0.793408146610164,-0.7117717434698481,-1.09261408152272,0.642440931023651,0.2735394616480425,0.1085940345653365,0.5667172196652391,0.0894484591398576,-0.3909291616572455,-0.3838697863325732,-0.0904061623504601,-0.4685159851708585,-0.4920598774585362,-0.4625589697765337,-0.6007873247595228,0.1537974240401752,-0.3306378555425311,-0.3391958906067228,0.0040152459845438,0.4033029468503651,-0.1872520325142315,-0.2873866380054121,0.2646402452752431,0.1977518085406388,-0.3586226218525085,-0.3566685677004748,-0.0080961913204891,related,8
HP:0045043,exact,direct,Complement component 4A deficiency,Mistral-Small-3.1-24B-Instruct-2503,-1,0.4167624550836235,-0.032816807237893,-0.1094859681636874,0.2898395650777893,0.1211165884182617,-0.364852622043614,-0.339874427746131,-0.049210278573298,-0.8874255562848747,-0.6655908795395586,-0.0996858342353694,-0.9487579855890308,-0.7845935275992655,-0.7329018286813874,-0.6403655558386308,-0.837879267045543,0.4179304448042499,-0.0235832359695703,-0.1080163655761331,0.2808815463865874,-0.1335684771349069,-0.5032186122992678,-0.4482071189015542,-0.3040526840911946,-0.3270911444805147,-0.3867959773990276,-0.3713538592330672,-0.4761063447450591,0.0015520561877866,-0.4036051546609601,-0.3777792938904411,-0.1495188460566839,-0.0582762229799642,-0.4655629802782505,-0.4701771573136769,-0.2309673325475906,-0.6899121554230945,-0.7044551801699345,-0.5530092379783388,-0.804802337700027,related,8
HP:0045043,exact,direct,Decreased serum complement C4a,Mistral-Small-3.1-24B-Instruct-2503,-1,1.0645986334589363,1.8133429588694228,1.6399711428248074,1.3793898808022396,1.0366298535868053,1.3781518017184673,1.2072580660431529,1.2581079837756417,0.3837496832384012,-0.1071188955335297,-0.0490348168406118,0.27489717215473,0.4335810730640559,0.0762693597986529,-0.0029527638177461,0.3015723503457628,1.1247026281107917,1.5909842549885402,1.180286668224962,1.3771051966394967,1.1521830164907514,1.4700398128845078,1.2583480514583292,1.3949028508456174,0.3741906781056859,0.1491729602892777,0.066003653643063,0.2254161300874889,0.9844117608510944,0.6394453734887471,0.5183700250319316,1.038758189757498,1.0299887675484256,1.002269856486421,0.8068606839347111,1.181171196374581,1.0523094747166897,1.183436783079982,0.7964785337333528,1.2532601909169765,exact,9
HP:0100056,exact,direct,Bracket shaped end part of 3rd toe bone,Mistral-Small-3.1-24B-Instruct-2503,-1,0.3862486538628581,-0.0438623571290647,-0.1339797674662068,0.2517799084500246,0.1624270180047898,-0.3279794549748236,-0.3395464403701586,-0.0043171864922071,0.6012549986046776,0.241055288636141,-0.0088478504878924,0.5351416882919243,0.4342830382647097,-0.0843427538586037,-0.1267609863811659,0.3023517394387317,0.6891957616299108,0.3279642482639321,0.1021232374064941,0.6312145915528414,0.6859427787360592,0.1406448102618642,0.0436091903975088,0.5888128434003137,0.7130479528432757,0.3126327887330725,0.2225603404236321,0.6475907322167623,0.1453420904654955,0.0050097635048128,0.0197271732532851,-0.0047051327558008,0.6615974391172386,0.3969820450512519,0.2741729135149641,0.5919903889169251,0.4934339077412236,-0.1373408345931799,-0.1977680554304425,0.3270262414801267,related,8
HP:0100072,exact,direct,Increased bone density of end part of the 4th toe bone,Mistral-Small-3.1-24B-Instruct-2503,-1,0.182623312311695,-0.2739239786980257,-0.2982047077677208,0.0125461368853886,0.0641966142123227,-0.3914032273958116,-0.3781303810544639,-0.1098910561842132,-0.7871933464878436,-0.5927455868494329,-0.0780495542218094,-0.863798773058894,0.0437458865700761,-0.3161833406991479,-0.3120163475135236,-0.1030937216648354,0.3701081424449978,-0.0861503533647722,-0.1303558744851277,0.2242507842145004,0.2448395604981489,-0.2956333401113101,-0.3051747951364872,0.0686653212103006,-0.615956084770337,-0.5698721551538963,-0.5262844968896365,-0.7265394447180017,0.4443221969185666,0.3156211064935712,0.225887841922956,0.3200879401020524,0.2712007550499163,0.0348785415709796,-0.0843025405236935,0.1132478016390665,-0.3220425577186934,-0.6097737557582354,-0.4920459502492634,-0.5010891061050827,related,8
HP:0100094,exact,direct,Abnormality of the end part of the outermost bone of the 4th toe,Mistral-Small-3.1-24B-Instruct-2503,-1,0.6817699762738519,0.3646956999104985,0.2507219297420311,0.653340259555459,0.7323668175748655,0.396778772378541,0.2661027793940937,0.7191085654090744,0.9841300095317682,0.7103862697505552,0.0409648616828474,1.0716197599144004,0.6834008226449073,0.1427948029352733,0.0556193533235794,0.5941583307224585,0.6876723454642033,0.3556367276466862,0.2843153984423018,0.629081274531218,0.7491304543145771,0.1882371832999202,0.1027054525379709,0.6755779810745619,0.4256129259944034,-0.1656091802711368,-0.1957546074371625,0.2846032395748925,0.4085727533162573,0.3218995483255394,0.295924755172757,0.2792727916545488,1.0355876872203835,1.697738148758026,1.6191024296547194,1.1920193046723282,0.0941871684554825,-0.4411892607824561,-0.3975827795660417,-0.1142593483827375,related,8
HP:0100121,exact,direct,Triangular end part of the middle bone of the 2nd toe,Mistral-Small-3.1-24B-Instruct-2503,-1,0.6068373856937144,0.2413270047135931,0.1212327539527432,0.5435973477672694,0.5724483880385667,0.1091581353435875,0.0201468481788381,0.491125040194573,0.8420096546176539,0.3743553455534902,0.0063561616241575,0.8572685742199642,0.6076070106324294,0.0565303344407419,-0.0213686436958558,0.501881193897697,0.4958126652928026,0.0672137542058085,0.0079239533562131,0.3760523581587348,0.9896068127869594,0.7155288671923621,0.5920296074468288,1.0560544557695757,0.7803851740255778,0.3063129852889358,0.2141745056779506,0.7429121455641812,0.6086611355207747,0.5628692458638398,0.4810971550021982,0.5162381975666529,0.8703073211483259,1.1773348070112044,1.12146969217826,0.9007260867105106,0.2008731651184263,-0.405362740819404,-0.3700396311472819,-0.0048199146597886,exact,8
HP:0100171,exact,direct,Cone-shaped end part of the outermost bone of the 4th toe,Mistral-Small-3.1-24B-Instruct-2503,-1,0.4149193489058512,-0.0483809721023553,-0.0905682473940896,0.2875221288736874,0.7492289464175046,0.4555289865080946,0.2982425857487979,0.7447917115680514,0.8454167561843426,0.5917954196632136,0.0391325556628763,0.8621609646958717,0.6114190830289784,0.0736008726963153,0.0084864169571287,0.5064425788927741,0.3283881482445515,-0.1216994612644142,-0.1182297646379304,0.1758794576768422,0.8098864597296942,0.2989372521751839,0.2064317559349604,0.763282670755809,0.6218201276806415,0.2092670756064602,0.1241530611199343,0.5255228096482923,0.6011432198533918,0.5422678634738254,0.4289218510511021,0.5069285484019206,1.0256008501650653,1.604475481708887,1.848262026487527,1.172727408495806,0.0856156931515267,-0.4769042091252702,-0.4166434197761666,-0.1228366885615805,exact,8
HP:0100192,exact,direct,Bracket shaped end part of the innermost bone of 4th toe,Mistral-Small-3.1-24B-Instruct-2503,-1,0.0481092380564417,-0.3851274370678417,-0.3840285301795645,-0.1338081620803127,0.4153900128693785,-0.0773145511296213,-0.1167459728549728,0.2889694902644693,0.552719676456097,0.0417556914975146,-0.0259835342152744,0.4749223899297475,0.1660160199947995,-0.3905734467171244,-0.3767392411357004,0.0183956905094898,0.3088970648194711,-0.1392594520954898,-0.1480407506891927,0.1535942166231547,0.5487968097032534,-0.0390673579730663,-0.1007809792095875,0.4131868934205435,0.6209455441816858,0.0784544346738628,0.00505447351546,0.5243874994111121,0.2376914392671901,0.1033349007200197,0.0682654054633321,0.0918842584408721,0.6593941870195656,0.6308342061821625,0.5988246885210321,0.588979666240688,0.1601634305356208,-0.4038163356783062,-0.3799448746687906,-0.0471868383694041,related,8
HP:0100439,exact,direct,Bullet-shaped innermost bone of little toe,Mistral-Small-3.1-24B-Instruct-2503,-1,0.4020947783456142,-0.0580220756369322,-0.1123016686484818,0.2714637320604589,0.5457612774276183,0.0867798599712641,0.0004462670281264,0.4554406500499347,0.7374755605652915,0.4310095527394612,0.0122232359369495,0.7120793132702852,0.1804214598826612,-0.3006282620262883,-0.3153425974825767,0.033004893897551,0.1122640139955202,-0.3224781952453439,-0.3187601808547735,-0.0612556839244625,0.4087544377983079,-0.1778959690750025,-0.2066265355201639,0.2480259807509709,0.2697809021172994,-0.2687489080366259,-0.2938997349911853,0.1093964214581073,0.4427283909771198,0.2861521780557221,0.2575135799917104,0.3182552930791554,0.7364872789939809,0.6869788178303423,0.6320456561846968,0.6970937450160298,0.0141015903055072,-0.4942611095464827,-0.4264883570716293,-0.1932548089677224,related,8
HP:0100439,exact,direct,Bullet-shaped innermost bone of pinkie toe,Mistral-Small-3.1-24B-Instruct-2503,-1,0.0737562934286948,-0.3703479407541232,-0.3610951521745035,-0.1065202128016994,0.2866735883481501,-0.2127757358309331,-0.2421309912859505,0.1354722212781122,0.6934214640625399,0.2597241525195948,0.0064492858590522,0.6534746494877491,0.0185853077473439,-0.4200899769823771,-0.4236369720231859,-0.1275675916361743,-0.4046969976858486,-0.6652698596278142,-0.5032623411534858,-0.559989753426975,0.3350190030734151,-0.2254373964738347,-0.2393395338518049,0.1656911521955867,0.3201581348508543,-0.203777978102534,-0.243354739611205,0.1647166251986912,0.4738010087426597,0.3791273723236074,0.3031655003404264,0.3542098241758966,0.5698994021864774,0.3717715012875905,0.5721134098752916,0.4701918478663944,-0.0058123447333381,-0.4974777516276136,-0.4404300245639503,-0.2125152918097508,related,8
HP:0100439,exact,direct,Bullet-shaped innermost bone of pinky toe,Mistral-Small-3.1-24B-Instruct-2503,-1,0.1387252647581137,-0.3155228605822632,-0.3348553536818354,-0.0361200137849846,0.3105542269301173,-0.1887820915073241,-0.2203317327270869,0.1632342932168459,0.5905033667885042,0.1258733741987452,-0.0077856446634964,0.5216840352667886,0.067294894176605,-0.3864966922050591,-0.3972142951779254,-0.0800303693308406,-0.4142567042349124,-0.66801215571573,-0.5486755021503538,-0.5685085425503077,0.430995815052948,-0.1487136229201108,-0.1719401808473652,0.2734456463957387,0.270259578587124,-0.240441907624663,-0.2707522679125668,0.109916572253229,0.5250491276621176,0.4440908113721292,0.3665226915056578,0.4145896754363788,0.3968240131186292,0.1594184558244914,0.5315441057428919,0.2569973736439053,0.1242851162930078,-0.43849596821028,-0.4062487880472949,-0.083896269853108,related,8
HP:0100742,exact,direct,Blood vessel tumor,Mistral-Small-3.1-24B-Instruct-2503,-1,-0.7645684889538323,-0.8190791370071818,-0.6789551671085646,-0.8913018850688493,0.0320774970040518,-0.4076466746301705,-0.3905254740738028,-0.1435625279746569,-1.4883085002949588,-0.8247835418904086,-0.107254851978343,-1.4333141609731117,-0.8015680618300098,-0.8611164436227497,-0.7660143482001915,-0.8517215798626034,0.1137917519092156,-0.3293055797858473,-0.2938878704666204,-0.0596503099555944,0.3212816259006963,-0.2733490316273202,-0.2678470156333628,0.1506617529127825,0.3681448393539304,-0.0875489002812121,-0.1232530427298648,0.2185505903415243,0.0706546138827721,-0.5441232960408102,-0.5222994176336381,-0.0807211818235205,0.6758070568801994,0.1716507713238646,0.0331199803714656,0.61151464109006,0.8120104272829022,0.3629436967262874,0.117243164686373,0.7747282098125016,exact,9
HP:0100742,exact,direct,Blood vessel tumour,Mistral-Small-3.1-24B-Instruct-2503,-1,-0.0172316917056848,-0.4114453440401641,-0.4046906062763949,-0.2021251578722653,0.2118322634269847,-0.2598061801266836,-0.2804014936212158,0.0503764283749456,-1.601534494142155,-0.8511564179352051,-0.1089106470550941,-1.520656913084655,-1.6249842999917328,-1.110888586342769,-0.9697868768865748,-1.4843005972978625,-0.1848864124032047,-0.5430269755515916,-0.4193339875098428,-0.3577179425557749,0.3782159463811849,-0.2329803373319237,-0.2370991629951557,0.2135751326592238,0.3889799054595891,-0.0879078410026884,-0.1236649191210345,0.2422915894021384,0.1792470006047504,-0.4833345416562429,-0.4744588370411122,0.0304090512234133,0.7324453622645056,0.2683719725567913,0.1336731880265579,0.6912763946860121,0.8224003288689085,0.3875813994602213,0.1316326885504915,0.7918259640314219,exact,9
HP:0200153,exact,direct,Failure of development of lateral incisor,Mistral-Small-3.1-24B-Instruct-2503,-1,0.4276201650716545,-0.006670823577112,-0.075001725408477,0.3035411393684366,0.432439291617658,-0.0097218479687004,-0.0934211286753961,0.310059086404898,0.9805108540891904,0.767946387423324,0.0485462090318648,1.065870695941325,0.718385637893125,0.5912158873920957,0.4776425439622226,0.6379458185929794,0.7700102881282013,0.5094697393831263,0.2607376240921929,0.7477417123291041,0.8611169658356621,0.4528421104927731,0.2929294364690656,0.8410581120322381,0.5674194031206552,0.1101193107536653,0.0446359505162552,0.4560456030881224,0.1267178742113482,-0.233252026934194,-0.2321586999701209,-0.0238292118202253,0.294796712865585,-0.0274902097509869,-0.1389599273852887,0.139637294718608,0.4382515846417696,-0.1798644094863307,-0.2395758771945889,0.2601246495378493,exact,9
HP:0200153,related,direct,Absence of lateral incisor,Mistral-Small-3.1-24B-Instruct-2503,-1,0.4832609751082891,0.0752206182248804,-0.0218495954722164,0.3751435229767469,0.430278137313105,-0.0456606871821535,-0.1236780504416632,0.3073751952476449,-0.5564125348442681,-0.5071752643968644,-0.0738396201482544,-0.6626036550124383,0.856299274683876,0.7443867962719936,0.5920445399265118,0.8190740930652507,0.9754748309652678,1.018410045414376,0.6926340539634646,1.081742260306193,1.0182456807342375,0.875192102175158,0.6980634294242268,1.1089808168470292,0.7274950936910606,0.368540675884794,0.2666972394302226,0.6676374276629736,-0.0143816044982326,-0.3080709498636072,-0.314905963818118,-0.1651844854049924,1.077081315223379,1.5889659660819515,1.350700783805825,1.2752018908879226,0.7635336801015088,0.2423807767134743,0.0234270554262733,0.6976515597236872,exact,9
HP:0200153,related,direct,Missing lateral incisor,Mistral-Small-3.1-24B-Instruct-2503,-1,0.4028658099379,-0.0460204802434169,-0.100933530059841,0.2724259213981242,0.4482895684808387,-0.0019031620865281,-0.0909688247478739,0.3298389149908028,0.4362320553890105,0.0258771023655636,-0.03084640148748,0.33555000015922,0.6566921525395198,0.4221106362561211,0.2747851600666206,0.5612509014758247,0.5757023377216991,0.1865573231958285,0.0541127617625378,0.4779032373019379,0.6853232618927405,0.1491132753383278,0.0932611154784737,0.5879823570280028,0.2756709875373061,-0.1127402632084268,-0.1642266181654519,0.1158040211487704,0.675787197899228,0.0600670418300527,-0.0238582140884926,0.6009787955743034,0.3679401072930687,0.0587860222028437,-0.062522750806961,0.2232110053051983,0.638515325174545,0.0630755325943911,-0.1043895255951244,0.5156784294499369,related,8
HP:0200154,exact,direct,Failure of development of mandibular lateral incisor,Mistral-Small-3.1-24B-Instruct-2503,-1,0.7717199540436847,0.5760571729223745,0.408342090221321,0.7946449856833787,0.8426322804445741,0.7090005636705633,0.5333820478783047,0.8941569184936283,0.8089915961275946,0.3897867196011546,0.0192329036769731,0.8104059946987983,1.120659205430894,1.4168939999110184,1.3050837250863396,1.2183772458963211,0.8800744050080758,0.7565392541070838,0.449412470745585,0.9187659608428114,0.8990968851675901,0.5337288664050672,0.3662275262562845,0.9013378886138486,0.5549301876630733,0.0128237059843062,-0.0261783488475874,0.4404087290759193,0.3878762472149053,-0.0526410648898926,-0.1027254834819515,0.2559155991758953,0.2154889307553518,-0.0551008216199275,-0.1534898857674624,0.0519705352694774,0.4923064215249125,-0.1279985716070235,-0.2069312577794028,0.3256353446519316,exact,9
HP:0200154,related,direct,Absence of lower lateral incisor,Mistral-Small-3.1-24B-Instruct-2503,-1,0.4880978252323035,0.0825086117818756,-0.0185272766547627,0.381482664421112,0.2865112882225117,-0.1869105360336739,-0.2460734818577024,0.1352845868039969,-1.1562171213947494,-0.6575016549412863,-0.0866738029059317,-1.1703268290521034,0.2213991904057717,-0.0830237631900417,-0.1577627222063904,0.0749259461277147,0.908829155245054,0.830327983547536,0.5003933875492357,0.966254368630892,0.7507022548753115,0.2434649024766282,0.1255768199740757,0.6777911431683468,0.482937491240176,-0.0331746605459862,-0.0573540246181836,0.3523640675153657,-0.0233310619020454,-0.3080067201193474,-0.3416647558084258,-0.1739519413563487,0.8622549422942739,0.9153604438776268,0.6983255849220366,0.88779604803798,0.4746696474346166,-0.1284707743724318,-0.2198058729141535,0.3040115254007342,exact,8
HP:0200154,related,direct,Absence of mandibular lateral incisor,Mistral-Small-3.1-24B-Instruct-2503,-1,0.8312200935381895,0.7462162557529304,0.5509077380084372,0.8951985436785612,0.7952134643112928,0.5662491976761759,0.4398819911128823,0.8167368012409048,0.7426141147410995,0.4091826195754135,0.0191163017898282,0.7190085678442376,1.1488856602700173,1.381025299802542,1.228227304180617,1.266737604039895,1.113014460677725,1.5536679047518165,1.1679742387004537,1.3515830496763843,1.097118655690188,1.2125208327280554,1.013441623310175,1.2680646849117758,0.7040220064953115,0.2393414758283759,0.1417140282448343,0.6351719094349434,0.0960142608879403,-0.2443267907943648,-0.2881280298069839,-0.0551101301981226,1.052945624982745,1.5511876463447238,1.319718305078002,1.2261989648951086,0.8291497658068255,0.3685889631331867,0.1150308657813429,0.8030513788681198,exact,9
HP:0200154,related,direct,Missing lower lateral incisor,Mistral-Small-3.1-24B-Instruct-2503,-1,0.3829872388949479,-0.0732742794522673,-0.1472951223806998,0.2477499019098441,0.3482591087494734,-0.1160222013332063,-0.1598407292140273,0.2077088388658083,-0.303752073559962,-0.4380911420130189,-0.0729048139388863,-0.4319343613430268,-0.005429765435815,-0.285253339179373,-0.3033640837738382,-0.1507694701459378,0.5568703208647616,0.1647566744319971,0.0384989161819272,0.4534782646362947,0.5996241925103153,0.0372497934842504,-0.0316713703477579,0.4764652608825234,0.0288537385823597,-0.3359799688329576,-0.3193983626797943,-0.1406555472513251,-0.2834435150298907,-0.5733836944945153,-0.5580712432977566,-0.419746608460049,0.2155068026899533,-0.0170109909944241,-0.1104366677605929,0.051989968561674,0.4318323953827719,-0.1603442060868729,-0.2322505135666633,0.2524914328595359,related,8
HP:0200154,related,direct,Missing mandibular lateral incisor,Mistral-Small-3.1-24B-Instruct-2503,-1,0.7769663060683809,0.5571731220006937,0.397273413856984,0.8032622603053587,0.8708608539712744,0.7823538768490428,0.579764172427309,0.9419983176047756,0.3643642643955593,-0.0370622793657324,-0.035227686562419,0.252801662832222,0.9748441598792256,0.8195885286783845,0.7035683871808364,0.987936462170545,0.7885095303900763,0.5494539326783938,0.3119143811180875,0.775414863772277,0.7736783813879576,0.2796973611945316,0.1773117142017069,0.7104699283943008,0.2106321473263855,-0.2425175023859687,-0.2669177632704148,0.0458931843095101,-0.3352395200150836,-0.5969816550131771,-0.5628174848935895,-0.4668047775878055,0.3682124755763956,0.1200324933643013,-0.0167708705926418,0.2235274551189142,0.6843500909245824,0.11353186652572,-0.0754661566374896,0.5799390637264605,exact,9
HP:0410058,exact,direct,Increased level of D-threitol in CSF,Mistral-Small-3.1-24B-Instruct-2503,-1,1.0315047616890525,1.6090157438262558,1.4022745548775253,1.2978532015668087,0.8937700214662867,0.8489240348106564,0.6170250726061389,0.9818899175522248,0.7548331901666465,0.0918356185092612,-0.0090403841694063,0.7355672532284174,1.081422053730875,1.398089581409845,1.2313625446686036,1.1533867271629952,1.0077582884343033,1.1304266175810356,0.8684689454787943,1.1408054126063063,1.1864173118878445,1.73575490623424,1.573408920247244,1.483296125959266,0.8601504509802202,0.6486241932027367,0.4970717748602347,0.8627908059714549,0.936632283687677,1.0809672485830488,1.01850606253032,0.9645044800590205,1.1576508559164778,1.6391363030443118,1.4097516024896997,1.454066485119884,1.1487959782210042,2.050592956930424,1.7131615326019736,1.55327598916818,exact,9
HP:0410058,exact,direct,Increased level of D-threitol in cerebrospinal fluid,Mistral-Small-3.1-24B-Instruct-2503,-1,0.66743810499939,0.3918884986874051,0.2242052288991241,0.6318403884897973,0.0139371576025574,-0.3975617778054467,-0.3726427621258019,-0.1624056165577476,0.1155758068232667,-0.3877277444088937,-0.0281817020099674,-0.0178706760363532,-0.0215319625152219,-0.1576953347068369,-0.1826083058223259,-0.166242005730085,0.9623950606801224,0.9887909492129576,0.8113354954421815,1.0584266403547058,1.1123593785238268,1.2131418590561152,0.9737609180393229,1.3016088066949425,-0.0566548405477093,-0.3277448898309594,-0.3371709667466309,-0.224485220084606,0.4955048236588912,0.3952166226021723,0.34347940321292,0.3796125826332311,1.0276232382845711,0.9924808060494732,0.7789240839680271,1.176612887156603,1.0052853013105438,0.9046691940443808,0.5492669887273878,1.1407261767927863,exact,9
HP:5200273,exact,direct,Abnormal sadness,Mistral-Small-3.1-24B-Instruct-2503,-1,-0.3653548889956208,-0.7028703787651416,-0.5910163769148483,-0.541389046630574,-0.4656558308807005,-0.7802081229151725,-0.6696520281476785,-0.6227104652901768,0.6374696441966138,0.0075917623446302,-0.0342931802256988,0.5809869269643475,0.1983944720359224,-0.1939127388684334,-0.2403845243518803,0.0513245824677946,0.3175967435189582,-0.1839255036163706,-0.2402308614516065,0.1635169889665663,0.9799592355731416,0.7390099128546675,0.5463402368984064,1.038703595976304,0.0001657688916719,-0.4227341606822746,-0.4175813486288444,-0.1690370689346761,1.1500053145565512,0.8692760071334874,0.739274515316113,1.3235568135894382,0.5574877010444276,-0.0370293771209771,-0.0564874127555686,0.4542225602374525,0.7859549174401508,0.3311574885735768,0.1000357708485718,0.7327724320945774,exact,9
HP:5200273,exact,direct,Down in the dumps,Mistral-Small-3.1-24B-Instruct-2503,-1,-1.4405942497825424,-1.080008786755343,-0.8747354842824004,-1.419332468392238,-2.487814444103533,-1.2933573273632828,-1.0136072692846112,-2.126196446706763,-0.6664330899758933,-0.7120284286483255,-0.09747694939384,-0.7595449295688619,-2.0946833861085152,-1.05328726581403,-0.8767246070954182,-1.8190930971405568,-1.7315492605372027,-1.1559706843138196,-0.8493953893914337,-1.5875268608875968,-2.476351094041937,-0.982959155326507,-0.8264157926633854,-2.053131212795148,-1.8858448015543008,-0.95717137988934,-0.8202724727109411,-1.6874054387118205,-1.86818563213326,-0.9502667510422066,-0.8307199004450037,-1.6773196390117024,-1.759004548650541,-1.1433770522539102,-0.943789119866558,-1.6099112417761092,-2.478042857040673,-1.0008324324916498,-0.7105192854442384,-2.017616641407441,related,8
HP:5200273,exact,direct,Feeling hopeless all the time,Mistral-Small-3.1-24B-Instruct-2503,-1,-2.0697254381138013,-1.2231385176482448,-0.977980498599624,-1.86080170016191,-3.368486764597956,-1.432253977232034,-1.1151504457712376,-2.667293524994604,-0.5978169200303303,-0.6087002947571285,-0.0862915381629218,-0.6993159246321438,-1.577360425200122,-1.0210186155926513,-0.8648629947595953,-1.4494628334242683,-2.7900144907227857,-1.3493295321751,-0.943961040980696,-2.262765231508329,-1.3345777487555432,-0.8224578249203869,-0.718562446119179,-1.2756365197434187,-2.0387256667528777,-0.9886831041112236,-0.857762935168613,-1.7927762946594277,-1.17900458864646,-0.819789804126144,-0.7173117904594549,-1.1682952707664631,-1.2921360010555516,-0.8758067083287228,-0.8457257819633612,-1.2744180316093143,-1.1972541201391689,-0.8037673750461848,-0.5995654686243126,-1.1842767024925809,related,8
HP:5200273,exact,direct,Has the blues,Mistral-Small-3.1-24B-Instruct-2503,-1,-1.839661152115892,-1.1921885452419418,-0.9297583780780022,-1.703849265815225,-2.4428169284092007,-1.3090839228493758,-1.034656446359073,-2.0972544402825544,-0.7769935935428586,-0.7274229305258232,-0.0993149956863455,-0.8550754405908323,-1.662911307772912,-0.9776782980486238,-0.8056687453857226,-1.5119172874827305,-1.3441953101366424,-1.0540250545854295,-0.7956412761873933,-1.3138229811270872,-1.7864177377243156,-0.886418191240122,-0.7524549270513056,-1.5944686533843522,-2.1405532808303613,-0.9897285622210434,-0.8474955426751654,-1.862082588683208,-1.5537513263951384,-0.9054750866609708,-0.8017722381864119,-1.4505296408317403,-1.864293119529667,-1.19559256381877,-0.9588579911789026,-1.6825557616626985,-1.7105121624158866,-0.8744450332422009,-0.6422527340347131,-1.5353093780613023,related,8
HP:5200273,exact,direct,Low spirits,Mistral-Small-3.1-24B-Instruct-2503,-1,-1.262739717998066,-1.0554978639220838,-0.8513163726052471,-1.2867066858542566,-2.199631545419793,-1.2499139983598104,-0.996335312846392,-1.9382797014539288,-0.1507219123414884,-0.4902645220128495,-0.0840337574441702,-0.2859178821278663,-1.0666074326399713,-0.8039900526463514,-0.7199331793618466,-1.063131916777644,-1.3395559136717148,-1.0425899257736782,-0.7918825378928024,-1.3104368674338036,-1.498817026219822,-0.8509684355102551,-0.7160553648171661,-1.3935884165840036,-2.71354552832557,-1.0837946520763344,-0.928930476354496,-2.2408968443178394,-0.2735610384472303,-0.664658394668603,-0.6282773078226174,-0.4107021836552501,-1.0618289583746274,-0.9593789676186256,-0.8926516539410814,-1.0995687631623932,-1.610698413546458,-0.866730016758075,-0.6289576746953697,-1.4691413195186676,related,8
HP:5200273,exact,direct,Morbid sadness,Mistral-Small-3.1-24B-Instruct-2503,-1,-1.3751719758398049,-1.0865100902237752,-0.8907515164602734,-1.3710033929409522,-1.3761137189300776,-1.0490244371093378,-0.8630105549640992,-1.3614559181098156,0.5321439079977838,-0.1296702368540556,-0.0484935502183026,0.4497933240393881,-0.1605333586834153,-0.553427462476038,-0.5258828722099687,-0.2971496736569157,0.2417392619627003,-0.2526327217300851,-0.2752349361691503,0.0782503466537885,0.7638802033945484,0.26641000466886,0.1472002404332486,0.696458115960631,0.1076180353552136,-0.3962959750393517,-0.3541026409167635,-0.0613108103225062,0.9072820124838232,0.3101013892317846,0.175644804973953,0.9202825945003912,0.4241051638491273,-0.1557562733978987,-0.2497289167784843,0.2893434117351979,0.7939474272820009,0.3504251204049002,0.1255230072974698,0.7455070674894324,exact,9
HP:5200273,related,direct,Deep emotional pain,Mistral-Small-3.1-24B-Instruct-2503,-1,-0.7834069668840167,-0.8743127860628037,-0.7352854114625385,-0.9069980478814657,-2.3010139884943945,-1.2536810761373935,-1.0036787314030284,-2.0050951442677416,-1.1589784400145384,-0.7632293482338596,-0.0991957694589493,-1.1725596075443057,-0.8308789996629085,-0.6738759247557452,-0.6241646298175106,-0.8755334316106138,-1.2719464881502165,-1.0282733807096578,-0.7779351208289297,-1.2607770036536017,-1.2474167869570854,-0.799424702907021,-0.6858303997279611,-1.2119647711487307,-1.260802196202944,-0.8150253443511722,-0.7059592994479424,-1.2368968088744072,0.035665172806973,-0.5180956163716735,-0.5277819153227991,-0.1157334419370295,-0.6223473633629769,-0.7102047039525113,-0.7032085457603637,-0.7441983099388996,-1.0518001420430665,-0.7854420994731467,-0.5890075629871903,-1.0793003554295098,related,8
HP:5200273,related,direct,Depressed mood,Mistral-Small-3.1-24B-Instruct-2503,-1,-0.7389520245554843,-0.8731071965577962,-0.7340588201182356,-0.869852055294478,-2.290116583407872,-1.2468765239361697,-0.9859212851118272,-1.997951163347339,0.1460153517589585,-0.3675833693910586,-0.0708218751042208,0.0140797176360778,-1.3038524217068943,-0.9466217181620212,-0.8408788259944432,-1.245669103589437,-1.6399562945572823,-1.1253659847691015,-0.8346844055311028,-1.5243329058980364,-0.7013117388091348,-0.6852416155053253,-0.6090407883991023,-0.792452744536411,-1.8494042301623808,-0.9668251853323692,-0.828868931089595,-1.6620423954274623,-0.1138730220587016,-0.5631732460837076,-0.5395027808031833,-0.2614276156622238,-0.5044233347205902,-0.6832895232815673,-0.6685889692790624,-0.6430190426043508,-0.4596412851644967,-0.6050933179614603,-0.4927429267675912,-0.6181272656938733,exact,8
HP:5200273,related,direct,Intense anguish,Mistral-Small-3.1-24B-Instruct-2503,-1,-0.8206890210812489,-0.9049243651385606,-0.7414959694554718,-0.9378701378304082,-2.087896839307464,-1.232604401990894,-0.9899909367817252,-1.863697778769927,-1.4168482683842052,-0.8304954097348651,-0.112016070321265,-1.377615525722242,-1.273859996071261,-0.8389345979426799,-0.7498468148718166,-1.2229074595100982,-2.0408351552857336,-1.2271177959265724,-0.891291950683563,-1.7946890326890892,-1.5393803574097389,-0.8622829257196525,-0.7359561769034416,-1.4223380503273793,-1.574432731703289,-0.9144812340696284,-0.79276734066239,-1.467294255780139,-0.2013060586969451,-0.598698742416018,-0.5855979917890837,-0.3439070748690176,-1.166994570343695,-0.8838628106954671,-0.8669641234766965,-1.180269229282485,-1.012052769837112,-0.7460522502378627,-0.5744198864192213,-1.050122143908342,related,8
HP:5200273,related,direct,Low self attitude,Mistral-Small-3.1-24B-Instruct-2503,-1,-1.690310455516745,-1.1371718280465313,-0.9070057311538198,-1.599317174902378,-2.502395052519734,-1.2916289528809712,-1.0175705333841496,-2.1355442279787527,-0.6220703415521562,-0.612196349129657,-0.0928582590856947,-0.7206904121596983,-1.1260148212899306,-0.7816788672528048,-0.6815105403800987,-1.109392221735591,-1.7597032878038736,-1.1492204873164242,-0.8422326183583643,-1.606774610590496,-1.6836060843033314,-0.8915479669047519,-0.7526327510407171,-1.5234249715419752,-2.181375943669847,-0.9920611713713844,-0.8518152537019337,-1.8896816510506225,-0.1212301397638839,-0.5910219665956975,-0.5590579829911307,-0.2684409998003258,-1.4490322851673536,-0.9398718195611984,-0.9074273974051652,-1.3897871728478264,-2.292850278942588,-0.969255243325496,-0.6988983158028654,-1.9050321691273835,related,8
HP:5200273,related,direct,Pathological dysthymia,Mistral-Small-3.1-24B-Instruct-2503,-1,-0.3401583552390586,-0.6781041668434864,-0.5894131786226405,-0.5180467282482066,-1.041662082993776,-0.9444111847934537,-0.8012293402595858,-1.1054849893449707,0.2187348219308895,-0.2922324420525988,-0.0651919737219019,0.0916500242938088,0.0384840144008816,-0.4078258559807289,-0.4047413932071548,-0.1082261771070018,-0.8433976359297304,-0.868382767990722,-0.6870799772762836,-0.930888092468744,-1.2205969178198706,-0.8004206700641163,-0.701226467966334,-1.192212899396438,-1.140774275260012,-0.7722063385018667,-0.6844649041543501,-1.1460119046351978,-0.047434138813543,-0.5177441319424759,-0.4924688975676713,-0.1974541273953844,-0.7245762590383261,-0.7821174648358304,-0.8044226083086952,-0.8297502834263382,-0.8444494927254779,-0.7070773221910148,-0.5473159103599693,-0.9245562056482768,related,8
HP:5200273,related,direct,Persistent despair,Mistral-Small-3.1-24B-Instruct-2503,-1,-0.9932450571355091,-0.9540195511790668,-0.7705776488877607,-1.0776309622962434,-1.8585364761110688,-1.1773792595491148,-0.9636033991648604,-1.707275054404462,0.0151661798995843,-0.4261013793796393,-0.0778220230005318,-0.1212471928265434,-1.0743396980940805,-0.8339526310830776,-0.7480057539594284,-1.0691749393777883,-1.4038527193605468,-1.0618462149271548,-0.81213037571847,-1.3571236330937375,-0.9057188302644038,-0.7288360834396109,-0.6484037194807676,-0.954084922965082,-0.9652818589651242,-0.8315111001950263,-0.7063909338628293,-1.0100335509308815,-0.6849599366255265,-0.7886409485981949,-0.7143208432467988,-0.7709547365967073,-0.4080164004610258,-0.6844988907563523,-0.7212891366333938,-0.5581429782237827,-1.3494466989212237,-0.8546565991958048,-0.6360479546025491,-1.2913146872513912,related,8
HP:5200273,related,direct,Profound feelings of unhappiness,Mistral-Small-3.1-24B-Instruct-2503,-1,-1.731276636321301,-1.122828698571136,-0.8932039123010312,-1.6282094964207174,-3.0972894671012403,-1.3710066188596273,-1.090250029243937,-2.50536672418955,-0.6763234212943543,-0.6446365069599447,-0.0911833292491764,-0.7681653946226774,-0.6804897129641561,-0.6681664512980809,-0.6157620722067008,-0.7521132512844839,-1.968534472323454,-1.200240798250677,-0.8671752950881779,-1.7470787159242935,-1.19992543960097,-0.799628998977504,-0.689559843364686,-1.1769361730392518,-0.7731601242530289,-0.757789251893466,-0.6703705368274685,-0.856430776721684,-0.7377129094222352,-0.7196149663503928,-0.6502413006684249,-0.8150120429950408,-0.6307686189472038,-0.7044335481682843,-0.7177878271068733,-0.751319146168649,-0.3821300908740985,-0.5695181107407358,-0.4685894876233237,-0.5527533765595113,related,8
HP:5200273,related,direct,Unrelenting despondency,Mistral-Small-3.1-24B-Instruct-2503,-1,-1.7914991399496067,-1.1234044912504828,-0.9036943538240468,-1.670378697748518,-1.6026078153143608,-1.0784726998533458,-0.8743428231526119,-1.5268998850405269,-0.300737521817968,-0.5951352236802661,-0.0967456141295288,-0.429107363641439,-1.0994413020108065,-0.8957203081405012,-0.7893736758744743,-1.088747163215671,-2.056088764808754,-1.228776531367488,-0.8981288408962166,-1.804672982746075,-0.9990125904762182,-0.7632348840369401,-0.671836422390431,-1.025909615507707,-1.963394466978256,-0.9978769207793312,-0.8503847304391353,-1.741059802049166,-0.5611640781401052,-0.7077827400894809,-0.65730599270643,-0.6657986661752411,-1.0862505995688854,-0.9055829707151336,-0.8648084702316164,-1.1184433508098557,-0.971868851480586,-0.7327265567993992,-0.5688588247710733,-1.0203970207852096,related,8
HP:6000414,exact,direct,Cervical duplication,Mistral-Small-3.1-24B-Instruct-2503,-1,-0.3464538386188128,-0.5863619926940563,-0.5247056180814241,-0.5238947459225185,-0.3412221106316999,-0.660000962922708,-0.5705222569871713,-0.5094490102971088,0.2096961697909085,-0.0946221617087043,-0.044367093099414,0.0819097152469363,-0.2166098937879154,-0.6143253689634637,-0.5744786643025949,-0.3486994454418956,-0.288055180368508,-0.6171472881135018,-0.490329534352903,-0.454237799249198,0.4912813831843418,-0.0938431694233295,-0.1512323213072492,0.3438327139721501,0.4660998221619122,-0.2407898744845129,-0.2552999003303186,0.332256314155438,0.3046366650316185,-0.3771657467922958,-0.3800240061609698,0.1638680603753202,0.2057980529370343,-0.3643928536187758,-0.4536537147984489,0.0414535978264903,0.1658999359208521,-0.3972877971134618,-0.3684839578163927,-0.0412637024599786,exact,9
HP:6000451,exact,direct,Calcified gallbladder,Mistral-Small-3.1-24B-Instruct-2503,-1,0.1606638597938004,-0.2453822314076074,-0.2797150473157177,-0.0119136334091441,0.40454386045411,-0.0443421735033231,-0.100655018045797,0.275651191664677,0.5372027976503448,0.0493106670943668,-0.0245671169446273,0.455950359794083,0.2322456585353598,-0.2609272479821953,-0.2477788192619972,0.0861144684905866,-0.8179641490213938,-0.8832177740411297,-0.6825556053419458,-0.9103968411819032,0.1424907382609086,-0.3602748720336356,-0.3542775238209031,-0.0371625657785149,-0.2267868142967833,-0.6828980416659466,-0.6227263221829114,-0.3849657230560174,0.5315993230706644,-0.170795983906901,-0.1958954360847084,0.4224082513060334,0.0340380382558566,-0.4448288358566974,-0.4756603579707435,-0.1386233540172497,-0.4317590928477219,-0.6957064737490468,-0.5458854474746995,-0.5947702317284206,related,8
HP:6000451,exact,direct,Calcifying cholecystitis,Mistral-Small-3.1-24B-Instruct-2503,-1,-0.214439881230881,-0.5172349256584124,-0.457306831914174,-0.3989449607668293,-0.2081453262757372,-0.542432970042051,-0.4922672125749886,-0.3838884174217363,-0.3298108394226143,-0.3998678430468292,-0.0564101917774825,-0.4562934640923929,-0.5653227793294785,-0.71214411378818,-0.641276528777008,-0.6553807169602202,-2.072625933484157,-1.2267541936050042,-0.8453142080561477,-1.8154735636205177,-0.7790050076582865,-0.7179210980308844,-0.6480634391310891,-0.8546178206862958,-1.9247729412106176,-1.1031550300146935,-0.9474649480975368,-1.7143924832712951,-0.0368674155832206,-0.5339832468799127,-0.504794310372012,-0.1871705621501283,-0.6442883800345467,-0.7464212882171075,-0.7614080984866868,-0.7627230558959941,-0.9097348147398768,-0.7685102905928333,-0.5794772025876949,-0.9739706571032446,related,8
HP:6000451,exact,direct,Cholecystopathia chronica calcarea,Mistral-Small-3.1-24B-Instruct-2503,-1,-0.4211660351369534,-0.612505397468157,-0.5235812587577306,-0.5925059630744074,-0.3459427922764638,-0.6207959095364988,-0.5470519704505468,-0.5138158403505745,0.3624838737647177,-0.1951762126252605,-0.0473151471596064,0.2506669415332337,-1.147230224629642,-0.9576045859802976,-0.8195076939348367,-1.1258201564881398,-1.583486174474397,-1.113213558796995,-0.7938056793058358,-1.4849200054228766,-1.1431694821649974,-0.7979549128217345,-0.6900528399333065,-1.134749355929728,-1.680113813682232,-1.0246208528921532,-0.8825762923300924,-1.5428754538631202,-0.4732246989825918,-0.682201868150113,-0.6227743559371799,-0.5894913712588776,-1.135231853292525,-0.8730297251132965,-0.8600522336186065,-1.1560527214427252,-0.7130465213434033,-0.716201724064102,-0.5573028158304614,-0.8229921273118355,related,8
HP:6000643,exact,direct,LMNA antibody positivity,Mistral-Small-3.1-24B-Instruct-2503,-1,0.9058787558519964,0.9716829891562376,0.7399039500730844,1.0315596085310808,0.8381701918229565,0.6846464341177543,0.4805888199789918,0.8867196063669018,-0.6897994258644631,-0.6849968363581741,-0.1006434412235966,-0.7798870166347106,0.7798743492675431,0.3433933347801903,0.2472043873253605,0.7169233180482883,0.5309419938118194,0.1063889438533231,-0.0119202956128355,0.4202778701543217,0.3287169689355179,-0.2076090735384279,-0.2479536594100188,0.1587848117180621,0.2847454539022286,-0.1995551375330605,-0.2293356738751814,0.1257065675016214,-0.04579781183042,-0.4078018158491908,-0.3860048320963158,-0.1958636498693641,0.4916289071605152,-0.1638991952303555,-0.1568712180841175,0.3713407414966312,0.0405301768230379,-0.4553093306782401,-0.4094894074690129,-0.1674637976268926,exact,9
HP:6000643,exact,direct,PCNA antibody positivity,Mistral-Small-3.1-24B-Instruct-2503,-1,0.7101931625279778,0.4045724935161912,0.1920615092349711,0.6967576996758744,0.7605418087634366,0.481717099903153,0.2936901799630282,0.762226305899868,0.6282370262609013,0.0677773717604206,-0.0276054056410423,0.5692219427464802,0.2241472572064641,-0.2470401469369608,-0.2728470198044858,0.0777569578117834,0.2463376018217437,-0.215260254380877,-0.2581394589471407,0.0833404878507375,-1.419738686564429,-0.8411609660135396,-0.7176134463258406,-1.337114399345836,-0.9583659217579972,-0.7519470318106548,-0.662794337348813,-1.004593990929325,0.0051795409156059,-0.3813888886120483,-0.3655600170996093,-0.1459422572528504,-0.4924162541779183,-0.7160643187190653,-0.6988625866560997,-0.6325577325878483,-1.0109681126166608,-0.7824366462874861,-0.5935653575558321,-1.04932281345082,related,9
HP:6000643,exact,direct,Prelamin A antibody positivity,Mistral-Small-3.1-24B-Instruct-2503,-1,0.9417355487650216,1.115942619461224,0.8879753290665153,1.1020457891683837,0.8336087040813307,0.6823807093496485,0.5420039152473819,0.8791505410600055,0.9874097248318158,0.4706767543588432,0.0136118480606643,1.0768443665593428,0.8260742258078857,0.4561335777208107,0.3398552103085945,0.7781092032386399,0.8382593323518973,0.6367231279639752,0.392396347407877,0.851908185189659,0.3247682621312341,-0.2173448798057284,-0.2547931034357555,0.1544674904641271,0.5256991199674396,-0.0365079627775858,-0.0620935614918767,0.4042410149778904,-0.0823326728347241,-0.3868210773445047,-0.3990278244524158,-0.2312028541715454,0.2748001626786585,-0.295828438232965,-0.3010566692447032,0.1172561077649097,0.0182988318997746,-0.4410300830861005,-0.4026153952069106,-0.1891765013373566,related,8
HP:6000643,exact,direct,ki-67 antibody positivity,Mistral-Small-3.1-24B-Instruct-2503,-1,0.49882065683539,0.0324118465368456,-0.0744794529757028,0.3956044257032993,0.7442838401970973,0.4628629298272602,0.3417730498391017,0.7372225596077795,0.5525734324037597,-1.190442361340742e-05,-0.0193180430393796,0.4747429636895285,0.3433261226413774,-0.1352359090586931,-0.1978223288969352,0.203070361132929,0.3156497960504441,-0.1315726802936385,-0.1941890908427672,0.1612929698328261,-1.998873414025242,-0.9289544168787076,-0.7840732148563404,-1.7388443569073786,-0.6005047018908841,-0.6438094954681196,-0.5622318824386696,-0.7135478557444082,0.5601265433069019,0.3149630037454427,0.2284492222986983,0.4567388960180062,-0.7044410226388919,-0.7244838327247508,-0.7293506580350905,-0.8130504442574282,-1.3432978999493412,-0.8567806565343091,-0.6337436818283815,-1.287042194720585,related,9
HP:6001162,exact,direct,High voltage R wave in V1/V2,Mistral-Small-3.1-24B-Instruct-2503,-1,0.5285091970101291,0.0846094011511355,-0.0279762347349729,0.4352112688830069,0.6767708707096607,0.3193194905313776,0.1759435228968385,0.6368303468212626,0.4534384378520272,-0.0939703547142518,-0.0383597749265716,0.3557109253171643,0.9369339435643396,0.4363202142412996,0.2857096488624689,0.9323958498291782,0.8398864704693125,0.6421514710840942,0.3984881154015089,0.8544640502746965,0.2122801283165104,-0.3078749157659678,-0.2956467492940611,0.034532717934863,0.4906220018251731,0.0960045176932238,0.0311192245804975,0.3615997062264969,0.5131886895201088,-0.1175028814314806,-0.1612874266189184,0.4004921104968492,0.6032362792373477,0.0550147588622675,0.023275141157159,0.5136710466454157,0.7714327917716645,0.2035693616911384,0.0138720941909233,0.709925936285141,exact,8
HP:6001162,exact,direct,Prominent R wave in lead V1,Mistral-Small-3.1-24B-Instruct-2503,-1,0.5367854459502278,0.0999567880291475,-0.0094588871119119,0.4463898158770125,0.4772597526294752,-0.0135747220035747,-0.0708695589382637,0.3664385148183125,0.2649641062857733,-0.1900630205982661,-0.0455772489712262,0.1419270740521899,0.5798896239055656,-0.0865788389616023,-0.1532656620071213,0.4689558763400686,0.7382778535276132,0.4390301497326416,0.2664702999937077,0.7011712861117254,0.2977289570096148,-0.2490579257047928,-0.283570353008288,0.1251077590845516,-0.0634354109848346,-0.3479679583965367,-0.3189596696200821,-0.2310364040610839,-0.2853207945825118,-0.5917538090432932,-0.5654727273117347,-0.4214622695537398,0.4898588707575827,-0.0803392621396102,-0.1854305156985282,0.3691542650116602,0.6849213162067135,0.1052732982226095,-0.0635400434011941,0.5807565008556913,related,8
PATO:0002324,related,direct,completeness,Mistral-Small-3.1-24B-Instruct-2503,-1,-0.8760218356306134,-0.9497098437350998,-0.7774364689753518,-0.9832341317997906,-3.4982313487667693,-1.4892507842772418,-1.1492047390013571,-2.74346501077453,1.0150740964480236,0.7985068488580385,0.0633772479456242,1.1214892922403683,-1.1937487294816,-0.8550740016743662,-0.7449908129870352,-1.161675708021132,-0.374706227524353,-0.6985410118490428,-0.5449398517505281,-0.5331222116513192,-2.218544807224086,-0.967087026654173,-0.8160154373123858,-1.8850363039493192,-1.328050939707263,-0.910955040735139,-0.7878044217669,-1.2871259767769447,-0.0642558538987065,-0.6343925510558688,-0.6041998309651052,-0.2137623777517162,-0.7290585402363823,-0.9615875295727702,-0.924812937209155,-0.8334580236593137,-0.7311286137882421,-0.6551692808862566,-0.5265044040678287,-0.8371431223173234,related,8
PATO:0002324,related,direct,extent,Mistral-Small-3.1-24B-Instruct-2503,-1,-2.607185211143668,-1.4796999956346617,-1.051874388582563,-2.2109030760590547,-4.2222452202389125,-1.5615344585509905,-1.193096268142125,-3.1550405571724194,0.6355288316809907,0.2027791599916714,0.0086770487648011,0.5785093144386149,-1.2991033035815849,-0.7938997402259013,-0.6993783387719236,-1.2420707071790935,-0.476129009302576,-0.7486606485161693,-0.6009342824869917,-0.623128013822554,-1.6515140469654246,-0.8938480258619925,-0.7749239022943399,-1.5010800349991211,-1.7591227491960526,-0.979614813045745,-0.8441705378921375,-1.5987726945367848,-1.3667051740426632,-0.9336258473678476,-0.7903014860863241,-1.3114426820124836,-0.5281043629449621,-0.8904446478801217,-0.8704793987193805,-0.6635629816177061,-1.5295126978160822,-0.8354296184172643,-0.614854595457414,-1.4146259606139615,related,8
PR:000001004,exact,direct,CD4,Mistral-Small-3.1-24B-Instruct-2503,-1,0.3704525873374009,-0.1832125549280706,-0.2401641870078723,0.2323276796004809,0.942536161609054,0.8919350937675887,0.6983913853688959,1.0703682094976257,-2.9520469396320075,-1.0895799788798337,-0.1156390648974857,-2.4984481910472924,0.5643317160628384,0.0062926401293379,-0.053046952733704,0.4506554267118368,-0.2494338794753305,-0.6215687197267236,-0.5385274445227668,-0.418448724615109,1.1684117717117088,1.5994457551329284,1.3409557047483676,1.4357105944617103,0.8236527972154074,0.481535817473927,0.3411099592269122,0.8069078438720794,0.7873482375768482,0.0508072296371929,0.0080726529781925,0.7490000782388596,0.3539077791213548,-0.2964195697911926,-0.2651259826419092,0.2069617501711081,0.646971213790879,-0.0026326045181743,-0.1420943032846345,0.5273427781299764,exact,9
PR:000001004,exact,direct,T-cell differentiation antigen L3T4,Mistral-Small-3.1-24B-Instruct-2503,-1,-0.4201634854921598,-0.6982390535627544,-0.6110860262062044,-0.5915946952399177,-1.6797912320007191,-1.1312524465058666,-0.9013161593192446,-1.5819919718777118,0.2295996004612397,-0.1922247173310439,-0.0389752141348214,0.1033965275102314,-0.9271485714022736,-0.903878915770438,-0.8017863661455026,-0.9529618632306374,-0.4201040292624365,-0.6880120816549321,-0.5395364103993757,-0.5737085004510584,-1.1747203454893729,-0.7914082007042406,-0.6816655711691412,-1.1582455868971864,-0.4510924063079796,-0.5179290733964619,-0.4723266113587583,-0.5856518118055425,-0.7056852788356014,-0.7036898529180456,-0.6526365302279792,-0.7883155197781542,-0.1406379612749017,-0.3689029714597193,-0.4501429148790165,-0.3110552866060544,-1.404432421449321,-0.8600378261032596,-0.6376589682159199,-1.3293354954398335,related,8
PR:000001004,exact,direct,T-cell surface antigen T4/Leu-3,Mistral-Small-3.1-24B-Instruct-2503,-1,-0.5689649350598315,-0.7713249654666404,-0.654257390625088,-0.7242286218557761,-1.2528440555630478,-1.031293378821915,-0.846326693715017,-1.268845754496274,0.6840964814621933,0.112596678532398,-0.0237029896761174,0.641247427744591,-1.664288208008967,-1.1963414508277497,-1.019844503481924,-1.5129177902487063,-0.770379542801472,-0.844566229224718,-0.6451923145426807,-0.8717532498028904,0.2142474460761714,-0.3230450946472352,-0.3111445364470053,0.0365823265812533,-0.2761585818049654,-0.4628064624976544,-0.4236398082623721,-0.4301256226908197,-0.5336842440223959,-0.6913926018310779,-0.6499538332586514,-0.6421028784532784,-0.6673353120192572,-0.6232468553221122,-0.6652549079609182,-0.7820841690984988,-0.7996988681838934,-0.7166513686046714,-0.5590754164422533,-0.8902925810773518,related,8
PR:000001004,exact,direct,T-cell surface glycoprotein CD4,Mistral-Small-3.1-24B-Instruct-2503,-1,-1.0724798510457316,-0.9576455685271252,-0.7970728390289042,-1.140199324453292,-0.849025811862282,-0.8908281979892633,-0.7465192678343416,-0.9506689604494756,0.1721414668562399,-0.2365495513922199,-0.0397590790364612,0.0417428193063545,-0.8208364741756093,-0.9155100012617858,-0.8108149035157072,-0.8673878012209234,-0.3120300773309544,-0.6320895867807388,-0.4681831879024062,-0.4762557151142778,0.8357426359995244,0.3473438076341578,0.2181588512914258,0.8020616579173404,0.2829616297493469,-0.162586063886398,-0.1873565574971489,0.1237569962317193,-0.1929699795380007,-0.5389529878617552,-0.5164652046086962,-0.3361232765207536,0.5132639563117073,0.1443148306726352,0.0109701756630645,0.3982352170051165,0.634759273838834,0.0623579778625095,-0.1008428163687418,0.5105236839102282,exact,9
PR:000001006,exact,direct,L-CA,Mistral-Small-3.1-24B-Instruct-2503,-1,-2.512451222204748,-1.2760107342060958,-0.9920993265244292,-2.1507050067802185,-1.8850286712601263,-1.1930824089767975,-0.965797250551294,-1.7255830403124206,0.37481686560998,-0.2228897792390274,-0.0445375591467055,0.2646954728872366,-2.212997081481362,-1.2186028712174932,-1.0556751798890682,-1.9011958371035944,-1.4932502373626533,-1.0701775063717918,-0.7872998404950786,-1.4211960913511978,-2.232426129838914,-0.9669774342035892,-0.8107836055174077,-1.894178257910107,-2.622001303724619,-1.076656578792001,-0.9193380824653646,-2.1815140665042687,-1.0473286525180003,-0.5606010685617248,-0.5528677423833088,-1.0655078798836342,-3.2349403957808325,-1.1119461460321454,-1.0393297525959753,-2.5536202762421496,-1.8730574899200687,-0.9278892356304708,-0.6659862850207362,-1.6411739857365042,related,9
PR:000001006,exact,direct,PTPRC,Mistral-Small-3.1-24B-Instruct-2503,-1,-3.051035213525621,-1.3410365900009156,-1.0400445919061974,-2.485494233877548,-2.129135825776485,-1.226860035842798,-0.9837561145375552,-1.891342769188604,0.4671195689481775,-0.1330946697128423,-0.0455840240556021,0.3718422909210579,-2.329958859043616,-1.283121376707453,-1.0778372478134242,-1.981591670522889,-0.5400476620424737,-0.7159659816653104,-0.5660338022245126,-0.6786490451497775,0.0302406753755389,-0.422715070420911,-0.3915571679131785,-0.1486626064077298,-1.0282449394589428,-0.8782539523029962,-0.7755409639576769,-1.0592661439617534,-1.4690767812421834,-0.8754817810177337,-0.7595265389197658,-1.3879815744729704,-0.0329045097422905,-0.3377687772211138,-0.3651633981656906,-0.2058695242845865,-0.7001168087017068,-0.7313977211351784,-0.5644800760546285,-0.812837769428296,related,9
PR:000001006,exact,direct,leukocyte common antigen,Mistral-Small-3.1-24B-Instruct-2503,-1,-1.3944630611339008,-1.0359989108363956,-0.8445817277422552,-1.385307927538637,-1.0683864682747275,-0.9290525880724042,-0.8035235800747507,-1.1265077107487642,0.0328467009743892,-0.3975756293106463,-0.0697346081543745,-0.1032597973354095,-1.2322228933351678,-1.0890620821284331,-0.9280989564668152,-1.191162887606411,-1.0875180536438769,-0.9259210535924562,-0.7054883308509952,-1.1221699886798835,-1.0041391018623056,-0.7721590622114635,-0.6733952747490736,-1.0298237163032646,-1.883442856849244,-1.008601185326408,-0.8574628518814014,-1.6857366751425058,-0.8658615540819974,-0.6930645568008958,-0.6238755507215248,-0.9202968787814744,-2.732697570590401,-1.077086491212303,-1.002071034800745,-2.2483096218215723,-1.4001768704992443,-0.8327312801419211,-0.6158591947077744,-1.3264047245379706,related,8
PR:000001006,exact,direct,ly-5,Mistral-Small-3.1-24B-Instruct-2503,-1,-2.614859374097365,-1.305636300343944,-1.012900332613485,-2.215753522806141,-1.588611953283833,-1.1307054724839152,-0.9180867634692876,-1.5168425559096457,0.4509342008821364,-0.1488709005530265,-0.0413132591335003,0.3527679460222562,-1.880847748794316,-1.1907475312578395,-1.0201228470327284,-1.668541607143189,-0.9136735799597152,-0.8657616795190151,-0.6789115373605004,-0.9869350965411012,-2.018357009579866,-0.9413588100710092,-0.7947559002717454,-1.751931545639791,-2.1412643641041047,-1.0382194134035432,-0.8964127724868023,-1.8625642243233071,-1.108147427047827,-0.5928244372117291,-0.5745183106427678,-1.1132392914881462,-2.145545184108244,-0.9825632276294842,-0.9220078189939698,-1.871916316054496,-2.102841244852261,-0.9938710987854816,-0.7067012025881355,-1.7871895703854,related,9
PR:000001006,exact,direct,lymphocyte antigen 5,Mistral-Small-3.1-24B-Instruct-2503,-1,-1.596773686056559,-1.1031223504390544,-0.8862530530237411,-1.5326977505975752,-0.8120734124436129,-0.8669828143963891,-0.7483652281103559,-0.9202731548396516,-0.4189385074140161,-0.6444030203144171,-0.0912464364290409,-0.538581302047171,-1.4460908849380794,-1.1523421515365986,-0.9888347805359302,-1.3524717407880518,-0.7313519975974392,-0.8050047929575604,-0.6448579118896577,-0.8397537958850195,-2.053614895881682,-0.9471620411081654,-0.8019952206512221,-1.7755525629811604,-2.297934479534637,-1.057551675490349,-0.9010721480560232,-1.9679268393953488,-0.697655155677683,-0.6369269575021067,-0.5374654772874254,-0.7815970354235384,-2.413762889343254,-0.9774778804722586,-0.9395100793847236,-2.0467721240492365,-1.6246730504847358,-0.8804222300752776,-0.6446611442490362,-1.4784610699678242,related,8
PR:000001006,related,direct,CD45,Mistral-Small-3.1-24B-Instruct-2503,-1,-3.1243416157429484,-1.3667597565352612,-1.0489497613773873,-2.5297616823964426,-2.313127479689767,-1.271537401303653,-0.9923069566046347,-2.0130258255528664,-0.2783129206558963,-0.6427886593101986,-0.0926669002087131,-0.408018011709121,-2.5388264748487552,-1.3728087490853318,-1.1449187733417996,-2.123412473204374,-1.6387678138606312,-1.1222149446279066,-0.8014055040942952,-1.523507018951229,-0.6592443013482996,-0.6781848368726269,-0.6146063086520552,-0.7583939896665097,-2.13554022529672,-1.0642973258993635,-0.903596353810968,-1.8586862071866923,-1.661734244853092,-0.9321481071145264,-0.810406798358967,-1.529352373880904,-1.5359220568129273,-0.924536600489445,-0.8638240924437752,-1.452489549069841,-1.7842683373945705,-0.9531489096203836,-0.68349045186693,-1.583626728693838,related,9
PR:000001255,exact,direct,C-C CKR-3,Mistral-Small-3.1-24B-Instruct-2503,-1,-1.0495790308308537,-0.9431443958854988,-0.7824263725343418,-1.1222139696934572,-0.7467480001519815,-0.8927555619651207,-0.7584059391244391,-0.8659491106918029,0.8400318962361771,0.2752549431217062,0.0147987558259699,0.8544336043394468,-0.8245424736509395,-1.0579515095094565,-0.9052683209631376,-0.8703953327370455,-0.3308728985578614,-0.587570264879275,-0.4339236865659813,-0.4934561172860796,0.5513326834363714,-0.0493079621055133,-0.1118629534149264,0.4162980105745568,0.1894741580826508,-0.4002608513946683,-0.386452683938351,0.0235352621178693,0.1313492465208087,-0.0520224821554307,-0.1104133004063797,-0.0190842327484898,-0.9218945699544172,-0.7881613769245241,-0.4182235194462976,-0.9897672662557032,-0.5743832611450829,-0.6514202731018468,-0.5258250926717862,-0.7124747014852711,exact,9
PR:000001255,exact,direct,CC-CKR-3,Mistral-Small-3.1-24B-Instruct-2503,-1,-0.857852882879303,-0.8681232602011857,-0.7363898575638437,-0.9683974073889376,-0.91443043282767,-0.933317219594796,-0.7869841102331102,-1.0039012799542124,0.6630469592448612,-0.0535290900074897,0.0009725043449647,0.6138649773760617,-1.1436614237203673,-1.0088518192487843,-0.8861175077069163,-1.1230600369767745,-0.9233910303103344,-0.8732122873197484,-0.6064072830956588,-0.9946203450913396,0.467875131717863,-0.1355594649260303,-0.1730619517115336,0.3162375911225334,0.1844464242245515,-0.4102371778697609,-0.4126880039739198,0.018249056366155,-0.6661045427539906,-0.4885963277493904,-0.4577749000282147,-0.7551011218616328,-0.2956476839701694,-0.5242960446998024,-0.4000031126529353,-0.4565276730014153,-0.9932771572665422,-0.7838939510596503,-0.5889430542937936,-1.0362620629552748,related,9
PR:000001255,exact,direct,CCR-3,Mistral-Small-3.1-24B-Instruct-2503,-1,-0.5825257747420076,-0.7610533541824193,-0.6474127942828539,-0.7360659953814357,-1.4777267990253231,-1.0936601023696542,-0.9082480976798676,-1.4364029915015828,-0.0820965059294619,-0.3846934899944763,-0.0618404115345782,-0.21865987791767,-1.672683531607684,-1.1156497708484747,-0.9574904055698608,-1.5190149774238957,-0.8241507312659619,-0.8300929862354234,-0.5765972018610362,-0.915391593030614,0.180585129397526,-0.3458661623015984,-0.3498448099346449,0.001731568701836,0.3552226133248376,-0.2961042128915501,-0.2988465973839079,0.2039397470774137,-0.6329303102849175,-0.5316141213824952,-0.4848065557934928,-0.7270688081168887,0.5569379603360853,0.1399469435509947,0.1179878619056943,0.4535179106156777,-0.1586927675091426,-0.5577813792398474,-0.4618486273431957,-0.355815538195535,exact,9
PR:000001255,exact,direct,CCR3,Mistral-Small-3.1-24B-Instruct-2503,-1,-0.899797974848817,-0.8728182944407817,-0.7394328864394589,-1.002564374099247,-2.1144402871277745,-1.2373514213714538,-1.0041864417972572,-1.881507549963373,-0.8722450387994983,-0.7183588943137129,-0.099009942410265,-0.935977726675678,-1.8050441076308363,-1.1901030489199622,-1.0023686361348183,-1.6144492601252671,-0.7890602984788356,-0.822940085146318,-0.6041407948390751,-0.886972028086431,-0.1494332804718522,-0.5119715757006319,-0.4670104112559993,-0.3186904767597056,0.2945045010106228,-0.3541485562200152,-0.3723911520645669,0.136398318639336,-1.5819041659655837,-0.8823092226093614,-0.7847618090987714,-1.4711796681968785,0.1884408300520574,-0.2377828684442261,-0.2647453814841277,0.0227182860345964,-0.1576452631525699,-0.5465751096935962,-0.453685229454189,-0.3548593166818278,exact,9
PR:000001255,exact,direct,CD193,Mistral-Small-3.1-24B-Instruct-2503,-1,-1.9011969818738883,-1.158494421811865,-0.928978200504115,-1.7462958235842276,-1.545993804024697,-1.1085513919250176,-0.9037035367451994,-1.486086996698729,0.4506902042263948,-0.1112207986496278,-0.0410818001306467,0.3524813613139403,-1.6547203486054238,-1.20495263456994,-1.0145546421234968,-1.5059624446732691,-2.7078991180801606,-1.3392125282003968,-0.9034560704112706,-2.213494153053761,0.1659247519923121,-0.3585161309057383,-0.3506906482116963,-0.0133036167321475,-0.3764979768749021,-0.6963987289500383,-0.6327736644440043,-0.5201484899250116,-1.8281366758456064,-0.9267212962950924,-0.8266210234988117,-1.6488826473080207,-1.4327959900205829,-0.95623789723706,-0.7858807707685014,-1.3779790427846936,-1.735999543048497,-0.911473418557493,-0.6638361066405073,-1.5520601324497214,related,9
PR:000001255,exact,direct,CKR3,Mistral-Small-3.1-24B-Instruct-2503,-1,-1.5720353216591636,-1.0762774173940295,-0.8659849804096441,-1.5149225982939234,-1.082037539607727,-0.9711655650163232,-0.8122497665459887,-1.1372057438857386,-3.118809802217718,-1.111769129460416,-0.1211316762474549,-2.6133109508483754,-1.3303256017362168,-1.0999753070602445,-0.9561443215571358,-1.26568845168894,-2.543216750130183,-1.3164800601682611,-0.8946103112736411,-2.113270653406329,-0.1183391634512371,-0.4918427130995196,-0.4482487828677732,-0.2899365989644549,-0.206351732532605,-0.6515802980045391,-0.6020903850547511,-0.3660976560010132,-1.5571070674543148,-0.8854107547057181,-0.7880202645691944,-1.4529948318918346,-0.5437837686095502,-0.647583046586876,-0.5935808962801187,-0.6771016133715955,-1.6887653527590378,-0.9252478416405204,-0.6598959960608789,-1.5209709967048874,related,9
PR:000001255,exact,direct,MIP-1 alpha RL2,Mistral-Small-3.1-24B-Instruct-2503,-1,-0.6765763335139154,-0.7988442836348475,-0.6890548602646015,-0.8170953665417149,-0.553037752591024,-0.7738720570777321,-0.6886414234752157,-0.7000886783502313,0.5328462643017718,-0.0748055468436655,-0.0287731490385974,0.4506473184962618,-1.3025525164870142,-1.1013406607900629,-0.9439163349089338,-1.244684382799791,-0.4711978948484703,-0.6746058872283154,-0.5052294539198929,-0.6188071198673073,-1.3981605612279888,-0.8478440503797331,-0.7430394223134955,-1.321603299183643,-2.2089477491048743,-1.0653884304557484,-0.8999019926748719,-1.908263962439508,-0.2725356459709483,-0.2899131375187544,-0.305180911613269,-0.4097625147291144,-1.2729880103235045,-0.8413917944329585,-0.7238535857779506,-1.2601390121503724,-0.9702129689780038,-0.7528766955074744,-0.5820478867569725,-1.019167137536968,related,8
PR:000001255,exact,direct,chemokine receptor CCR3,Mistral-Small-3.1-24B-Instruct-2503,-1,0.463043122354755,-0.0041735203100517,-0.0965379107164346,0.3488493313925196,0.4556427736945694,-0.0007191395323615,-0.0853704970045834,0.3390731365357716,0.4024389034215638,-0.0891961909289715,-0.0399594757409858,0.2963539939771685,0.4580482871932603,-0.1831632119677802,-0.2203585230217436,0.3288654083311118,0.4087078345982362,-0.0145559457013404,-0.0962243629639783,0.269857867176332,0.5927079657990849,-0.0078476751879024,-0.0615934106726685,0.4677376104689577,1.0443291735043636,0.7751940394455976,0.6389759905859242,1.1800712545933711,-0.7327012914757169,-0.6982952511187643,-0.6319872431611716,-0.8108450606589902,0.6966185672849543,0.4849784322754349,0.295110041924275,0.6404531558789424,0.5542283773343157,-0.0343799127435231,-0.1492677159504528,0.4036305089375138,exact,9
PR:000001255,exact,direct,eosinophil eotaxin receptor,Mistral-Small-3.1-24B-Instruct-2503,-1,-0.5879431581208088,-0.7414658436848848,-0.6493689152860201,-0.7407837558758418,-0.1304284158749601,-0.5071494681612977,-0.4748090841995703,-0.3082045341892819,-0.8371903394542581,-0.7264642845043803,-0.0985434625430364,-0.906348312021772,-1.2309549328560403,-1.1121026286803473,-0.9508480673471672,-1.190193483274548,-1.1405934406823277,-0.9660127198825096,-0.7305514098005215,-1.1625483975188342,-0.3853554865815938,-0.602578352110362,-0.551462618291201,-0.5289695560491404,-0.8181495964480288,-0.867084601129395,-0.7576650906810058,-0.8928807695175432,-0.6991360609222655,-0.6831159286144599,-0.6152121072900427,-0.7828368108157844,-0.9348367101154396,-0.7278211650094772,-0.7076693054894938,-1.0000445108388762,-0.578182657488652,-0.6620475636088116,-0.5260406224118144,-0.7155521434608988,related,8
PR:000001255,exact,direct,macrophage inflammatory protein 1-alpha receptor-like 2,Mistral-Small-3.1-24B-Instruct-2503,-1,-0.1037471374052817,-0.525882609168006,-0.493541676216005,-0.2901033959473576,0.2699263897380204,-0.210932969975196,-0.2295665027061192,0.1161837856932107,0.7510951152183525,0.1862693216579399,-0.0148881460653965,0.7304893177498322,-0.9426323510645352,-0.9769660297125148,-0.8584853968416907,-0.9653072853564788,0.0832477980052787,-0.3015189280794428,-0.2872996812484789,-0.0915730814768794,-1.0860993927998772,-0.7920979312233919,-0.6825451008316261,-1.0919585012167683,-0.4611124014067381,-0.7079903360346962,-0.6358861162165359,-0.5943634037122071,0.4578038108679289,0.2064875486346368,0.1308548232436221,0.3356395073215464,-1.248504889674217,-0.7182472167600396,-0.6906802782065751,-1.241815862572268,-0.8640037674015,-0.7280933239180017,-0.5644286853176824,-0.9394268159781772,undefined,-1
PR:000001255,related,direct,CMKBR3,Mistral-Small-3.1-24B-Instruct-2503,-1,-1.8466852568741088,-1.1380799277304223,-0.9105664581434808,-1.7087122728772175,-1.6424590968813937,-1.1383362014368723,-0.9368281256676584,-1.5554227376928798,-0.0859877522799408,-0.3784527346159065,-0.0534107973467931,-0.2225051039582832,-2.0481734817636834,-1.2392296539222365,-1.039865248886392,-1.7865920646211817,-2.234337099692507,-1.2500008801733793,-0.8743772632688819,-1.919835809498757,-0.2931410319568504,-0.5702839680810203,-0.5226296238963604,-0.4483399088666963,-0.4997115019564543,-0.7567074055832799,-0.6614129160292006,-0.6277361872387117,-2.1718577155988705,-0.9823897748916812,-0.8825794236067789,-1.8891247359047472,-1.0634167010446247,-0.8250229789045544,-0.6963344897158157,-1.1007983943463846,-1.3854225394315176,-0.8424103831057984,-0.6308715250231128,-1.3162282952012532,related,9
PR:000001255,related,direct,Cmkbr1l2,Mistral-Small-3.1-24B-Instruct-2503,-1,-1.3840357105287595,-1.039422854602261,-0.8437731802012175,-1.3775815851132829,-1.789576783494138,-1.1933781589356054,-0.981402395357939,-1.6593096280800232,0.4008282945820074,-0.0965501811046498,-0.0431256081132884,0.294498794196622,-2.3490562851165944,-1.351889777502276,-1.130316298606416,-1.994649484985378,-1.46655912178986,-1.0515696154461052,-0.7527823020982469,-1.4021662429208923,-1.205432255986025,-0.8201130226288553,-0.7017568621725817,-1.181010390848235,-1.2847331655755354,-0.9571438989923292,-0.8291401958999827,-1.2548263243024391,-1.832967945925705,-0.9158190829788908,-0.8192775884147447,-1.6523197211419594,-1.9341695243119963,-1.026727707565388,-0.8728080583514227,-1.7302208728990955,-1.5572354424253787,-0.8702834941055478,-0.6443797095716687,-1.433313877834653,related,9
PR:000001308,exact,direct,B-lymphocyte activation marker BLAST-1,Mistral-Small-3.1-24B-Instruct-2503,-1,-1.2834505025811138,-0.9913867619549944,-0.8005693177623168,-1.302356360150852,-1.5912778687446776,-1.1202514221477915,-0.9096221731773548,-1.5187598838145295,0.6278929678851394,0.119138834150921,-0.0202360123147637,0.5687845495153673,-2.1462116863612883,-1.2336594137657606,-1.042403759551708,-1.854950228008676,-0.255248791392946,-0.581277933445509,-0.4972527500820311,-0.4238629137868582,-1.4991319187589671,-0.8579804736775989,-0.7397400158992289,-1.3938121609515244,-1.5831887599737198,-0.8967909661060447,-0.7550195359065314,-1.4735930994730104,-0.8839066044236593,-0.7527536738279411,-0.6760724942335545,-0.934933457687388,-1.6784178509002243,-0.9250826515828706,-0.8957310316912764,-1.5536112877995454,-2.5253049119780404,-1.0194205418858997,-0.7159716246326021,-2.0460146358561424,related,8
PR:000001308,exact,direct,BCM1 surface antigen,Mistral-Small-3.1-24B-Instruct-2503,-1,-0.2921993558995973,-0.6148894466767246,-0.5478859835501388,-0.473142309447122,-1.019545002236329,-0.9651259823779568,-0.7985079949717121,-1.0880059806700768,-0.4201538724594926,-0.5185424588873484,-0.063441054047655,-0.5396927796625873,-2.1746320621587016,-1.2562812030973458,-1.0526275169985222,-1.8746609991032104,-0.1663482744094392,-0.5243558726591178,-0.4887685244517072,-0.3400558329699829,-1.7343399120806473,-0.8986149011739958,-0.7670145867513126,-1.5585838340344234,-1.371552192894716,-0.8784714469229831,-0.7478159636383582,-1.3193665807139034,0.1292261269226347,-0.4353245120845992,-0.4213089071092184,-0.0212603058293491,-1.487504126467927,-0.9722549438183714,-0.9132721199780268,-1.417650420918348,-1.7690903604762298,-0.9201028787743014,-0.6697319230931744,-1.5737225388663976,exact,8
PR:000001308,exact,direct,BLAST-1,Mistral-Small-3.1-24B-Instruct-2503,-1,-0.621162870033347,-0.7627733745030885,-0.6580661747235281,-0.7695765316413311,-1.0956490066038485,-0.9881699659730075,-0.8344222752195481,-1.147845743092847,0.6081708028691526,0.1081947277285937,-0.0251333191458861,0.543834568732275,-1.9468140479976408,-1.149401046480184,-0.968528568334424,-1.71529764215889,-1.0993942171144138,-0.9636377437195044,-0.7362338295040034,-1.1312406215782385,-1.9512478190044908,-0.9292651346231818,-0.7846304630431944,-1.7067495656880147,-1.9396726637291908,-0.9965889779691642,-0.8357826239790619,-1.7246929281156502,-0.9219717341806988,-0.7620496570651336,-0.6776070160253591,-0.9656620120000792,-2.3820352012839026,-1.1975767989873376,-1.0234030934111802,-2.0263572681421365,-3.331758391635479,-1.107837340489472,-0.7625594832831144,-2.512816504866213,related,8
PR:000001308,exact,direct,CD48,Mistral-Small-3.1-24B-Instruct-2503,-1,0.4533555171185878,-0.0300624090566782,-0.1057598759639922,0.3363638322617076,0.8543116770455361,0.616041333827016,0.4133867089646393,0.9137825971808622,0.9292800231443724,0.5579110675427511,0.0251774217147785,0.9862333217809084,0.6520134766630505,0.0961604594535455,0.0309889911156023,0.5555311360055651,0.6377323865909182,0.2454641409623405,0.0599097595892058,0.5603300228538949,1.183875733579742,1.7657191212374976,1.6020061525906362,1.4764172763634378,0.9941586605069256,0.7660313876989944,0.603887594541253,1.0865683728092148,0.8719734192216505,0.1979135532486347,0.1185296460912331,0.8683619982687047,1.0065722439561562,1.0222599453478372,0.8855746788469298,1.1366765290848118,1.0953484874598742,1.4367729962786973,1.0528012845564123,1.3714445339259296,exact,9
PR:000001308,exact,direct,CD48 antigen,Mistral-Small-3.1-24B-Instruct-2503,-1,0.8057280787836819,0.6237854431818838,0.4570008501390678,0.8513358277728099,0.0196207682224007,-0.4671219295376388,-0.4533459287515832,-0.1565151012993564,0.6972888495413216,0.1366613683685598,-0.0118275564856399,0.6585634692408693,-0.2323250680466584,-0.5889487728447865,-0.5588204673617941,-0.3630241740932211,0.8593343364145146,0.6550668652697494,0.3804432364534855,0.8852936811807869,1.197433226487949,1.89183456141423,1.70753534838811,1.513786696882321,1.1150929679851385,1.2507274765258982,1.0436823303065852,1.3247201336051255,0.967553878443126,0.3714946507233168,0.2406206813126724,1.0122223907407015,1.2170585962866325,2.478117595160647,2.3786908715636628,1.6068213487283638,1.0352599222804726,1.0698592432589318,0.7104834617331847,1.2108057635070617,exact,9
PR:000001308,exact,direct,HM48-1,Mistral-Small-3.1-24B-Instruct-2503,-1,-1.1330861323466628,-0.9795861925155775,-0.8080293798114578,-1.187422815207788,0.1863589092580113,-0.3495820255230401,-0.3702925419587112,0.0220359368571489,0.5688884958530578,-0.0004941566973791,-0.0156945391025452,0.4948335568462677,-1.3425014625386882,-1.0175800749784965,-0.8461837276425568,-1.274873804049792,-0.4266341904720366,-0.6693370012558448,-0.5704711456084712,-0.5795061761991454,-1.894713769535416,-0.9202051743618312,-0.7874730826274425,-1.6684537843412273,-0.5356077521497242,-0.6876422881486691,-0.6209546927583667,-0.6585134214648961,-0.0401850343291701,-0.5149078124448634,-0.4978535634976421,-0.1904025768200197,-2.015136536830633,-1.053140379410728,-0.9880516142419544,-1.7849286851511896,-2.501977557570364,-1.07781702813614,-0.7429062702088263,-2.032014498052224,related,9
PR:000001308,exact,direct,MRC OX-45 surface antigen,Mistral-Small-3.1-24B-Instruct-2503,-1,-1.2823193317960382,-0.9938110806966874,-0.8072814195573955,-1.3015030601967326,-1.0731281169213682,-0.9919052517729728,-0.8264199013144661,-1.1302267211018813,0.2314303450848406,-0.3411144243997474,-0.0522463814208691,0.1053799979398196,-1.9600993742193484,-1.1611340655292663,-0.9924197266646276,-1.724679522180057,-0.3583051939105659,-0.6355628896901763,-0.5469891665040821,-0.5183364262755544,-1.7049712388403495,-0.8953103091547286,-0.7632530550666082,-1.5382556521713522,-1.6949817331644794,-0.948527028739388,-0.7996517075545273,-1.5534329997495957,-0.3530504602537241,-0.5969740996465526,-0.5470588465715704,-0.4828555074200328,-1.8514717936465508,-0.987141207124372,-0.9429842271259428,-1.6737632823334492,-2.207184031030871,-0.9814695396410008,-0.6987430774793827,-1.8522083012077928,exact,8
PR:000001308,exact,direct,SLAM family member 2,Mistral-Small-3.1-24B-Instruct-2503,-1,-0.7223501639673948,-0.8000990334524202,-0.6755302154665433,-0.8558841125037682,-2.0739677610606906,-1.2318482932243824,-0.9853155796069072,-1.854328371866099,0.4231447521159034,-0.1452148742292667,-0.0353910107885631,0.3203083028052761,-1.5215828601052357,-0.958063706541116,-0.8536158596631178,-1.4084271196547746,-0.6567283750917047,-0.7753198130350987,-0.6283633648166811,-0.7777734846172003,-1.4730916748696368,-0.8598351045032436,-0.7390373078024403,-1.3752793668193066,-1.6199420612228428,-0.9371305417034408,-0.799080749071127,-1.49995919234404,-0.1654290519696074,-0.5725543164198104,-0.5484186465317087,-0.3102890250654079,-1.8298224469476767,-0.954166794548772,-0.9100993803834572,-1.6588834297211323,-1.784179583330861,-0.907123456816536,-0.6729267910743784,-1.5835688710699447,exact,9
PR:000001308,exact,direct,SLAMF2,Mistral-Small-3.1-24B-Instruct-2503,-1,-0.3328429409793376,-0.6201798985397263,-0.5557184819081539,-0.5112378974556907,-0.8210713624712291,-0.8698830591036149,-0.739157842720073,-0.9276963617161268,-1.1066673273462715,-0.7474684439208309,-0.1041785177082644,-1.1301186618842942,-1.810360859226453,-1.1511098895588203,-0.9856262081415434,-1.6182562374236684,-0.5990611308161926,-0.7823172413659156,-0.630956922864219,-0.7291315473342925,-1.50350846868709,-0.8639609785677057,-0.741158136257714,-1.396920966752209,-1.5871820796887652,-0.914748341595151,-0.7798874759290935,-1.4764635391653684,-0.2376380894449781,-0.6036642812534627,-0.5840832476864023,-0.3776425051913751,-1.7864694228687423,-0.987821392222216,-0.9425144013077752,-1.6289586524201645,-1.9174825108907192,-0.9482672482232488,-0.6848839686649585,-1.6697236130850217,exact,9
PR:000001308,exact,direct,TCT.1,Mistral-Small-3.1-24B-Instruct-2503,-1,-1.47050735551572,-1.0574489332342163,-0.8547644288947782,-1.4412604470647046,-0.1666617247848199,-0.6084618829231982,-0.5656320786943697,-0.3437189489713652,0.3199484062896576,-0.1588581764222134,-0.0471513127114604,0.2027712426972674,-2.2148105598410446,-1.2021483384889178,-1.0142904655572378,-1.902448065532974,-0.7946936969809625,-0.8544975470996562,-0.7009518862545077,-0.8915491643006069,-2.485556946999454,-0.9891912331997648,-0.833868347060345,-2.0590708442070453,-2.272680014573416,-1.0503190261283677,-0.8999192134108285,-1.951041864213847,-1.1060101337690944,-0.8055512766791041,-0.7266026352705064,-1.1115694726637206,-2.793734516518829,-1.136411239133884,-1.0720160399369525,-2.286160150180549,-3.1412986210646268,-1.094672784975249,-0.7560268152275558,-2.405296020709006,related,9
PR:000001308,exact,direct,leukocyte antigen MEM-102,Mistral-Small-3.1-24B-Instruct-2503,-1,-1.2127589333832514,-0.9737351717196594,-0.7866118720766857,-1.2487056910135483,-1.187913910084574,-1.0038806813357672,-0.8191209364872729,-1.2192759258527115,-1.0684452897096215,-0.7408633469084501,-0.104434200424286,-1.098914206834006,-1.8326320772028537,-1.1306642114669456,-0.9626182795594038,-1.634181646248792,-0.1321870174396947,-0.5080782370104159,-0.4735190807941006,-0.3072419272894648,-1.515976768078253,-0.8576025823420724,-0.7413162427471249,-1.405768264327628,-0.9492490513446404,-0.7993089556662216,-0.671278176735154,-0.9974135388256324,-0.8198215296464578,-0.8229364898797755,-0.7397714494933085,-0.8827459330835906,-1.5458724351216584,-0.93491867924061,-0.8468004854710517,-1.45961848800654,-1.5694773110733256,-0.8700924323169539,-0.6390273301440759,-1.4415420358744389,related,8
PR:000001308,exact,direct,sgp-60,Mistral-Small-3.1-24B-Instruct-2503,-1,-1.306550164126374,-1.0105428983144873,-0.8036934793739746,-1.3197454111004698,-1.1072546304204294,-1.0121407839817038,-0.8279617560623922,-1.1568966743076046,0.269687019470728,-0.2571716381877799,-0.0465023417593563,0.1471078023295124,-1.871374290195177,-1.1110078542175186,-0.9721806966811892,-1.661803067180097,-0.5922089993814997,-0.7616480000228811,-0.6027685006334969,-0.723307146994535,-2.6560545235267483,-1.010142079104969,-0.8519919144347871,-2.168361175368228,-1.3686259058215198,-0.929969387206388,-0.7999488093762411,-1.3172038313919905,-0.4082696534676487,-0.6867071796878035,-0.6386983974515504,-0.5322061364594316,-2.6365937443416785,-1.1055214294764293,-1.0467684528853944,-2.1882596266166168,-3.259281668406609,-1.1226977762447323,-0.7666778475024414,-2.472077785320833,related,9
PR:000001308,exact,direct,signaling lymphocytic activation molecule 2,Mistral-Small-3.1-24B-Instruct-2503,-1,-1.0599153037636866,-0.9208211829789612,-0.7652030670917199,-1.130341410489019,-3.180750559460616,-1.3972221245562886,-1.0848675031158614,-2.555605954258172,0.5330714031718173,0.0362787219679554,-0.0324749884781008,0.4509211207889975,-1.2487747740728696,-0.9480019806361544,-0.8439281542387288,-1.2038027298788303,-1.0764824701569715,-0.931281603940656,-0.7008150956596086,-1.1137227553286322,-1.8630182001589333,-0.9115104965342696,-0.7722517500573007,-1.6468868994401806,-1.1044213660836046,-0.8166325749889003,-0.7022485572782914,-1.1181572193027252,-0.9131508173971254,-0.8409092339337757,-0.748198004279215,-0.9585587297353428,-2.0881512533289857,-0.9896867651575648,-0.9523761063356934,-1.83379945877734,-1.818330289403126,-0.91107697478075,-0.6621803225792465,-1.605781643661351,exact,9
PR:000001308,related,direct,BCM1,Mistral-Small-3.1-24B-Instruct-2503,-1,-0.4231808679182375,-0.6918099945843662,-0.5848496100336881,-0.5943365898623089,-0.5351497937676754,-0.7815302097791904,-0.6860835393125007,-0.6843856253136168,0.0079163234313495,-0.317470396743185,-0.0448435582387701,-0.1285972451760092,-1.5887683835806414,-1.0606505183696784,-0.9168755450076028,-1.4578244633322042,-0.4840075558843768,-0.7238645295675193,-0.5983203523197341,-0.6300202465058168,-2.2151241539108693,-0.9612875150132448,-0.8078283191577688,-1.882781854326248,-1.7591525135762034,-0.9773882179769972,-0.8314359816669582,-1.5987936577872597,0.251736090458057,-0.3890102875338478,-0.39048613349151,0.1068432405132906,-2.283871098414319,-1.107571909774837,-1.0421942643758488,-1.9627470619174123,-2.538312026419484,-1.0291563074689487,-0.7284075169353912,-2.053807242404149,related,9
PR:000001308,related,direct,BLAST1,Mistral-Small-3.1-24B-Instruct-2503,-1,-0.6426544197003775,-0.7781279556766217,-0.6636064118719015,-0.78808081214001,-0.7620966220813709,-0.8622254460084658,-0.7248939764682422,-0.8787820283917203,0.2125521621919474,-0.2169237608102348,-0.0324834682512529,0.0849843068633588,-1.419081606631245,-0.9959372626310664,-0.8835496501620793,-1.3323322769751291,-1.11576715936628,-0.9748045456556949,-0.7617081053321227,-1.1437119787320535,-2.190528118255119,-0.9625591604114946,-0.8061947345256112,-1.8665516466927512,-2.158037815512865,-1.0388064385717724,-0.8723777868663536,-1.873916115676014,-0.2424273272310062,-0.6325974955413772,-0.5871292069460372,-0.3820668027547965,-2.2731708137297084,-1.1429623139167615,-1.0328181040397415,-1.9557715379931464,-2.7594990214598023,-1.039322572041408,-0.7247492131327283,-2.1848767523819195,related,9
PR:000001308,related,direct,Bcm-1,Mistral-Small-3.1-24B-Instruct-2503,-1,-1.3026136619843345,-1.010123378043518,-0.8103490611284537,-1.316786934926158,-0.9654532436168732,-0.9546743046237156,-0.8027778642460499,-1.0449427687212869,0.4929070136084674,-0.0244374337296906,-0.0290344350890537,0.4024980938779363,-1.880241003493984,-1.1263966018561034,-0.966088151577027,-1.6681102068671456,-0.1334273591121998,-0.5048561363007007,-0.4676964607925274,-0.3084395043715062,-2.09746463272018,-0.9487566453629754,-0.7914007155115688,-1.8048208298544417,-1.4173420415039113,-0.9078447138727757,-0.7859220393208834,-1.35309739155128,-0.7169983196594807,-0.7098782756096867,-0.6397785388650693,-0.7977635963543943,-2.085267437961688,-1.0361124548679204,-0.9871695691698642,-1.831877383949355,-2.790831786009288,-1.0583177651387614,-0.7408922828071499,-2.203232361319973,related,8
PR:000001318,exact,direct,CD62 antigen-like family member L,Mistral-Small-3.1-24B-Instruct-2503,-1,-0.8101977075306702,-0.8622575756960937,-0.7209884024906397,-0.92920800186346,-0.6537733248299474,-0.7847812391539123,-0.634411625855733,-0.7872688267737654,-0.6765266235565491,-0.6515873424887282,-0.0682854919861959,-0.7683423490518493,-1.0015396816573192,-0.6817041466175218,-0.6256790527327689,-1.0120119509265826,-0.4302795848997651,-0.6601301404782944,-0.5776416332369133,-0.5827383182310996,-0.14770593516654,-0.5080171300164016,-0.4790900075518487,-0.3171000249700781,-0.5359139583071674,-0.6027941385025597,-0.5430531410722654,-0.6587749116576854,-0.2520522338255825,-0.2645109485114104,-0.2650591521836532,-0.3909425689731034,-1.4799821866328475,-0.9015849134089404,-0.7323323956875596,-1.4122153778520483,0.1497270878697665,-0.4032281375985622,-0.3724586778359038,-0.0579242495153692,exact,9
PR:000001318,exact,direct,CD62L,Mistral-Small-3.1-24B-Instruct-2503,-1,-0.4902557497012483,-0.7411724584201371,-0.6382319767311572,-0.6547148756112108,-1.402010295914711,-1.0551827670194986,-0.8714157051063358,-1.380672591610555,-0.2891688475725524,-0.5298985770130994,-0.0590215695197505,-0.4182407835746458,-1.241587207403399,-0.868191694920765,-0.7636451011418401,-1.198317293070322,-1.3932882064043144,-1.0631252133701463,-0.7812350085341004,-1.3494879406979272,0.1471004151533986,-0.3561811327757491,-0.3360144496677849,-0.0324859805450288,-0.6513312544453479,-0.6212183495602625,-0.5525772527080384,-0.7561265359369332,-1.5808372299428366,-0.8931878080772385,-0.7951357713867375,-1.4703983752390533,-1.0055302197477496,-0.7535694917924062,-0.6921220714021485,-1.0557372430739882,-0.3574363366948917,-0.7042408188316829,-0.5506102215633173,-0.5316289989780861,exact,9
PR:000001318,exact,direct,LAM-1,Mistral-Small-3.1-24B-Instruct-2503,-1,-1.2068583516666336,-0.9906366584857456,-0.8042588188838127,-1.244197207405061,-1.2233450370337429,-0.9788114150572504,-0.8098012956223484,-1.2463948262193691,0.910082027600184,0.3465913444215253,0.003811722766069,0.9571793183013588,-1.0372178615990648,-0.8645724808952858,-0.773079108299117,-1.0401019041210282,-0.2287305457396659,-0.5455874096254848,-0.4807346120511391,-0.3990968100543113,-1.5554954014360052,-0.8751150423672996,-0.7493021365576451,-1.4337197740302674,-1.4036063916611046,-0.8060009683931795,-0.7066830064088474,-1.3430009266648204,-1.1911191755433146,-0.7217904620156285,-0.6718280588124445,-1.1776504336066531,-1.0020516263969137,-0.7945989075749056,-0.7166728204082623,-1.0530140492833922,-2.309823977615053,-1.0279110886041962,-0.7192794460994385,-1.915441047538388,exact,9
PR:000001318,exact,direct,LECAM1,Mistral-Small-3.1-24B-Instruct-2503,-1,-0.0613327520860898,-0.4863418762384138,-0.4725607318660857,-0.2473095428853308,-1.3249666592408642,-0.99585300823474,-0.814925224907042,-1.3232617600294785,0.6317645867443836,0.0036421467831465,-0.0270442603583012,0.5737107234246848,-0.3852793536087098,-0.4123613034216167,-0.4005813259097225,-0.4998369248325917,-0.4924328035866371,-0.7106485941844068,-0.5708649244721323,-0.6373753753448284,-0.8738199878659726,-0.7349836256255935,-0.6505774388557161,-0.9292594106835644,-1.2743869854888212,-0.7638244361684159,-0.6840653343768109,-1.2470823374907278,-1.3889490550629422,-0.8064742041500753,-0.7222967749900804,-1.3281617176192146,-1.52856954291787,-0.9441929102168156,-0.7379669004689061,-1.447215139612315,-1.3673579913946212,-0.88345819176776,-0.6414502215018896,-1.3037363104825412,exact,9
PR:000001318,exact,direct,SELL,Mistral-Small-3.1-24B-Instruct-2503,-1,-2.3972470049775776,-1.2689396976471548,-0.9874383312400548,-2.076671214351143,-2.311237343298361,-1.2546700169363765,-0.9935162096907776,-2.011789083964577,0.5151953768902038,-0.0790042877980696,-0.0212938098707971,0.4292653086620773,-0.5923287812526459,-0.4557068693125036,-0.4300047230718731,-0.6782471296121223,-1.948755992657184,-1.2110657095233237,-0.8840747331154,-1.7339705034863502,-0.5771102110261995,-0.6457319096595922,-0.5779861622762178,-0.6910415367313782,-0.8741229403811956,-0.7349527456123178,-0.6478474397220317,-0.937810083363141,-2.5878518187638218,-1.1196398324855703,-0.9738319241563622,-2.1696347633391944,-2.1934955846440687,-1.12131265960293,-0.9240508555866792,-1.903565614905797,-2.15468135823865,-0.9756551069713356,-0.6906215001972545,-1.8195879041609664,related,9
PR:000001318,exact,direct,TQ1,Mistral-Small-3.1-24B-Instruct-2503,-1,-1.7067002650357208,-1.13065507617182,-0.9008958392893804,-1.6108968661725065,-1.837758177251232,-1.1572980979273866,-0.939776937984554,-1.692869987227032,0.5107514819629977,-0.0932504996588865,-0.0259699277151575,0.4239079212574742,-0.8257248386067664,-0.7037232281279665,-0.6463061011253198,-0.8713544773425514,-1.851049914148488,-1.1748818665204397,-0.8604334337748857,-1.6686708003430657,-2.463190829705153,-0.9939612147842596,-0.8322099042715546,-2.0446330443381378,-1.534731125894283,-0.9110326020551552,-0.7780557625261111,-1.4386483045150589,-1.667544476386953,-0.9038705166259254,-0.8058171244437174,-1.5335647173534086,-2.9651764107641,-1.1336660499785527,-1.0633606307003032,-2.391331005208301,-3.044576558083083,-1.0860153422797725,-0.7480077287919458,-2.350100258780921,related,9
PR:000001318,exact,direct,gp90-MEL,Mistral-Small-3.1-24B-Instruct-2503,-1,-1.265435199948735,-1.0130467324357475,-0.8118029024674888,-1.2887466519269362,-1.3616216378551338,-1.0318087875198176,-0.8510896994436142,-1.3506665741685169,0.6377328834908209,0.0152152736048252,-0.0310212808181774,0.5813231583597176,-1.4386989538373796,-0.9693494542593472,-0.8469307182497346,-1.3469663369643403,-1.2160360344317542,-0.9994710812354376,-0.7582957954070599,-1.2192548424699872,-1.4900669688035684,-0.8634054170025832,-0.7275680870230425,-1.3873675819050202,-0.8272293633190055,-0.6914708334661034,-0.6189711254544462,-0.9002002033171029,0.2371279132780799,0.0063352567396382,-0.0433588483639943,0.0912855845678359,-2.227051929051845,-1.090920958218876,-0.8794480895711762,-1.925610450145676,-3.316676908960823,-1.1443819459873747,-0.7797911571829825,-2.504356704377176,related,8
PR:000001318,exact,direct,leukocyte adhesion molecule 1,Mistral-Small-3.1-24B-Instruct-2503,-1,-0.5030379100476625,-0.7526788020403548,-0.6478306794198807,-0.6660996256997168,-0.6289212151610252,-0.7565884969930817,-0.6667281928087803,-0.7659534533434247,-0.7803125638253756,-0.7336333791239086,-0.0992377347147444,-0.8579156064839251,-1.493604181780929,-0.8988903123365769,-0.7866951086475812,-1.3877457694140274,0.0809421454537753,-0.3221582050107345,-0.2966001846137674,-0.0939681772358955,-0.7646032376523708,-0.7073659372661132,-0.6198660039448942,-0.8431646276813746,-1.140504764913714,-0.7099896999872805,-0.6320892291022959,-1.1458059750200311,-0.460318340964871,-0.6272369580161173,-0.5677389565959878,-0.5781730333776826,-0.1645406014883322,-0.4078634236215122,-0.4711573539088302,-0.3339193016709449,-0.2712437565448973,-0.5855041649718173,-0.479242057386422,-0.4566964872062237,exact,9
PR:000001318,exact,direct,leukocyte surface antigen Leu-8,Mistral-Small-3.1-24B-Instruct-2503,-1,-0.6868806249740299,-0.8234192204209071,-0.6846807770886079,-0.8258631768076139,-0.7011952471857289,-0.7982752499544253,-0.6823478626810137,-0.827605603610757,0.8482261814002952,0.2002956482273388,-0.0148418368326105,0.8662033274728822,-1.760416485702693,-1.1298771367609732,-0.948089417544624,-1.5824150592291304,-0.1346093571868694,-0.4792401686471328,-0.4406177862572257,-0.3095803133604406,-1.2282041587142256,-0.8204948091956922,-0.700726667079245,-1.1978231867164977,-0.924666119727373,-0.6908411033751662,-0.6111396352931476,-0.977995895863142,-0.9476026361069044,-0.6653663161889968,-0.5921735402461921,-0.9862428940497744,-1.002830127868155,-0.7243176409297141,-0.7034560981542438,-1.0536236468560571,-1.4987423863447566,-0.9019777500753036,-0.6650928647653883,-1.393793757540137,related,8
PR:000001318,exact,direct,leukocyte-endothelial cell adhesion molecule 1,Mistral-Small-3.1-24B-Instruct-2503,-1,-0.937301118357453,-0.9306930315833216,-0.7682003476576708,-1.032862010253193,-0.9424757392268552,-0.8666471621299981,-0.7326330627868657,-1.026511771274447,0.1100031387236786,-0.3401444990527346,-0.0432483796193198,-0.0236880657417542,-1.840582222170818,-1.0467793147798865,-0.9278301086609504,-1.6398581618829864,0.0527276137152748,-0.3408397685245081,-0.3116379065008203,-0.1231145950885807,-0.2937392517202269,-0.560085509265098,-0.5071719548971768,-0.4488691238270969,-1.1443068586795704,-0.7074956170404038,-0.6333250370913253,-1.1487103192237458,0.2403326313271652,0.0225313376262283,-0.0262063614999944,0.094691760068576,-0.1134368768114185,-0.3531223959769472,-0.4482821603762033,-0.2848327843064442,-0.3138312587895592,-0.6025428311577725,-0.4816591438663583,-0.4939587454614112,exact,9
PR:000001318,exact,direct,ly-22,Mistral-Small-3.1-24B-Instruct-2503,-1,-1.8780124999009824,-1.1749423768829963,-0.9325803063745246,-1.730344779959567,-1.3898043945999554,-1.058181509344669,-0.8576631657876952,-1.3716252060397989,0.3953691580493654,-0.1819173346992705,-0.0454159354518454,0.2882191997152339,-0.5720819588344899,-0.5523785958108675,-0.5292044033563883,-0.6611146445515427,-0.7704486907692771,-0.8135107744162938,-0.6489218797429538,-0.8718096989120845,-1.7414025562164803,-0.8935791903938778,-0.7651665236136936,-1.5634624791959335,-1.2158910084050534,-0.7587784833072824,-0.6559806861376513,-1.2030800643255009,-0.8772532832703579,-0.5537920800540557,-0.5412697284101466,-0.9295421154369524,-2.1768189250287167,-1.0350042136439257,-0.971418187807248,-1.892578254898443,-2.4993242238750444,-1.0709808933226446,-0.7418000618423916,-2.030420057172148,related,9
PR:000001318,exact,direct,lymph node homing receptor,Mistral-Small-3.1-24B-Instruct-2503,-1,-0.8672769885902436,-0.889222684793947,-0.7372192507374622,-0.9761002150965502,-1.4977487327063477,-1.024690357282557,-0.8434264534565272,-1.4510290995671251,-0.8303857576401134,-0.7881541932261701,-0.111033406378714,-0.9005776027213228,-1.0911606518404342,-0.8657205720714087,-0.7886630586650525,-1.0822982246432007,-0.1913755170069204,-0.5232490171573869,-0.4933794636486034,-0.3638767692813653,-1.3717879307695604,-0.8378403020911773,-0.715193015686352,-1.302585239317209,-1.8417164577275045,-0.9506927336079016,-0.8194341204147537,-1.6566789984516044,-1.1281166767122357,-0.746542060425091,-0.6838061254058804,-1.1288146648043516,-1.1967363290301276,-0.8092364840985355,-0.8051833620068237,-1.2028250993889764,-1.2527073495377363,-0.8632067543739493,-0.6357316438289391,-1.2235941652779811,related,8
PR:000001318,exact,direct,lymphocyte antigen 22,Mistral-Small-3.1-24B-Instruct-2503,-1,-0.9728506110326148,-0.934927379040547,-0.7581498783688978,-1.0613684934433525,-0.7922813392276075,-0.8432550344732309,-0.723026631738467,-0.9038948628788608,-0.2988690616229749,-0.6003755287304136,-0.0891653197432661,-0.4273541994082119,-1.3239219098590744,-0.936848000327462,-0.8227291202099648,-1.2608519826176217,-0.6673274620318399,-0.7794317048209329,-0.6370205805209502,-0.7866419737888,-1.5453435397935558,-0.8592578900469807,-0.7309255980828123,-1.4265523449962247,-1.2476337005079448,-0.8191617826888409,-0.7093999331163896,-1.2270043027119832,-0.4074710398803061,-0.5646690264446266,-0.5306141436917214,-0.531496742664071,-2.4543743586543187,-1.0414957323078278,-0.9435310957027536,-2.072802628805212,-1.6009524949343448,-0.9042585239425712,-0.6599257797254902,-1.462630742040414,exact,9
PR:000001318,exact,direct,lymphocyte surface MEL-14 antigen,Mistral-Small-3.1-24B-Instruct-2503,-1,-0.7991453277086986,-0.8536707230631315,-0.700506108228711,-0.920061199920904,-0.8873534912929394,-0.8896581703012487,-0.7374081921788747,-0.9819499492532168,0.8745774353676221,0.2714535377766689,-0.0071210216058839,0.9044883535733206,-1.442491367931927,-0.991072839903016,-0.8499375274446798,-1.349791470863378,-0.5513209416687092,-0.7173511944806403,-0.5892105151364991,-0.688349247205385,-1.4780725294411194,-0.8583943441253322,-0.7320466724511231,-1.3788289678834365,-1.307005892015608,-0.7920096646941837,-0.6986467232850914,-1.271458511314312,0.0409978979302869,-0.1223480009173873,-0.1576888540818212,-0.1104210407420531,-1.7066998299684064,-0.9352804652386474,-0.7403568746341138,-1.573440700926267,-2.0134901552606004,-0.9889235611017364,-0.7026244130827414,-1.730890524221922,exact,9
PR:000001318,related,direct,LNHR,Mistral-Small-3.1-24B-Instruct-2503,-1,-1.45710364219951,-1.0600300753076717,-0.85824876495403,-1.431447722128128,-1.8311815276625647,-1.1517897475216907,-0.939307240834212,-1.6883020995413645,0.4740084335188008,-0.1160327530197066,-0.0333417571743777,0.3799994060995736,-0.2189836337546535,-0.4097173519360487,-0.4126026898010404,-0.3508665220518209,-1.8470911929916425,-1.1801459433622643,-0.8564152945630088,-1.6660056132763068,-2.0459701949449283,-0.938204621171658,-0.8004320651725249,-1.770437691202022,-1.6404399335972024,-0.9713256370366796,-0.8154007820724788,-1.5146132933697574,-2.0538862623278686,-1.0377191210206067,-0.917161507623344,-1.807612441528912,-2.3171758059829064,-1.1001655538927149,-0.996376718295455,-1.984405382084479,-2.704443637311933,-1.0756149517678946,-0.7427120935379924,-2.152500112017624,related,9
PR:000001318,related,direct,LYAM1,Mistral-Small-3.1-24B-Instruct-2503,-1,-1.330301969615335,-1.01619181987772,-0.8261101145164459,-1.3375541181516406,-1.3242980448476842,-1.010844673737144,-0.8326007977858689,-1.3227603263125949,0.5130040252217608,-0.1014965613327105,-0.0206079227012277,0.4266222119206638,-0.6149247707600375,-0.5916228648319004,-0.546485969942947,-0.6972918471856249,-0.2387721271893719,-0.5653791729267766,-0.4848971519657856,-0.4084976820606616,-1.5865370363667626,-0.879588995959672,-0.7551481574227062,-1.4555810107772171,-1.293339148751507,-0.8272201325978852,-0.7153789032419604,-1.2612590874293907,-1.1842478729579724,-0.7708875098130026,-0.7146759928326187,-1.1723462968256464,-1.3613597227862342,-0.8803966511777337,-0.7926227327918434,-1.325671984115558,-1.5697554415404156,-0.9190212243567214,-0.6632961450842016,-1.441728806323501,related,9
PR:000001318,related,direct,Ly22,Mistral-Small-3.1-24B-Instruct-2503,-1,-1.527512244888752,-1.0923669500251865,-0.8636706655682345,-1.482762298158723,-1.7471100625818896,-1.152881401013648,-0.9232387443266702,-1.6295438756798577,-1.0759125879925158,-0.8049950606057412,-0.1068182662671781,-1.1050236404902711,-0.8196487850963236,-0.6382592577079914,-0.5870726864186823,-0.8664235720661764,-1.1783763224658674,-0.986936908083938,-0.7424036800047074,-1.1910471299104854,-1.749570746984313,-0.8981962015807085,-0.7720642673742654,-1.5691000481122297,-1.4922630636561791,-0.8808822521253665,-0.7542654664615416,-1.407847787978051,-0.8241967982106505,-0.6412206127008158,-0.5816017330908008,-0.88632745259539,-2.277647375908692,-1.0801233452236123,-0.9664320942411396,-1.9586908268016807,-2.5601929991958934,-1.0680985117164408,-0.7397446335912033,-2.0668942266739863,related,9
PR:000001968,exact,direct,Bit,Mistral-Small-3.1-24B-Instruct-2503,-1,-4.8972811376196335,-1.5896767973449182,-1.1808413209832942,-3.529894922257922,-4.64617547807321,-1.5890554471415856,-1.2114249886855648,-3.386843430762458,-0.4665921318681109,-0.5267908820274775,-0.0734651322332487,-0.5819556938174293,-3.206165624265822,-1.3974421173105176,-1.1458268916731589,-2.5640559986331444,-2.481340123314532,-1.3130703282746363,-0.9007647199094948,-2.075107519626181,-2.2343789960086142,-0.963396187149344,-0.8021920449604261,-1.8954635023951736,-2.1003568931677505,-1.049206709858875,-0.8921137569476086,-1.834804263597299,-2.735479010492098,-1.1217414775593757,-0.9907484908174244,-2.2668653053336474,-3.5849979788204163,-1.252545989433978,-1.1361392687146097,-2.7589499049374977,-2.7897331964648817,-1.031771330242662,-0.7248404569201002,-2.202589628756285,undefined,-1
PR:000001968,exact,direct,CD172 antigen-like family member A,Mistral-Small-3.1-24B-Instruct-2503,-1,-0.7820783452673729,-0.8485814190953233,-0.716114863532212,-0.9058931913221772,-1.1411994299032258,-0.974409704005766,-0.8103736822346626,-1.1832592266751916,0.279162094651105,-0.1425521460576976,-0.0489169400628957,0.1575267088847031,-1.3793902662453883,-1.0814641821134892,-0.9483355771196398,-1.302618370104297,-0.1317310730269794,-0.4647942074046554,-0.4278013871389172,-0.3068015850591741,-2.381689566901335,-0.9865829091385786,-0.8227083081880796,-1.9918127484373933,-1.5385772546335137,-0.9207715015728754,-0.7985802143921527,-1.4414296088200829,0.2083206406639065,0.0185219935648498,0.0128648219061846,0.0608370031519697,-1.5819680239976164,-0.8769460954343765,-0.8363796501367965,-1.485392354056062,-1.483248094071451,-0.8717859685011299,-0.6362002524134638,-1.3832674084868013,related,8
PR:000001968,exact,direct,CD172a,Mistral-Small-3.1-24B-Instruct-2503,-1,-2.220075208110707,-1.2094717820140468,-0.963417767829728,-1.960934010417512,-2.0040932859174347,-1.210113786207052,-0.976591834206424,-1.8070792427753464,0.240571752914227,-0.1946710869029526,-0.0516412820628526,0.1153020844268976,-2.46947403312559,-1.3993804951450517,-1.1468315059934215,-2.076558907703645,-1.2240442334531898,-0.9679322191364323,-0.7126184085865244,-1.2252280182001647,-2.294733019039822,-0.9726419380426132,-0.809470228469376,-1.935079900963793,-1.41236690497512,-0.906870502953562,-0.7855344385754451,-1.3494425308210125,-1.9800599590259884,-0.9368723755056078,-0.838113333754347,-1.7561139889153148,-2.5140273019672064,-1.033513765080904,-0.976730135716541,-2.110837289559463,-2.26654605131665,-1.0188177547912645,-0.7145101315076565,-1.8888642801756184,related,9
PR:000001968,exact,direct,MyD-1 antigen,Mistral-Small-3.1-24B-Instruct-2503,-1,-1.4374002740071046,-1.0486948558427382,-0.8604896600846155,-1.4169848950886763,-0.966459659706956,-0.919759607924825,-0.7858543393454227,-1.0457481399345965,0.3324719002557277,-0.2186655851847254,-0.044656882333937,0.2167958302470679,-1.3009384879830606,-1.0832443789015709,-0.9491531413473628,-1.2434614783632536,-0.8825569944473918,-0.8628924342609637,-0.6370592606652012,-0.9622210700210452,-2.3403230315535977,-0.9738063641714856,-0.817851799630264,-1.9648738469770883,-1.8951471896795573,-1.028996666333602,-0.8773203159660672,-1.6938643402978295,-0.0117653385661366,-0.1292602389454763,-0.1893510615757487,-0.1626171696242797,-2.1785918209411856,-1.0625988038493472,-0.9562657879734006,-1.893747326474364,-2.142866747525305,-0.9814987422011744,-0.6955332969266382,-1.812220930598688,related,8
PR:000001968,exact,direct,SHP substrate 1,Mistral-Small-3.1-24B-Instruct-2503,-1,-1.2970808672039829,-1.0026521501662864,-0.8254440585996338,-1.3126254008205198,-2.2596538593478623,-1.2533528813934187,-1.0011154629814731,-1.9779328380462504,0.4089425303701093,-0.1077339981673921,-0.0448512527499643,0.3038570806184927,-1.5424542431599124,-1.1170932449549449,-0.967098244703235,-1.4238122254575318,-0.2330782242154155,-0.5268684574495457,-0.4382258947672766,-0.4031705119076055,0.045715666088542,-0.3992985828475145,-0.3929859365544353,-0.1335512410938394,-0.1612904996402551,-0.6242590684461143,-0.5874505649553678,-0.3241127458110257,-1.4475396292594185,-0.8645729143271614,-0.7652945503156219,-1.3719643652903777,-0.6994247280349428,-0.6166452295552833,-0.6079562380738375,-0.8088787325014634,-0.4520393964053686,-0.6536064091681169,-0.5340195875857014,-0.6117764682850307,related,8
PR:000001968,exact,direct,SHPS-1,Mistral-Small-3.1-24B-Instruct-2503,-1,-1.8031480437627243,-1.1308427357155126,-0.9020546299099218,-1.6784945948839065,-1.7160338595780795,-1.13633787737317,-0.9114363566362692,-1.6076492458539169,0.308142662738348,-0.2335977416891333,-0.0406827610962281,0.18960799824232,-2.240618633985967,-1.2710006188903202,-1.0754771640967975,-1.920249057407824,-0.1820535065971869,-0.4983749309570485,-0.4060356793619006,-0.3550254002297837,-0.5945772393237966,-0.6525895091087097,-0.58576647457942,-0.7054625718384674,-0.6758403867090905,-0.7487497424038568,-0.6701846099341772,-0.7765003522347986,-1.653357110895288,-0.9082845301338488,-0.8210153754926811,-1.52327396563495,-0.8875196909418916,-0.7248576541401411,-0.6927162004620313,-0.9623449121589056,-1.5223803799754176,-0.9304800773613536,-0.6812749178372799,-1.4098057015577992,exact,9
PR:000001968,exact,direct,SIRPA,Mistral-Small-3.1-24B-Instruct-2503,-1,-3.390374629808399,-1.3846506230108329,-1.06888343591197,-2.688090306139631,-2.9538650790413,-1.3640155098765687,-1.0722126363865756,-2.418143449187546,0.2585289831301647,-0.1385550712076967,-0.0444055675404892,0.1348815886595698,-3.2529931330523736,-1.406176240625593,-1.1669392959630231,-2.5943815059792343,-1.7072502324756695,-1.1360117359999848,-0.7700784265276184,-1.5708484581311228,-2.206759915916068,-0.9566605134159069,-0.8050946115604996,-1.8772664281020104,-1.519675650043961,-0.946364432594722,-0.8113148518980604,-1.427748083889947,-1.92711588591554,-0.9339379946383152,-0.8113392920801633,-1.718940800332908,-2.2459825970591383,-1.1371452350341409,-0.9611302945232284,-1.938009829680793,-2.2923683237361643,-0.9938824506955912,-0.7105010047324412,-1.9047363433023887,related,9
PR:000001968,exact,direct,Sirp-alpha-1,Mistral-Small-3.1-24B-Instruct-2503,-1,-1.3509633914904908,-1.03753918426167,-0.8271334029540485,-1.3529877520302975,-0.6929870542288028,-0.8070553438688378,-0.6776474317791846,-0.8206548456585004,0.4943432841435269,-0.0489440433585014,-0.0360431378321509,0.4042153064141713,-1.7670290470386063,-1.2014730544110712,-1.022424225050314,-1.587170646762326,-0.4366109457019253,-0.6526931128456139,-0.5031072935574401,-0.5883445635871527,-2.101181923932592,-0.9488931163958854,-0.8008186397647747,-1.807296545059101,-0.8285948552248343,-0.8077349104434681,-0.7058697843644351,-0.901299904743397,-0.3021522846197848,-0.2973673404377052,-0.3188437397448232,-0.4368104478248018,-1.466263689632736,-0.8990212782655217,-0.8518308862618207,-1.4022870826318177,-2.4446857774218107,-1.0403160516116037,-0.722029854479794,-1.997493909869749,related,9
PR:000001968,exact,direct,Sirp-alpha-2,Mistral-Small-3.1-24B-Instruct-2503,-1,-1.3312628042957129,-1.0339619919845189,-0.8233404378300451,-1.338273030237086,-0.7502285224635182,-0.8344556029435443,-0.7105579496887114,-0.8688629409728356,0.3178428767887704,-0.1392120652904739,-0.0479750732063497,0.2004195379386434,-1.7368625635206636,-1.188435122432376,-1.0105710247459894,-1.5654498403118384,-0.4646871815048154,-0.6689887582154107,-0.4985124083348028,-0.6130936783566105,-2.222823808919973,-0.9653050874905532,-0.8123453101376243,-1.8878555294213144,-1.2212074159774935,-0.8878568781654257,-0.7679601270909165,-1.207094790627008,-0.3350816545385159,-0.3160394922289458,-0.3302720831582158,-0.466662218179068,-1.6658903396219569,-0.9256130588006106,-0.883219060135529,-1.5448029411846589,-2.6179992433067625,-1.0569566280570029,-0.7296519638039562,-2.101337430690435,related,9
PR:000001968,exact,direct,Sirp-alpha-3,Mistral-Small-3.1-24B-Instruct-2503,-1,-1.4529759464705647,-1.0659397173049932,-0.8511660159376349,-1.428421653941353,-0.7198380180766397,-0.8167604851098662,-0.688452534172066,-0.8433449204238617,0.4898224186624592,-0.0310960347375636,-0.0362935537008546,0.3988136665216401,-1.8450401516977235,-1.205587401687099,-1.0304591997859456,-1.643039272603262,-0.5708206685897652,-0.7225185051648004,-0.5325419484946526,-0.7050644321271579,-2.2710426797391143,-0.9676422975946948,-0.8119449982621726,-1.9195535112467497,-1.307725537645285,-0.9123798385883386,-0.7851906998058105,-1.2719950333703924,-0.2987173664485217,-0.2986595965439698,-0.3088415268201146,-0.4336832232568139,-1.6183359811569011,-0.9294169409420918,-0.8700827738952871,-1.5112251455981285,-2.533984749801642,-1.043689277940024,-0.7229536906252606,-2.051215842419048,related,9
PR:000001968,exact,direct,brain Ig-like molecule with tyrosine-based activation motifs,Mistral-Small-3.1-24B-Instruct-2503,-1,-0.43293521709747,-0.6968025906022881,-0.5998529453810926,-0.6031849255318226,-0.3722175518505033,-0.6677476485631433,-0.5598671475483503,-0.5380173941846551,0.5498925480127562,0.0697351354956588,-0.0276871600917896,0.4714558944826171,-1.0091433490524986,-0.9798448874749748,-0.8546982334871276,-1.018010734737936,0.3000655728063554,-0.1163811281808151,-0.2209024608863043,0.1435602604585371,-2.3546565368121986,-0.9694273305478543,-0.8247715164573072,-1.9742182768970031,-2.082870931425925,-1.029619825440467,-0.8814785611709344,-1.82290542096921,0.1656842545528797,-0.0384954302239191,-0.0865483427848803,0.0163155233683548,-2.2134849860571544,-0.9573302054812703,-0.9124468102945634,-1.9167078311442007,-1.0419737255592163,-0.7877979379140336,-0.6004943608431618,-1.0721072438182395,related,8
PR:000001968,exact,direct,inhibitory receptor SHPS-1,Mistral-Small-3.1-24B-Instruct-2503,-1,-1.0324911909073196,-0.9270543192821384,-0.7753794590522105,-1.1087422107890197,-0.5962305530127071,-0.7660196242017329,-0.6548659716179513,-0.737725222251262,0.4079088158317465,-0.1123498330777012,-0.0373667901190737,0.302663238922673,-0.6002977654266952,-0.906755874637206,-0.7928791856078138,-0.6849727135730487,0.3189710593790858,-0.1014621191958427,-0.1901438185527484,0.1650880528981449,-0.7478941572177169,-0.6897972481908388,-0.5977577510690462,-0.829837006859075,-1.0998971803006616,-0.8364633289417255,-0.7275279050470269,-1.1146795710908095,0.1726914289725435,-0.0125712201322584,-0.0728321278152315,0.0235890113752372,-0.5486077611971871,-0.5447980244331503,-0.5643889365669814,-0.6812568819134414,-0.9339043007287988,-0.7922119678107965,-0.6026039751612218,-0.9920983241713908,related,8
PR:000001968,exact,direct,macrophage fusion receptor,Mistral-Small-3.1-24B-Instruct-2503,-1,-1.6634773046562688,-1.0972361359501972,-0.8740408705637864,-1.5802995806979852,-1.020818553461434,-0.9067996557491684,-0.7594525429651805,-1.0890144633415546,0.4165730062271903,-0.1273533512812742,-0.0400870176359353,0.3126844818938405,-1.4991973782484482,-1.1793696315213331,-1.0139656875488805,-1.3918854468033988,-1.336748938353624,-1.0121004968149303,-0.7463889604185192,-1.3083868369498797,-2.6440671198067807,-1.0143364785237616,-0.8474636925798632,-2.1607199839299462,-2.098845229614194,-1.0601126336546036,-0.8998461218583929,-1.83377638938182,-1.1075091226750795,-0.8349709538755262,-0.7458837401655006,-1.1127406556647434,-2.493856321698569,-1.090747782402797,-1.0016361492100183,-2.098002710886872,-2.6669553656345872,-1.0549316644631674,-0.7372537943130242,-2.130362226186756,related,9
PR:000001968,exact,direct,signal-regulatory protein alpha-1,Mistral-Small-3.1-24B-Instruct-2503,-1,-0.4470821520296885,-0.73736908470047,-0.6382328629525291,-0.6159762895980495,-0.3254720094441525,-0.6356955411798965,-0.5738116967200602,-0.4948378505344536,0.3524780866154642,-0.1056834788835322,-0.0437762194937099,0.2393329095968327,-0.4616616860373718,-0.8294442485061685,-0.7474857995578035,-0.5665065314563877,0.3004285996373325,-0.1183593572737442,-0.1659306314616141,0.143971944148998,-1.981293625295451,-0.925713560213016,-0.7856690927048119,-1.727014781836066,-1.1040352446041124,-0.9019393521178232,-0.7641412838942602,-1.117860512258397,0.2172197570643556,0.0604762982934674,0.0078831066630418,0.0702108654458535,-1.089177307579227,-0.7604956926359057,-0.7359992207071262,-1.1206997555722622,-1.3738721268613083,-0.8653893839638649,-0.6393914401395676,-1.308245098458715,exact,9
PR:000001968,exact,direct,signal-regulatory protein alpha-2,Mistral-Small-3.1-24B-Instruct-2503,-1,-0.4153029968883099,-0.7217930765038797,-0.6216469277906556,-0.587173199555937,-0.4015395156972938,-0.6767732699457881,-0.5946527624574889,-0.5648218721207615,0.5088068209196815,0.0345963149173716,-0.0317748902619835,0.4215667486913408,-0.4077831948254672,-0.794065432974467,-0.7154968533817762,-0.5195879836649188,0.3047654737431126,-0.1145800042780039,-0.1604220405818856,0.1488951999861573,-2.0822708775539134,-0.9406060050451178,-0.7866181398369219,-1.794692979435477,-1.456980041240266,-0.9709002538251266,-0.8255932960770261,-1.3821306006188838,0.1284905617763981,-0.0006581180971353,-0.0528113947248224,-0.0220138717440073,-1.4932574596548418,-0.8423179394148933,-0.8127619018109591,-1.4218034015094356,-1.647205746415013,-0.9108217937212256,-0.6649016686271106,-1.4934495207849403,related,8
PR:000001968,exact,direct,signal-regulatory protein alpha-3,Mistral-Small-3.1-24B-Instruct-2503,-1,-0.3833750583738481,-0.7046514554801119,-0.6072180514494931,-0.5579807824938624,-0.3268884469042691,-0.6393932408767558,-0.5684621177894942,-0.4961544989708466,0.5985637231889028,0.0987932910489154,-0.0269346395357623,0.5317666177918731,-0.5638525021589144,-0.8603581392774313,-0.7748967562459823,-0.6541324917849496,0.2407517425474828,-0.1762095608679107,-0.1997489939086034,0.0771584888414619,-2.225370711498061,-0.9544079219705848,-0.8050425800759057,-1.889533066562581,-1.5535719785298283,-0.9854380196391612,-0.833758093624143,-1.4522601899521903,0.1659784806113743,0.026176093186305,-0.0106556126693844,0.0166205931639459,-1.4330454822276195,-0.8212530479056324,-0.7928135610445425,-1.3781607125965123,-1.6297593807520945,-0.9047378091172352,-0.658094983991457,-1.4818485893667623,related,8
PR:000001968,related,direct,BIT,Mistral-Small-3.1-24B-Instruct-2503,-1,-3.9933971171612033,-1.4842385690913362,-1.1211644258748217,-3.0350187759507445,-4.64617547807321,-1.5890554471415856,-1.2114249886855648,-3.386843430762458,-0.4665921318681109,-0.5267908820274775,-0.0734651322332487,-0.5819556938174293,-3.206165624265822,-1.3974421173105176,-1.1458268916731589,-2.5640559986331444,-2.481340123314532,-1.3130703282746363,-0.9007647199094948,-2.075107519626181,-2.2343789960086142,-0.963396187149344,-0.8021920449604261,-1.8954635023951736,-2.456187815350458,-1.1114378884449068,-0.940164184970256,-2.0729186389636083,-2.735479010492098,-1.1217414775593757,-0.9907484908174244,-2.2668653053336474,-3.5849979788204163,-1.252545989433978,-1.1361392687146097,-2.7589499049374977,-2.7897331964648817,-1.031771330242662,-0.7248404569201002,-2.202589628756285,related,9
PR:000001968,related,direct,MFR,Mistral-Small-3.1-24B-Instruct-2503,-1,-2.9525142010671512,-1.3340282262347476,-1.0297006078982949,-2.4255393326397385,-2.823501580039311,-1.3427394425854653,-1.064257817822519,-2.3378411544362137,-0.7241548477278695,-0.5848896187425263,-0.0792029293191966,-0.8096457361932056,-2.7477596183272346,-1.332718028723456,-1.1251809706497788,-2.263251378170473,-1.987675494161521,-1.2014754367549962,-0.8249752174367896,-1.7597298196899087,-2.7975083974353634,-1.0326625936668907,-0.8561335111298083,-2.2580702968820483,-2.7575236231922897,-1.138002088272541,-0.964801509323882,-2.269287959831402,-2.7283655334682435,-1.114877735671083,-0.9744843413314724,-2.262205587283144,-2.9678857960496874,-1.222347232752831,-1.078188752380275,-2.3929799504556835,-2.7527057235020287,-1.0386974339276756,-0.7270570966089492,-2.1808903665362016,undefined,-1
PR:000001968,related,direct,MYD1,Mistral-Small-3.1-24B-Instruct-2503,-1,-2.4591930318856634,-1.24993687365786,-0.9805031171924816,-2.116595115869085,-2.461063655931329,-1.2959937105198311,-1.0393347355781877,-2.109007724190988,-1.532294862710312,-0.8070118317874743,-0.0965754475554494,-1.467374601834961,-2.6037707471219576,-1.3465994453527397,-1.1288880257701237,-2.1670854969126148,-1.7946186897974932,-1.1471778915170086,-0.7789539006755832,-1.630532126237165,-2.409160328044284,-0.9837223555096144,-0.8313633416370252,-2.009653634585097,-1.7296743607521934,-0.982922278480074,-0.8400197111335655,-1.5779974968761532,-1.7917508828609714,-0.9119020885761157,-0.8080428587116412,-1.6229379788624834,-2.461452359633897,-1.079422477332808,-1.000597433330695,-2.077327958800776,-2.169787609489225,-0.9768815231936688,-0.696384563138119,-1.8289931264536887,related,9
PR:000001968,related,direct,PTPNS1,Mistral-Small-3.1-24B-Instruct-2503,-1,-2.2369016342572348,-1.2141762410505432,-0.9608298704095448,-1.972028072643781,-2.6266354104180936,-1.307161908792991,-1.035632359144936,-2.2146093536073725,0.5236163403354445,-0.0093896317996538,-0.0333152085800629,0.4394457162940516,-2.273693931878264,-1.34392027931219,-1.1281660725955442,-1.943009128549551,-1.678551664962533,-1.1063559973827717,-0.8020298040906614,-1.5510702993691092,-0.9999713393786164,-0.7644322868034851,-0.6611873009005665,-1.0266418747976525,-0.3457811365591309,-0.6724159886489213,-0.6055188759843575,-0.4928305048615014,-1.7915641812756808,-0.9044464856839884,-0.7986374925217027,-1.6228045818053842,-0.4803112354336302,-0.579031411438639,-0.5812247821713135,-0.6219801471179753,-0.562944307166509,-0.7156622110283827,-0.5644629853522299,-0.7031918629381888,related,9
PR:000001968,related,direct,SHPS1,Mistral-Small-3.1-24B-Instruct-2503,-1,-2.6343277479902287,-1.2856071487893277,-1.0057541739161353,-2.228041285497238,-2.3745934105248305,-1.2842011732102594,-1.021829310509238,-2.053098828445943,-2.011807366142707,-0.9190069305630308,-0.1192523768859336,-1.828867556038128,-2.797323726571644,-1.374684619278864,-1.1464906634699097,-2.296152863710923,-1.2381849928693456,-0.9838778459273304,-0.700448054260961,-1.2357541226271564,-0.9692655137619474,-0.7512405958742616,-0.6615778262080652,-1.003131544693403,-0.7202773830807406,-0.777046843860113,-0.7002656823696082,-0.8131857731521484,-1.656081878795799,-0.8957845171265372,-0.8064738052857484,-1.5252517056008057,-1.300646616312786,-0.9266338934646454,-0.8267296553302053,-1.280750248075892,-1.697292451031139,-0.9654204415454024,-0.6979655152921788,-1.5265982766254014,related,9
PR:000001968,related,direct,SIRP,Mistral-Small-3.1-24B-Instruct-2503,-1,-3.0143865315381024,-1.3305413728026252,-1.0356263224956357,-2.4632543906119944,-3.1514782951738294,-1.3845929961404606,-1.0849434670030973,-2.538027830422904,-0.7408131998473909,-0.5947362255762595,-0.0763029181232865,-0.8240120764039605,-3.231949739855179,-1.4066623467696089,-1.1579302646683216,-2.5807621375926786,-1.6116574887330193,-1.113519444057481,-0.767289368729633,-1.5046258983175909,-2.092532837493564,-0.9439093503043694,-0.7945874124086084,-1.801534949712453,-1.255171020117127,-0.920744736949474,-0.8057665093271645,-1.2326688388219529,-2.157709449915643,-1.0323583321963885,-0.8952610920105452,-1.879398123883216,-1.35285268191592,-0.9010707938107272,-0.8365224310051117,-1.3194038276370683,-2.414984126798989,-1.011347084836788,-0.7088361257859175,-1.979519779120462,related,9
PR:000016401,exact,direct,TMED1,Mistral-Small-3.1-24B-Instruct-2503,-1,-0.7906326939702436,-0.8172414343171838,-0.6971077796221481,-0.9130011591833048,-2.506332189538808,-1.3047391392980523,-1.0305975302938069,-2.1380658450279006,0.8929276002610239,0.46014127240836,0.0174660864389153,0.93155704161553,-1.837234167611107,-1.1203431689217422,-0.959525663347838,-1.637468137622219,-1.2504803658947012,-1.006933305125861,-0.7215312430976659,-1.244884658620622,-0.7830050556374311,-0.707552776373417,-0.627125132677237,-0.8577933683162451,-0.3416569351176683,-0.5447070298478895,-0.5053491150235588,-0.4891468149299467,-1.6926333572186891,-0.8657395363535814,-0.7608167087975864,-1.5517208517519587,-0.6393707385095978,-0.7209282079525485,-0.723823358925658,-0.7585790202856811,-1.178857776387358,-0.8437755776035349,-0.6295303321364443,-1.171149973045094,exact,9
PR:000016401,exact,direct,interleukin-1 receptor-like 1 ligand,Mistral-Small-3.1-24B-Instruct-2503,-1,-0.8433604089918402,-0.8791371069254142,-0.7500285169019394,-0.956521836876328,-0.85877391462371,-0.8938593528803687,-0.7348147114001431,-0.958648333136623,0.994135026975483,0.599035588922323,0.0284418092892612,1.087602197537799,-0.6394382638085381,-0.8129163557570043,-0.7394452351694953,-0.7178640715625608,-0.3557380756057993,-0.5998291916836567,-0.5157870664870838,-0.5160161114020176,-2.585673759197752,-1.0086134898582164,-0.8532688488576111,-2.12340728770046,-1.883550905626504,-0.970006789257462,-0.8429164800523009,-1.685811751675267,0.1498415009214782,0.0100734974229277,0.0222958971861708,-6.766962525764754e-05,-2.540341938474455,-1.0245420599723774,-0.8878414638114238,-2.127540932887254,-1.7002848046093484,-0.9293719781482104,-0.6729500858627826,-1.528571459442083,related,9
PR:000016401,exact,direct,p24 family protein gamma-1,Mistral-Small-3.1-24B-Instruct-2503,-1,-0.0718115511473438,-0.4836744793486784,-0.4515743050999536,-0.2579412330177305,-0.5385883820754587,-0.7911412018347304,-0.6675642083166669,-0.6874095776373779,0.6738921102839767,0.0122793946327253,-0.0261118716941978,0.6279356154070783,-0.4382261232153126,-0.7282438664574866,-0.667277106355946,-0.5461614317695798,0.0302847764145115,-0.3530924965601862,-0.336963943992196,-0.1460881366495792,-1.4907838437266228,-0.8582032658780552,-0.7297245677298212,-1.387877500933719,-0.5923455921484118,-0.6557197002159233,-0.5770344242799371,-0.7066705972225271,0.8121683072255744,0.6943597960974597,0.6381776269263872,0.7833159316940476,-0.7832562542315077,-0.7659071280670913,-0.7600279007919827,-0.878013545457877,-1.6057596627106168,-0.8891398624087443,-0.6520736617698287,-1.4658432117566589,related,9
PR:000016401,exact,direct,p24gamma1,Mistral-Small-3.1-24B-Instruct-2503,-1,-0.9966879321986284,-0.8979393106354996,-0.7437188666078238,-1.0803698128074808,-1.6490978709200657,-1.1261597892149402,-0.912050134731102,-1.5601581050317503,0.5346546874647529,-0.0380887428995529,-0.0375431694640956,0.4528474001065589,-1.2432176178256873,-1.044415115079941,-0.924355050285078,-1.1995620460425238,-1.0108783357018232,-0.9065838637705302,-0.7179517383552828,-1.0631290030270653,-1.3933748031209767,-0.8432328025069538,-0.7244519835666045,-1.3181571239172014,-0.4361710740339544,-0.6200429284777398,-0.5660627854012821,-0.572641293673165,-1.1281640852299664,-0.76494677575759,-0.7041959706492746,-1.1288515859773507,-1.2695101318500523,-0.9231214592175688,-0.88469793017576,-1.2575406785726864,-2.040772741635337,-0.9583255013153216,-0.6903953431363268,-1.7481436342782617,related,9
PR:000016401,exact,direct,putative T1/ST2 receptor-binding protein,Mistral-Small-3.1-24B-Instruct-2503,-1,-0.1538342951793568,-0.5032876477596314,-0.4927907867985763,-0.3398446749819405,-0.5389021105479845,-0.7255016448374703,-0.6357296801187705,-0.6876853480746429,0.966159694321674,0.4925061458451961,0.0143345144901243,1.0432387496776796,-1.061335321771817,-1.0448609452699815,-0.8887410616636175,-1.0590077686143888,0.0323678589446421,-0.3597835588666411,-0.3200496898212112,-0.1439635104466662,-2.1791794367809176,-0.9536689400353312,-0.8150730659174529,-1.8590512256914924,-1.3318811669283308,-0.8663413682531236,-0.7642801773757752,-1.2899725171504173,0.6578780193918876,0.5005728456273605,0.3705219861423945,0.5780764822374371,-1.086605178751379,-0.8037488874940772,-0.8056190565041502,-1.1187167835981686,-1.6060238608537525,-0.9028981305188014,-0.6584236621267738,-1.4660197026232094,related,8
PR:000016401,related,direct,IL1RL1L,Mistral-Small-3.1-24B-Instruct-2503,-1,-1.0767744066323404,-0.918503584493426,-0.7784667682093053,-1.14356334619054,-2.6722875625043545,-1.3378884909539872,-1.0568155077167107,-2.2434048456013884,0.6305068878942832,0.0021924953114365,-0.0257123159945029,0.5721094206136522,-2.4635959960530216,-1.36769452780863,-1.1512056300097198,-2.0725772447098643,-1.056269654817925,-0.911867169957024,-0.7131185808167985,-1.098203877742844,-2.5917164253263527,-1.0153289285090523,-0.8510144933281345,-2.1272755595031665,-1.926910676075431,-0.9988985147472156,-0.8560133814679534,-1.7158713104032093,-2.417231495936077,-1.0410389110147105,-0.922003982171445,-2.055810172366945,-2.288854508658601,-1.050840819650893,-0.9889429777739293,-1.9659929099679063,-2.1780107766943204,-0.9897300649070162,-0.7008111098578003,-1.8341062294620016,related,9
PR:000016401,related,direct,IL1RL1LG,Mistral-Small-3.1-24B-Instruct-2503,-1,-1.1469313290362737,-0.9448232839065432,-0.7927019700303441,-1.198136215061293,-2.5551255091284526,-1.3315435467015906,-1.052197598248834,-2.1692283131442243,0.2717629153083784,-0.1995483661404962,-0.0504134303862116,0.149387578094636,-2.2985354728414222,-1.3228286936335638,-1.120504538453901,-1.960064447925144,-1.1891223488375884,-0.966208589252067,-0.7380856655068582,-1.1991160479901304,-2.626626712859111,-1.0183981314495612,-0.852093217539783,-2.1495916239297985,-1.9264258836370824,-0.9823669536183384,-0.8534816604139032,-1.7155359727601336,-2.375379060984229,-1.0059660066141718,-0.8962004409930912,-2.027637682580743,-2.2851106957982785,-1.0469079812434323,-0.9924120961706964,-1.9635546181249093,-2.1970449112760444,-0.989507116426966,-0.7003014272300119,-1.845923580129118,related,9
UBERON:0000015,exact,direct,anatomical boundary,Mistral-Small-3.1-24B-Instruct-2503,-1,0.2872333190760607,-0.2236110685840695,-0.280615777641488,0.1324658209013252,0.3551572523669166,-0.1894414144610784,-0.2303547400732118,0.2159334516635438,-0.9982412172378916,-0.6754355629035712,-0.0973376566049743,-1.0411564355680447,0.9669501229815588,0.8390960059880554,0.7023522613320891,0.9762415346445946,0.1247365786883765,-0.3246392673670193,-0.3287457596696743,-0.0481221624584734,0.5574137603698682,-0.0633645330595859,-0.1178529618134834,0.423777650784407,0.6938026308226652,0.1086172656280887,0.0130855454764557,0.6212064583297192,0.0682793005201742,-0.4792038302746632,-0.448320281040972,-0.0831098158647206,0.3582520889842875,-0.3607463611341053,-0.376340852018084,0.2119811091252929,-0.0414698058406737,-0.5123935483520667,-0.45495021243048,-0.2466438877567487,exact,9
UBERON:0000168,related,direct,segment of colon,Mistral-Small-3.1-24B-Instruct-2503,-1,0.2619874226116064,-0.2702820732466476,-0.3019283125247173,0.1029848384778146,0.1458762879678014,-0.3503822924330085,-0.3559602397385669,-0.0223924414967365,-0.8159818730432016,-0.5823386089505929,-0.0870813520366271,-0.8883412853464449,0.3815099169924577,-0.2466747520416827,-0.2598737278357103,0.2443390358543288,0.4941293444515457,0.0706470041648666,-0.057200349252711,0.373954265802901,0.2418013038613943,-0.316802605479349,-0.3207619850912893,0.0654609952943996,-0.0604251312772401,-0.5316124444323479,-0.4747559848375494,-0.2281296498321695,0.6194971586817126,0.3713096545481857,0.2713512917398628,0.5297189051755103,0.286338283657387,-0.2495968702664279,-0.3241719047142285,0.1301466423040001,0.2076473706322624,-0.3944646899933897,-0.3751592685173123,0.0023068086072855,related,8
UBERON:0000200,exact,direct,cerebral gyrus,Mistral-Small-3.1-24B-Instruct-2503,-1,0.4607696567940929,-0.113412378209695,-0.1625572499634232,0.3459127442438463,0.3644642715333083,-0.1446898154778155,-0.1990865033204083,0.2270744717386003,-1.3116241333164729,-0.8433645926842736,-0.1073121436238264,-1.2947401531505722,0.5293403480472867,0.1867764748422094,0.0613955042855851,0.4099521487773239,-0.5232144536299043,-0.7441002098770486,-0.5743943639214809,-0.6641140307542844,1.1107974658930655,1.2093068526129074,1.004731751729603,1.2981212272135687,0.6276894188076662,-0.0628662452925233,-0.1282415149017079,0.5331579737193503,-0.2265953260469252,-0.7567038100712536,-0.6986410778090965,-0.3674212378602046,0.9274932226088222,0.5372128524715588,0.4055967268339153,0.9955262770376576,0.9026092338864802,0.5927146688506048,0.2707030056933667,0.9320646288199368,exact,9
UBERON:0000200,exact,direct,gyrus of neuraxis,Mistral-Small-3.1-24B-Instruct-2503,-1,-0.1237904825576763,-0.5874161153542954,-0.5247660076610852,-0.310109131097451,-0.0258434574025945,-0.4647645830252057,-0.444563828415668,-0.2033027354875241,0.6360122067592423,0.1384232004393987,-0.0137805016424695,0.5791261606916246,0.3461573276776197,0.0399837152136084,0.0045629854066255,0.2061107068192726,-0.187023516783183,-0.565091519898708,-0.480059767998618,-0.3597476186761755,0.8168030667459235,0.3110287331574874,0.2039655610885836,0.773565570570723,0.223746822498372,-0.4131653313329816,-0.418354739136631,0.0598442803098942,-1.6889516215066624,-1.0339988151809296,-0.90398080314657,-1.5490598172071814,0.5080882440511129,-0.1453240273122768,-0.2587208869445724,0.3917725217069371,-0.2020795723391893,-0.5474117432332326,-0.4578471652301804,-0.3951335781059505,related,8
UBERON:0000200,exact,direct,neuraxis gyrus,Mistral-Small-3.1-24B-Instruct-2503,-1,0.1941700144619939,-0.3664686883053963,-0.3622110084327448,0.0255024322442234,-0.0982192182141817,-0.509387045496117,-0.4750284686879629,-0.2762856158698685,-1.0382062530667395,-0.8095836852805477,-0.1056414405722399,-1.0741076437005492,0.1493617522675039,-0.2154531974561502,-0.2384853134763636,0.0015865430928285,-0.2547258598864194,-0.6095844075558768,-0.5246345210116427,-0.4233763956469773,0.785181086386741,0.2559482787869468,0.123757361856158,0.7270678769996107,0.1722071480139905,-0.4525338882080981,-0.4454122816968463,0.0054226533706569,-0.5375419288723929,-0.8338856331553739,-0.7439257960620758,-0.6454373952363975,0.3767774215148185,-0.3668561041670086,-0.1514088134956892,0.2334992458760858,-0.1216007930465005,-0.4969905415513591,-0.430053018538027,-0.3217500557529857,exact,8
UBERON:0000200,related,direct,folia,Mistral-Small-3.1-24B-Instruct-2503,-1,-1.9961068689127623,-1.242788118185895,-0.9762413190616211,-1.81108765891515,-1.3560902321378032,-1.0857591650330114,-0.8802981696663748,-1.346541682037944,-0.7222910057661082,-0.5999438790115345,-0.0722228850146509,-0.8080357945995464,-0.9187028734046764,-0.7038771049088952,-0.6148227366164082,-0.9462156393148998,-0.4527915701683335,-0.7131127778696469,-0.5755343299986847,-0.6026298377310203,-1.870486249423666,-0.9242165106665428,-0.7900554196495051,-1.6519747978844113,-2.202018152901377,-1.0852977119943032,-0.9000804652276498,-1.9035980512308388,-0.941606680482964,-0.9368322312815082,-0.8460515231200307,-0.981436141792408,-1.7511802156820042,-1.098632369004683,-1.022841875402714,-1.604472032602614,-1.5378091387249375,-0.8598482292872037,-0.6376869231461445,-1.4202265837358428,related,9
UBERON:0000200,related,direct,folium,Mistral-Small-3.1-24B-Instruct-2503,-1,-1.7959793271278657,-1.180097528167255,-0.9241199279652776,-1.6735016372028595,-1.230059913523671,-1.0138719216186116,-0.8194789722298229,-1.2515154421921997,-0.6430498205654741,-0.564135872898313,-0.063270992643527,-0.7391035957479335,-1.130405994499621,-0.8747693510652784,-0.7765435285374704,-1.1127964188009278,0.0365556327448423,-0.4208038603600726,-0.3671826383253964,-0.1396874695206692,-1.91131598426536,-0.933215704911213,-0.7939506264049575,-1.679722664566644,-2.259277277283941,-1.1097403531242405,-0.9285750866057432,-1.9420657776291967,-1.791580798694267,-1.1060438331608689,-0.9880411273372554,-1.6228164549546389,-1.577189068685175,-1.0754111969913034,-1.0179806684275312,-1.4819877218599058,-1.8446469013170232,-0.9272120564958858,-0.6732918408621749,-1.622831735238291,related,8
UBERON:0000200,related,direct,folium of brain,Mistral-Small-3.1-24B-Instruct-2503,-1,-1.5148517531885506,-1.1018638615937637,-0.858393346299918,-1.473576882395876,-0.8816108624455913,-0.90063088452546,-0.7483475683169601,-0.9772788210070404,-0.2886512205978324,-0.5330903418345824,-0.062073738644461,-0.4177539129873475,-1.1519441216305315,-0.7760313097558185,-0.6798388726101249,-1.1294638336475444,-0.9021301910842408,-0.897955428123282,-0.6781811841185891,-0.977785605668546,-1.2781655870386377,-0.831310295405646,-0.7347859235181625,-1.234516450857831,-2.5556051262325683,-1.112947294416597,-0.9311775954618852,-2.1381946069759428,-1.3486024514835555,-0.9957679083624004,-0.8973057952842949,-1.297799220610067,-1.1224312588535463,-0.9422361589951718,-0.9072567255328762,-1.1462553539121725,-0.6066185306796152,-0.6791806985679042,-0.5452114204624781,-0.7384938656594928,related,9
UBERON:0000200,related,direct,gyri,Mistral-Small-3.1-24B-Instruct-2503,-1,-0.7414611796650958,-0.9070950108376415,-0.7428913113085612,-0.8719585544210199,0.9492650161002332,0.931682537889568,0.7359944685745788,1.0829946534645176,-0.6276757221371355,-0.5611175847729674,-0.0636441543219011,-0.7256169666735268,0.4297608097083394,0.1319731696317326,0.0700274612086689,0.2973344591942186,-0.314087229373158,-0.6415420836595653,-0.5535424284683315,-0.4781379893683261,0.1680514175465407,-0.347559859756381,-0.3401014692273768,-0.0111278409726648,0.9012216260074044,0.399609436556712,0.2793569139898216,0.928010905826314,-1.3280383959832869,-1.0320695748425908,-0.9005128763036104,-1.2822599367135457,0.1686272884754502,-0.4445566061373128,-0.5036342862447373,0.0014876410973766,-1.4507341780578304,-0.871033038872498,-0.6487277978364943,-1.361097973639034,exact,9
UBERON:0000200,related,direct,gyri of cerebrum,Mistral-Small-3.1-24B-Instruct-2503,-1,-0.1284090243679145,-0.5929531310264916,-0.4976370218880062,-0.3146997612581104,-0.3889740691281336,-0.699859114939314,-0.5963875485750443,-0.5533612402635513,-0.8250201403304133,-0.6861707520378153,-0.0842532308307389,-0.8960227616784913,-1.1538042884574682,-0.8663119577277852,-0.7378496821330558,-1.1309010328289757,-1.9441446875541768,-1.200993733722101,-0.866143913076152,-1.730909092151657,0.5023889512891975,-0.1012516847357511,-0.1384716776639163,0.3570518022101263,0.1368438025447931,-0.4623853663563421,-0.4488032872552986,-0.0313094287454959,-1.3771003468634646,-1.0223109892204298,-0.8967893899957775,-1.3192621515750094,-0.039891721294093,-0.5386090241583511,-0.5621863511390699,-0.2128020684691398,0.2348840319391493,-0.3266473960793019,-0.3444696714030931,0.0311903655163127,exact,9
UBERON:0000200,related,direct,gyrus of cerebral hemisphere,Mistral-Small-3.1-24B-Instruct-2503,-1,0.3392310222203804,-0.2341740417290865,-0.2030656647711339,0.1943596011799658,0.1551802009116928,-0.3589761651054236,-0.3484641595140627,-0.0122464087364467,0.1212162090102531,-0.315164090141473,-0.0473857239857813,-0.0119726243896277,-0.7934950524745334,-0.7598322842838108,-0.6755557509917669,-0.8451430766586482,-0.7876751782487385,-0.8537377336571106,-0.6468194952084595,-0.8858457510208382,0.8216983526926385,0.3126066939669934,0.2006067133318569,0.7808828173027041,0.1100888866389766,-0.4847348270413109,-0.4547239553493695,-0.0587865146333322,-0.7521378062501599,-0.896970391787713,-0.7912575799064323,-0.8269844645919424,0.5930478467597244,-0.0597192760303694,-0.0747678494367248,0.5002901138538035,0.4659222120392366,-0.1412260085640643,-0.1931013061781165,0.2933778642692179,exact,9
UBERON:0000200,related,direct,gyrus of cerebrum,Mistral-Small-3.1-24B-Instruct-2503,-1,0.1526761393575778,-0.4059639502142151,-0.3733929938928875,-0.0207533060275044,-0.1193469671052972,-0.5442316260662176,-0.4826299521517223,-0.297260612828603,-0.3938988316844928,-0.5896164421040777,-0.0674593166838852,-0.5156195592023185,-0.2645196330544713,-0.501963375821412,-0.4574072218773914,-0.3922087702488709,-1.517851787783334,-1.0905392033918755,-0.7863819790130281,-1.438662220940826,1.1231140235896404,1.275979530176992,1.1228709158700398,1.325950237177413,0.3729666689383829,-0.3114027271171921,-0.3261758982540271,0.2240246281377463,-1.0015892078598263,-0.9541558071216494,-0.8493582683097016,-1.0293105214217402,0.6071681048496778,-0.0394969295309557,-0.1264325757664804,0.5188572597654821,0.6475383109770235,0.0649385858714505,-0.0951828471595287,0.5281280396798734,exact,9
UBERON:0000401,exact,direct,mandible ramus,Mistral-Small-3.1-24B-Instruct-2503,-1,0.958456992251103,1.1399129729644215,0.9563390998302528,1.136241101267459,0.9120043240984138,0.8283178601150525,0.6155125260091868,1.0143780667410889,1.1204691061453291,1.058598670493622,0.0877170188654384,1.3023379419268084,0.8823686404262411,0.3974223202297341,0.2648673453386669,0.8550434050666773,0.7755896647804804,0.4827790493191743,0.2451911256727408,0.7560461364767646,1.0708981472313466,1.027180218802709,0.8486745993620314,1.2126924890596744,1.2081409053805643,2.0144081249229933,1.885424995592984,1.5489086350517027,1.078134001676562,0.5664627899699233,0.4180402355470095,1.1939365588353357,1.0966839679716882,1.5035254985807858,1.617367029410961,1.316391882213872,1.1156324031015092,1.6537802391299607,1.2823898053125673,1.4344747828529942,exact,9
UBERON:0000401,exact,direct,ramus of mandible,Mistral-Small-3.1-24B-Instruct-2503,-1,0.8233185840284263,0.6579974224601802,0.4742951481267677,0.8814701973576823,0.7111924753462462,0.340584476103475,0.1976490989452312,0.6873509746328724,1.0781179831467678,0.8069417729936244,0.0970828736676225,1.2274292428457323,0.5581545042066771,-0.0079791793497202,-0.1006114452149675,0.4434244364030408,0.3901351226205682,-0.0719663021300488,-0.1582761748197736,0.2478079908666219,1.0601518688755105,0.9817117893018475,0.7911591733941007,1.1907685155567465,1.0198167793907411,0.9048340977780712,0.730755205342793,1.13358158111986,-0.0308802574161786,-0.5045664066604876,-0.467184700907277,-0.1813302066573554,0.8563479104697861,0.7221682514779628,0.5255506290901208,0.8783721077522683,1.0854524093562523,1.3051808894051309,0.923709627931794,1.342618899146064,exact,9
UBERON:0000401,related,direct,lower ramus,Mistral-Small-3.1-24B-Instruct-2503,-1,-0.0976282473748879,-0.4972704794326182,-0.4641162321846987,-0.283968626983955,-0.0963321880452763,-0.5356544216902416,-0.4933779761897515,-0.2744051584241008,0.288681043047183,-0.0711772216780295,-0.0127977842649648,0.1680282831854691,-0.4674580182922449,-0.7021572123149799,-0.63874149286681,-0.5715237546752134,0.5719510604682689,0.1602418365198948,0.0243881857281493,0.4730164717032946,0.2978434288143041,-0.2558417677789808,-0.2795341989301521,0.1252313167898155,0.154143023381014,-0.4389369029296792,-0.4338310138825414,-0.0134006758718063,0.888505795724374,0.2335708401344895,0.1412884903993529,0.892505237035943,-0.285290540429908,-0.5318378745830971,-0.4575258849972762,-0.4470064981118929,0.307166476650655,-0.2714846297959966,-0.2933816216601662,0.1097290980196169,related,10
UBERON:0000401,related,direct,rami mandibulae,Mistral-Small-3.1-24B-Instruct-2503,-1,0.7709218077245287,0.5392119583820156,0.345071428767623,0.7933379626339366,0.9153963190686932,0.8270033866123491,0.6385857594435392,1.0204974411290864,0.5249679432612562,0.0840630837840545,-0.0254097037022172,0.4410832077520215,0.6472631298938657,0.0706099825818078,-0.0440573241668359,0.5497371385922227,-0.2089218138374806,-0.5570926107314537,-0.4830267321995889,-0.3804694544118634,0.4045874359246165,-0.1776585774922127,-0.2203567067933789,0.2432947970951011,0.645964340489109,0.1474318284919333,0.0893719111765071,0.5571143397946696,-0.1100422183270056,-0.5709808607871949,-0.5577870007236272,-0.2577703205144753,-0.3240547665805619,-0.5136261150409946,-0.5161564002645715,-0.4825040572459507,-0.0466448901717419,-0.4818691826769408,-0.4213121368801347,-0.2515597815300137,exact,9
UBERON:0000401,related,direct,ramus mandibulae,Mistral-Small-3.1-24B-Instruct-2503,-1,0.8072715324670673,0.6412225028304207,0.4411429529463189,0.853956919075591,0.9754139736630124,1.0421498185681404,0.820243997960716,1.1331301180536384,0.633758124089402,0.201582245294493,-0.0143564482593237,0.5762509350634226,0.9197038514075696,0.5019809231919109,0.3510059928417188,0.907654012071618,0.0024592019949151,-0.4125730484652669,-0.3977157012858452,-0.17431999518201,0.3345048307148104,-0.2302420539721057,-0.2601240755055847,0.1651269343875155,1.1141384691641336,1.3147634657318046,1.1055168019719317,1.3226482402675714,0.4918915126116306,-0.2166322148453905,-0.2343232813920944,0.3753665751215088,0.0828198411893434,-0.2783171143617726,-0.3193859975154796,-0.0886322668582291,0.5486673160285105,-0.0724806340175685,-0.1831824312041986,0.396486664826962,exact,9
UBERON:0000933,exact,direct,branchial muscle,Mistral-Small-3.1-24B-Instruct-2503,-1,-0.491097001483634,-0.7114283590555229,-0.6091491740073918,-0.6554653269011839,-0.4334971093355514,-0.706951129718715,-0.5962942874998889,-0.5937971561671629,-1.0727564104314162,-0.7910141444506399,-0.1033269317822919,-1.102442171172502,-0.887382693287993,-0.915604193629802,-0.8015862398167675,-0.9211206886596284,0.0302588459265846,-0.3772989561160036,-0.373051468730297,-0.1461145744119757,-1.1799385103802116,-0.798559002018931,-0.6896502869778866,-1.162120838916706,-0.9745320574923078,-0.6859193353365968,-0.5797511958408549,-1.017299099950859,0.5949942862289382,-0.1078452356529555,-0.1600257441840423,0.4993400602004134,-0.7617262920557725,-0.8286615767395419,-0.8462204346558101,-0.8603745888086317,-0.2175914090204375,-0.5421949770210711,-0.4636520121265029,-0.4090572975477521,exact,9
UBERON:0000933,exact,direct,muscle of pharynx,Mistral-Small-3.1-24B-Instruct-2503,-1,0.100379478968278,-0.3246265994988772,-0.3507687611347171,-0.0778974686708478,0.1184817351824197,-0.3504957998407151,-0.3507323796678258,-0.0520487404084052,0.7781652741587477,0.0821803653889326,-0.025943383659513,0.7675126873254462,-0.5762372324201567,-0.7832388884985033,-0.7026136199422908,-0.6646360327834762,0.0261164504802566,-0.3805916140792112,-0.3335245305094171,-0.1503348987538313,-1.7776250861481775,-0.9057724113136132,-0.7656149304784879,-1.588424291461653,-0.0891290024860908,-0.3306917532346354,-0.3299856939105562,-0.2557380002406598,-0.1682916466948617,-0.5125368720880786,-0.4945230681500727,-0.3129827481481869,-0.073225023958043,-0.5364012578797805,-0.5888786267972826,-0.2456584689223542,0.3453188557698277,-0.2381370691427229,-0.2849017482763949,0.1523742173390464,exact,9
UBERON:0000933,exact,direct,muscle organ of pharynx,Mistral-Small-3.1-24B-Instruct-2503,-1,0.2565686487339914,-0.1972585578478396,-0.271017674184914,0.0967035279963759,0.1280869517088359,-0.3486079957378566,-0.3721859004346919,-0.0416870914571048,0.2083337909875562,-0.3378936771076646,-0.0522026909317273,0.0804440664002391,-0.4634215136145067,-0.7563376978776867,-0.6896465065129604,-0.568030427207779,-0.035070857531337,-0.4247947712026245,-0.3838200627276761,-0.2119703196558636,-1.6594700275438332,-0.8877402155084779,-0.76201209197305,-1.5066273023910333,-0.2806395480770043,-0.4326437127802184,-0.4311610560618871,-0.4341952249466725,-0.1350186872094831,-0.4974838720896481,-0.4834167590587378,-0.2815484023283488,-0.048123534371544,-0.5226918765323639,-0.5868558469348495,-0.220949152088941,0.3341905410142374,-0.2351311014279645,-0.2859621227933925,0.1398456597803188,exact,9
UBERON:0000933,exact,direct,pharyngeal muscle,Mistral-Small-3.1-24B-Instruct-2503,-1,0.5059393155129497,0.1018637872551564,-0.0421519622681434,0.4050324864796697,0.6379741516814647,0.2245134263129071,0.1439142056214498,0.5814123152655029,0.2929575270197398,-0.2780172459753953,-0.0373700902604375,0.1727575623461912,0.9350762340251532,0.4081575608310954,0.3042884295482775,0.9297136385263336,0.1480372829647226,-0.3030094053760173,-0.3410218791859006,-0.0234187970572534,-1.0203948587381897,-0.7654421914748764,-0.6749185407061544,-1.042213140970861,0.1759321805764425,-0.1433069876818018,-0.1648052059371593,0.0093200999626162,1.03875853958925,0.5345486405875519,0.3976403778373106,1.1270509182480362,0.0342582204901471,-0.5011331398628736,-0.5308324818081246,-0.1383996323816902,0.6026442350999083,-0.0079424696144918,-0.1455563046541455,0.4670897006351394,exact,9
UBERON:0000933,exact,direct,pharynx muscle,Mistral-Small-3.1-24B-Instruct-2503,-1,0.192752400921263,-0.2499580781922491,-0.2615778960486062,0.0239081849621985,0.0591777352075343,-0.4253767467579855,-0.4129425203810373,-0.1151789281441746,0.422399677154522,-0.1951833828936281,-0.0317136336629872,0.3194429550676275,-0.3278783404068268,-0.6940422869126123,-0.6250568235716956,-0.4490304286172348,0.1006125814203503,-0.3301076582085374,-0.3291794812224139,-0.0734689797313039,-1.5495862223620418,-0.8647591646424342,-0.7397793934953003,-1.4295488519782356,0.1044128601173157,-0.2098394477085753,-0.2259859092103409,-0.0645820204310055,0.3733496908850422,-0.3280197638286722,-0.3475548895461438,0.2396369051055711,0.1297751324065569,-0.4574823361317475,-0.5222585611776828,-0.0396756233333873,0.3606557643836482,-0.214600499059053,-0.2712306600578243,0.1697659441577256,exact,9
UBERON:0000933,exact,direct,pharynx muscle organ,Mistral-Small-3.1-24B-Instruct-2503,-1,0.271562397443851,-0.1727164110518463,-0.2315458882020825,0.1141237524784129,0.1792627439561767,-0.3171314089478677,-0.3343848930981454,0.0141947117680095,0.2036089535387549,-0.3559375851066095,-0.0437539551482123,0.0753661031231885,-0.2856559936382165,-0.6639176533626797,-0.6098128174188039,-0.4112534081375137,0.0832499588792726,-0.3414937560267364,-0.3373596738236904,-0.0915708358233656,-1.404985134434468,-0.8379880815641422,-0.7268276543414929,-1.3265138191489332,-0.1321947987146229,-0.3423622169457258,-0.3572825462441285,-0.2967171062444428,0.4123224249454448,-0.2701944084160814,-0.2911073724797857,0.2835255422924234,0.1017161950822016,-0.5319774400641007,-0.5248953562736444,-0.0690319069110055,0.3378599023342319,-0.2237103772232144,-0.2836131887304518,0.1439684080293292,exact,9
UBERON:0000933,related,direct,branchial muscles,Mistral-Small-3.1-24B-Instruct-2503,-1,-0.4689039451650109,-0.6985870688567903,-0.6076613536188779,-0.6356119538247732,-0.9817228605175884,-0.9353919250168828,-0.7698891271623995,-1.0579428648348124,-1.2563115539003682,-0.8235277724679263,-0.1015425490376339,-1.2507437986810388,-0.908762734906971,-0.9184524856903732,-0.8202001348374981,-0.9382644296009928,-0.0329899358752004,-0.4202398574456855,-0.3981729325030846,-0.2098953078753149,-1.297418147306389,-0.8227569763991364,-0.7066105881490506,-1.2485865347460297,-1.1297863262094956,-0.7166554652987873,-0.6174734537130244,-1.137609194962037,-0.5675593405577171,-0.6923873559920006,-0.651052616091579,-0.6712943049176864,-0.9080709859788488,-0.8633969342692651,-0.8650403198246561,-0.978761648381446,-0.2377943107783375,-0.5507006410013863,-0.4677353084551042,-0.4270894457040358,related,8
UBERON:0000933,related,direct,musculi pharyngis,Mistral-Small-3.1-24B-Instruct-2503,-1,-0.2113682693510628,-0.5276611164937768,-0.4935505619089237,-0.3959771803847742,0.165088274131884,-0.3025004801600141,-0.3144979384839114,-0.0013994603846803,0.3546725171060617,-0.2482699967542909,-0.0396057847621107,0.2418150460778629,-0.3082237243364802,-0.7186903558702604,-0.6419916620901619,-0.431488815813316,-0.729042023297948,-0.8115615454011932,-0.6465266497661231,-0.837851005048643,-1.6573136981996852,-0.8852970889322037,-0.7596668740870186,-1.5051243171628357,0.0098461238717218,-0.2458862187340368,-0.2680172485037058,-0.1594898531841447,0.031231743277729,-0.5052757878806948,-0.4698468989689524,-0.1201435480848039,-0.2380478685043024,-0.6259406065650924,-0.6761466554946567,-0.4032271836151034,-0.260277469556777,-0.5434043228997241,-0.4700729653747239,-0.4470235206865406,exact,9
UBERON:0000933,related,direct,musculus pharyngis,Mistral-Small-3.1-24B-Instruct-2503,-1,0.0597247698980268,-0.3494568881554101,-0.3614173481692108,-0.1214835611801876,0.3538984556986879,-0.1367130395102212,-0.172085297364626,0.2144305217911707,0.3509344421577676,-0.2555817111236109,-0.0399878064015739,0.2375880876141251,-0.551238015493024,-0.8537189037528334,-0.7546088610867374,-0.6434089062950678,-0.6216617119185114,-0.754734440932983,-0.599468473296376,-0.748274485401284,-1.4504342439461255,-0.8463103668765765,-0.7325539159410633,-1.3591039919767642,0.0814751240330487,-0.2222431413240881,-0.2507660147769867,-0.0878850633084319,0.5746907332023864,-0.1342272429572275,-0.1599105866375321,0.4744457411850121,-0.3259062990052773,-0.6426370086643348,-0.6707095409315627,-0.4841902334656862,-0.25280664784522,-0.540025611515474,-0.4680716602299299,-0.4404151066045575,exact,9
UBERON:0000933,related,direct,tunica muscularis pharyngis,Mistral-Small-3.1-24B-Instruct-2503,-1,0.2938395789407128,-0.13982345603335,-0.208307810620923,0.1402403062032346,0.3062715226578895,-0.1743037015545238,-0.2324281647396349,0.1582328035124943,-0.3392951510694547,-0.5762622852863357,-0.0663500590806516,-0.4651246828616101,0.0846212301035931,-0.4473057192870175,-0.4610987324411158,-0.062962144154431,-0.8189689554285625,-0.8442846238653742,-0.6596534824910509,-0.9112085289312156,-1.823619553028356,-0.92080894330047,-0.7862219873220289,-1.6199792639644524,-0.6277452256975193,-0.5336672666413056,-0.4863968325238204,-0.7364236697753539,0.5322034151110288,-0.1681833632638865,-0.1878923674654224,0.4231305093837543,-0.7007572594788307,-0.7598148467938731,-0.7240091132435627,-0.8099873498660767,-0.220578602478664,-0.5269801387578686,-0.4628038510388636,-0.4117307707816435,related,8
UBERON:0000998,related,direct,glandula seminalis,Mistral-Small-3.1-24B-Instruct-2503,-1,0.1259855146255223,-0.3503349192636147,-0.3794414979935858,-0.0500737990167465,-0.8130619677543194,-0.825970129707331,-0.6905472792399288,-0.9210893938035318,-1.5997660956671822,-0.7826312109085267,-0.1063366965217692,-1.519301016398872,-1.093687972291563,-0.8873150670926163,-0.7712062344344875,-1.084267287340937,-0.3390626109947854,-0.6226385352022181,-0.5244090315468862,-0.5009037686496959,0.1288522403879215,-0.37628157762394,-0.382696124747502,-0.0509519573146723,-0.2229916519619208,-0.6767514409068527,-0.6130993416210327,-0.3814695265332386,0.3186710525227705,-0.376824527989354,-0.3850505744618479,0.1791831601823607,0.5642790361929976,-0.0311948709912155,-0.0632349634857981,0.4629461712386505,-0.3865992707914762,-0.6527627819112356,-0.5313210901406319,-0.5565608328183903,exact,9
UBERON:0000998,related,direct,glandula vesiculosa,Mistral-Small-3.1-24B-Instruct-2503,-1,-0.5772092025272113,-0.7378362661745594,-0.6513199891018573,-0.7314298688783872,-1.0571652394925533,-0.900390023833477,-0.7442285772232913,-1.1176934140442385,-1.3970291204703529,-0.7693361808322909,-0.1095531046361958,-1.362085629743019,-0.8540430321885654,-0.7989009313924673,-0.687139180301847,-0.8942718597398658,-1.279044959220215,-1.012412594473839,-0.7501935352611198,-1.2660188918671311,-1.3368264922144406,-0.8415054676755059,-0.7223479810223437,-1.2772690144422116,-0.8438558276175682,-0.8863478234003047,-0.7878944709606541,-0.9135716804639376,-0.1545793438757163,-0.611287179937041,-0.5813469741490846,-0.3000612121994852,-0.5466961790722107,-0.7588897446623645,-0.7233805900617156,-0.6796108568884777,-0.7169119672227563,-0.7516053187516624,-0.5820362949425787,-0.8260220709701436,exact,9
UBERON:0000998,related,direct,gonecyst,Mistral-Small-3.1-24B-Instruct-2503,-1,-0.9900893200774524,-0.9216655125837668,-0.7652888713147078,-1.075118894229976,-1.8041628277997144,-1.1310068723754267,-0.9282849338841984,-1.6694928517994037,-1.442171580604709,-0.8331598372674549,-0.111942975508993,-1.3974059577319735,-2.0380953256040057,-1.1451347448383913,-0.9672968384019464,-1.7795320963810854,-1.2340382756750297,-1.0086082284062912,-0.7720661124871634,-1.232670188412278,-2.8454173196803456,-1.0295092080899728,-0.8641324925456381,-2.288270074015906,-2.255652342739668,-1.0926044041342644,-0.9321510819305964,-1.939636271318848,-0.6847380452126418,-0.7891134903770125,-0.7304404645840679,-0.7707685000230801,-1.1159659077921076,-0.96449273928213,-0.9184012795790686,-1.141298503607153,-2.8861825471053177,-1.067134275596211,-0.7422384373142761,-2.258786373689046,related,9
UBERON:0000998,related,direct,vas efferens,Mistral-Small-3.1-24B-Instruct-2503,-1,-0.6776108646314278,-0.8161409453001467,-0.6965476745218795,-0.8179765925512895,-1.4212471318587956,-1.0551994450851754,-0.865866655874318,-1.394895426582724,-0.8037154607270296,-0.7605468236067993,-0.1050017232477038,-0.8778981892727827,-1.97125238899578,-1.097708744950508,-0.928718211203256,-1.7325468010861562,-1.0458067029394065,-0.94366261415778,-0.7375550330738821,-1.0901466604928716,-2.61637235901944,-1.007395879341179,-0.8469636796013756,-2.143042267478928,-2.158557468971801,-1.057427672834855,-0.9179583741455216,-1.8742675239954576,-0.4528023802879101,-0.7440663368640259,-0.6748198862445591,-0.5715673891599415,-0.960502952835346,-0.9534008253450394,-0.8134745140306276,-1.0203506263185944,-1.8733670971190564,-0.9511356706602038,-0.673276184991254,-1.6413735071831097,undefined,-1
UBERON:0000998,related,direct,vesicula seminalis,Mistral-Small-3.1-24B-Instruct-2503,-1,0.370232193275404,-0.1150740089087736,-0.1963632063832134,0.2320574477020148,-0.1259678803645926,-0.4719883022793556,-0.4362876862983107,-0.3038040603849491,-1.173675197568894,-0.8048210304488543,-0.1116177044777487,-1.1844293716955236,0.0934637800728551,-0.3493056119111701,-0.3590055729571695,-0.054218338491202,0.1912050627410896,-0.2603546235755832,-0.2634268771008426,0.0229439203728143,0.4147461430570472,-0.1802848119478086,-0.2241734673361994,0.2548460648205297,0.9973752522194018,0.6090141563006893,0.4748586547047478,1.0923755807983504,0.2358684106987765,-0.4246569695414192,-0.4305858281673595,0.0899479515393565,0.5975966115544983,0.0258088456022992,-0.0251401019055033,0.5062539420260963,-0.0938367674773391,-0.5410968076402218,-0.4622313549772668,-0.2959672939789918,exact,9
UBERON:0000998,related,direct,vesiculae seminales,Mistral-Small-3.1-24B-Instruct-2503,-1,0.2344513746007236,-0.2569377413359077,-0.2826850700708445,0.0712315807140917,-0.3089422464090408,-0.5993416680223289,-0.5527416886346647,-0.4794336856060265,-1.4033518666173233,-0.787965155835704,-0.110155016652882,-1.367043955214431,-0.2363357712030191,-0.5822830418082858,-0.5515036030275677,-0.3666716677063867,-0.2907108945070251,-0.6033508824569727,-0.4965645205245409,-0.4566841466825576,0.38199465685093,-0.2068346008001039,-0.2441525572032162,0.2178103700835572,1.0384582514523992,0.7365566494088082,0.5786283686989774,1.1687871947811093,-0.3188586552700566,-0.6913221315793937,-0.634627020232153,-0.4519841998968807,0.4779397201331501,-0.1287726156907606,-0.1209919613917775,0.3544843435236335,0.4384708897410521,-0.2192696079533122,-0.2715490716426769,0.2603859601601961,exact,9
UBERON:0000998,related,direct,vesicular gland,Mistral-Small-3.1-24B-Instruct-2503,-1,0.2401969156995959,-0.2451592066578465,-0.2785830471270238,0.0778232479903018,-0.6467237528656167,-0.7529639218575266,-0.6501134825713064,-0.7812349845530916,-0.0085696146475215,-0.4691135695137494,-0.0760802443404329,-0.1452563099879698,-0.3108866051618307,-0.5856105960233196,-0.540192095926187,-0.4338698437412612,-0.4950409784972882,-0.7306339056586335,-0.5654944682199194,-0.6396490747589121,-1.04353527701039,-0.7754790518776133,-0.6689365624697667,-1.0597930047351598,-0.9202919790388896,-0.9062381909021991,-0.7926194632066449,-0.9745321760480984,0.4491779043789391,-0.278135255878514,-0.3301083019306001,0.3256789236793517,-0.4417857783292523,-0.7785990742297325,-0.687756825332002,-0.5881054618828941,-0.5262419217625922,-0.7092305979275454,-0.5473517897012654,-0.6732273718364581,exact,9
UBERON:0000998,related,direct,vesicular glands,Mistral-Small-3.1-24B-Instruct-2503,-1,0.0454735475547688,-0.421861862816326,-0.4114361488121892,-0.1365969851542348,-0.0160604096380386,-0.4058681280505806,-0.375980203926118,-0.193298196153911,-0.3724609930229284,-0.5923320463908104,-0.0919999435488555,-0.4958648662162558,-0.4492462396792514,-0.6646597812514331,-0.5864403563710675,-0.5557402815872979,-0.3288892162314508,-0.6342438326009212,-0.5197587258503781,-0.4916496151946194,-1.1795144703063625,-0.8058377322687283,-0.6893024201532283,-1.1618060401154375,-0.8104968888993573,-0.885088500221093,-0.7789955514200331,-0.8867021936823061,0.0831274527744384,-0.5067709905830178,-0.5086024014197033,-0.0681497779395235,-0.538159113351766,-0.816554678556105,-0.7444199269463054,-0.672250697899336,-0.6161900372362992,-0.736542080006956,-0.5592069935819647,-0.74618043770622,exact,9
UBERON:0000998,related,direct,vesicular seminalis,Mistral-Small-3.1-24B-Instruct-2503,-1,0.3552460923090206,-0.1276888711572875,-0.1969323892290966,0.2137570375927147,-3.929053734386213e-05,-0.3976858249517939,-0.3777544866574771,-0.1768399721299353,-0.1734913415848605,-0.4360185470670638,-0.0765315152910298,-0.3079804674143535,0.3483336655284214,-0.1578675070983245,-0.1966132989133772,0.2084499140057247,0.1879334995143078,-0.2772444375130871,-0.2886151180607204,0.0194024007753786,0.5113968554947513,-0.0771291320186243,-0.1156495832698343,0.3678321053600297,0.4376352891879739,-0.2696261300358419,-0.2785060509177733,0.2986533925067269,0.5700666921070081,-0.1707626473517715,-0.2089380713255735,0.4688104925177175,0.7692115061267119,0.2159906497796679,0.6482822681405314,0.7448520088157153,0.1465365856842052,-0.4270172292474524,-0.3944980212000772,-0.0611969759995629,exact,9
UBERON:0000998,related,direct,vesiculæ seminales,Mistral-Small-3.1-24B-Instruct-2503,-1,0.0413263848424294,-0.4020483864036171,-0.4058670332421295,-0.1409793277211381,-0.493046500887957,-0.6885388894794159,-0.609628670911241,-0.6471486835890897,-1.0433544285617804,-0.8157079999084073,-0.1115849299960393,-1.078338504394848,-0.4311851747149396,-0.6521891342255964,-0.6262722391590373,-0.540030122609975,-0.1660868086561759,-0.5252429066901901,-0.4661005513074713,-0.339806001892477,0.2136583536327701,-0.3152222497983525,-0.3282564947509971,0.0359684233194869,0.8905582310199035,0.3406078510795151,0.2245873657312394,0.9108237350377448,-0.3171372862035814,-0.6616793791871116,-0.6203999442666858,-0.4504234989517046,0.2298493876463492,-0.3779687924938175,-0.2068667896141134,0.0676310803284823,0.0265514117887738,-0.4776242993922511,-0.4307822009868546,-0.1811384215552184,exact,9
UBERON:0001125,exact,direct,Boxer's muscle,Mistral-Small-3.1-24B-Instruct-2503,-1,-2.791106489253018,-1.310134613989005,-1.0114610075752448,-2.3261185340107136,-2.042352628453086,-1.2080326195417697,-0.9743334095945024,-1.8330018172683853,-1.088746658143418,-0.7720182940503525,-0.1114976719965862,-1.1155089820465458,-1.4017220973196287,-0.8943399956482926,-0.7881771389824928,-1.3193539711327065,-1.3148182281894176,-1.022665269358155,-0.7783151476208285,-1.2923353987538997,-2.066647377738813,-0.9250834456198016,-0.7833071995513516,-1.7842637978544762,-0.9972594042593432,-0.7459413132705366,-0.6627525773289893,-1.0351022638437544,-1.9365477372059543,-1.0433790876471205,-0.9185456435953474,-1.725578173622235,-1.6988519060461955,-0.975224191360236,-0.9372897695881468,-1.5679460328278312,-1.7768522129548343,-0.9480574151636432,-0.6806105196293167,-1.5787899164606711,related,8
UBERON:0001125,exact,direct,serratus anterior,Mistral-Small-3.1-24B-Instruct-2503,-1,0.5581289074935821,0.1482738548320394,0.0438294185629049,0.4755059231953147,0.6307265580327426,0.2083887701113457,0.1088799436531495,0.5712281194010834,-0.2421698576790515,-0.4639736993867576,-0.0835993367135195,-0.3738005589563145,0.3633345881477595,-0.0219102109398107,-0.0659126880746046,0.2246236101967656,0.7534255802249317,0.4382178830617122,0.1879949719076044,0.723264241965708,0.1307857110026744,-0.3378961525532726,-0.3413703467304047,-0.0490013445842215,-0.1445629179954262,-0.5782649369834332,-0.5252229888206394,-0.3083906011932477,0.8870791414639989,0.251321810036463,0.16994658697816,0.8904103740745467,0.5357990360894309,0.0690114708195074,-0.0324711668510947,0.4265902597143789,0.4315599410476634,-0.2071415713033612,-0.2608102670567547,0.252168110788378,exact,9
UBERON:0001125,exact,direct,serratus anterior muscle,Mistral-Small-3.1-24B-Instruct-2503,-1,0.6243521087531033,0.2656300826981647,0.1631833872755115,0.5686784999690934,0.7904135739927723,0.5277589871960553,0.3436976961476021,0.8090899496764007,-1.8417409273852512,-0.8435757538118265,-0.1123629641918016,-1.702570164879521,0.5328780233117248,0.1528241005494588,0.0344736575399704,0.4140392600529426,-1.018290133500939,-0.9198336937881384,-0.7333290776564655,-1.0688777494998645,-0.1413035005089152,-0.4811000849540678,-0.462498972144799,-0.3111979792069718,-0.3463625613001617,-0.6356007733922857,-0.5653672638423979,-0.4933495224607068,-0.0619734025811484,-0.5631141410307302,-0.5258636166261142,-0.2115540740458978,0.4602436453681288,-0.0095495603816744,-0.1583650466055336,0.3328730407584087,0.297796730785311,-0.3134303688323478,-0.3278581512738148,0.0993862174268819,exact,9
UBERON:0001125,exact,direct,serratus ventralis muscle,Mistral-Small-3.1-24B-Instruct-2503,-1,1.0959954014265032,2.0039539966941167,1.828850538512574,1.4632526798808383,1.044313094941188,1.3998960351612133,1.2146309025452486,1.2746636037833676,-1.1002464437431272,-0.6743452522045562,-0.0931446084803089,-1.124888269095588,1.3540081647698017,2.298848276757665,2.3530614129721656,1.6757779686960947,0.3249826108301472,-0.1404020912947051,-0.2309342162615043,0.1719716335424314,1.1022242503013322,1.2270692001424888,1.024726869061915,1.2791832638101883,0.7519006622211273,0.2878549412063131,0.1736227715490685,0.7019925642197792,-0.1852355486813934,-0.6055156053356425,-0.5804731631080059,-0.3288865172917665,1.0756737216541643,1.338054826447496,1.2211589146545745,1.2722938982620242,1.0203456274932692,0.9633356680802988,0.6208709690418924,1.1752712441310318,exact,9
UBERON:0001125,related,direct,musculus serratus anterior,Mistral-Small-3.1-24B-Instruct-2503,-1,0.4222431061584553,-0.0560724481320872,-0.1294248328112748,0.2967450698332836,0.3646040515458199,-0.1429961931427697,-0.2011328420068729,0.2272421875414119,-1.6031566485647906,-0.7878067168326184,-0.1026847090065956,-1.5219004543204933,0.3397839423493971,-0.2231748959812159,-0.2432366619661962,0.1992708627068043,0.3318023291549314,-0.131385668470004,-0.2274318813344403,0.1798032495530534,-0.231357062129523,-0.5188157652813561,-0.480370362158639,-0.3932278057546894,-0.3224939748065166,-0.6305957825795159,-0.5608135170670755,-0.4719806544492017,0.1611501430169083,-0.4549648318563998,-0.4312426215668411,0.0116180429610318,0.2827939215872175,-0.1610170617820599,-0.274529809270047,0.1261800414778544,0.4761593740737426,-0.1431845803306113,-0.2287114161701814,0.3058284476623787,exact,9
UBERON:0001125,related,direct,serratus lateralis,Mistral-Small-3.1-24B-Instruct-2503,-1,0.6728408881406457,0.343011125052173,0.1785853879639164,0.6399154301716541,0.8658691544133632,0.7185140695912797,0.5181055514703014,0.9334361448942384,-0.7570128074658964,-0.6259234515105175,-0.0880019830589338,-0.8379438980914891,0.7267580268061732,0.3039023652328299,0.1916890488021651,0.6485443932501419,0.7304879027795628,0.403772541717946,0.2091061283891806,0.689904789186576,-0.4011438486137465,-0.573097690191166,-0.5225605887284198,-0.5425896483523606,-0.3426187731009022,-0.6128247569231257,-0.5390740658385917,-0.4900062564948689,0.9287448748305568,0.3375517068120151,0.2421196314690918,0.9525213633268949,0.197943695118367,-0.2672262515590788,-0.3446000550356213,0.0329596292944826,0.7601259368646583,0.2199993064531246,0.013957520270549,0.6923885413375124,related,8
UBERON:0001161,exact,direct,corpus gastricum (ventriculare),Mistral-Small-3.1-24B-Instruct-2503,-1,-1.0368128612207983,-0.9435886621908542,-0.7861228961543322,-1.112153547801887,-1.8260019016433888,-1.158154030412949,-0.9174208367746964,-1.6847016501385843,0.4342323603996832,-0.1327265402911449,-0.0446788731194637,0.3332159745542839,-1.3577116641647555,-1.0168321400125384,-0.8885787767615995,-1.286328816297961,0.213693278395725,-0.2489016542772743,-0.2815778703012866,0.0474146022222684,0.1088812839771198,-0.3911044739042159,-0.3957511103492845,-0.071019024900304,0.1058276875025727,-0.4326765094608921,-0.4165351021502412,-0.0631385016334664,-0.4921387425667844,-0.4479546163491852,-0.4446857135377516,-0.6060220936868503,-1.0454225224104503,-0.8370999581793013,-0.7621075543407606,-1.0868420299189003,-0.6368810863446019,-0.7558042227643581,-0.5741476438910611,-0.7627365125392674,related,8
UBERON:0001161,exact,direct,gastric body,Mistral-Small-3.1-24B-Instruct-2503,-1,0.1364399799575337,-0.3827568225407878,-0.3841136424250839,-0.0386285767290336,-0.1144034139961399,-0.5350424200321648,-0.4923819549660814,-0.2923657429481134,0.656372842519512,0.1006143527733953,-0.0164589974443678,0.6052447487264042,-0.3604775387975136,-0.6583823345031821,-0.5792458113857356,-0.4779607471085756,-0.2129518438361252,-0.5727183249895276,-0.5322109011728792,-0.3842680831047765,0.8233142686332531,0.3120365454147914,0.2037310941915698,0.7833054845643043,1.006760409785352,0.7156681473631135,0.5547113750481765,1.1094587024954312,-0.4422351683099822,-0.6913305348853406,-0.6230869942760435,-0.5622619019401778,0.8343497036074916,0.5014229463516555,0.3891284198098529,0.8437173130357548,1.1156375632214923,1.5626838798226663,1.1456980581647809,1.4344915888110503,exact,9
UBERON:0001161,exact,direct,stomach body,Mistral-Small-3.1-24B-Instruct-2503,-1,0.2639090919723619,-0.314060198300103,-0.3046972751468657,0.1052162896117024,-0.0086893436449314,-0.4781714961638926,-0.4597704976531027,-0.1857375716636432,0.7607114313650656,0.2249349161564273,-0.0033755755423149,0.7435746181533553,1.0660128117970376,0.928380832554578,0.7423677646660269,1.12851611391922,0.465115289335298,-0.0244741403893282,-0.1499841536292159,0.3380836481152123,1.2420897803817577,2.397651331822029,2.310499978861086,1.651480126891343,1.212367855093233,1.7978695801905338,1.5868959498947386,1.560418132051499,-0.3972772310729595,-0.6959884655323513,-0.628053467609601,-0.5224307036933643,1.0816779768028846,1.3453403092610852,1.125507638177636,1.284743533489238,1.180294898633946,2.6733352042999248,2.609324921601548,1.6984237645681743,exact,9
UBERON:0001161,related,direct,corpus gastricum,Mistral-Small-3.1-24B-Instruct-2503,-1,-0.5358933112709694,-0.7613999335194556,-0.6415172508097673,-0.6951908284091113,-1.126406821801382,-0.9670618977421772,-0.7930223930262156,-1.1717908894275202,0.2056317396942407,-0.2274886935543431,-0.048961183725999,0.0775391156531451,-0.958555166138174,-0.877665429635945,-0.7802782909296886,-0.9779724574621208,-0.2159014368378142,-0.557310887863548,-0.4600919425821047,-0.3870454048060249,0.636210674326025,0.0283757353561835,-0.0642655222099927,0.5232863009605329,0.560021935325059,-0.0786483907852005,-0.1322120287515006,0.446770168745484,-0.2827289660306894,-0.5756357322685178,-0.5314719186763951,-0.4190933736824109,0.0152539201122959,-0.3593513820950579,-0.420987776343283,-0.1576469905455921,-0.0932469657632688,-0.5648751866069489,-0.4730604999971556,-0.2954168744199411,exact,9
UBERON:0001161,related,direct,corpus ventriculare,Mistral-Small-3.1-24B-Instruct-2503,-1,-1.3373851705731412,-1.031974186046774,-0.8645846909510666,-1.3428511514150885,-2.298891661971094,-1.2438795983392383,-0.9860593605404636,-2.003704521459259,0.1394940215830249,-0.2583569714506645,-0.0504680854776261,0.0072096592075702,-1.961903842523946,-1.2036388171139705,-1.0236095024155574,-1.7259529277047971,-0.7512622905773383,-0.8178336642578841,-0.6341704920459221,-0.8561135230990854,-1.2515643932758294,-0.8299502693115831,-0.7230081552839756,-1.2150124931480388,-1.2552590900638747,-0.9354509682502268,-0.8207912275422039,-1.2327349895774848,-0.240246046667781,-0.5248999584876526,-0.4949654180660383,-0.3800523828370821,-1.7077571336194313,-0.981892500684484,-0.952294142204631,-1.574180510932349,-2.2468044642852405,-1.0054595066214216,-0.7109992365361945,-1.8767000923432289,exact,9
UBERON:0001161,related,direct,corpus ventriculi,Mistral-Small-3.1-24B-Instruct-2503,-1,-0.8450470840530532,-0.8859668941476293,-0.7522532444936716,-0.95790583687971,-1.868784680695038,-1.167592201724695,-0.9361870555973988,-1.714365010825907,-1.6524043331893614,-0.8675710363196647,-0.0984710122487489,-1.559552412697977,-1.6785732407970666,-1.0748827120525513,-0.9330174943817648,-1.5232892251671568,-0.7600764955985027,-0.8343644283212693,-0.6586568716649339,-0.8633326468817853,-1.108320613889572,-0.7989478412392177,-0.6938532521122837,-1.1086650009998045,-1.1155071706305075,-0.9017697060043248,-0.7940037993048631,-1.1266682177921592,-1.0592081518166228,-0.8466392033066803,-0.7573631058167524,-1.0748664634572542,-0.9826226888529308,-0.7863196496243781,-0.8077932398770821,-1.03777172640224,-2.196914360240472,-1.0000336725390206,-0.7108704336226535,-1.8458426123470075,exact,9
UBERON:0001161,related,direct,gastric corpus,Mistral-Small-3.1-24B-Instruct-2503,-1,-0.2882273960378043,-0.666591697579517,-0.5883415078927097,-0.4693947110649926,-1.1581058224164935,-0.9889347780421966,-0.79950939439118,-1.1963288150541072,0.1529453955758979,-0.2972041863453791,-0.0514950436089188,0.0213955238988565,-0.8111609036590138,-0.8116936764705338,-0.7302437956757422,-0.8595272257292912,-0.4152917628779959,-0.6857529217263801,-0.5949212560527564,-0.5694295966493702,0.6668986256077423,0.0640828018009123,-0.0365650587564531,0.5634512039304347,0.6513716721269416,0.0005234407807227,-0.0466686199203293,0.5642569950827175,-0.5954062241271364,-0.7545437179351592,-0.6790398182460781,-0.6951417371185824,-0.1524648927167905,-0.4574549901926575,-0.5161349950909134,-0.3223889318101575,0.4362050810564654,-0.2367481851716788,-0.2936347281931802,0.2576878516225125,exact,9
UBERON:0001183,exact,direct,inferior mesenteric arterial tree,Mistral-Small-3.1-24B-Instruct-2503,-1,0.922000894349304,1.0000862966273931,0.7767279282675508,1.062798747212655,0.8606475943904331,0.7633576168985698,0.5617771720770312,0.9245276376703953,-0.0009926333253745,-0.145964118945796,-0.0461877390287329,-0.1376091455185137,0.8870366680557926,0.4529783795755193,0.3098325613226985,0.8615490768590603,0.8375267960679613,0.6692618476704125,0.4211555745937399,0.8507587011776824,1.0545214533657905,0.9731907193070238,0.7935240307127238,1.1794464698313734,0.5589561258769143,0.0601193190940634,-0.0075218140401079,0.4454370471919722,-0.9587382615499972,-0.8935714203546734,-0.7963892322928562,-0.9951573615891162,1.0846890403445453,1.5355596853072988,1.2632214109858906,1.2910319405954187,0.6250608283305655,-0.0242691883960112,-0.1540665592993581,0.4972876002493937,related,8
UBERON:0001183,related,direct,arteria mesenterica inferior,Mistral-Small-3.1-24B-Instruct-2503,-1,0.4029221251398613,-0.0548221511192204,-0.1132880490349603,0.2724962147775462,0.4588336407579573,0.0132656478909571,-0.085879823802873,0.3430918738196746,-0.4581184435934748,-0.4003672164672087,-0.0726533099285315,-0.5742734937709683,0.6328580995539623,0.0468100764247478,-0.0209185621450167,0.5322487354711959,-0.610213401498769,-0.7529507318847595,-0.5564396772050375,-0.7385905970594069,1.1165393107674833,1.2660631545847087,1.0847971237140204,1.31100059394268,1.2320845144214394,2.2438773913622856,2.088502075216516,1.6161872586140351,0.4890386928384858,-0.2240972682625858,-0.2788417894429552,0.3720190228831184,0.7901188101009308,0.6019903925971715,0.5326944325867973,0.776008402066762,0.9723183267624054,0.7493080685489409,0.3990161689108235,1.0691381408387652,exact,9
UBERON:0001224,exact,direct,kidney pelvis,Mistral-Small-3.1-24B-Instruct-2503,-1,1.0197460084696397,1.4778447092411802,1.359229771977717,1.2702896255246736,1.055200404804585,1.363824645634856,1.1426835473817671,1.2985011703246374,0.8551108125904562,0.3550565176314674,0.0013635880302149,0.8761409579742764,0.6208206659614215,0.1702471129701954,0.1027241822291593,0.5177270571916103,0.3774205400403939,-0.0924282409770839,-0.1566663832264002,0.232826200590135,1.1586482014732058,1.5272260723988689,1.3382471048252147,1.41094193139058,1.0793047665691289,1.0972579703742409,0.9185921022289156,1.2494336432952855,1.0336921819109188,0.4395616610045829,0.3710119672890163,1.1186314911238828,1.197644671167715,2.0140452079624613,2.3761845074246795,1.554384142768643,1.1143397930457384,1.5239035522196698,1.0862213267231406,1.430278391130579,exact,9
UBERON:0001224,exact,direct,pelvis of ureter,Mistral-Small-3.1-24B-Instruct-2503,-1,0.6705479555965894,0.3558288097575791,0.1823916564223481,0.6364840165425859,0.6675795583314035,0.2437362508922365,0.145728008015679,0.6235601565401444,-0.5358521604967272,-0.6603417267976638,-0.0993921885135856,-0.6442665083437342,0.2661205988163828,-0.1514832811380457,-0.2034247287567926,0.1213149532023588,0.1507556624490631,-0.2888071386505813,-0.3107998286224253,-0.02052231312563,0.0285966168650006,-0.4241426068240201,-0.4165671381158635,-0.1502633700740058,-0.241242517500502,-0.617485453449961,-0.5688072450041279,-0.3982498730452101,-0.603908966219547,-0.7038265851745237,-0.6565371540241366,-0.702396928962467,0.714425448044505,0.3113664459932659,0.1644919489607003,0.6655500418585223,0.5285232396384181,-0.2430321391496989,-0.2808824025504349,0.3708454931518032,exact,9
UBERON:0001224,related,direct,p. renallis,Mistral-Small-3.1-24B-Instruct-2503,-1,-0.2184897090262502,-0.5866743219698848,-0.5257182410280928,-0.4028534969458479,-0.4290241489351829,-0.7244613247014086,-0.6394490861914854,-0.5897563403459952,-0.6316847334350228,-0.6711478917176482,-0.0989906942299174,-0.7291374049321251,-0.5115380746000416,-0.5484249585734585,-0.5175953563085725,-0.6094912528779372,-1.547001977961198,-1.085591081698687,-0.8199503282408916,-1.459267180654472,-1.505098143582776,-0.8534598116162111,-0.7348479969656498,-1.3980497417157225,-0.6256401093315014,-0.7021758359088296,-0.6162729319125073,-0.7346604764409952,-1.0942899661898562,-0.7981170470407952,-0.7206667818432074,-1.1024030815650343,-0.9643053856411612,-0.8932716220786275,-0.8199365322998887,-1.023350534623398,-1.470761119724306,-0.9245698469737592,-0.6646504475643639,-1.3747662011331458,related,9
UBERON:0001224,related,direct,pyelum,Mistral-Small-3.1-24B-Instruct-2503,-1,-0.8397117401042697,-0.8699297283361385,-0.7254254449323574,-0.953526215369632,-1.09882356599911,-0.9941536257405204,-0.8295756352670854,-1.1503234251774617,-0.812821846954409,-0.689796125322875,-0.0991027214693425,-0.8856529708941799,-1.1571355515508857,-0.8396019353554665,-0.7474657823263147,-1.133473918504613,-1.5070841526716736,-1.072283574340355,-0.7840739225951742,-1.4310262906509783,-1.7025304413569735,-0.8896302312873162,-0.7400360067691297,-1.53656318120871,-0.5036016656690588,-0.6973328857300809,-0.6114539718887811,-0.6310834853933807,-1.8297514979340883,-1.0451431323206637,-0.9188676327989822,-1.6500316708853198,0.0370619695904305,-0.4323067518354018,-0.4931266531254229,-0.1355493183291438,-2.184274646341826,-1.011542258099005,-0.7121843706144229,-1.8379979130636248,exact,9
UBERON:0001304,exact,direct,epithelium superficiale (ovarium),Mistral-Small-3.1-24B-Instruct-2503,-1,0.4251909636438399,-0.0618866791521956,-0.1227095512050665,0.3004682696980674,0.7330439740799213,0.4613549969224994,0.2894895807604771,0.7201331199496143,0.426791232105102,-0.0557718932105001,-0.0335952045919615,0.324547092124289,0.4680232372674275,-0.1114198289673077,-0.1483968195289385,0.3400687386037697,-0.0711747402216078,-0.4629233726689022,-0.4477222846100768,-0.2477425281596557,-0.6504786514270883,-0.679682185915546,-0.6066034449807449,-0.7512605511221886,0.3364571909677566,-0.1832424517586602,-0.2319736335449915,0.182873004027392,-0.5765659814313702,-0.6260088779597551,-0.5738956354676398,-0.6790219595875037,-0.8514133789051729,-0.7753808579544272,-0.629483047749115,-0.933341074745754,0.0047421646801294,-0.517936053489387,-0.4573929573271756,-0.2023253547256683,related,8
UBERON:0001304,exact,direct,germinal epithelium (female),Mistral-Small-3.1-24B-Instruct-2503,-1,0.9219869893611654,0.974864346884868,0.7318910046465267,1.0627714943565694,0.8092605790130749,0.6352224989833495,0.4566426981185386,0.8393097989666475,0.7510181446644907,0.350865095641322,0.023628256679902,0.7303848725426143,0.7496214511303834,0.2981641326474838,0.1693938440823799,0.6777316538150692,0.5907571468372794,0.1851661415192289,-0.0017182182940233,0.4976242734634221,0.5050666787869306,-0.0722231447139119,-0.1339366597301996,0.3602507381060922,0.1845605889703359,-0.2994224057044137,-0.3058579614403628,0.0183689779193811,0.0492288963540547,-0.3789176570178654,-0.3659088970779661,-0.1022047360967868,0.3826422755736468,-0.1782639008344102,0.0943510608224328,0.2403506954439511,0.4060658522590751,-0.2482230071499576,-0.2775386792972758,0.222147189600226,exact,9
UBERON:0001304,exact,direct,ovarian surface epithelium,Mistral-Small-3.1-24B-Instruct-2503,-1,0.4919919171605202,0.0213519151051097,-0.0891745498428361,0.3866001287248677,0.7684712182509648,0.5339615438194395,0.3815136070677988,0.7745471616178962,0.4402645427058257,0.0290061149431623,-0.0231256863630658,0.3402623733948662,0.6055703286354334,-0.0274355700750168,-0.1148091557971592,0.4994474944589374,0.4314661595021105,-0.0028106733855666,-0.0913496094310352,0.2971519286704592,-0.4690393197744881,-0.624778772526032,-0.563628297792452,-0.6005784268106233,0.5048974878230463,-0.0798312588067903,-0.1243299449117969,0.3788565939145138,0.7980913986927464,0.1399361215427721,0.0460762405263182,0.7637864879041453,-0.0018366535084266,-0.3423969615859619,-0.4286333964945393,-0.1748496934997293,0.5456759944742975,-0.1360569021131332,-0.2171754550813579,0.3926557826151015,exact,9
UBERON:0001304,exact,direct,ovary germinal epithelium,Mistral-Small-3.1-24B-Instruct-2503,-1,1.0028194664085135,1.3225586165365717,1.0943882002301688,1.2317450204641152,0.9981530754761356,1.217034389961561,0.9970084874606624,1.178218954281358,-0.4993280932782669,-0.6239859189875584,-0.0872972262409367,-0.6115124810557664,1.360023605182405,2.167263158713733,2.1216076137547604,1.6899489597062065,0.8044005977413003,0.5666081406579161,0.4019073943616023,0.7995107364337859,1.259301243720048,2.7754186626939905,2.7289250868818264,1.7128652443128134,1.288148374688764,3.205160532816326,3.246472011202037,1.800355744184322,0.2433252329154753,-0.3250751293524833,-0.3453967177736138,0.0978759432385771,1.1558043276334509,1.8339339547839364,1.653548713623353,1.4496503996994043,1.1953588369006596,3.3068811286819204,3.8734657294253423,1.7922295810136657,exact,9
UBERON:0001304,exact,direct,surface epithelium of ovary,Mistral-Small-3.1-24B-Instruct-2503,-1,0.7728358293418078,0.5211590712852924,0.3371146165876509,0.796474056155479,0.968623771277453,1.105026571318086,0.9301351226477518,1.1199421586493954,0.3997280005145543,0.009896835956089,-0.0035461077974375,0.2932320711990382,1.068599107154172,0.925733135200558,0.7670574049984893,1.132666014491212,1.0862109796572488,1.402235993886292,1.1212600290709889,1.294842577098406,-0.5774897554151694,-0.6605284026179935,-0.5813841027948933,-0.691355467408269,0.4272397736218316,-0.1463893161437935,-0.1846891156688543,0.2864996398547458,0.34187678883062,-0.2068571020146695,-0.2303896248153246,0.2046847475582247,0.0310148217986669,-0.3155091009649075,-0.3760952761871758,-0.1416934431710762,0.5550101355117579,-0.1419160502689867,-0.2308724596091809,0.4046370787236104,exact,9
UBERON:0001304,related,direct,female coelomic epithelium,Mistral-Small-3.1-24B-Instruct-2503,-1,0.4174424090036013,-0.0567383469090168,-0.1366609677661863,0.2906951207885023,0.416985834678885,-0.0216848682496632,-0.0932692377909811,0.2909354318767873,0.4479134914958335,-0.0812325375639216,-0.0360674533776064,0.3492219893682808,0.2019047075871496,-0.2966358811966711,-0.3104065185365105,0.0549146683050572,-0.0472171302511127,-0.4364177322840188,-0.4313481999802355,-0.2240531377361654,-1.1230829130345097,-0.7875573731347434,-0.6944627747128406,-1.1197317054411633,-1.274974933929611,-0.8549795731871259,-0.7418944758410797,-1.2475227171384116,0.4149137647496617,-0.2180161201117371,-0.2321538349197484,0.2864683687266221,-0.7881531643123187,-0.7288170003518364,-0.7410444991112898,-0.8820144592141499,-0.8343965469743692,-0.7890096758813429,-0.5901365788994523,-0.9168874041032672,related,8
UBERON:0001304,related,direct,ovary surface epithelium,Mistral-Small-3.1-24B-Instruct-2503,-1,0.5751388794835397,0.1378693933764447,0.0034510172458773,0.4990175928657315,0.6981051833970431,0.3786244342044753,0.2512258892450973,0.6679858793578904,-0.1756492110623736,-0.3588419842510033,-0.0455741990002318,-0.310064998297748,0.7036058711713091,0.1694286198706172,0.0552740272379974,0.6193502004515862,0.4745604695626845,0.0442180106425063,-0.0750801740281753,0.3497008863318672,-0.4652617502197399,-0.6243362848477081,-0.5599253610669505,-0.5973762651110598,0.4933607325302946,-0.088053185305058,-0.1312440760483588,0.3649002866428022,0.7141172288584339,0.0058996838613022,-0.0494731702391774,0.6507587999221163,-0.08986736945896,-0.3942539639512197,-0.445229851418426,-0.2619316511434016,0.6359915104908024,-0.0309325752087672,-0.1581762506007069,0.5122130077300239,exact,9
UBERON:0001489,exact,direct,articulationes manus,Mistral-Small-3.1-24B-Instruct-2503,-1,-0.1858964168293561,-0.5688758119483354,-0.5240349412892085,-0.3712543526452554,-0.4969525756820288,-0.710978026436099,-0.6094397016138631,-0.6506198682332435,-1.335224074836013,-0.8036055163521728,-0.1100867265133803,-1.3134197152532476,-0.2371114550361802,-0.4576060543439257,-0.4486544473379992,-0.3673767160498052,-0.8561684012337464,-0.8906900454245827,-0.6864955129534229,-0.94113515196817,0.961361180208614,0.6439192800062845,0.4859916506220145,1.0058823878314824,0.9571048613376484,0.615477571717653,0.4600578729875664,1.0213184584001942,-0.6534415810437953,-0.7681599954027039,-0.6995883984676438,-0.7444220294982268,0.7740726723383199,0.3399299871399329,0.2047674770371252,0.7520500259192611,0.832726244967124,0.4635165858205416,0.1684561463069973,0.8090384838845918,exact,9
UBERON:0001489,exact,direct,hand joint,Mistral-Small-3.1-24B-Instruct-2503,-1,-0.6053487270233097,-0.8070194299970707,-0.6928830847529354,-0.7558989704119249,0.2262971650550513,-0.2695054535306513,-0.2748925943476465,0.0666063767459749,-1.0912555133465405,-0.7334325817077364,-0.1036646634090553,-1.1175564993814309,0.3839614710712869,0.0933853098152292,-0.0035930705123173,0.2470084683850314,0.3387884347772468,-0.155894794042033,-0.2043991874346361,0.1878511208602558,0.2610112699692613,-0.2884006899686309,-0.3191471198498077,0.0857892711383454,0.9008693462204124,0.4528494834235466,0.3220920269892905,0.9274401368571924,0.2639523368568501,-0.4698567295590204,-0.4552821393686133,0.1199153961911751,0.1121634131728546,-0.3869449364968251,-0.3002453808114892,-0.0581372480625072,0.4858531754740263,-0.0766985946098593,-0.1760843483528556,0.317694318643946,exact,9
UBERON:0001489,exact,direct,joint of hand,Mistral-Small-3.1-24B-Instruct-2503,-1,-1.1008216931192467,-0.9627990362340508,-0.7960021459206545,-1.162349685191938,-0.5877979354801375,-0.7736230997237956,-0.6583602220461211,-0.7304080860261867,-0.8915434809164764,-0.7012959617954537,-0.1030903485702722,-0.9522195792600914,0.0896209915794279,-0.1325829390142929,-0.2152740729048086,-0.0580209748929775,-0.4386702586181228,-0.6974226019344003,-0.5701957095002501,-0.5901660178020486,0.1262848013398892,-0.3756186990474381,-0.3727737811806398,-0.0535400046991846,0.7960657018590696,0.2655248945135547,0.1553185142905327,0.7658384934426059,-0.1075950590664032,-0.5925234040240369,-0.5581414474053952,-0.2554320306533562,0.1095062139363035,-0.3781141643653317,-0.2911945713368624,-0.0609122244664769,0.3776026304322014,-0.1992322977374871,-0.2580259642906041,0.1891562435044451,exact,9
UBERON:0001489,exact,direct,joint of manus,Mistral-Small-3.1-24B-Instruct-2503,-1,0.4164753170785613,-0.0692272556647744,-0.1755319187044514,0.2894783714713714,0.4789945778958681,0.0177423961956741,-0.0635827813259324,0.3686490610929597,-0.4407708201641219,-0.6021254871321707,-0.0905305962875826,-0.5585052473363248,0.7383547867955031,0.5426171715928223,0.4231605971684326,0.66330344984078,0.0302826155405176,-0.4192574007643412,-0.4093220523787426,-0.1460903398057053,1.2068431130774118,1.970337086716251,1.809907381359996,1.540773890505941,1.1918813991934518,1.701277225385352,1.5692068561246102,1.5059331360836812,0.31160522839045,-0.351554511429172,-0.3709841491568721,0.171462518280574,1.1489665254549168,1.59446469761248,1.4055933369391418,1.4334456935160915,1.1561677256288854,2.228529735626452,1.9865906122225747,1.583474138959431,exact,9
UBERON:0001489,exact,direct,joint of terminal segment of free upper limb,Mistral-Small-3.1-24B-Instruct-2503,-1,-1.2809865386829526,-1.0269467776517744,-0.8359337108127868,-1.3004974526622592,-1.367184105797467,-1.0424911085925517,-0.862821895636527,-1.3548108545917077,-1.0764275209978509,-0.7148432847878632,-0.1006599804461817,-1.1054447006119532,-1.4548244951504137,-0.900172752406262,-0.797531735198442,-1.3589702487906652,-0.848011101906731,-0.8783190726290943,-0.6720856628176962,-0.9345930891549123,-0.7324351393146704,-0.6876885866744958,-0.6081650202529576,-0.8174681968282774,-1.3046932404510034,-0.8669595246890277,-0.7496287619128222,-1.2697339763689326,-0.7354035769863762,-0.7401574283492307,-0.6594423718033456,-0.8130923926072599,-0.61852348423564,-0.7016612273598658,-0.7032883465612291,-0.7409604507532032,-0.7644521526272139,-0.7319436229645027,-0.5612192912024802,-0.8630725971313739,related,8
UBERON:0001489,exact,direct,manual joint,Mistral-Small-3.1-24B-Instruct-2503,-1,-0.8930776940814283,-0.9133248783704964,-0.7629610261816749,-0.9971104368254792,-0.5404163940168593,-0.7698571000728011,-0.6650388239504075,-0.6890161185262342,-2.306298629481469,-0.9437507904519166,-0.1175432373753605,-2.0433209922121063,-0.0329350063202407,-0.1725847162892672,-0.2208336375218238,-0.1771588574345475,-0.0103245285530643,-0.4610852991863568,-0.4215189886087621,-0.1871990631372177,-0.8098500249045777,-0.712092458294632,-0.6148387834746921,-0.8790433863936098,0.1721048074740195,-0.4399550619885774,-0.4238068644948102,0.0053156530967622,-0.167143578569606,-0.6798282615588715,-0.6364460821811737,-0.3119026467260801,-0.4227650357715677,-0.8236230265828511,-0.7525632373336368,-0.5712604702677695,-0.196367835529877,-0.5134761079725353,-0.4469339619485494,-0.3899891560503403,exact,9
UBERON:0001507,related,direct,biceps brachii %26 brachialis muscles,Mistral-Small-3.1-24B-Instruct-2503,-1,0.6254415645737632,0.2097685583688107,0.0819112059868624,0.5702495787421555,0.6175522918535323,0.1173541380075606,0.0382192875372792,0.5528458720356312,0.6600081617784007,0.1373874072870196,-0.0045381346444611,0.609936452185014,0.3268319881658062,-0.4046381808755845,-0.4035280180016495,0.1854187869518486,0.225954077437178,-0.2304330170421965,-0.2567828060433297,0.0608510249816461,-0.0587887248828482,-0.473882930928277,-0.4416492677637977,-0.2341107000740672,-0.2395712271684649,-0.5770593422034777,-0.5377984901516171,-0.3967166728907808,0.0096970350329912,-0.4670361825889112,-0.4176294415404197,-0.1414828544083624,-0.5638096287692231,-0.6500928176269072,-0.4905583424540946,-0.6943206540888939,0.695700806851445,0.0733553267485269,-0.0755387823522363,0.5962629020773357,related,9
UBERON:0001507,related,direct,biceps brachii muscle,Mistral-Small-3.1-24B-Instruct-2503,-1,1.0939541491677558,1.9383103094670693,1.7497061377110443,1.457574152865314,0.9204967364141132,0.802907437884509,0.610670989251691,1.0297451417268773,1.062172378356006,0.9404193736824408,0.0635635903292264,1.2000418537554,1.3043852863933656,1.772402076881483,1.7147904275739785,1.5648654562562958,1.0373860317648218,1.1890245474500178,0.8215650421091837,1.197086747670757,1.2432314559886593,2.424832114722271,2.395478042291843,1.655375288454662,0.9557540477562776,0.6125799168526872,0.4795310236671733,1.018994037929769,1.2641410766198022,1.445481431412307,1.2379134437702897,1.55612090903553,1.0622340268338364,1.4467996211528358,1.245107488232913,1.2448456389595552,1.0662361225391244,1.1716398993087087,0.7649536238204806,1.2895974545620572,exact,9
UBERON:0001507,related,direct,biceps cubiti,Mistral-Small-3.1-24B-Instruct-2503,-1,0.7046269957760936,0.3800489806315397,0.2744169241679769,0.6881709618870198,0.8053117936596247,0.4959546768660162,0.3222155539873947,0.8329346510499318,-0.1361567744342364,-0.3575060770489213,-0.0632391805662247,-0.2717398901861199,0.6885373731388392,0.0994950735587048,0.0058837879579473,0.6005379091296987,-0.9077441417204224,-0.9002189506780376,-0.6802779811242383,-0.9822380644112708,0.0674812817894733,-0.4073868140126511,-0.3972305443860565,-0.112160609628858,0.0840735951933494,-0.391453932691737,-0.3390843361436843,-0.0852545720959022,-0.5479092430796824,-0.7614024063285483,-0.6906907546353371,-0.6543856592859636,-0.0890381116934504,-0.4375231687763524,-0.3415806591272861,-0.2611228189862556,0.212700676131729,-0.3879464915017046,-0.3685859847129034,0.0076377216120831,exact,9
UBERON:0001507,related,direct,biceps muscle,Mistral-Small-3.1-24B-Instruct-2503,-1,0.4724380275906046,-0.0101339294590453,-0.1105108885106567,0.3610274372708911,0.5530686658594702,0.0343015291391059,-0.0320164966947306,0.4651525670526436,0.1834823082622248,-0.1693765587294728,-0.0485044804958541,0.0538216958491015,0.6192222002798862,0.1401124347450561,0.0301889350837689,0.5158049352560476,0.4500302279838029,-0.0247400442897409,-0.0836356235985858,0.3196469224051573,0.8373825111550739,0.3431765169281915,0.2017089259940157,0.8045529629797807,0.0789235419647667,-0.4420652093205547,-0.4034812691491474,-0.0904657837161893,0.9711031635540696,0.3860563840136312,0.2761256266696064,1.0177778042449332,0.583451332756103,0.1723766991000895,0.1410726258764675,0.4877619194012845,0.6403306553846055,-0.0312727520378338,-0.1418156219569971,0.5181755652660767,exact,9
UBERON:0001507,related,direct,musculus biceps brachii,Mistral-Small-3.1-24B-Instruct-2503,-1,0.7685058160354457,0.5008046791014026,0.2717775271773806,0.7893879082588938,0.7904314347721488,0.4418363040071694,0.2843859308083749,0.8091183427066361,0.006861826843444,-0.282445721738282,-0.0554978504552516,-0.1296650843532222,0.84864687108165,0.2278938551455043,0.1192253052277873,0.8086293537922576,0.9507112149950436,0.9081934719576068,0.58470607175099,1.0378799329386208,1.1901062703778331,1.7669326321030248,1.6288962201697357,1.4933818166984476,0.9190688376233904,0.5496956549688672,0.381314398605605,0.9572008535363612,1.0186861641800868,0.6046890339795051,0.4824176726246604,1.0939290154976764,0.8969615244130033,0.8628642453373664,0.6560273690063556,0.9442405340106284,1.038472096969963,0.9744736392660736,0.6124695777394372,1.2186471722381176,exact,9
UBERON:0001534,exact,direct,arteria subclavia dextra,Mistral-Small-3.1-24B-Instruct-2503,-1,0.0360654325801875,-0.3813656295875443,-0.3880542161577787,-0.1465285221103432,-0.058370266314024,-0.4499668341086889,-0.4330630451733279,-0.2363237262000037,0.2544934169911951,-0.2269575834007602,-0.0525960774310777,0.1304711071894302,-0.2418581158737397,-0.7768053732891443,-0.6949097446218029,-0.3716883931583111,-0.4505723525765865,-0.6818590581225688,-0.5307588554687831,-0.6006741443557817,0.7686903010214946,0.1951060820399612,0.082741930654866,0.7033224251886282,0.7562042654059654,0.2094136842212187,0.0840077022318857,0.7081167631406359,0.2368693657947848,-0.3269960165091461,-0.336198840385691,0.091010950616148,-0.0321074214590636,-0.3035870957026139,-0.3585836144406341,-0.2050776599339114,0.0299529628816445,-0.4688342765066847,-0.4062605248319114,-0.1778177671020197,exact,9
UBERON:0001543,related,direct,popliteal glands,Mistral-Small-3.1-24B-Instruct-2503,-1,0.3223357663825664,-0.1659924349203862,-0.2241733391012217,0.1740700417570986,-0.0319580563943482,-0.4324834373246015,-0.4471345501258943,-0.2095384915564697,-0.962768182932413,-0.7540343597327639,-0.1082597052780539,-1.011746708451083,-0.5403395347727225,-0.828238578247275,-0.7328164158692888,-0.6341234402661934,-1.2318774016811185,-1.0067257558749156,-0.7330648531350001,-1.2310622158797055,0.0301813477956999,-0.4321749724611746,-0.3935359857494492,-0.1487203871278944,-0.9288702364908846,-0.7922199879373893,-0.7008386951245533,-0.9813225019563072,0.4959774425933834,-0.1340582225070407,-0.1645349893121773,0.3801684621688641,-0.0979755087489686,-0.5834575454907661,-0.1030954326884442,-0.2698289505759546,0.3280180054904328,-0.3045495116854638,-0.32520285074977,0.1329287223628176,exact,9
UBERON:0001543,related,direct,popliteal lymph glands,Mistral-Small-3.1-24B-Instruct-2503,-1,0.9801369545074116,1.2309323447536622,1.0005960799418352,1.181987659392358,0.9617916348881402,1.1124509844801982,0.9003363631246518,1.10679450904896,0.9494401506118324,0.4187393372294236,0.0091082046448711,1.0171945233985462,0.8710728981863163,0.2727910816924308,0.1334721966811718,0.8393833784387411,0.9950739580900436,1.0635275757284637,0.7951373780841177,1.117332046620006,0.8767585301382131,0.4199146889181765,0.2858823505966663,0.8655937958167237,0.3158174281236363,-0.2558934399985429,-0.2638066751576946,0.1599030376812565,0.9756465612945447,0.5266659242463635,0.422536951851794,1.0249135317186493,0.7915063871033913,0.3883692295778866,1.064079274289381,0.7780947688560134,0.9531598332890884,0.6542080267154462,0.3209348061417834,1.0297266932904876,exact,9
UBERON:0001562,exact,direct,digastric,Mistral-Small-3.1-24B-Instruct-2503,-1,0.2390720021591826,-0.2429871084230463,-0.2686154070808233,0.0765312843571592,-0.0885728442396371,-0.4833170828524256,-0.4601953670801836,-0.2666605211404894,0.02735254283974,-0.3322097090214326,-0.0497991672419341,-0.1088588769408225,0.5590362609610572,0.3531478197156637,0.2407592504573553,0.444455403910131,-1.0483241211423129,-0.9574678871393596,-0.7272435140190702,-1.0920867579892355,0.3332623742831823,-0.2115621773971257,-0.2323424139394548,0.1637640919244646,0.1021617759691877,-0.3603587183444598,-0.3608502254996647,-0.0668772668255756,0.085653300399522,-0.4448908700168356,-0.4236589654256206,-0.0655980796315106,0.7973333526608644,0.390592241639434,0.2210040969038396,0.7868820644870174,0.2593182320832053,-0.2909880925493546,-0.2991892684485058,0.0574245035873375,undefined,-1
UBERON:0001562,exact,direct,musculus digastricus,Mistral-Small-3.1-24B-Instruct-2503,-1,-0.1945738246772536,-0.5476858257302131,-0.5036204248431859,-0.3796992023935819,0.4651043274303489,0.0111344215770445,-0.0855646969156408,0.3510101768043948,0.5083299883385082,-0.0370597102296034,-0.0410466402616417,0.4209929908178855,-0.568830148044997,-0.6512304977818646,-0.6316193445489997,-0.6583569852596327,0.4649489020377669,0.0184674052895551,-0.1170442869025279,0.337879508844023,0.907726385899171,0.5251650664794726,0.3770743997022445,0.91537964959901,0.6450436833606045,0.2510587599067095,0.1759021548199988,0.5559007230864347,-0.3223492906683435,-0.652607164875811,-0.5978881249518467,-0.4551470985507783,0.7658415741382529,0.3913810368269643,0.1846351149498132,0.7398781825381259,0.7103029143796697,0.190786190838866,-0.0075851971759266,0.6175188446675294,exact,9
UBERON:0001562,related,direct,digastric,Mistral-Small-3.1-24B-Instruct-2503,-1,0.2390720021591826,-0.2429871084230463,-0.2686154070808233,0.0765312843571592,-0.0885728442396371,-0.4833170828524256,-0.4601953670801836,-0.2666605211404894,0.02735254283974,-0.3322097090214326,-0.0497991672419341,-0.1088588769408225,0.5590362609610572,0.3531478197156637,0.2407592504573553,0.444455403910131,-1.0483241211423129,-0.9574678871393596,-0.7272435140190702,-1.0920867579892355,0.3332623742831823,-0.2115621773971257,-0.2323424139394548,0.1637640919244646,0.1021617759691877,-0.3603587183444598,-0.3608502254996647,-0.0668772668255756,0.085653300399522,-0.4448908700168356,-0.4236589654256206,-0.0655980796315106,0.7973333526608644,0.390592241639434,0.2210040969038396,0.7868820644870174,0.2593182320832053,-0.2909880925493546,-0.2991892684485058,0.0574245035873375,related,8
UBERON:0001562,related,direct,digastric muscle,Mistral-Small-3.1-24B-Instruct-2503,-1,0.9396581435371136,1.107021068576434,0.8376085227052809,1.0978594248150488,1.0869871562053286,1.6849684147347803,1.4488880333180991,1.370878604678554,1.23628631368828,1.3910114773503497,0.1234370393615802,1.5269996509824313,1.1963322007956518,1.68679603448189,1.6015845335658647,1.3514687901105258,0.92432910440338,0.8539772839183188,0.5861646090434002,0.9924071004696692,1.1457166905933,1.4668128223137544,1.2813378648257367,1.3791320126813469,1.0794307555207268,1.3109977736180385,1.131993326336134,1.2496905704041084,0.8645556968133895,0.2689661505439931,0.1606919720473283,0.8576220854276959,1.104485424863935,1.4028285527324054,1.2154785443645617,1.3331617316521005,1.109242110514417,1.5601643169201402,1.1861474682186082,1.4139831294079457,exact,9
UBERON:0001562,related,direct,digastricus,Mistral-Small-3.1-24B-Instruct-2503,-1,0.0539875717920377,-0.3730377391180768,-0.3752219795289232,-0.127577981070585,0.1550326553429307,-0.3037562145128724,-0.3338845475660794,-0.0124076063040698,-0.1497324558715961,-0.41089026996531,-0.0505485907380955,-0.2849563436388583,0.2083403442050451,-0.0373918979162765,-0.1316536071603155,0.0615071170627674,-0.0576238994057898,-0.4673113213148653,-0.4324786387202008,-0.2343665409435528,0.3541711628214389,-0.1990385006441334,-0.2381737611117431,0.1868024793836345,-0.1431509447288138,-0.4495849223901147,-0.4144039077154491,-0.307060038203382,-0.0314819057185156,-0.5183537530010249,-0.4960117690977866,-0.1819175509597176,0.7951794271026916,0.3942555834833962,0.2398739376455358,0.7836289744214127,0.1442934815275443,-0.368303813374023,-0.361790131526622,-0.0634951578281292,exact,9
UBERON:0001562,related,direct,musculus digastricus,Mistral-Small-3.1-24B-Instruct-2503,-1,-0.1945738246772536,-0.5476858257302131,-0.5036204248431859,-0.3796992023935819,0.4651043274303489,0.0111344215770445,-0.0855646969156408,0.3510101768043948,0.5083299883385082,-0.0370597102296034,-0.0410466402616417,0.4209929908178855,-0.568830148044997,-0.6512304977818646,-0.6316193445489997,-0.6583569852596327,0.4649489020377669,0.0184674052895551,-0.1170442869025279,0.337879508844023,0.907726385899171,0.5251650664794726,0.3770743997022445,0.91537964959901,0.6450436833606045,0.2510587599067095,0.1759021548199988,0.5559007230864347,-0.3223492906683435,-0.652607164875811,-0.5978881249518467,-0.4551470985507783,0.7658415741382529,0.3913810368269643,0.1846351149498132,0.7398781825381259,0.7103029143796697,0.190786190838866,-0.0075851971759266,0.6175188446675294,exact,9
UBERON:0001567,related,direct,buccae,Mistral-Small-3.1-24B-Instruct-2503,-1,-1.713913477632623,-1.201391309953065,-0.947029548935023,-1.6159844752900554,-1.9064258849531388,-1.1802370337841646,-0.9317869928450828,-1.740322810638923,-0.513359440394488,-0.5134316576031048,-0.0760893041146368,-0.624122969742356,-0.945984910651788,-0.8211270771582481,-0.7429133961169392,-0.9679764882971208,-1.1490294927545577,-0.9776656078376544,-0.7223951068173123,-1.1689290027609764,-0.3840677738550885,-0.5987817152470822,-0.5441596460854833,-0.5278563751200497,0.0645820035068324,-0.3076854578105186,-0.3237881501169042,-0.104928955671625,-0.5666160576791545,-0.8035131152631677,-0.7452175482846846,-0.6704841606749197,-0.8560793835909326,-0.8589439733803939,-0.8513543338326856,-0.9371009496834232,-1.0596971896652283,-0.7751544181671689,-0.5970601526503396,-1.0850715446002088,exact,9
UBERON:0001567,related,direct,jowl,Mistral-Small-3.1-24B-Instruct-2503,-1,-1.191086618870419,-1.0948297794641382,-0.8620941635054715,-1.2321230618828245,-2.747331568443661,-1.3460794483049507,-1.0522922889389443,-2.290449510116362,-0.4629598914313766,-0.4929613076131336,-0.0685432125884153,-0.578664323379589,-0.6373786471258732,-0.6659422974788157,-0.6090810511417754,-0.7161391082646841,-1.5975361771828087,-1.1157697637352524,-0.8288713631573862,-1.494759023490578,-2.6102418424360776,-1.0099767928104464,-0.8560046945259737,-2.13912453368136,-1.5886654059214929,-0.9086414316028169,-0.7869291679158649,-1.477529412526125,-1.1240141293118966,-0.9289396036547912,-0.8345156687952034,-1.1256186507289916,-2.143543527432876,-1.176816841687056,-1.0995143085431478,-1.870591294508701,-2.182946431458172,-0.9724232454163448,-0.6850579155288008,-1.837172932123035,related,9
UBERON:0001601,exact,direct,extra-ocular skeletal muscle,Mistral-Small-3.1-24B-Instruct-2503,-1,0.9622023008062368,1.1434441500339003,0.8864256559738664,1.14402628737159,1.043412290416114,1.4017373050458095,1.1844362820490648,1.272711391091446,1.20219451597185,1.4931692751245245,0.130335921776987,1.457360332014444,0.4527577466669796,-0.4438003480410625,-0.4340022008142639,0.3229414544308944,0.9606361092490786,0.962554216909406,0.6862852342159445,1.0553167717278058,0.9461189361549792,0.6100503770755873,0.4766085480524298,0.9795633686887812,1.1262321853238195,1.5240710120762762,1.3121133075541616,1.349182597616571,1.320975091922209,2.448605312845244,2.3453514594466705,1.689622806368387,1.060822858877702,1.0829980495176268,0.8893502654635282,1.241996052155047,1.073608901971002,1.185147491836543,0.7775519069336495,1.3095158197396857,exact,9
UBERON:0001601,exact,direct,extraocular muscle,Mistral-Small-3.1-24B-Instruct-2503,-1,0.5086055969885276,0.0603767581877212,-0.0442773625091247,0.4085747711816592,0.2448195698240772,-0.2363350492681693,-0.283458470019827,0.0875377018308708,-0.500637747252224,-0.5293257610039598,-0.0828699635495048,-0.6126909792195898,0.3673735501132479,-0.226419798841568,-0.2857914864093561,0.2289934426211727,0.480958817458656,0.0571489069914093,0.0121942706652258,0.3576033112402579,0.9436180504817662,0.5899811225334755,0.4396591541329177,0.9752925828679372,1.265472809788566,2.8550545399710368,2.691447832153126,1.7202463086241218,0.2138415336153275,-0.3634609577878818,-0.3290145957186365,0.0666490543186551,0.8420968298185498,0.4739153665036683,0.7976185075443589,0.8558439513485924,0.8422962034878129,0.2992479227369503,0.0858429051523935,0.8251946161972142,exact,9
UBERON:0001601,exact,direct,extraocular musculature,Mistral-Small-3.1-24B-Instruct-2503,-1,0.0177059814913782,-0.4229856385798814,-0.410707733661418,-0.1658064002222843,-0.353653213077724,-0.6489809363305222,-0.5822316176811446,-0.5209360304174192,0.6178956474968108,0.2738881327889342,-0.0058626225872565,0.5561073237781115,-0.4625024879959145,-0.8032897685018466,-0.7446710059793227,-0.5672346779091901,0.2969279837671962,-0.1495652270852714,-0.1998723774165046,0.1400048788668379,0.8015874440422165,0.2809388751934237,0.1801515964221776,0.7510290212497754,0.8724814667186437,0.6266335897733534,0.4855583558673803,0.8820997527326344,0.0152790214350962,-0.4149221809442177,-0.3614899891475409,-0.1359645014094576,0.9598407093601534,0.7677223280313231,0.7317184388669249,1.0517082194627578,0.7561252958417476,0.1335081784236587,-0.0390905273248573,0.6862342215599295,exact,9
UBERON:0001601,exact,direct,extraocular skeletal muscle,Mistral-Small-3.1-24B-Instruct-2503,-1,0.4351413731558269,-0.0333609643714754,-0.1112888588506867,0.3130826350326767,-0.0247221110800021,-0.4557019356782428,-0.4445907888502756,-0.2021577327351677,0.4179403881165436,0.0963985269875808,-0.0211421012576168,0.3142691439926702,-0.193488044701971,-0.8151936084595228,-0.7375073427472766,-0.3275273577723683,0.5331914636394811,0.1242932861055266,0.0199707222379182,0.4231390605572855,0.6853658560526249,0.1124293892118803,0.0347895147999651,0.5880394442325853,1.0929568315087723,1.3349425092826772,1.1467576150801024,1.2775942338196709,0.4790394055781174,-0.1561648449373977,-0.1251539362496201,0.3603188493329471,0.772346958333199,0.3312676425337956,0.2329638785858151,0.7494915738735435,0.7644516654465053,0.1510156951597232,-0.0243512721951968,0.6990726209238101,exact,9
UBERON:0001601,exact,direct,extrinsic eye muscle,Mistral-Small-3.1-24B-Instruct-2503,-1,-0.1197330070188309,-0.538646959202253,-0.5008204622570037,-0.3060702638023857,-0.247983406397144,-0.5881790279309496,-0.5307062693161032,-0.4219902110697262,-1.0453622054592633,-0.7046843940295822,-0.1013350726234648,-1.0799876852216015,-1.1584874693614795,-0.9104257281634436,-0.7849348470625586,-1.1345177334576817,0.609146184525465,0.210221825265984,0.0982081867713633,0.5219556630458064,0.8063671172692451,0.2966085004911786,0.1791055336198023,0.7580751562759195,0.8871687612638107,0.6439886630688418,0.5399227145091223,0.9053989673418112,-0.0289057170900684,-0.5052210834318045,-0.4358354508252441,-0.1794019049490855,0.7573452564286998,0.1809018696515846,0.1314150624934809,0.7273958118600488,0.4424957833278834,-0.2395155529267154,-0.2857849533802027,0.2651880351825036,exact,9
UBERON:0001601,exact,direct,extrinsic muscle of eyeball,Mistral-Small-3.1-24B-Instruct-2503,-1,-0.208092254145607,-0.5736279298109134,-0.5200383570931318,-0.3928087273239272,-0.1605005324555624,-0.5498085859372682,-0.5268659750454298,-0.3377086813579649,0.7657087445745373,0.3586191761396763,0.0101860877782499,0.7504034754566568,-1.3656102060899646,-0.9690869463810045,-0.8423370995576076,-1.2922688707300862,0.3538518873888028,-0.0931854156740267,-0.1744160152725754,0.2052918412836639,0.4663831952069118,-0.1386404712634145,-0.185421158955634,0.3144903777082958,0.7544587679891684,0.3888572511999721,0.296465160701613,0.7056304084583958,-0.180567031553917,-0.4867708925157301,-0.4728648229600399,-0.3245114812239293,0.6355694684409978,0.1164694257012478,0.0342660165983975,0.5566999896099782,0.3751567335602039,-0.3082436724640606,-0.3194043941756287,0.1863462806282283,exact,9
UBERON:0001601,exact,direct,extrinsic ocular muscle,Mistral-Small-3.1-24B-Instruct-2503,-1,0.1279996521573994,-0.3588990053960853,-0.3660370924618971,-0.047872680034639,0.1949802298074715,-0.2762206677397788,-0.2920337825250313,0.031593665454617,0.0430491478887593,-0.1578708631095366,-0.0429475516111286,-0.0928394219695797,-0.0513998855715096,-0.4695192804888002,-0.4652164291841348,-0.194766675003367,0.7374826518978538,0.4346590292488412,0.2841982793086002,0.7000182702978786,0.77954002233705,0.2515281268286569,0.1609590436187425,0.7189077071459374,0.9164724051192644,0.7035933598896976,0.5711634714439578,0.9529203365080064,0.0421811558831366,-0.4762607696246662,-0.4286240202500433,-0.109241143577499,0.849293500443882,0.4204578330219123,0.3309154901304446,0.8671842148969686,0.5694311228285752,-0.1217237046360463,-0.215677598158739,0.4233088535802325,exact,9
UBERON:0001601,related,direct,musculi externi bulbi oculi,Mistral-Small-3.1-24B-Instruct-2503,-1,-0.7546236414371009,-0.8237458232347719,-0.7048079450315151,-0.8829892644283863,-0.169369574249418,-0.5574265642335622,-0.4920742247003855,-0.3463567986959485,-0.04823946840231,-0.4226015007121929,-0.0700040458592911,-0.185037924930268,-1.348938327800459,-1.1435953310629696,-0.9890365358983744,-1.279724118210847,-0.439811200086908,-0.6755459872143496,-0.5579975453933129,-0.5911747523059074,-0.1234903946622574,-0.5039654584045679,-0.4622629479347226,-0.2947184394570926,0.3603135455243533,-0.0766341660709285,-0.1316504960282935,0.2096857012114404,-1.0328900707571222,-0.7805488924712873,-0.6990846746422029,-1.0541097617331794,0.1629511620460137,-0.357026906765346,-0.3998498399511367,-0.0045643562819356,-0.3451330626191457,-0.6549549272285029,-0.522143435076513,-0.5210484400095338,exact,8
UBERON:0001740,exact,direct,arytenoid,Mistral-Small-3.1-24B-Instruct-2503,-1,0.2260089610523686,-0.2086803645927143,-0.2242446089520441,0.0615776597473858,0.728912698154581,0.5185101577179754,0.3540448724144511,0.7138911513561961,0.2794499645225478,-0.3107385618850213,-0.0680504120492414,0.1578437871294743,0.5113497253318153,0.0788005860909871,-0.0107644248056343,0.3892625268003414,0.5073322845543441,0.0552367562996858,-0.0587954549594718,0.3904615272802262,0.7541421135909763,0.2105092425974134,0.11021418951615,0.6826444477035618,0.3083959041851784,-0.2028736726573589,-0.2270126991121546,0.1516939113691317,-0.4296313450600492,-0.6248338700709263,-0.5885461305358337,-0.551135000887179,0.938905525167956,0.7260080683626788,0.5222384906723052,1.015120532831542,0.6933730767270609,0.092215273080719,-0.0722746128337191,0.5929013526167711,related,8
UBERON:0001740,related,direct,arytenoids,Mistral-Small-3.1-24B-Instruct-2503,-1,-0.1046954575963347,-0.468597525276101,-0.4302321915887471,-0.2910530234301525,0.2660490475020761,-0.1302513257678898,-0.1922101323034206,0.1117388829544226,-0.4070511750756131,-0.5825380104287018,-0.0831649207981939,-0.5276953462979548,0.3831259932362031,-0.0186415501262528,-0.0819806501546424,0.2460984654493457,0.7175745197919485,0.3824883596551425,0.1633723586936033,0.6713669920326858,0.6937888511697662,0.1214311510952106,0.0340793118079518,0.5993632409453007,0.2418207326809873,-0.2503027712604911,-0.2588884267871433,0.0791898651624651,-0.5794427498371831,-0.688724232618046,-0.628367344231436,-0.681487264967076,0.8708613511209724,0.5728783662584485,0.3875639361176604,0.9016193056403252,0.5430995465667271,-0.0879824338923743,-0.1894449321448184,0.3893627898945704,exact,9
UBERON:0001740,related,direct,cartilagines arytenoidea,Mistral-Small-3.1-24B-Instruct-2503,-1,0.548150688005318,0.179657369158128,0.0981516344584451,0.4618415645828533,0.7423199310213104,0.521825086292019,0.3533936050674553,0.7342251540158098,0.0105156190352595,-0.388702734316664,-0.0746941708198443,-0.1259637276760545,0.8594179823868972,0.549781317146742,0.4117635358918485,0.8233453709819203,0.4040381858973938,-0.0574149049549996,-0.1489042483825142,0.264295253558936,0.7466272868113704,0.2000838550587544,0.0857234116447348,0.6720591973936445,0.919014201637908,0.6406426833277075,0.5282279947238788,0.9571106584986774,-0.3406225861417613,-0.56864443303671,-0.5631669569249882,-0.4716628041664934,0.6827470865246539,0.2092221180980153,0.1147677829587531,0.6211187800271482,0.4141331838406804,-0.2055869067806298,-0.2673358350705693,0.2315976942734709,exact,9
UBERON:0001740,related,direct,cartilago arytaenoidea,Mistral-Small-3.1-24B-Instruct-2503,-1,-0.1715777552936259,-0.4869062558994161,-0.4593058321253371,-0.3572676282449223,0.5877542994085776,0.2570691020632198,0.1392634060247629,0.5118655445533996,-0.0725275266733737,-0.4910143995498305,-0.0833772142430719,-0.2091875391272332,0.5396859390237828,0.0748053383536225,-0.0464267937207375,0.4219220498618916,-0.8441561027015932,-0.8492778185845211,-0.6702442697101837,-0.9314974555542946,-0.5027347229880438,-0.6212895111495746,-0.5524918751420856,-0.6290188770224667,1.0973399422844246,1.2354713420098062,1.048673411362179,1.2867768842245149,-1.452168069083246,-0.9057039229416044,-0.8106999434564518,-1.3754103089414826,0.2941347364079454,-0.2233351076179811,-0.3006330704154714,0.1388932782925167,-0.6594225544788506,-0.7069390036797251,-0.5510268573880912,-0.7806808578684354,exact,9
UBERON:0001740,related,direct,cartilago arytenoidea,Mistral-Small-3.1-24B-Instruct-2503,-1,0.6498183992795545,0.3496695826377985,0.1939019076785032,0.6057506361660718,0.9768195393443782,1.2026011875672202,0.969475385278635,1.135875400625435,-0.3323831953326728,-0.5076805016708664,-0.0872096736027467,-0.4586904904505524,0.9959887114221384,0.8556664951941282,0.7527974554823226,1.0196144605786337,0.3365584128155303,-0.1199037783913083,-0.2190363917447347,0.1852793907936327,0.8864011633870444,0.458005326243118,0.3096197018192781,0.8809187885082863,1.141121714561519,1.4917529310850914,1.3899237701117697,1.3827410268007216,-1.116401396609052,-0.8126568014168384,-0.7234056267955452,-1.1196828378416377,0.8308611019732788,0.5043038082576217,0.3244841886904031,0.8382835467262351,0.2002028655326194,-0.3647834568296232,-0.3517194966365601,-0.0055238807025984,exact,9
UBERON:0001985,exact,direct,cornea endothelium,Mistral-Small-3.1-24B-Instruct-2503,-1,1.1758913775227164,2.950868986968376,3.143825486850228,1.721923215859213,1.1510118378249778,2.121357235818578,1.939805540501704,1.532394773127744,-0.8731275061995228,-0.6599844289729501,-0.0816447950655959,-0.9367214969541232,1.3481188651283775,2.2642790055787545,2.2742539389568783,1.662069436794986,0.3393221706537428,-0.1479266584722468,-0.1467877377278888,0.1884670300598974,1.230543340308093,2.225956011649559,2.013052846660057,1.6132966841772125,1.301771898441961,3.029166325877093,2.978321691024719,1.8536599850686264,1.1031309979584696,0.5905114811072419,0.413860144117787,1.2378336488777535,1.2677605598737045,2.6311180956730764,2.481470173469731,1.759580450212548,1.168134559881732,2.338362733967074,2.101592156790082,1.6367943967445286,exact,9
UBERON:0001985,exact,direct,endothelium of cornea,Mistral-Small-3.1-24B-Instruct-2503,-1,0.8469570638640577,0.723045582532436,0.4920962255400605,0.922912811736206,0.903910284818372,0.8674378997779637,0.6475831848783611,0.999873167712497,0.491197882459968,-0.0076087825555835,-0.0333552262067426,0.4004560096848334,1.129817516876063,1.291905068986556,1.163508829823971,1.2339131086791582,0.5715340117874441,0.1658791400740944,0.0685707256476054,0.472473847968601,1.1777402730313926,1.646247314084818,1.3941486136404946,1.4600371829874887,1.2518953596649176,2.1208093938300943,1.967443931428936,1.6762430430247284,0.458899582999399,-0.2711222632105501,-0.2971328230024314,0.3369074556808509,1.0303226152867817,0.8780432035396415,0.6695715793832793,1.1818156981842425,1.1558632785498817,1.9823900445420213,1.6331743667927685,1.582191190528945,exact,9
UBERON:0001985,related,direct,epithelium posterius corneae,Mistral-Small-3.1-24B-Instruct-2503,-1,0.0050545280334669,-0.4499027181765619,-0.443010953593796,-0.1790127828184423,0.2547035698198914,-0.2170387521529966,-0.2509761288905781,0.0987768907225207,-1.4751503841122988,-0.84119873582312,-0.1128372436828109,-1.4230925212332233,-0.3444638040771156,-0.6008024459813365,-0.5810831755724895,-0.4637746260003885,-0.5653039572833095,-0.7563337739176432,-0.6034741469008941,-0.7003436177623575,-0.0502033395311477,-0.4714826864780705,-0.4560035735023851,-0.2259771195285118,-1.3087142858900251,-0.9916769573495902,-0.85547200922017,-1.2727320924623815,0.1696885636845185,-0.4583845282310652,-0.4456611014611449,0.020469955545767,-0.4691805945638159,-0.7357021978455313,-0.6948535541036424,-0.6122263015413901,-0.0437423226812385,-0.5434812792017794,-0.4614953330884502,-0.2488037333042699,exact,9
UBERON:0002020,exact,direct,gray matter of neuraxis,Mistral-Small-3.1-24B-Instruct-2503,-1,-0.6202701697948485,-0.8023606744431026,-0.6681033555041195,-0.7688058384785772,-0.4269150238575092,-0.7222429171408329,-0.6194848629507291,-0.5878493331338681,0.5306125788287049,0.0815367367473097,-0.0249816880179864,0.4479323003634775,0.0288571800913326,-0.2042363176695648,-0.2383143987260284,-0.1175967368302301,-0.650846476080278,-0.7664541376565829,-0.611053556837988,-0.7728424768429667,1.0150591051478857,0.8044685679399242,0.6447834340049008,1.1029811490070591,0.182866057957907,-0.3504429784947704,-0.3480305054339286,0.0165895340598178,0.1242389463563901,-0.249151508544166,-0.2743044300030988,-0.0263660607764193,0.7313494552347416,0.2450138059425425,0.1265342694604399,0.6897021017107677,0.3465614126617623,-0.2560107065458273,-0.2933368124708652,0.153777816862872,exact,9
UBERON:0002020,exact,direct,grey matter,Mistral-Small-3.1-24B-Instruct-2503,-1,0.7779479982309666,0.4748189645536685,0.2815030959266502,0.8048797632880004,0.8611717694373513,0.6246277412049775,0.4435601574012284,0.9254197425762996,0.7943841244157187,0.412613878526791,0.009323735224855,0.7899803688302188,1.1561850335321244,1.435149382682339,1.290073105469652,1.2794807042367868,1.129934104050051,1.6150245335639009,1.2245837451082056,1.3886933209031964,1.1574555649964424,1.51671002973244,1.383278233653383,1.407962152779306,1.0607766437907855,1.06044992049542,0.9244953981141716,1.212216883078856,0.8433420957454473,0.4003064740520248,0.408701316400222,0.827213653008193,1.1763870772753064,1.7728662629040517,1.7055054303880517,1.4998982845333115,1.0862357155696896,1.4496846807892194,1.093566190981244,1.3448599764028089,exact,9
UBERON:0002020,exact,direct,grey matter of neuraxis,Mistral-Small-3.1-24B-Instruct-2503,-1,-0.7805766065484033,-0.8603457368793477,-0.7130717819528377,-0.9046439832081122,-0.3854042429197146,-0.7034062034032235,-0.6188211335835465,-0.5500982092421254,0.3773584332984938,-0.0416831557281519,-0.0370043704586313,0.2675945515947919,-0.0294366476598065,-0.2671247357402257,-0.2783908736583088,-0.1738131823135895,-0.729990646981275,-0.8019927887739488,-0.6320437811537456,-0.8386325331791907,0.8454480195731854,0.3620049981483958,0.2339750552470322,0.8168633660376627,0.0213343591475152,-0.4231372283837968,-0.4071302963166683,-0.148120439879138,0.0747728012064861,-0.2783023724728481,-0.299504578586031,-0.0765757799405432,0.4913686917927174,-0.0643950822083253,-0.0953812187296159,0.3710191749981495,0.2385936421950122,-0.3277592892723364,-0.3371405246050655,0.0351532868720511,exact,9
UBERON:0002020,exact,direct,grey substance,Mistral-Small-3.1-24B-Instruct-2503,-1,-1.5211208170908417,-1.1189987741456209,-0.8881250835613376,-1.4781274582974573,-0.384013431795225,-0.7476527602547431,-0.6440433583961734,-0.5488260734770207,0.2194541117567273,-0.1047690709140654,-0.0449921800766538,0.0924263899265604,0.402993164696946,0.1542491440826442,0.0563797511063568,0.2678150135643986,-1.9110422588414488,-1.2003993825795052,-0.8386533680456276,-1.7088737022221316,0.1883760576063826,-0.3290406395280868,-0.3136249634300331,0.0097565171172814,0.6751880690225137,0.1506857399905447,0.0649114302329896,0.5960215042079894,-1.110747075561337,-0.8826254143335414,-0.7821377977411049,-1.1152696058614378,0.4940637795306236,-0.0745485808371238,-0.2066930698528618,0.3743518571658977,-0.159646873694021,-0.5008398120787014,-0.4397208019682837,-0.3566862107926819,exact,9
UBERON:0002020,exact,direct,neuronal grey matter,Mistral-Small-3.1-24B-Instruct-2503,-1,-0.1850635080398536,-0.6059125103425839,-0.5159790949430628,-0.3704425257717932,0.0326731151684759,-0.477639964197199,-0.4538374635448904,-0.1429417325197367,0.6514779001466764,0.2303246028541443,-0.0064793519506004,0.598941064738482,0.0374814409987811,-0.2955102427161705,-0.277477499700799,-0.1092032350105769,0.8474970686758683,0.6648673741374994,0.3971074158130208,0.8664663480416472,0.5371651813098199,-0.060111024418605,-0.1396919823758578,0.3989760564178173,0.0216984631403205,-0.4670648995735716,-0.4548394129215581,-0.1477594006646175,-0.0847397547916778,-0.6197898335796187,-0.572323172038047,-0.2335186723070697,0.1828662162111574,-0.409077140443476,-0.1875429657860538,0.0167283142545879,0.6874858958383226,0.1391767617095327,-0.0335269988271526,0.5844317378300532,exact,9
UBERON:0002020,exact,direct,substantia grisea,Mistral-Small-3.1-24B-Instruct-2503,-1,-1.5379569767290664,-1.0935305870418712,-0.8737269235992929,-1.4903265925133131,-1.6951895534901125,-1.1388504769722276,-0.9258685871385638,-1.5929092026015506,-0.3017723909146387,-0.4183723238500015,-0.0784049030343019,-0.4300780608035995,-0.9390729697583032,-0.7990520678940521,-0.7285261725121236,-0.9624719266481984,-1.9799157956493847,-1.187302129997694,-0.8761013984651905,-1.754605196151284,-0.2432248599273155,-0.5483195569640241,-0.50203084366246,-0.4038851563060934,0.7631287649690262,0.296397619243624,0.2135174739770731,0.718013433537306,-1.9111377491974224,-0.9981685340500912,-0.8698251395848466,-1.7076815967988934,-0.5909542379193657,-0.703452480307589,-0.7195031338650578,-0.7175328285975605,-0.897496558175918,-0.741808092689674,-0.5742781421990812,-0.964757893929198,exact,9
UBERON:0002020,related,direct,gray mater,Mistral-Small-3.1-24B-Instruct-2503,-1,-1.3777395318995986,-1.1106824260053545,-0.8852619220069659,-1.3729098868042895,0.0805943627911736,-0.4544723362103751,-0.4498855432473998,-0.0925448838712207,0.4193343248469792,-0.0817667403102458,-0.0440396970407841,0.3158854578743437,0.84572187956294,0.7673088151966009,0.6549196943596559,0.8046503315743789,-0.9197845316144964,-0.8980640719601541,-0.6288916988797696,-0.9917698737958556,-0.6129014750890672,-0.6660419611400467,-0.5960282898527126,-0.720533946263498,-0.3364897571772181,-0.5972281780504509,-0.5421487882051322,-0.4845261923649897,-1.2587510916934324,-0.883790091562869,-0.7661752980289628,-1.2295764339648303,0.7724734916301776,0.2712301017187201,0.1608884053458167,0.7496790470901031,-0.0474870217529866,-0.4326835934744253,-0.4042132924233108,-0.2523588563771176,exact,9
UBERON:0002020,related,direct,grisea,Mistral-Small-3.1-24B-Instruct-2503,-1,-2.035073512422987,-1.2140137263126274,-0.963698341084111,-1.8374592930687936,-1.542049678004997,-1.1081244975916615,-0.918839786504501,-1.4832306619197764,-0.5432613460114557,-0.5115736854266301,-0.0836742197898913,-0.6508828103369158,-0.3059638387021702,-0.4327052919718616,-0.416739505464673,-0.4294670332643982,-2.0895952769583435,-1.218080105238144,-0.8885993341144345,-1.8265311699257945,-2.0923506713990583,-0.9511848716553076,-0.8064574314792858,-1.8014135503445627,-0.4516350965816906,-0.6346552654014365,-0.5692458050951137,-0.5861241552667429,-1.6958454064818564,-0.9873611094746708,-0.86165222571676,-1.554041480227693,-1.5702154398036698,-1.0044042273015013,-0.9669081616048671,-1.4770153278012217,-1.7531435256804049,-0.883039117274683,-0.6515964542395369,-1.5632951375885196,related,9
UBERON:0002033,exact,direct,arrector pili,Mistral-Small-3.1-24B-Instruct-2503,-1,-0.0331904465923637,-0.4340103795323116,-0.3962092186652794,-0.2185592530870502,-0.0761759102411158,-0.5018939515180636,-0.4756742281706839,-0.2542456264514992,0.6593308209044176,0.1066341450272065,-0.0109897438331482,0.6090616243005895,0.5881960755973156,0.1644390734624974,0.0621656467213818,0.4787792584665969,-0.0500327490651792,-0.4677818757043456,-0.4312676401516628,-0.2268470290234064,0.0547828978739349,-0.3886604303203694,-0.388533873874573,-0.1246598007443729,0.4506158207836637,-0.0227549240127348,-0.0677114888019503,0.3139175052687948,-0.2380579236380792,-0.4835376405626005,-0.4600302234726606,-0.3780305567429421,0.2637138442066559,-0.2761666117915513,-0.3205604856058845,0.1049299619976983,-0.5943477653597629,-0.6984834013938345,-0.538236979502351,-0.7286134968960305,exact,9
UBERON:0002033,exact,direct,arrector pili muscle,Mistral-Small-3.1-24B-Instruct-2503,-1,-0.0970650953552743,-0.4782244946363961,-0.4366222024191365,-0.2834033639294362,0.3869820549932883,-0.1103721945869097,-0.1786563425468414,0.2542444211465765,0.8622024945705051,0.3384728541777876,0.0059577688130283,0.8864249954949367,0.9694786720765624,0.7249292129220299,0.5750017841947033,0.9799799297925528,0.7133500111338519,0.3646869941109268,0.1727851309057265,0.6653393749186848,0.5833018822596117,0.0178795813021531,-0.0519043532598663,0.4559286126685293,0.9503002347576616,0.7726804322961572,0.6199308346539874,1.009646128784406,0.122207711308045,-0.335041028101417,-0.3295771404789159,-0.0284432611446698,0.3864554315402229,-0.1418788869449381,-0.1473145003994405,0.2448155420298479,-0.0123770493758597,-0.4833932651101901,-0.4238028876437124,-0.2188327224177415,exact,9
UBERON:0002033,exact,direct,arrector pili smooth muscle,Mistral-Small-3.1-24B-Instruct-2503,-1,0.1511445049141102,-0.2920168080527901,-0.3066395742979292,-0.022444845171792,0.3578821860552661,-0.1421366217805194,-0.211376078713288,0.2191900520318904,0.6334294598244125,0.0886175233887248,-0.0165408435746165,0.5758319710070591,0.9160121861107824,0.6014992600783527,0.4689555053779192,0.902391829159478,0.192170973416368,-0.2688240431218353,-0.2709542330265956,0.0239904223263829,0.2342142191319845,-0.2851724304860174,-0.2960369468083383,0.0574767044883888,0.6484033887365463,0.1470137496236399,0.0546441318652684,0.5603330168506073,-0.0710274519725324,-0.4121867292280445,-0.3813654556831467,-0.2203057842342196,0.0815323470206514,-0.365678328412969,-0.3010338938906086,-0.0899628525694584,-0.4104952704212931,-0.6489275370350114,-0.5173307945135556,-0.5768383435296306,exact,9
UBERON:0002033,exact,direct,arrector pilli,Mistral-Small-3.1-24B-Instruct-2503,-1,0.0748172440236705,-0.3739899678232198,-0.379368197862041,-0.1053854175847106,0.0258596161141646,-0.4164185906540599,-0.3969914971483752,-0.1500352219375205,0.7609696675732717,0.2203852691109473,-0.0049657722209699,0.7439270134783188,0.1710489548552627,-0.2336488786992316,-0.285265003824427,0.0234923980478169,-0.3512499403204454,-0.6520877729293485,-0.5371879579044737,-0.5119555270170508,-1.712380721135241,-0.8822079504749623,-0.7518132064444514,-1.5433906031069693,-0.53626134531934,-0.6212663737452476,-0.5739992261953543,-0.6590715477103481,-0.3746687443389978,-0.5328751202478874,-0.4974863678221639,-0.5022495374737762,-0.8358983950389186,-0.9612962638048544,-0.8505308242757814,-0.9208137546821183,-1.3119713275438358,-0.8348795046268551,-0.6215539911392635,-1.2652086575611294,exact,9
UBERON:0002033,exact,direct,arrector pilli muscle,Mistral-Small-3.1-24B-Instruct-2503,-1,0.0791917532920761,-0.3647722424010609,-0.37799480242753,-0.1007013598655107,0.4827950411249312,0.0195925990135232,-0.078222270135297,0.3734992767346454,0.9150243068636446,0.3765162397020423,0.0043734656501953,0.964619935365958,0.5487844564670288,0.0901688669618029,-0.0205619051478051,0.4324934761890496,0.8256160586135219,0.5793054737435475,0.3101131385942924,0.8321687708624413,-0.768511251821765,-0.6874299512085078,-0.6117976305329795,-0.8462756259218729,0.4484177416960785,-0.0601147039357442,-0.1327227942221185,0.3113257676830342,0.1372801987132213,-0.318778346235316,-0.338778562376792,-0.0129974865206023,-0.235803868395738,-0.5999214317157665,-0.6217037143134304,-0.4011331470645567,-0.1994355268598401,-0.5544413539386357,-0.4657109267888339,-0.3927533267726232,exact,9
UBERON:0002033,exact,direct,arrector pilorum,Mistral-Small-3.1-24B-Instruct-2503,-1,0.0117838470431456,-0.4144876866955899,-0.3910018876423367,-0.1719961363040743,-0.0248005431981336,-0.4475319566080272,-0.4505213324974447,-0.202237834024705,-0.938198027581446,-0.7568827723898954,-0.1037899777604812,-0.9912847460499502,0.2367891835855655,-0.2220059036905973,-0.2592658893297297,0.0908130176465876,-0.106319194858582,-0.5047352136603219,-0.4655886711529401,-0.2821581857972621,0.205506515979893,-0.3001399253870206,-0.3172653902385827,0.0274880998782688,0.5090384062451416,0.017742804034378,-0.0420003959528798,0.3838870048348028,-0.410556503513656,-0.5465071846228202,-0.5337649878736923,-0.5342368091405193,0.1004093992241399,-0.387955783276782,-0.3251258813396661,-0.0703917338094696,-0.8623411767429398,-0.7708204592137444,-0.5868433886425345,-0.938164807542046,exact,9
UBERON:0002033,exact,direct,arrector pilorum muscle of hair,Mistral-Small-3.1-24B-Instruct-2503,-1,0.9419740193115986,1.1227543016652557,0.935833166981884,1.102527205400642,0.9809399434909676,1.133337122228294,0.9225598539175272,1.1439541176785135,1.056110947239396,0.7678193542129018,0.0724664531214629,1.1897405068454774,1.1020403361472766,1.1122160458013022,0.9416327134925856,1.1872295097659942,1.0599671650011957,1.2651403552967937,1.1480804729209602,1.2414673929697428,0.89944334302165,0.5164673712129156,0.356031823851106,0.9018990654679544,1.0425119153902165,1.05288765125854,0.9133888431496804,1.176568038469812,0.4301612237975972,-0.0685885085110614,-0.1010288422866827,0.3038477819203042,0.9688124205301064,0.8138892971235067,0.7411611871101302,1.0676549102506578,0.8037980963297714,0.2674227364112737,0.0538260160652954,0.7613653902213993,exact,9
UBERON:0002033,related,direct,arectores pilorum,Mistral-Small-3.1-24B-Instruct-2503,-1,-0.2096586510594211,-0.559377923981591,-0.4907310798012654,-0.3943241044355192,-0.3825558368869799,-0.6654784924952782,-0.5966417215009934,-0.5474923383853649,0.1033898287358802,-0.3833971047798582,-0.0701704213557712,-0.0305791967068918,-1.0230577409382695,-0.7578568179098548,-0.6933052542830163,-1.0289709430812597,-0.6474214907999285,-0.7830076673426567,-0.6258858456608467,-0.769968051463334,-1.5243377734805623,-0.8548132928086872,-0.7407196856969711,-1.4116933915543783,-0.0374674163624609,-0.3741034649874949,-0.3799301249327607,-0.205872174056607,-0.948643179758956,-0.6793216293260208,-0.6351298058524817,-0.9870765782724588,-0.4843302760868156,-0.6967159968522709,-0.7319554071635808,-0.6254955225861137,-2.6383368241962217,-1.0354918737579435,-0.7308508230779097,-2.113411007207576,related,8
UBERON:0002033,related,direct,erector pili,Mistral-Small-3.1-24B-Instruct-2503,-1,-0.2763831271413391,-0.5829614888322544,-0.4993653541409997,-0.4581929389177193,-0.6620257814575022,-0.7969101422465549,-0.7005366573938949,-0.7943197724387829,0.1809646014454081,-0.2476953356748916,-0.0306000070559652,0.0511363886162972,-1.2125895737586565,-0.8639241368276043,-0.7824097576342292,-1.1761343480749766,-1.1144122913720975,-0.9632566047386564,-0.6727953663464278,-1.1426814462437296,-0.7559258184909201,-0.6978381240037117,-0.61886371042998,-0.8362486101409078,-0.1698300226249305,-0.5351279793962237,-0.4943958747406716,-0.3321101212811898,-0.3700794043236081,-0.5597658294378749,-0.5145953945681309,-0.4981403526450583,-0.2856501237540902,-0.591308032721031,-0.541208286885526,-0.4473375132729398,-1.7889991353950925,-0.9419520038271982,-0.6829722011831705,-1.5867096963821443,exact,9
UBERON:0002033,related,direct,erectores pilorum,Mistral-Small-3.1-24B-Instruct-2503,-1,-0.7740183188928295,-0.8272230164730309,-0.6945157332407572,-0.8991836594756046,-0.4437328890295196,-0.6873756234627126,-0.5866394705502919,-0.6030262200440984,-1.137181533719209,-0.7778797293479249,-0.1033505300864435,-1.1549121416225323,-1.1540201202315314,-0.9118030240558428,-0.810195750156427,-1.1310677648537897,-0.6377170056932727,-0.78361200254901,-0.6049064577438366,-0.7618109467385473,-0.757811370675803,-0.691780826564142,-0.6121785930086516,-0.8377523968812133,-0.1105923824247988,-0.417444698649184,-0.3923623136408955,-0.2762266653878591,-1.0017211697133042,-0.7407153048108771,-0.6633260635151831,-1.0294153332016107,-0.4578912509147403,-0.6580038200680067,-0.5891845388250939,-0.6023060239252788,-1.80937386914843,-0.9424070080084368,-0.6771013026990655,-1.5999656670969034,exact,9
UBERON:0002033,related,direct,pilomotor muscle,Mistral-Small-3.1-24B-Instruct-2503,-1,0.0097224325515972,-0.3928889666582539,-0.3780410083075469,-0.1741474555661141,0.057256536591126,-0.3947008864198293,-0.4017134495658763,-0.1172004792919638,-0.3709516004617002,-0.6280617805017262,-0.093845515729851,-0.4944706014198585,-0.2801590409409151,-0.4865601491468386,-0.4636571012449417,-0.4063091465764533,0.2358768108172189,-0.2420429483328937,-0.292398213975194,0.0717750815678853,-0.5383909787762778,-0.6234738030054764,-0.5577768038063806,-0.6588798738531412,-0.2422316734764771,-0.5454146188564986,-0.5097526830030066,-0.3991569764450224,-0.4517256693130534,-0.6485346298559274,-0.5942569049934113,-0.5706202103982632,-0.280549473618822,-0.6282283267217541,-0.6334049993336762,-0.4426390222856702,-1.2533848732915196,-0.8518088961980347,-0.6218994513648405,-1.2240722490448672,exact,9
UBERON:0002059,related,direct,Blandin`s ganglion,Mistral-Small-3.1-24B-Instruct-2503,-1,-1.484572251017921,-1.0574577448819111,-0.8455918217060769,-1.4515348086813895,-0.0625512417993685,-0.4821314027382068,-0.4240941262940591,-0.2405416732077274,-1.2734367324290607,-0.761297081549324,-0.0930190385539695,-1.264398184904601,-1.044519282600964,-0.9570636665978632,-0.8416322726369742,-1.0458324731868462,-1.0971641951526971,-0.9429847074203348,-0.7220739592665512,-1.1295389788336048,-0.5159381519422116,-0.6336100283179279,-0.5733566075758867,-0.6401040556765504,-0.1965396803636681,-0.6033080297418844,-0.5122611432281786,-0.3570003534539719,-0.3227349125290615,-0.6180904806090763,-0.5986656875233012,-0.4554963559582775,-0.4368173805100353,-0.771075273279732,-0.699655624560195,-0.5837131666534977,-1.2103148998284363,-0.8523510209186426,-0.633475668236484,-1.1935707870061072,exact,9
UBERON:0002059,related,direct,ganglion submandibulare,Mistral-Small-3.1-24B-Instruct-2503,-1,0.963377272303949,1.171280302496522,0.9390478495803046,1.1464784888552415,0.9820403228116832,1.1304457523280125,0.9087782276806248,1.1461194699935116,-0.927072703726274,-0.7008448210922787,-0.0764771892812107,-0.9819945554547744,1.201147665690218,1.0956742610438874,0.8853894769573732,1.3603333464279332,0.6736742037316457,0.3002221838286591,0.1321039855869007,0.6095813332802802,1.260049303653018,2.7797037858868863,2.683812289662458,1.7156756711345382,1.286327854724737,2.9186605459707886,2.8739886646256445,1.793561996410013,-0.5473706432184513,-0.6990570796674165,-0.6426472285257455,-0.6539212488448172,1.0570197111945028,0.98061185678964,1.163416910607305,1.234346175029772,1.025428861688638,1.0164118661796808,0.6287418624865495,1.1872266120294854,exact,9
UBERON:0002059,related,direct,lingual ganglion,Mistral-Small-3.1-24B-Instruct-2503,-1,0.4634533195048439,0.0357479152578082,-0.0567589807368251,0.3493796027419703,0.6546910646222167,0.2835793793495452,0.185481330655602,0.6051015047653097,0.2411709686760404,-0.1137656259945603,-0.0125588375318595,0.1159535301688824,-0.0595171261064905,-0.5405674403822505,-0.4930499742151799,-0.2024801865369509,0.1019523232965753,-0.3503361421187539,-0.3372285687637638,-0.0720673397405039,-0.5176833715824752,-0.6440883011603146,-0.5711539035571415,-0.641566832040962,-0.4722075837720451,-0.748873823441618,-0.6625569328293758,-0.6039863677158369,0.2041462473655632,-0.389973485259141,-0.3994358459621093,0.056449733522342,0.0584317992321363,-0.4931674377268019,-0.5251433738240787,-0.1137326335801188,-0.0319906654316877,-0.5009095317480791,-0.4283068633108585,-0.2376152491624233,related,8
UBERON:0002059,related,direct,maxillary ganglion,Mistral-Small-3.1-24B-Instruct-2503,-1,0.3642259336489328,-0.0854720074072492,-0.1583453665601815,0.2247052786184111,0.6819132220588343,0.3353897590730203,0.2432261918164954,0.644294263286122,-2.057248664452432,-0.9304332190910948,-0.1114432350349716,-1.8622946582177629,0.0575492909591274,-0.5580035202446335,-0.5438226632421161,-0.0895936554574292,0.1927133527888397,-0.2597415077257425,-0.2829384360080051,0.0245782332811147,-0.23587204307727,-0.5489653479716057,-0.514709382234469,-0.3972863480226855,0.1841259474738852,-0.4118955238870796,-0.36823831472683,0.017912447257895,-0.2675274492576683,-0.6722354140595785,-0.6269256278902194,-0.4051696640504686,0.0289323839789001,-0.519389302979574,-0.5550934994848548,-0.1438063008105329,0.0859954779822842,-0.4268878516705338,-0.3847769525392712,-0.1224572860616487,related,9
UBERON:0002059,related,direct,submaxillary ganglion,Mistral-Small-3.1-24B-Instruct-2503,-1,0.6335391344162808,0.2934188558552835,0.1651607100311283,0.5819680286332927,0.7879596582175702,0.5633122825500523,0.4000345981541637,0.8051933338617544,-0.9632257728751208,-0.714245314667631,-0.0701248998683824,-1.012127071921454,0.2486795894610499,-0.4034784841749203,-0.3989909583932672,0.1031422760197027,0.5285045279466875,0.1037773787570742,-0.039990562846243,0.4171816083156824,0.6770987859850606,0.0996933548718354,0.0147757371446239,0.5769921841551284,0.9482183590720352,0.5191508981242869,0.4096220695363549,1.00609314555869,0.7995674164612743,0.1452542116121409,0.0855333965005806,0.7658259254514789,0.6104014952577812,0.0060502992978581,-0.1051851444501238,0.5231316515562878,0.3480418510849186,-0.2434476687236593,-0.2814000747217307,0.1554513701517291,exact,9
UBERON:0002076,exact,direct,hair cuticle,Mistral-Small-3.1-24B-Instruct-2503,-1,0.7213414867681057,0.4021037261069474,0.2572886471716331,0.7140836693876322,0.5610244782382506,0.0800625374712624,-0.0445171861994986,0.4757765564535341,-1.094088414581421,-0.7867634857250086,-0.1060624561037235,-1.1198676149955804,1.1402241304983567,1.280580931155136,1.1224694536909925,1.251745616584942,0.5222941760881862,0.0643011655230796,-0.0379001429271286,0.4093116424578748,1.262028791172646,2.8084353380431555,2.83935372977846,1.7231769159996504,1.2908357312582823,2.893912829738328,3.0245282294758646,1.8105167831143456,0.0279713080016199,-0.4569240331014541,-0.4261546940485648,-0.1233831241766409,1.077431605141568,1.1355228636071386,0.919174661415374,1.2759265687640606,1.1903772570689584,2.9210812999822733,3.014768840268082,1.7582134020524862,exact,9
UBERON:0002094,exact,direct,heart interventricular septum,Mistral-Small-3.1-24B-Instruct-2503,-1,1.0787942358496398,1.7622455686407223,1.6144082356722294,1.4164240143733675,1.0655464553973124,1.5213365139961743,1.3695033973973314,1.3215859736723017,-0.3158603113879481,-0.4907732287847062,-0.0842709213285949,-0.4432702476045911,1.2238820824075405,1.15832079911024,0.9746292305523204,1.4029077896518127,0.9068735642805644,0.8302822226453492,0.5616610518216438,0.96298306762863,1.2515460641810945,2.5450469192756016,2.461990248255982,1.6844668912623486,1.1278961364936275,1.115600403164687,0.9185390848506304,1.352882741821445,-0.1402267816934015,-0.5679938329521607,-0.5396658028903474,-0.2864867942627322,1.1563740849085469,1.819180265630567,2.102428365585664,1.4510111633496248,1.1504239960756777,2.1401941927361032,1.8226027317432296,1.5597962024913818,exact,9
UBERON:0002094,exact,direct,heart ventricular septum,Mistral-Small-3.1-24B-Instruct-2503,-1,0.912381423555016,0.8788010203039771,0.6821391894449514,1.0440742158946716,0.7167898882917073,0.3944022319845543,0.2426401905880937,0.6956940526616643,-1.772820916178319,-0.8782297535069947,-0.1134765361696077,-1.650818906386271,0.8673484690528593,0.2452320238399962,0.1104201833786967,0.8342451872723369,0.1547748880777382,-0.2736460653644135,-0.2789539375593924,-0.0162341500405963,0.8277661189511715,0.3004730438132801,0.1906775514403106,0.7899988053542366,0.7193616710163897,-0.0019846682973921,-0.0389568968394679,0.6563257071806124,-0.8231929106290093,-0.8583619826234635,-0.7800313898612329,-0.8855059309556561,0.5253360906963287,0.0113112446782695,0.0302537771174362,0.4133809100024193,0.8798587808929154,0.4839554629257438,0.2072321403308883,0.8906580607308129,exact,9
UBERON:0002094,related,direct,interventricular septum of heart,Mistral-Small-3.1-24B-Instruct-2503,-1,0.9882393910957776,1.210847895113182,1.004849184303414,1.1995270135995522,0.5192395731648085,0.0698741449067716,0.0040281644859023,0.4205535673014108,0.3295289311288251,-0.0920738014876451,-0.0450077913381685,0.213494408558712,1.09207275793636,0.7765385428677802,0.6592433510708692,1.1707859507333105,0.49139151710126,0.0799998321810675,-0.0070335358463731,0.3705458678026132,1.261599426828811,2.7465605589972,2.698101526770796,1.7215417886155926,1.1021821584306242,0.9841489101309744,0.7986538658484343,1.2970046356512044,0.0675799026967426,-0.4198280645957474,-0.423376768547885,-0.0838128054276527,1.0406390108161516,1.2265191105976232,1.0019782745782058,1.2018791045425774,1.11386557801929,1.6361862266079774,1.2297898687999758,1.4287455605494428,exact,9
UBERON:0002094,related,direct,interventriculare cordis,Mistral-Small-3.1-24B-Instruct-2503,-1,-0.0059491843300194,-0.4903435717377246,-0.4475432665214584,-0.1904483118570658,-0.4066981747145937,-0.6945017728287338,-0.6401639353750528,-0.5695157876659906,-0.9528316692816352,-0.6381857444435525,-0.0901859634972795,-1.0034807216688508,0.2217448488826398,-0.4498432684011523,-0.4695396856815797,0.0752818994337196,-0.5099726177952155,-0.7080256925194697,-0.5794391148158683,-0.6526369161636623,0.3471229702755667,-0.2433955400713597,-0.269777105986535,0.1790116227840014,-0.2852807527243765,-0.6579843296802447,-0.5827687469024981,-0.4384053475606734,-0.649212448013639,-0.7416179264869878,-0.6700085585756334,-0.7408496704554464,0.0363435178194502,-0.4099944042517586,-0.2016911536052751,-0.1362799666364784,-0.2035011853945381,-0.534996433127777,-0.4452652418070557,-0.3964125222878106,related,9
UBERON:0002094,related,direct,intraventricular septum,Mistral-Small-3.1-24B-Instruct-2503,-1,0.9547269791829216,1.0643987732300486,0.8252862624954989,1.1285345260964286,1.000802683268854,1.1893758256374527,0.9718947478517498,1.1835698685814997,-0.8692431871988915,-0.6319072303515741,-0.0838745453693951,-0.9334469013402316,1.4471418277918942,2.593371570730884,2.673166731798041,1.9195047421666624,0.1950903141821422,-0.2441195923381706,-0.1912312063613335,0.0271558083750998,0.8552887917264789,0.3642181394281812,0.2352268695181755,0.8320148440823073,1.0378323840067596,0.7567305363214835,0.5937431268735888,1.1675899619819297,0.5114971340575674,-0.1832099436343333,-0.2278684341608216,0.3984876789907229,0.6393304383585374,0.1701872896767893,0.0970761977962589,0.5617625125947547,0.6553502166194645,0.036760665471596,-0.1001908227714118,0.5389840123170987,exact,9
UBERON:0002094,related,direct,s. interventriculare cordis,Mistral-Small-3.1-24B-Instruct-2503,-1,-0.2493337537153075,-0.6267078156901725,-0.5479192670972213,-0.4324596473014065,-0.792397822571367,-0.8543852181672128,-0.7449741205759364,-0.903991457655965,-0.907743088534982,-0.664268006564914,-0.0942306589544077,-0.96581576144643,0.0649846341434149,-0.5278574598501611,-0.5055240756273344,-0.0822998112544686,-1.5629384236662942,-1.0827199237706386,-0.7937542021611379,-1.4704909225040486,-0.0548681606484881,-0.4765065695847333,-0.4526396561939652,-0.2303991817738978,-0.3394401003932757,-0.6879440575117993,-0.6178750140349673,-0.4871651960248408,-1.1512974868922057,-0.7750368025764738,-0.6836299783675382,-1.1468362665287952,-0.1012861059145505,-0.4290686117172025,-0.4344522078798133,-0.2730476808291132,-0.5376736515731897,-0.6679908418212915,-0.5198488469377032,-0.6825902132631892,exact,9
UBERON:0002094,related,direct,septum inferius,Mistral-Small-3.1-24B-Instruct-2503,-1,-0.4486986069008015,-0.7345103289991424,-0.6430508641681105,-0.6174347467511425,-0.4015565999210452,-0.6809275948630705,-0.6068348290588957,-0.5648374279174182,-0.0876222219911943,-0.4842607552890534,-0.0755022894166237,-0.2241190901684154,-0.3131296993298474,-0.7305652490406492,-0.6939489733286592,-0.4358744366957218,-0.6846360627230698,-0.7912083463372194,-0.5940574511436476,-0.8010775415923164,-0.0355079740660288,-0.4608615927710667,-0.422538844556541,-0.2120037077198742,0.348539490652864,-0.3416009779168457,-0.3350489270173754,0.1964167490450303,0.2318988026471262,-0.3967185348694516,-0.3799274246368928,0.085735943962977,-1.6233880196300532,-0.946614072647488,-0.8828361921333343,-1.5148030825941103,-0.2936489975115917,-0.6009596780106011,-0.5031107217442419,-0.4763594312260961,related,8
UBERON:0002094,related,direct,septum membranaceum,Mistral-Small-3.1-24B-Instruct-2503,-1,-0.4094781973570475,-0.7061500202704476,-0.6084643330260547,-0.5818667003974944,-0.4370296608739674,-0.6867756762074576,-0.6057868737911168,-0.5969850666125462,-0.3172265387189935,-0.4839457248576611,-0.0824106826641307,-0.4445474238000106,-0.6432798236580901,-0.8114705675971323,-0.7317247900102668,-0.7210797340951798,-1.6521738761188571,-1.1008782742084504,-0.8151502245429941,-1.5328141410145733,-0.3841856684047685,-0.6160018770449264,-0.5637329427307476,-0.5279583052730055,0.2289637436494856,-0.4459011454964838,-0.4289591573809106,0.0654139886937294,-1.0151162753364975,-0.8300408970682441,-0.7364503172667451,-1.0400429966816362,-0.824776332697713,-0.729927453817285,-0.7456976414542694,-0.9118092943540156,-0.6235906813160856,-0.6875798660218791,-0.5436284995600255,-0.7521115275583594,related,9
UBERON:0002094,related,direct,ventricle septum,Mistral-Small-3.1-24B-Instruct-2503,-1,0.9259944069427118,0.9409086500380098,0.7277725335999512,1.0706485593166646,0.482465004984279,-0.0061299148120254,-0.0939689976610582,0.3730776641886099,-1.0895560035172738,-0.6993391666391642,-0.0947666345857514,-1.1161695802400535,0.1352483200739632,-0.4715964714025158,-0.4993297000270841,-0.012591516905704,-1.220204360366009,-0.9976177724946332,-0.6809000019774373,-1.222365013198664,0.8484539502850277,0.3438590678402027,0.2199672435812265,0.8214759822223746,0.8512933053635231,0.2508059730352409,0.2074988274968042,0.8490586700258262,-0.8486742557879402,-0.8774957611159263,-0.79316384762882,-0.9063137767120746,0.630556748223969,0.1583156764954083,0.0354522910864143,0.5499714699993858,0.8451709063304075,0.3862234849542179,0.1241535297122503,0.8300871795509289,related,8
UBERON:0002094,related,direct,ventricular septum,Mistral-Small-3.1-24B-Instruct-2503,-1,1.0553163586270091,1.588610053317618,1.4056309835509484,1.3558810038783764,0.8458549862885896,0.6580587490458861,0.4632616252149605,0.8995491222588646,0.1552829912966781,-0.3672775834151151,-0.0663241664427958,0.0238667907957084,1.0420902964524712,0.6048185774786895,0.4524237863618423,1.0905800805161774,0.537558589981176,0.142323369936797,0.0817536287267869,0.4287040747941226,0.7072333934932796,0.1106838754567858,0.0234133706703674,0.6175839651030942,0.889946226436252,0.3203090815837381,0.281091286978664,0.909842883477962,-0.5608493246821807,-0.7850449730252959,-0.7162424865184823,-0.6655280054606197,0.7019200979651433,0.2682089664850299,0.1424168831022549,0.6478920492890344,0.920790400634995,0.5784795146732957,0.2680205366920187,0.9662291340664316,exact,9
UBERON:0002125,exact,direct,lobule of thymus,Mistral-Small-3.1-24B-Instruct-2503,-1,0.7955204269911308,0.6154507604859799,0.4695271416989191,0.8341092405801263,0.4442305122286293,-0.0302573531072429,-0.1256691165202275,0.3247573771604305,-0.4544646514016593,-0.5634462987000852,-0.0845342331393087,-0.5709569465420834,0.8891007897659997,0.681264239196341,0.5448296149943127,0.8644322105368858,-0.1797413714237017,-0.5568893062584798,-0.4895709838901628,-0.3528260968500111,1.218277363176381,2.1060802471221653,1.90505074002544,1.5748801070499554,1.2659421084399871,2.6133201312529803,2.6245592990335407,1.7218147999996254,0.9065361836378718,0.3172909234550054,0.211750809925143,0.9191717768055562,1.027463820627926,0.8900723581552725,0.7353613450083628,1.1763062216081537,1.1784367394280253,2.491327611721684,2.3535163597933373,1.6883868285586945,exact,9
UBERON:0002125,exact,direct,thymic lobule,Mistral-Small-3.1-24B-Instruct-2503,-1,1.1611159371266329,2.769948812090456,2.719730530790148,1.667152742510899,1.1917957626977125,2.536886974361908,2.5065815279253365,1.65059177206273,1.0936464075355992,0.8239406607500874,0.0507535796458371,1.254517045283005,0.5658220610833629,0.1447475327298877,0.0583255102006722,0.4524029811055838,0.7627389471386896,0.4270204447492359,0.2170949942130585,0.7369720557307237,1.1093199809720753,1.2317697702576709,1.0440885963223248,1.294832929267997,1.2257854745727832,2.070790364732957,1.923007202303737,1.5979754603587342,0.9533464742996364,0.4037513134658032,0.3055767349168425,0.9901482241570856,1.178753321416545,1.7178831659651497,1.6065455511017408,1.5058259872286954,0.9936409745566418,0.7698563037798877,0.4601730719476365,1.114846950845292,exact,9
UBERON:0002149,exact,direct,superior salivary nucleus,Mistral-Small-3.1-24B-Instruct-2503,-1,0.9419768003092264,1.0477188782348892,0.8551604671884502,1.1025328206241138,1.038349924296322,1.3372872803147977,1.1438951529103063,1.261795724457361,0.5075675950025079,-0.0205275067369372,-0.0116270515199931,0.4200758713584822,0.4850440504174683,-0.1620970591433227,-0.2000778075736947,0.3592901161315203,0.998042998957678,1.054139869151781,0.7628774811718106,1.1227946616193465,1.1545409074843525,1.5179418234833408,1.3202991928226917,1.400720252036478,0.8918034422114237,0.4247534675699165,0.3051721119406869,0.9128212672990792,0.8127386756811612,0.1308199353177509,0.0830765504779358,0.7841109880989588,0.863363002239567,0.5324644196389662,0.544974290405285,0.8895695541411841,0.9605981462447516,0.772146387878065,0.4554669137995282,1.0448542357279818,exact,9
UBERON:0002149,related,direct,nucleus salivarius superior,Mistral-Small-3.1-24B-Instruct-2503,-1,0.61223113059268,0.2328861686311404,0.07311390729537,0.5512861793954879,0.5201489198017584,0.0456347426208266,-0.0073468291003142,0.4217405413541965,0.4925721916991689,-0.0674016479250759,-0.0415621433112886,0.4020979293875661,0.1896403844256693,-0.3635141963119978,-0.396327293407025,0.0423887051755059,0.3305101265065724,-0.1331860301661574,-0.2072087544438625,0.178317454596699,1.0790172786543124,1.0853385489338276,0.9054249557713836,1.2295431827804424,0.8384889136613293,0.3307643138373321,0.2151998000511905,0.8294027516673743,0.2747140703817561,-0.3352816435868671,-0.3628490519968999,0.1314785541811674,1.0001283392162392,1.008627430207681,0.9396577788327324,1.1246685904596645,0.598849482864324,0.0338061458016303,-0.1022641496489617,0.462030706264861,exact,9
UBERON:0002149,related,direct,nucleus salivatorius cranialis,Mistral-Small-3.1-24B-Instruct-2503,-1,0.3641202557390794,-0.1022427855256454,-0.1591585167616699,0.2245761314159333,0.194027396055518,-0.297009927112524,-0.3109035614339823,0.0305356450209911,-0.3895576924466922,-0.4938319100262796,-0.0623972146307462,-0.5116264572456546,0.2330049604501859,-0.2524130688127187,-0.2999810896246283,0.0868991930602806,0.2426425072921553,-0.209557215838467,-0.2835706530381723,0.0792494214972771,0.7396380415403382,0.2013146294092215,0.1074837923017743,0.6622714447388505,0.6386651359211344,0.0211800565423287,-0.0029067868583275,0.5475122640792003,-0.0006253143945947,-0.5296396160302521,-0.5074414223643056,-0.1516638552764608,0.3759352959563958,-0.0876011777688745,-0.1882817466099697,0.2325170147627355,0.4057861737559902,-0.1717384344910521,-0.2376836345746718,0.2218203644044745,exact,9
UBERON:0002149,related,direct,nucleus salivatorius rostralis,Mistral-Small-3.1-24B-Instruct-2503,-1,0.1198513291081759,-0.3319631131810679,-0.3451379893323009,-0.0567660789413691,-0.2254384434902868,-0.5941302215649258,-0.5365667512794021,-0.4004838047054136,0.3174534057862301,-0.170582321810914,-0.0471975139841962,0.1999847248854551,0.2386047096850393,-0.1962324376592937,-0.2159939818475785,0.092692440286505,0.3437714102072063,-0.1115820149875762,-0.2032093037201335,0.1936071283220856,0.5803058394777425,-0.0050201571149131,-0.0845255318306585,0.4521816692772424,0.6460573032106762,0.0395164188619893,0.0289831286053409,0.5572369241634735,0.3542777818242819,-0.2997963233338356,-0.3293647841983763,0.2184056329419544,0.2382113084076992,-0.2342635798462946,-0.3362732414694362,0.076792425876971,0.4420711054532729,-0.1367141888639725,-0.2061441306020967,0.2646807933158767,exact,9
UBERON:0002149,related,direct,nucleus salivatorius superior,Mistral-Small-3.1-24B-Instruct-2503,-1,0.5465105946543694,0.1307325799455308,0.022405225753119,0.4596044507952848,0.4930595533770268,0.0180231802440922,-0.0964532209811267,0.3866516411921546,0.5906361409939156,-0.0370900256333187,-0.038069566355839,0.5218498097642578,0.7988351910964033,0.4034408912571354,0.2888686587945016,0.7418331472111456,0.4293225725001505,-0.0383507624722545,-0.1244205246986123,0.2945679521205999,1.0653301017414576,1.0204500456545174,0.8436244865404193,1.2012803054805192,1.2340860670537814,2.1451267720011016,2.033420332382476,1.622057647197245,0.5495627525622123,-0.1873412133095362,-0.2369467802931563,0.4439724086202356,0.8990625490447556,0.6987103700191308,0.6271380552156459,0.947718981767526,0.737187655503708,0.228794112119803,0.0165046780722961,0.6574491296069721,exact,9
UBERON:0002240,related,direct,SpC,Mistral-Small-3.1-24B-Instruct-2503,-1,-1.3088236296870364,-1.0484975357499733,-0.8546236920579551,-1.321453128406246,-1.6069456550359682,-1.134046133165174,-0.9145167211012006,-1.5300127742664569,-0.6087059442851469,-0.5643544590476831,-0.0706789196681104,-0.7089241549701735,-1.963799640023261,-1.1708485405011744,-0.97962909337445,-1.7272905577555977,-1.4079648625709602,-1.0842450323188706,-0.7567601817582945,-1.3600920477898255,-2.603411754807113,-1.013775356758638,-0.8488531439932312,-2.134757759203846,-2.5744255923063664,-1.0758931241552077,-0.9181800948584616,-2.150495703087996,-1.4127613271491837,-1.0302820505562815,-0.9036297739093684,-1.3460047050638109,-0.991083977570665,-0.8950089965001828,-0.8341325146073517,-1.0444165471464473,-2.58411067132964,-1.0334923305886763,-0.7136008741167201,-2.081168119986953,related,9
UBERON:0002240,related,direct,cerebro-cerebellar fissure,Mistral-Small-3.1-24B-Instruct-2503,-1,-1.7791466437366754,-1.140558912923172,-0.8996164551833024,-1.661758228637174,-1.4022129769328526,-1.0663308257766255,-0.8770897076416,-1.3808226743219103,-0.4379783284700189,-0.4524828291035751,-0.0724904898388245,-0.5559618052246496,-2.0265253910059493,-1.2960773409432171,-1.091635934124866,-1.7714193755974,-1.0757261642591027,-0.9424346511741892,-0.7363996549360999,-1.1131431783202916,-2.578375516115058,-1.0158288111281375,-0.8522163166771968,-2.1187330382258653,-3.18360398690289,-1.1896954837132474,-1.0028968578026694,-2.540229608087622,-1.209248290473118,-0.8833771510227093,-0.7811073780952861,-1.1916192495358495,-2.225582856027602,-1.095459800634516,-1.0167026154499714,-1.92464710938974,-1.4475570921842251,-0.879392994617758,-0.646196053008193,-1.358925786697364,related,9
UBERON:0002240,related,direct,cerebrocerebellar fissure,Mistral-Small-3.1-24B-Instruct-2503,-1,-1.7885429394713388,-1.1353038159962656,-0.9041512885685142,-1.6683169964242273,-1.2589959292248047,-1.01485142551103,-0.8259965529272792,-1.2735133910629026,-2.0479835264577124,-0.8724686954175198,-0.1086341055613304,-1.855489599965648,-1.549012334617362,-1.1643884043537378,-0.9875648689129986,-1.4286390069019947,-1.4844662845774037,-1.0760923672278435,-0.8080620766430331,-1.4149427042290157,-2.800600086924473,-1.0378759190931923,-0.8704253436460273,-2.2600218897651017,-3.20028549491817,-1.1914042955910435,-1.0012444577699775,-2.550698949769156,-1.0866268924836475,-0.906007463632559,-0.8015705196131071,-1.0964008577390354,-2.266408788553885,-1.090877398277163,-1.0281165311085574,-1.951359061762273,-1.4899056808736688,-0.8765238396915456,-0.6488715714405873,-1.3877933781120717,related,9
UBERON:0002240,related,direct,fissura cerebro-cerebellaris,Mistral-Small-3.1-24B-Instruct-2503,-1,-1.754551500717108,-1.1259343084688298,-0.8889918327825209,-1.6445495139216233,-1.497583326358209,-1.0966444796806183,-0.9022234689764734,-1.45090845602076,-0.8159333815942688,-0.6481720090223996,-0.0723460019477035,-0.8883000428730707,-2.039722459642628,-1.2748336242376173,-1.072824111726332,-1.7806723625434446,-1.3295164930960026,-1.0277440305683423,-0.7790386625056765,-1.3031001038734675,-2.8098240043694407,-1.0386368152004204,-0.8681843039565135,-2.2658421319873017,-3.0793100065852275,-1.1662412063738945,-0.9834529243679012,-2.474553165735882,-1.2014928434694752,-0.8854362014198582,-0.8048537098813708,-1.185648048752603,-2.627615599275269,-1.1447234907441115,-1.058963787472764,-2.1826206763583587,-1.4355474289355186,-0.8621227787972975,-0.6391807633582776,-1.350705131129039,related,9
UBERON:0002240,related,direct,fissura cerebrocerebellaris,Mistral-Small-3.1-24B-Instruct-2503,-1,-1.6686318837592504,-1.1054118335503005,-0.8806734273431424,-1.5839585839996986,-1.1178289883669257,-0.975768651371364,-0.8017902708919384,-1.1651265577251275,-1.7114513314524515,-0.8698281677631777,-0.1047845306963258,-1.6044437355593528,-1.6706042566230173,-1.171587590453801,-0.9967131676432998,-1.5175053854786384,-1.5153754261863115,-1.088260628941042,-0.8077238897352957,-1.436907284749256,-3.004038921852369,-1.0580134936792185,-0.8840413943689223,-2.387642194715616,-3.075639202277024,-1.162980087678573,-0.9793221450179852,-2.472234443115446,-0.9019863558453098,-0.8494631218974587,-0.7628773409800268,-0.9495531579575308,-2.677559077957853,-1.1389594311566564,-1.0749309729621896,-2.2139255592499283,-1.4473733919128262,-0.8581613531838159,-0.6398945804437464,-1.3588001576411164,related,9
UBERON:0002240,related,direct,medulla spinalis,Mistral-Small-3.1-24B-Instruct-2503,-1,-0.1440034685653619,-0.5728039088648338,-0.5314062813133746,-0.330147490678051,-0.3000180691658056,-0.6361921621964808,-0.547665769095491,-0.4710871364219672,0.0514666476590763,-0.1621748281627027,-0.0479519285641947,-0.0842193272767384,-1.333435708932112,-1.0469218980494712,-0.8984862274669765,-1.268036007683743,-0.2159035977118081,-0.5601367794670532,-0.4763158922652384,-0.3870474385749521,-0.1022404725399266,-0.4918641866587785,-0.4562748305573503,-0.2749446547901162,0.7228302406320617,0.2721405490617577,0.1596190080613346,0.6611414756392124,0.4982481639684101,-0.2669938242073177,-0.2702548298175549,0.3828408450879186,0.5113059071567669,-0.0571520462129199,-0.1115443085195889,0.3957881303326884,0.4567712552611768,-0.1449982245241629,-0.2230737594702408,0.2823168728110662,related,9
UBERON:0002240,related,direct,spinal cord structure,Mistral-Small-3.1-24B-Instruct-2503,-1,0.6835901392211955,0.285785950974723,0.1604009903071909,0.6560891640997987,0.8338859344394786,0.6071346045609191,0.4628629288539665,0.8796095906544756,0.0929299153188427,-0.0842688181280441,-0.028879017909742,-0.041450833254836,1.2349431536673166,1.2097087613418018,1.1267803790274666,1.424076262400707,0.4058144243203889,-0.0598397819618239,-0.1485029770498445,0.2664096642045779,1.2967928514333014,3.827743189041172,4.218868275655595,1.8753688013579937,1.3054410718252256,3.527220611732986,3.667207834524126,1.868856684968238,1.0030139834629954,0.36486886151428,0.2442170547500917,1.068492192530231,1.1646638030541063,1.661082812125542,1.5047109392390936,1.470998894707949,0.7818706824735137,0.2629512301492294,0.0463052654129629,0.7263095071855495,related,8
UBERON:0002240,related,direct,spinal medulla,Mistral-Small-3.1-24B-Instruct-2503,-1,0.1261551554808133,-0.3891048986963135,-0.3929461005354368,-0.0498884810142359,0.1545341066316396,-0.3326114732978161,-0.3194311526479432,-0.0129522132540655,-1.2445073497601358,-0.7473072853067314,-0.0939529524921651,-1.2413145978744329,-0.0774782613689589,-0.5709593960979293,-0.5322774319232852,-0.2194902994896133,0.6107646791469046,0.1978042343080876,0.026559632965061,0.5241102233250055,-0.1157850350781686,-0.5011645114110813,-0.4494520975215602,-0.2875628959057229,0.7472961533849003,0.3065897230373389,0.1949128814458479,0.6954624682300825,0.7279629597738734,-0.0642405094534772,-0.0971444598251725,0.6690074103074497,0.254220987423723,-0.3172587231812062,-0.3841656196318538,0.0944212498253514,0.5713181787064012,-0.0451665263470672,-0.1596423333310212,0.4257668990431826,related,8
UBERON:0002318,exact,direct,spinal cord white matter,Mistral-Small-3.1-24B-Instruct-2503,-1,0.8664275235051416,0.7702311777266284,0.5803075705242698,0.957924659803836,0.9184971056795737,0.8203237749150234,0.6558728978949325,1.0261128898917844,-0.7335914376313156,-0.6020405232904883,-0.0916540416018428,-0.8177889604048757,1.062194596181113,0.728092085640949,0.6077454161684843,1.1224071658011587,0.9272635712871118,0.8663838223867667,0.6035941829302502,0.9974041789778232,1.248104684245434,2.493937390444094,2.360966287283385,1.672266536967986,1.21345364337189,2.51215548992903,2.414027593296583,1.5633985601962297,-0.1382414889199709,-0.5917035048394418,-0.5594710880908428,-0.28460510969742,1.1379331079093349,1.6453601599334915,1.5366573186371866,1.407770594661401,1.195839760083086,3.332820572757576,3.8374224314234384,1.7957253878264805,exact,9
UBERON:0002318,exact,direct,spinal cord white matter of neuraxis,Mistral-Small-3.1-24B-Instruct-2503,-1,0.613487446271003,0.2142281797413645,0.0985315529945611,0.5530815075381447,0.579565520342278,0.1124395206329967,0.0207717103268843,0.5007437772222458,0.8363680978723597,0.5126963714492068,0.0262590756043646,0.8491914070468493,0.883166030301196,0.4737659232026982,0.3221925138636621,0.8561532766050037,0.8929834662477022,0.7765570645617045,0.5259598640359959,0.9399248676980804,1.2265037406090558,2.157317677455386,2.0227311307921307,1.600417807748161,0.6168759787257058,0.3020539998161955,0.182945162816922,0.5191128820731574,0.0945059857774511,-0.3623832273436939,-0.3961633718406763,-0.0566389951171996,1.1424432693253692,1.7939448429981704,1.594577449772339,1.4181972773358882,0.8678790463401107,0.3999723724768439,0.1318470228335022,0.8694073580182161,related,8
UBERON:0002318,exact,direct,spinal cord white substance,Mistral-Small-3.1-24B-Instruct-2503,-1,0.588697633417495,0.1262259500426617,0.0142704545446207,0.5179615150497313,0.4872757670815503,-0.0341180339261116,-0.1012080044428685,0.3792311326560801,0.7203346030730573,0.3235224967906457,0.0032914895132706,0.6891085885058076,0.9183748682826444,0.5351885002134753,0.4341655537669793,0.9057580892336884,0.4742514645815552,0.0378112893022103,-0.0101140127915516,0.3493199141810114,0.8813142037208498,0.4265789302792557,0.2787204103060901,0.8728147355019649,0.880714375814641,0.8257961540458933,0.6449776403704501,0.8951189412143974,-0.2667205269610327,-0.5674932216458649,-0.5489484326800309,-0.4044291423049013,0.8855742425623114,0.7132869695554456,0.5528248192136009,0.9255127522662124,0.8356515169855531,0.3361661417111083,0.0981631136043917,0.8139558040239351,exact,9
UBERON:0002318,exact,direct,substantia alba medullae spinalis,Mistral-Small-3.1-24B-Instruct-2503,-1,-0.1921369755059628,-0.5727629571895391,-0.5258513930587653,-0.3773300371304329,-0.6884861378259319,-0.8253274321554754,-0.7125150038072283,-0.816837962974334,0.294732467991791,-0.216106135995877,-0.0536972559724892,0.1747225125051966,-1.61540620188923,-1.116384904660496,-0.95589514573851,-1.477308507546753,-0.2517071189169252,-0.5578128426396441,-0.5001455440674099,-0.4205664051005896,-0.0789559186731174,-0.4856475883464544,-0.4606863526028987,-0.2531309304287347,0.4693453627920696,0.1520011829046532,0.0828598177969416,0.3361186045198547,-0.7125639126350258,-0.7005498199955884,-0.6544509186003552,-0.7940625791920217,-0.2917973543796222,-0.4895575828795462,-0.5299343697794968,-0.4529912868680013,-0.7267951450264204,-0.7341682348712082,-0.5707363483529558,-0.8337570127774235,exact,9
UBERON:0002318,exact,direct,white matter of neuraxis of spinal cord,Mistral-Small-3.1-24B-Instruct-2503,-1,0.6490119099675153,0.274170047434957,0.1088111886604249,0.6045652463839554,0.7595812094552324,0.4278461444679903,0.2942711386577443,0.7607393917186579,1.2536223915345537,1.4829619047167373,0.1436655522188459,1.563760103143631,1.0558261254283907,0.8516556329999375,0.7097666904979641,1.1122642238107876,1.0170694944740672,1.1469175178179754,0.7850406007788228,1.1582678662263333,1.2892875322786697,3.4927161342551134,3.738410081383744,1.838360937574199,0.5189246654988384,0.1565632687128237,0.0388906759130458,0.3959425103761526,1.0656186417432196,1.041364460346818,0.8534969148406811,1.1723892566641334,1.1402114221323338,1.7623123309418138,1.5695320753733617,1.4130260009991669,0.8645724414549293,0.3815477471178982,0.1140418699923597,0.8636052299085597,related,8
UBERON:0002318,exact,direct,white substance of spinal cord,Mistral-Small-3.1-24B-Instruct-2503,-1,0.5568503438342373,0.0960736119300599,-0.0027146114890425,0.4737498241286901,0.8909379231016784,0.7351548789682041,0.5550006812350383,0.9769038945035764,0.9626456036851174,0.7432158747828805,0.0482515231813486,1.037736421036929,1.1685533818750318,1.1796161133478018,1.0239493192946962,1.301307814951297,0.9670495832630076,0.9838375808609204,0.8150711498674816,1.0666849386719195,0.8789346353423075,0.4173383258444423,0.2491631051704891,0.8690387239786543,1.0528825593510271,1.3899022795112643,1.192215730200716,1.1966880681207313,1.0859920856773542,1.144381933311974,1.011596218019041,1.2076097223144906,1.108697482410817,1.589618846789268,1.3816263289943087,1.3423100672968165,0.7791306587624784,0.2162031788916764,0.0209778435212346,0.7219902785284801,exact,9
UBERON:0002326,exact,direct,lamina propria mucosa of urethra,Mistral-Small-3.1-24B-Instruct-2503,-1,1.036986803262698,1.560651040397345,1.370343296587178,1.3109403296562112,0.9816357373310248,1.128241658650026,0.8830484472664907,1.1453229283198094,1.1547071479140965,1.4615858297882165,0.1300875864094568,1.3654481746289862,1.0050184248083776,0.8960232477514475,0.7804797861759878,1.033303942832578,1.2021613172965375,2.036935023724335,1.7811522934931523,1.561006647430721,1.070821325621555,0.9928937469782664,0.7942679807742459,1.2125342523381224,0.758722821244217,0.1099667127296444,0.026988705163926,0.7117101994602434,1.3903831168706149,3.0784047760537163,3.065447054749023,1.878288713470228,1.13003871695716,1.712472799665248,1.5007213882138857,1.3897400067307333,1.161646741026959,2.204585751131781,1.9148947703746155,1.607149597095134,exact,8
UBERON:0002326,exact,direct,lamina propria mucosae of urethra,Mistral-Small-3.1-24B-Instruct-2503,-1,1.0130500614314937,1.4247077277037294,1.2402503099889692,1.254887975697606,0.95517460440697,1.034150594795186,0.8469011561080332,1.0941740497430774,0.979801955288124,0.932569002968279,0.0626271418569389,1.064746589626148,1.166730074364349,1.3648822573242592,1.215762963295249,1.2980711871673567,1.0757588321486995,1.3550590812239414,1.0123733425104688,1.2733406007079382,1.077019156189735,1.020841141342768,0.8285280245909167,1.2253726083003886,0.7952302605586684,0.1711185626679955,0.0758265804791123,0.7646095621572516,1.3494778747781728,2.602939325236727,2.5231710071992883,1.7629588893192274,1.0608485944635282,1.3267600869589402,1.112665381089342,1.2420479663022423,1.1044457789901097,1.4033724233175704,0.9872328568783024,1.3990020939156798,exact,8
UBERON:0002326,exact,direct,urethra lamina propria,Mistral-Small-3.1-24B-Instruct-2503,-1,1.002815990161479,1.3839160970326505,1.1817679024442855,1.2317372339862365,0.9160191166799944,0.8887374801197278,0.6837128237645405,1.0216236614882463,0.9086168931074262,0.7135845955727612,0.0613913512137301,0.9549786617234616,1.174405412652244,1.2858339717223402,1.137325705905493,1.3117411852314147,0.5423341215077201,0.1187635657741555,0.0052641778358552,0.4348051710163266,1.2399201403626456,2.371101781307761,2.323943602858716,1.6441399328957844,1.2104131915529095,1.6965998354051182,1.5208286181970967,1.5550775390629852,0.1833309755960813,-0.3520195096512473,-0.3576447510561672,0.0346653206082898,1.0732174029625343,1.3598626550641189,1.2200559126220143,1.2672346622176387,1.19391606735338,3.118113219791084,3.5122457090169754,1.7819843277597505,exact,9
UBERON:0002326,exact,direct,urethra lamina propria mucosa,Mistral-Small-3.1-24B-Instruct-2503,-1,0.8810437517870381,0.862811954032798,0.6186692538140853,0.9847661814298172,0.8361262974177881,0.6625693211148791,0.4628357666557294,0.8833238749735609,0.945962236135591,0.8610389633473735,0.0773762813930945,1.0118193143630865,0.8406512662903063,0.4454407054892494,0.3233199321777352,0.7977697339586836,0.5623286885733817,0.144529350231842,-0.0129804417738488,0.4605302794674762,0.9666253620043276,0.6292839129189599,0.4495865769743445,1.0150913220550348,0.7241141862909016,0.0609441872335712,-0.0204978375974333,0.6629271977007407,-0.0062859891611809,-0.442005243104535,-0.4208934891874307,-0.1572340636322793,0.7585169404611741,0.4518308769296946,0.3138444082227382,0.7291123221370617,1.1446477577665766,1.8647916049344169,1.532300471295571,1.537011667528642,exact,9
UBERON:0002326,exact,direct,urethra lamina propria mucosae,Mistral-Small-3.1-24B-Instruct-2503,-1,0.874037723513401,0.8355914081811262,0.6272905905581033,0.9718383250575714,0.8266888169063856,0.6381831740204186,0.4226441534865179,0.8677325178710251,0.7680016973740778,0.4423836102656438,0.0097792138101389,0.753543476305717,0.9723508319086422,0.7119814391369608,0.5814640204924325,0.9842350416694744,0.2984686869248549,-0.1719349402567134,-0.234533036009359,0.1417501241209221,1.0408491083478952,0.8757593391681945,0.672451417912686,1.1524002686069734,0.7959503139195803,0.1647112882596619,0.0627952207980348,0.7656687076520768,-0.0885241275008538,-0.4608858987490581,-0.4417394828454828,-0.2371564831874618,0.7953231174568877,0.5133963486855517,0.3790617421135632,0.7838458121289732,1.074848878802945,1.1317057902742256,0.7397620517227189,1.3129157129989415,exact,9
UBERON:0002326,related,direct,urethral lamina propria,Mistral-Small-3.1-24B-Instruct-2503,-1,1.0262813528947847,1.520648606822952,1.2822936743668245,1.2855255100297172,0.9278887694090974,0.946661182108283,0.7355774338619475,1.0432482997709416,0.8523060056077353,0.5717365970472428,0.0399513293516229,0.8720869059673401,0.977734339821474,0.8075425620558548,0.6789644569213447,0.9922358606239932,0.5348337278748537,0.1122850385950915,0.0135833015499511,0.4252301948613914,1.1475839881382324,1.4287020901548018,1.2234912091314432,1.3836591746455706,1.2105391805045074,1.687068568503954,1.4844745762160017,1.5554208153678295,0.3150323266000254,-0.2371745288757006,-0.2774665088775254,0.1752046694053342,0.8385288767947063,0.5721838740463221,0.4184704360705293,0.8502486746400595,1.1106059302259548,1.4598229003009746,1.0393550587544895,1.4183039580038015,exact,9
UBERON:0002352,exact,direct,AV nodal muscle tissue,Mistral-Small-3.1-24B-Instruct-2503,-1,-0.8505437258642444,-0.888204347529416,-0.7242983571126883,-0.9624126455856308,-1.0657252121476333,-0.9460829885232128,-0.7815441605197947,-1.1244189661748485,-1.692051288204376,-0.8525538466222313,-0.1096153841663225,-1.5897244085512088,-1.818063637227559,-1.156590817628642,-0.9835387481523648,-1.623768164350372,0.1465506016569116,-0.3110591636850162,-0.3515907840202488,-0.0250015943034623,0.4363181835135039,-0.1487762414345302,-0.1974113932772813,0.2795710354364654,-1.4530735682782636,-0.7893113153003948,-0.6858802054725452,-1.3792759880182253,-2.130024830551241,-1.0798425640725666,-0.953715492762817,-1.860327348962856,-0.2636576359108681,-0.626156917925396,-0.5803615828203766,-0.4270314272142593,-0.0871755685911332,-0.5183754400589122,-0.4535676381721812,-0.289744240865298,exact,9
UBERON:0002352,exact,direct,AV node,Mistral-Small-3.1-24B-Instruct-2503,-1,-1.404867468508613,-1.0641311245716885,-0.838411964114203,-1.3930041146109324,-1.0337979041787533,-0.9525639759588186,-0.7874329133336285,-1.099278400963423,-1.2558608913075078,-0.7502187358582405,-0.1053826208569447,-1.2503840706738407,-1.0320710724061737,-0.9042333629195384,-0.7987713618235389,-1.036058773268543,0.6936882186632525,0.3144506024734652,0.1086193720524498,0.6375185164946109,0.8237755785970011,0.3347452482182632,0.1855879394708534,0.7839977717783895,0.3148706761960954,-0.1618707656135048,-0.1905347949489999,0.1588543483341827,-2.990623344210312,-1.2046421102765743,-1.046081304989392,-2.432405944829287,0.9319168838613856,0.7061213321502324,0.5928585522622133,1.003092990420451,0.5849476036178083,-0.0408498942213029,-0.1462981307108326,0.4436241469680485,exact,9
UBERON:0002352,exact,direct,Aschoff-Tawara node,Mistral-Small-3.1-24B-Instruct-2503,-1,-2.2280128705896307,-1.236171657634009,-0.9832231269211024,-1.966170244630917,-0.8426433011798812,-0.8519688866434477,-0.728145166149,-0.9454357394560744,-0.7564112825874671,-0.6993760797581556,-0.1012044747948282,-0.8374272608400165,-1.4805338682373677,-1.0447543149921468,-0.9210300275075732,-1.3780616922631352,-1.846079903962492,-1.180931759533726,-0.8535552552269646,-1.6653245216008936,-0.9226366981434913,-0.7390162821564967,-0.6523124739909393,-0.9671950194790304,-0.4597660728689517,-0.5825382405089542,-0.5499218880762957,-0.5931940493050786,-2.560127122095771,-1.0064621971219398,-0.8845100135088881,-2.151247837613354,-1.323426184155858,-0.9936042143369872,-0.8520974705005522,-1.2976561980016998,-1.4083664969244494,-0.86755957499355,-0.6285888330973933,-1.3320431289409589,related,9
UBERON:0002352,exact,direct,atrioventricular nodal muscle tissue,Mistral-Small-3.1-24B-Instruct-2503,-1,0.7864223932520404,0.5048905999449884,0.3757295978911328,0.818909925740856,0.6334841070573447,0.2598584546910932,0.1363212729406609,0.5750969288527712,-0.7691094997108032,-0.6682913536388446,-0.0921719495222963,-0.8483224410909783,0.4754000150936675,-0.1755223995362216,-0.2197682294044825,0.3483829242853795,0.3376971934103215,-0.1271014745803462,-0.2372928344773897,0.1865923406126903,0.6475517497002469,0.0728243370116191,0.0034876982102632,0.538031500267054,-0.6269183467530521,-0.5995745535161773,-0.5447018812010256,-0.7357311881265007,0.1941112815299953,-0.3465130324392402,-0.3600613027489285,0.0459284477432037,0.1227014206912831,-0.391782177164554,-0.4402371756310139,-0.0471052434296003,0.438187599153979,-0.2047071896207572,-0.2569066087935896,0.2600484149411485,related,8
UBERON:0002352,exact,direct,node of Tawara,Mistral-Small-3.1-24B-Instruct-2503,-1,-2.046857989870456,-1.2110491911732133,-0.9437335556384032,-1.8454090444182607,-1.4922639203265209,-1.0536196768277155,-0.8637735071166074,-1.447026952719666,-0.771562551262376,-0.6851420810639783,-0.0965950031634444,-0.8504245152562274,-1.0412637858798457,-0.9064424753610336,-0.8209365836737492,-1.043278121411262,-1.2561591427507002,-1.0246145989932107,-0.7575803892031362,-1.249094879839587,-0.0945659176607542,-0.4747817384724298,-0.4296801766394781,-0.2677720069671354,-0.222880749066016,-0.4579972502224973,-0.4619706605975106,-0.3813673058846968,-2.575553951514915,-1.0078903810190103,-0.8688078057802727,-2.1614839372455794,-1.2542896774660306,-0.9677064441780884,-0.827429495143802,-1.2461518888493612,-1.747385863803243,-0.9086516603906044,-0.6640342772238887,-1.5595248345564272,exact,9
UBERON:0002352,exact,direct,nodus atrioventricularis,Mistral-Small-3.1-24B-Instruct-2503,-1,0.6929523677349194,0.2947620294510347,0.130011310698463,0.6702954688636431,0.7775351755067115,0.5315902259765242,0.382160695015473,0.7887350330663152,-0.6603485676931249,-0.6633493198863339,-0.0921390589101989,-0.7542341215513723,0.2037816658803795,-0.3678322947913745,-0.365672738628287,0.0568359658425173,-1.3289265744956649,-1.0352276791755035,-0.7871747294647794,-1.302668593596035,0.6859834713709488,0.1155011627123231,0.0210143050413274,0.5888674064946731,1.15632968189371,1.6637655273703225,1.4428662428008328,1.4181253362238442,-1.0786182742203705,-0.8363580686551257,-0.7455581035274593,-1.0901204142102543,0.1404446773636525,-0.3330097326892669,-0.2881415874165075,-0.028431882553591,-0.198667184994354,-0.5785276992810514,-0.4793062713204132,-0.3920612619159602,exact,9
UBERON:0002352,related,direct,A-V node,Mistral-Small-3.1-24B-Instruct-2503,-1,-1.506186859829978,-1.101061415609339,-0.8777612513465777,-1.4672799085842008,-1.0906324572659352,-0.9654302774065104,-0.778817366860398,-1.1439274593247497,-0.4564147003837458,-0.6495503420468293,-0.0929716944837957,-0.5727273097188181,-0.99383772275213,-0.950446798215158,-0.8339513825754279,-1.0059287598833515,-1.085372305767923,-0.9677991738867368,-0.7084274127232454,-1.1205289248966044,-0.0573264521618166,-0.4600188582309076,-0.444885278718804,-0.2327269307676117,0.3775964571111764,-0.1266341871135448,-0.1766057508170454,0.2292920896435132,-2.491183407372564,-1.0439516573885097,-0.897707140354643,-2.105343730508971,0.1875829771911853,-0.2937094239793811,-0.3703077108352681,0.0217956599633078,-0.387271118413278,-0.6260534520012886,-0.4962991368609263,-0.5571327915531415,exact,9
UBERON:0002352,related,direct,atrio-ventricular node,Mistral-Small-3.1-24B-Instruct-2503,-1,1.0956839296921983,1.8681959125067529,1.6805993338567788,1.4623839824591278,0.8983819853235416,0.8565303162749205,0.6668767521059632,0.9900434132598894,-1.1349759424983017,-0.7360792429667888,-0.1037262682166425,-1.1531235181498292,1.0901925232594631,0.7853621937873705,0.5980801677471416,1.16770164776222,0.2252128976572664,-0.2340244579088837,-0.2196452994592503,0.060036851147116,0.9034795199756964,0.4999103829985419,0.3705977875925307,0.9084524642228096,1.3149163379940985,4.012403709103797,4.352554179614473,1.9100919573082744,-0.5988127949372819,-0.6286496340856782,-0.5603849743286617,-0.6980499536434008,0.5510495153235832,0.0690097118538718,-0.0478172831121816,0.4459842002565076,0.2889264845343328,-0.3232796056900437,-0.3395118076248204,0.0896405438361422,exact,9
UBERON:0002352,related,direct,atriovetricular node,Mistral-Small-3.1-24B-Instruct-2503,-1,1.0816989878717949,1.769005308506063,1.6002256364998766,1.4241746519845169,1.181997183820655,2.444626623924755,2.350520480277118,1.620789423199175,0.1687139680927778,-0.2981251679627375,-0.063350252694845,0.038100781221654,1.2529243567797452,1.4185511342028625,1.2352564387956686,1.4591698815841805,0.2901838960321988,-0.1739221206350774,-0.2543922414406947,0.1323793266339722,0.2732278074511073,-0.2756849069309771,-0.2981368004747622,0.0988025724915648,1.2405428988903608,2.4578745119255667,2.3059200984085333,1.641284312937065,1.061853330190657,0.7026907178938695,0.6297898773014367,1.1659604166027515,0.1251727518079786,-0.3515404972224267,-0.3506543178444821,-0.0445118002579357,-0.0373169412782611,-0.5095523269785566,-0.43957099501966,-0.2426922675988838,related,9
UBERON:0002352,related,direct,downstream pacemaker,Mistral-Small-3.1-24B-Instruct-2503,-1,-0.9881328882463504,-0.9485857413477824,-0.8018834398334357,-1.073560722635742,-1.0466110719923087,-0.9508226319823364,-0.8057586702476227,-1.109386103430233,-1.1988218623682851,-0.7595607842756,-0.1079744015316701,-1.2046851563431316,-1.5820739126530532,-1.119820162130465,-0.9661894428896146,-1.4529189234484243,-1.265204561289213,-1.035624466922485,-0.7831461043031162,-1.2557922424245282,-1.579504436325848,-0.8694026177890045,-0.7510855534987437,-1.450635449012884,-2.8527508840384934,-1.0868906548446324,-0.9307162961537138,-2.330473657863167,-1.1565969771783475,-0.8696073378670562,-0.7584452620436288,-1.150947517000382,-1.8237088155591965,-1.13657925029074,-0.9351091701487932,-1.6546738137156234,-1.043125464339448,-0.8252678046017007,-0.6062482642189948,-1.0729510243806573,exact,9
UBERON:0002352,related,direct,nodus atrioventricularis,Mistral-Small-3.1-24B-Instruct-2503,-1,0.6929523677349194,0.2947620294510347,0.130011310698463,0.6702954688636431,0.7775351755067115,0.5315902259765242,0.382160695015473,0.7887350330663152,-0.6603485676931249,-0.6633493198863339,-0.0921390589101989,-0.7542341215513723,0.2037816658803795,-0.3678322947913745,-0.365672738628287,0.0568359658425173,-1.3289265744956649,-1.0352276791755035,-0.7871747294647794,-1.302668593596035,0.6859834713709488,0.1155011627123231,0.0210143050413274,0.5888674064946731,1.15632968189371,1.6637655273703225,1.4428662428008328,1.4181253362238442,-1.0786182742203705,-0.8363580686551257,-0.7455581035274593,-1.0901204142102543,0.1404446773636525,-0.3330097326892669,-0.2881415874165075,-0.028431882553591,-0.198667184994354,-0.5785276992810514,-0.4793062713204132,-0.3920612619159602,exact,9
UBERON:0002369,exact,direct,glandula adrenalis,Mistral-Small-3.1-24B-Instruct-2503,-1,0.3274110870531578,-0.1726481900218519,-0.2160478725410787,0.1801465251564857,0.6948234593255228,0.3653987493344299,0.2035005895117156,0.6631605657670888,0.2825314806464015,-0.1225189367693225,-0.0389376995974346,0.1612399453615364,0.3461470889786603,-0.1496597922227896,-0.2006072171564284,0.2060997062192386,0.1095045779052955,-0.3430030515906501,-0.344366605330828,-0.0641530107427343,0.9155302444779924,0.5137567841442755,0.3792505284195268,0.9281951045051366,0.8825923858827948,0.3510908019425083,0.2627265006914634,0.898103367810618,0.2685656255049081,-0.4214140622275727,-0.4064592027604703,0.1248667587601691,0.7993793317340441,0.4452798066743329,0.5023319173421325,0.7899774632289158,0.7751676866154446,0.2563995762172069,0.0180509711638046,0.7157665560403842,exact,9
UBERON:0002369,exact,direct,glandula suprarenalis,Mistral-Small-3.1-24B-Instruct-2503,-1,-0.0262796674874762,-0.4632661467227753,-0.4362763933034008,-0.2114543939801881,0.4963971894535517,0.0569835447800906,-0.0517288354811441,0.3909450193772751,-1.3187927858503834,-0.7360528504111653,-0.0998720829070485,-1.3004199539134864,-0.101574425047876,-0.4460217040132713,-0.4264158850184431,-0.242187788276061,-1.0158634720057766,-0.9273692289977176,-0.7050416297653231,-1.066996510875026,-0.402322413805548,-0.6128892314577904,-0.5562013333282619,-0.543604264722312,0.7547841375146541,0.1179240766208177,0.0415721256506369,0.706093624185281,-0.3376158108728925,-0.6984022397886269,-0.6426323181951185,-0.4689500420385667,-0.1551442531522474,-0.5115503253833238,-0.4325865844949479,-0.3249509099215209,-0.1685140238730094,-0.5593437852812136,-0.4737638747783082,-0.3647647974081616,related,9
UBERON:0002369,related,direct,adrenal,Mistral-Small-3.1-24B-Instruct-2503,-1,0.7254059148010205,0.4215369531151128,0.2442722417341056,0.7204435626917034,0.7193214596294158,0.4182670314715441,0.2774249767403019,0.6994795629794177,-0.6729455685381329,-0.5996007064603679,-0.0794225893072111,-0.7652229336495953,0.7212586168211216,0.2676504589420815,0.1804472248325044,0.6415773918301818,-1.5790369349209337,-1.130065279072128,-0.8090301642303909,-1.4817996724045186,0.756846082133638,0.2042945605851871,0.1033194402513311,0.6864690263563237,-0.1279548016024361,-0.5915997268416378,-0.5532865136950232,-0.2927055800170377,-1.339401289062924,-0.9281942759652094,-0.8194858448554163,-1.290851730267983,0.8428202857312186,0.3590917342259994,0.762045520189921,0.8569806453617606,0.9001344403425773,0.5233367718456319,0.2178936561010684,0.9274903856809807,exact,9
UBERON:0002369,related,direct,adrenal capsule,Mistral-Small-3.1-24B-Instruct-2503,-1,0.855755445108761,0.7485642226943948,0.5694114111584765,0.9386321379405892,0.7849753549504493,0.5564767652018267,0.4248092227322528,0.8004660594243183,0.7225625157545845,0.2749078344339852,-0.0051098230634526,0.6920818938658083,0.5221716205839009,0.0429035884147222,-0.0435991676296479,0.4016889955983424,0.1132817856466525,-0.3384423232312446,-0.3538847694459521,-0.0601862942029711,-0.5209733901285466,-0.6437853333881667,-0.5727009447639179,-0.644322849640862,-1.008144197307419,-0.8790928456369308,-0.7609962349035821,-1.043604815471213,0.7911145266246218,0.0194609874562295,-0.0417286345070931,0.7541723696515398,-1.117269129263249,-0.9354099653008552,-0.6491333762962772,-1.1422981104873258,0.0353163915920964,-0.4843448417622652,-0.4209843888539668,-0.1725729137388609,related,9
UBERON:0002369,related,direct,adrenal medulla cell,Mistral-Small-3.1-24B-Instruct-2503,-1,0.6341752876236221,0.2397104890425114,0.129898716979984,0.582891738020392,0.662123478509704,0.3175001604633957,0.1875120309752028,0.615725004925717,0.741230184182666,0.2973813555992869,-0.0030009476933544,0.717140381703182,0.1503344286686432,-0.2800605128666952,-0.2963276668937077,0.0025659119573802,-0.396961068787646,-0.6618276503138116,-0.524479493566628,-0.5530802012418571,-1.0631761286820876,-0.7884796814455233,-0.684186487213472,-1.074662683618114,-0.7768802640406617,-0.8112894883927512,-0.7194927560124847,-0.8594564838582004,0.6672644171549931,-0.1077377664209766,-0.1228285476394908,0.5900522853763568,-0.6468748064100758,-0.7530812013631136,-0.6305275725186584,-0.7649007814382283,0.4710235066545462,-0.1461996705438824,-0.2154224601577695,0.2995719132892556,related,9
UBERON:0002369,related,direct,atrabiliary capsule,Mistral-Small-3.1-24B-Instruct-2503,-1,-1.2615800419873062,-0.9916575498837188,-0.7951547303975632,-1.285828737930478,-0.3623382111884394,-0.6451283661989168,-0.5569600330612368,-0.5289380755459699,0.0230879893030318,-0.3831412684932745,-0.0737726511207324,-0.1131989108419919,-1.4878393847188505,-1.0040486085449711,-0.8826610901221644,-1.3834763033823885,-1.456372761782562,-1.0720886787446071,-0.8091218616371322,-1.394881471637812,-2.5237654296357617,-1.00292226817651,-0.8482299856437523,-2.083679590317801,-3.225235384646888,-1.1985531654154438,-1.001269151343296,-2.566339844622007,-0.9319974138117628,-0.8482378539589772,-0.7616869816617664,-0.9737227725622184,-3.449252056993414,-1.3152291819201118,-1.0292756558090137,-2.679990264919625,-2.0322693799151583,-0.976116501854102,-0.6952189845465665,-1.7427722180884837,related,9
UBERON:0002369,related,direct,epinephric gland,Mistral-Small-3.1-24B-Instruct-2503,-1,0.0284302035932786,-0.4215695035951996,-0.4125642548231518,-0.1545621287088295,0.1329373181429855,-0.333968858364059,-0.3386484434928926,-0.0364398149038696,-0.8000793717626024,-0.7493471875205102,-0.098277959702219,-0.8747985563857853,-0.4502750241506879,-0.6685392495253578,-0.5989185083686774,-0.5566334292061704,-0.8183336584743526,-0.8457328753342425,-0.6542067428369032,-0.910695353343048,-1.0375724749315722,-0.7768429589201301,-0.6866889118524251,-1.0552693647909768,0.0239271220705266,-0.5868860635061232,-0.5242454948104467,-0.1455485571095638,-0.4649115909611046,-0.7393390379725218,-0.6811803292976075,-0.5822047076333361,-2.063966236548852,-1.1208508641707733,-0.8757582019553383,-1.817659465244391,-0.2599683783697882,-0.6044474645635757,-0.4965555760278187,-0.4467504112584816,related,8
UBERON:0002369,related,direct,epinephros,Mistral-Small-3.1-24B-Instruct-2503,-1,-0.7313863205092683,-0.8236090332321874,-0.6937160434446379,-0.8634932027255298,-0.845457538765113,-0.8800030727960991,-0.7411389307231901,-0.9477440799289067,0.0646028272338856,-0.3342568739555767,-0.0682639300945835,-0.0707253417959829,-2.4618034046392165,-1.419656435624075,-1.1582500166394476,-2.071362647077344,-1.188130507674383,-0.9926914328784816,-0.7412925988388916,-1.198371971534352,-0.941150325798248,-0.752963937577842,-0.6585674288098609,-0.9814977102702296,-1.915252009143431,-1.087442636375018,-0.9239838933434548,-1.7078021831020378,-0.7815569908663854,-0.8209036879217035,-0.7427065571654891,-0.8513047281520559,-2.506127191995959,-1.1742438872615588,-0.9930130536306192,-2.105813726051879,-1.080203506478136,-0.8125137725804783,-0.6012842088155452,-1.100018084209822,related,9
UBERON:0002369,related,direct,glandula suprarenalis,Mistral-Small-3.1-24B-Instruct-2503,-1,-0.0262796674874762,-0.4632661467227753,-0.4362763933034008,-0.2114543939801881,0.4963971894535517,0.0569835447800906,-0.0517288354811441,0.3909450193772751,-1.3187927858503834,-0.7360528504111653,-0.0998720829070485,-1.3004199539134864,-0.101574425047876,-0.4460217040132713,-0.4264158850184431,-0.242187788276061,-1.0158634720057766,-0.9273692289977176,-0.7050416297653231,-1.066996510875026,-0.402322413805548,-0.6128892314577904,-0.5562013333282619,-0.543604264722312,0.7547841375146541,0.1179240766208177,0.0415721256506369,0.706093624185281,-0.3376158108728925,-0.6984022397886269,-0.6426323181951185,-0.4689500420385667,-0.1551442531522474,-0.5115503253833238,-0.4325865844949479,-0.3249509099215209,-0.1685140238730094,-0.5593437852812136,-0.4737638747783082,-0.3647647974081616,related,9
UBERON:0002369,related,direct,suprarenal capsule,Mistral-Small-3.1-24B-Instruct-2503,-1,-0.2281091798205383,-0.5865014845044818,-0.5453047725431328,-0.4121174484585821,0.4124010502685073,-0.0357117753503397,-0.1254149722017694,0.2852917230508749,0.0602963247453227,-0.2260584205223585,-0.0506503241370328,-0.0751547722710337,-0.3046143781793266,-0.5734689615429616,-0.5361032845646485,-0.4282592726563448,-0.7905426580386588,-0.8378113779798231,-0.6758453570357755,-0.888176993561705,-1.099246536614198,-0.7918255093920678,-0.6927635054423484,-1.1018498988884888,-1.1879341008186208,-0.924511306925792,-0.7799180077404195,-1.1819159213367565,-0.0247083526542678,-0.5776631307511634,-0.5460743531826187,-0.1752992310256121,-1.290165084107698,-0.9170152348077611,-0.8004884367605279,-1.2729503439715475,-1.173610450376526,-0.855917072719112,-0.6240196213441352,-1.167397989374355,related,8
UBERON:0002369,related,direct,suprarenal gland,Mistral-Small-3.1-24B-Instruct-2503,-1,0.7246939794083238,0.4278130275156525,0.2355364210584541,0.7193278563487583,1.014147791685578,1.2867168628167152,1.0672036433563608,1.210846799860809,-0.6656460660626573,-0.6162185972558157,-0.0860757127982136,-0.7588583072979902,1.101430519237257,1.072805308761104,0.9519103765494652,1.186218950474001,0.1536123378690139,-0.2873475671016528,-0.2775144381186011,-0.0174751783972146,0.1499933952805475,-0.3639496949609631,-0.3663098102466705,-0.0295468666159906,1.1073558600708335,1.0113758141114602,0.9001945076200432,1.30803174297058,0.8258542176740243,0.1041199415134167,0.0350034695405582,0.8024756060390505,0.2864247838208583,-0.2173387451089878,-0.2439598320238541,0.130243522928924,0.0164540890058103,-0.4795365768486352,-0.4297501397060221,-0.1909697848209843,exact,9
UBERON:0002382,exact,direct,m. rectus abdominis,Mistral-Small-3.1-24B-Instruct-2503,-1,0.9346280140779728,1.0374237634653127,0.8193993783220281,1.0877773567069535,0.900328810275577,0.851129040092329,0.6559193704607463,0.993497970368251,0.8435733114193547,0.4287897000002856,0.0117361889486785,0.8595125414444488,0.9042729034319382,0.4464413913921383,0.3502462987162528,0.88574746753842,0.4538484923310443,0.0341106109659148,-0.0940975698871933,0.3243000485875335,0.9910759309979724,0.7012971988109478,0.5363218751939566,1.058716933555014,0.9352989871615872,0.567366137303943,0.4379191276730744,0.9842300570556768,-0.0832363671572434,-0.3897130919316705,-0.3919744020090637,-0.2320724639876557,0.867949655535696,0.7124491164313848,0.715055486570664,0.8969302049556179,0.9583658783400552,0.7408300228656318,0.4053979945653344,1.0402918385522404,exact,9
UBERON:0002382,exact,direct,musculus rectus abdominis,Mistral-Small-3.1-24B-Instruct-2503,-1,0.8333183562483053,0.7042610583527646,0.4723789425644874,0.8988648004853046,0.9375778539430204,0.9718464470713596,0.7805350609039345,1.0611325877936972,0.7595884309842232,0.351680899182194,0.0043655588674522,0.7420427583996092,0.743118239099356,0.1285898074118287,0.0982019657793767,0.6693927357223343,1.0095150789913532,1.1370306891765187,0.8080156467925024,1.1440848830283057,1.2375957162089537,2.3246072870696244,2.230826961079816,1.6363639228775215,1.2773141403138213,2.7520056601646625,2.646927576358812,1.7609143756754904,1.001924076302791,0.6353326964714147,0.4946672971402648,1.066736563961081,0.993156140089502,1.0831020387275263,1.0140066886840915,1.1117856448083956,1.1082038943738135,1.6610187686808986,1.2531302128590516,1.410712304136925,exact,9
UBERON:0002382,exact,direct,rectus abdominis,Mistral-Small-3.1-24B-Instruct-2503,-1,1.128302946117149,2.2930708209117703,2.143217160746976,1.5582088041903983,1.0377861449125254,1.3955302227907906,1.1765705934530637,1.2605858412476485,0.6859372322577961,0.301348037822956,0.0323665460257662,0.6436563119727003,1.2455062146097091,1.376807800792011,1.2821962731236325,1.444586610133729,1.058543149039208,1.3109947354756375,0.9474938473451452,1.2386280639452378,1.157497778851328,1.489184390454149,1.3207619383626683,1.408067458385459,0.8771385728841785,0.3721549161513894,0.2604023806079601,0.8894515632611584,0.8665747131715977,0.3143486859392234,0.1999028766133255,0.8605397729255038,1.045406528090448,1.1566743520527665,1.1041242016679351,1.211249584000781,1.1298578218709665,1.893748043976765,1.5318908779591012,1.482572436502712,exact,9
UBERON:0002386,exact,direct,antebrachial region,Mistral-Small-3.1-24B-Instruct-2503,-1,-0.8899720149806706,-0.8490050398857294,-0.7007801940802554,-0.9945874009687944,-0.8811061012892997,-0.853114255212102,-0.7403492576504879,-0.9768679792692662,-1.3661862498324255,-0.8378177156330842,-0.1096672921614135,-1.3378449366001264,-1.9843876158907432,-1.0763698312968533,-0.9248690465558096,-1.7418020985545597,-1.4630152884398455,-1.0748592617748465,-0.7919107585730998,-1.399633273431977,-1.8068952603937427,-0.8921178912670886,-0.7514904249636042,-1.608523383889113,-1.4710626703640104,-0.9300279678925528,-0.7974684799288732,-1.3924092743928689,-1.071454700566955,-0.8163913559578111,-0.7191460044407706,-1.0844960792059712,-1.8070428791046047,-1.0412866150908888,-0.8911372916379525,-1.6431810503958026,-1.7707488230388038,-0.9087458405173025,-0.6571739937293032,-1.574805714978538,exact,8
UBERON:0002386,exact,direct,antebrachium,Mistral-Small-3.1-24B-Instruct-2503,-1,-1.2132560367092065,-0.9595160375616246,-0.7925105850617393,-1.2490852985659928,-0.809841591577179,-0.8346564341379468,-0.7201031209767547,-0.91842973563742,-0.8986567146516067,-0.7612127040579681,-0.1014686536034751,-0.9581938556760548,-1.3535060161802088,-0.950486433917752,-0.8381759064435989,-1.2831636319289792,-1.4561221003992684,-1.0790771549594145,-0.7952297888145774,-1.3947020553005731,-1.7214878849455255,-0.8787453156160684,-0.7528504458449544,-1.549696236681683,-1.0724332197772768,-0.8688855909137382,-0.7524648739788038,-1.0935151015714897,-1.017952477691057,-0.7983052247076133,-0.7200711409413096,-1.042290323362792,-1.6267715342888092,-1.015758291199109,-0.8939109337546177,-1.5171979074554331,-1.8117444282686737,-0.9334670306452366,-0.668352215606165,-1.6015056822329836,exact,8
UBERON:0002386,exact,direct,antibrachium,Mistral-Small-3.1-24B-Instruct-2503,-1,-0.8913896285214015,-0.8574694147683938,-0.7115035880442041,-0.9957392647029444,-0.7644565746259403,-0.7966303188721112,-0.6937073867635319,-0.8807513635744774,-0.5398015196153717,-0.6422520040379057,-0.0864895680508693,-0.6477943992337439,-0.8443998159606814,-0.7164335213863586,-0.670617810380022,-0.8864794964195108,-1.6642315530048823,-1.1291412799155394,-0.8474623098698308,-1.5411685659831929,-2.202564771472453,-0.936137524172023,-0.7806823216961337,-1.874498619690312,-1.4882460955295072,-0.8882482644467544,-0.7762649776496531,-1.4049257938881765,-1.5569457807445088,-0.913992025488306,-0.8164106751856746,-1.4528763710331896,-1.7642303023280197,-1.092088145920863,-1.0497260014243337,-1.613540812476622,-2.6859874361683183,-1.0222393666306224,-0.7068707621987306,-2.141610628579888,related,8
UBERON:0002386,exact,direct,arm middle limb segment,Mistral-Small-3.1-24B-Instruct-2503,-1,-0.6078571868835143,-0.7652326472584612,-0.6610168821558388,-0.7580720382669042,-1.2385771756193726,-1.0214563867636692,-0.8385387526432562,-1.2580019278734058,0.3819631966832708,-0.14025579056829,-0.0456654300969615,0.2728541546904957,-1.0130479792876403,-0.7926868578956294,-0.7081709956728917,-1.0210886218804345,-1.201858540157702,-1.0115064953438786,-0.772531491033419,-1.2086586161356003,-2.098917207663738,-0.9449974809732952,-0.8024859009461464,-1.8057883450277872,-2.4650135656620646,-1.1196110972802933,-0.9406948067417416,-2.0787340975093107,-0.483587614461432,-0.7200802514589091,-0.6683446600039684,-0.5985566858514674,-2.1301410062365185,-1.099576874766857,-1.0027768012066107,-1.861711314510265,-1.3570480716683535,-0.8368380251547255,-0.623877512093781,-1.296590657774409,exact,9
UBERON:0002386,exact,direct,arm zeugopod,Mistral-Small-3.1-24B-Instruct-2503,-1,0.6815238579837986,0.3937382668258265,0.2272537267614106,0.6529688810709046,0.7117671265087936,0.4657772273686354,0.3094354722557749,0.6882058133546948,0.5252315674082325,-0.0140409796091572,-0.0047613380726403,0.4414027062516655,0.5679955320984559,0.2502635016167497,0.1742973108670003,0.4549536375163102,0.7965523033954144,0.5027645606668666,0.2092192904525076,0.7875719870760977,0.1062043170893847,-0.3366429117931977,-0.3510079805742747,-0.073697773818392,0.4708780245042256,-0.0141638627224335,-0.0169235215053428,0.3379447557678579,0.7782374934632295,0.2335350446441318,0.1238718256899575,0.7365386712956001,0.9176071832646564,0.4702873178065546,0.2829032801851445,0.9787433268767728,-0.0117640271218654,-0.4397268425714599,-0.3978030556558595,-0.2182434524407223,exact,9
UBERON:0002386,exact,direct,brachial region middle limb segment,Mistral-Small-3.1-24B-Instruct-2503,-1,-0.6664743596312177,-0.782081090765554,-0.6641567651556332,-0.808479123178128,-0.9244759563934974,-0.9104622901094828,-0.7669021531537045,-1.0120147103820656,0.19101580122144,-0.32134370160658,-0.0626675316031886,0.0618695727073806,-1.2282916424827317,-0.9078737114664296,-0.7947559596164956,-1.1881567715687509,-1.967125582479424,-1.208184170580269,-0.8990439325366075,-1.7461461793008195,-2.1245855132640776,-0.946325116825008,-0.8009379546367433,-1.822864031711741,-2.6491001409271107,-1.1286717362901446,-0.93762480000625,-2.1991333429777145,-0.5092126514163718,-0.7065619279347619,-0.6388107727494525,-0.6208880128203891,-2.278425877379933,-1.112566284226358,-1.0121957417625478,-1.9591983598518008,-1.5253299045577675,-0.8700168622652019,-0.6374490945508514,-1.4117997063463088,related,8
UBERON:0002386,exact,direct,brachial region zeugopod,Mistral-Small-3.1-24B-Instruct-2503,-1,0.762495384912533,0.5831985997089884,0.4412500063907605,0.779601845616967,0.5394905907552268,0.1446818122369199,0.0498381043998476,0.4471413349113989,0.9111750094650204,0.3357564026419573,0.0108929876151658,0.9588225121602372,0.2135518419753596,-0.1107236281011388,-0.1567370348893866,0.0668555331712525,0.790004855193863,0.4975258936091049,0.2702811461737339,0.7776692694920935,-0.0191347029454635,-0.4076536967254851,-0.4022052325064269,-0.1963572371763814,-0.0731630627881381,-0.3843545319766276,-0.3624130119489241,-0.2404112004770215,0.9037302836348524,0.4669352791499365,0.3579419647496676,0.9149983282129408,0.6711853745922514,0.0269430672042881,-0.1084794820970186,0.6051438841226475,-0.2166491711115204,-0.5361710056854027,-0.4627819154247867,-0.4082134893709391,exact,9
UBERON:0002386,exact,direct,forearm,Mistral-Small-3.1-24B-Instruct-2503,-1,-2.878646037329024,-1.3723424946711011,-1.0472370267663524,-2.3802282358235165,-3.2411906603149694,-1.4037783825820762,-1.070257855508235,-2.591758677750557,-1.1795188020180754,-0.7593606486896095,-0.0803593283963928,-1.1891424577841434,-1.2406931642102674,-0.8479279495295747,-0.7639758289652717,-1.1976346147543593,-1.0450849710254395,-0.96570578659979,-0.7481084468921516,-1.08959026723175,-2.075368722127645,-0.9407340340454547,-0.8006856608215289,-1.7900874396233106,-1.1008488250030215,-0.8497758123538052,-0.73578556131679,-1.1154112863528494,-1.4896960652218707,-1.0012482560745868,-0.8759172276019139,-1.4032746297543648,-1.4554733303977343,-1.000444897810979,-0.9012376257096824,-1.3944634318682132,-2.122431640368165,-0.989180402884019,-0.7073210100823921,-1.7994553866640124,related,8
UBERON:0002386,exact,direct,forelimb epipodium,Mistral-Small-3.1-24B-Instruct-2503,-1,0.7877023474101992,0.6045000630597603,0.4095814362735423,0.8210395947162321,0.5476219047052716,0.1634287867423972,0.0494818124628287,0.4579093649072091,0.7078422821813012,0.1644307336310535,-0.0170563906121496,0.6725037684092348,0.4078463080036828,0.0778098719151423,0.0151019001866266,0.2731446769401064,-0.865635190201072,-0.8859279481317517,-0.6736813108267447,-0.948713184869164,-0.7609249277023532,-0.6857679106559775,-0.6013489547937445,-0.8402343674700117,0.3424850895451746,-0.1197147991146582,-0.1450872912357283,0.1896209142087314,0.0227573485464358,-0.4381020749626033,-0.4445380818024692,-0.1285572266544287,-0.4077447470550829,-0.7160678532120753,-0.7176912700981551,-0.5579009059770117,-0.2161522515571462,-0.5549985144905512,-0.4606425903903241,-0.4077683782016895,related,9
UBERON:0002386,exact,direct,forelimb zeugopodium,Mistral-Small-3.1-24B-Instruct-2503,-1,1.0658160151704712,1.8323650309980888,1.683272501667599,1.3825132038084889,1.1322036605859285,2.050009472200148,1.919119872736196,1.4823683818645883,1.0171407558192105,0.5969677547353259,0.0278305184707711,1.1248670281347717,1.2066892591149825,1.598371521141801,1.454119521340369,1.3705994457554542,0.4946609194540479,0.0315560911905961,-0.084532973628229,0.3746166169785164,0.9833161877990312,0.7811842133886765,0.6113055018381505,1.0447149895271806,0.9026955744217284,0.7171249201668002,0.6042792573589033,0.9304012465897648,1.1017170511358363,0.9307002374755308,0.7199360872591233,1.2353187776687924,0.9896889847768108,0.7187373315916937,0.4986311509636689,1.1054206190740956,0.5499557979882947,-0.0530468256328559,-0.1685479291155612,0.3981393199451468,exact,9
UBERON:0002386,exact,direct,forelimb zygopod,Mistral-Small-3.1-24B-Instruct-2503,-1,1.13106586726029,2.3965873212249407,2.294917377920193,1.566831601217059,0.9958979579409498,1.242925358078349,1.0578140823247266,1.173681163106169,0.8877286242004344,0.3767224797696445,0.0101032689513795,0.923852896639894,-0.0141228304002703,-0.3227517093904281,-0.3218394953036311,-0.159130925572023,-0.6820408530563822,-0.8265821293412383,-0.6392876671439666,-0.798916793786098,0.2454598379514656,-0.2667738288297904,-0.2798822150461358,0.0693199979013195,0.7529261062770125,0.377120531840411,0.3068217260944982,0.70344997567039,0.9005680866274433,0.4130681807653199,0.3145969493562949,0.9103054483929924,0.5513590572308811,-0.0984491143250422,-0.2151599277156213,0.4463795940230301,0.7357015409485702,0.1699335850169751,-0.0069119057630427,0.6552138807640145,exact,9
UBERON:0002386,exact,direct,intermediate segment of free upper limb,Mistral-Small-3.1-24B-Instruct-2503,-1,-0.6582975313563101,-0.7909937797829313,-0.6783356503967568,-0.8014898491491835,-1.4520515403938332,-1.0608581981968397,-0.8873819496430974,-1.4175799069206814,0.0872060000809164,-0.3155281471641638,-0.0621906234634327,-0.0473858080254839,-1.1656828174421596,-0.8687972329487205,-0.7734237528879566,-1.140070035717701,-1.0913536049830697,-0.9619219465582723,-0.7506553890560234,-1.1251017227287272,-1.6575574737040235,-0.871891133241393,-0.7376446718217701,-1.505294250151547,-2.1196609284861934,-1.0100528078736843,-0.8679395303553545,-1.8479173561611488,-0.9406394489717332,-0.6981369628979099,-0.651401527995365,-0.9806602994244744,-1.3313706165249168,-0.9523726123432864,-0.8818899116228519,-1.3035376132015697,-1.639451634116383,-0.9138212911406808,-0.6639839507454112,-1.4882969497130172,exact,8
UBERON:0002386,exact,direct,lower segment of arm,Mistral-Small-3.1-24B-Instruct-2503,-1,-1.097506048697596,-0.944035945844925,-0.7916638556104404,-1.1597644799070082,-1.3512763638180316,-1.043506601878271,-0.8606310422933171,-1.3429488170313315,0.1472384138598212,-0.2620755369582468,-0.0561391456176904,0.0153697219515511,-1.5666695852947163,-0.9256075242826972,-0.8339498791893185,-1.4416172842320174,-2.0008503429023983,-1.2098382835046015,-0.9024225136679282,-1.768417990753308,-2.3882604766735023,-0.9809262106250044,-0.8295597639282986,-1.996083731367712,-2.2528349199062023,-1.0878208078655864,-0.9312541878925724,-1.937747440729635,-1.2719233284085305,-0.7733957888272052,-0.7048348821507965,-1.2396314659469023,-2.064797638946513,-1.087050499563108,-1.0063931537160502,-1.8182150840239395,-1.7938408759752509,-0.914554689359709,-0.6662243780917533,-1.5898629783268148,related,8
UBERON:0002386,exact,direct,middle limb segment of arm,Mistral-Small-3.1-24B-Instruct-2503,-1,-0.5325999148303403,-0.7353970693556424,-0.6548384730243532,-0.6922858006804962,-1.5006025746284577,-1.0899072073769658,-0.8857385626620982,-1.4531101383780385,0.2715843436234192,-0.2048685338306626,-0.0538096080446859,0.1491914044877675,-1.2553713630384065,-0.8889071498831634,-0.7789682454468908,-1.208832641307911,-1.0080497516437932,-0.9406695369860264,-0.7326730139467341,-1.060932860492411,-2.1047282680479675,-0.946773813416323,-0.8015985451007411,-1.8096576231151893,-2.439467980599093,-1.1202325819145216,-0.9372655909727248,-2.061890365500953,-0.8578719969753332,-0.6810539031438985,-0.6186216139531728,-0.9138019587999668,-2.0207633367205693,-1.0760812515835323,-0.989047458774871,-1.7887102829530346,-1.4572447014405292,-0.8647760753986663,-0.6382617929271849,-1.3655459416059337,related,8
UBERON:0002386,exact,direct,middle limb segment of brachial region,Mistral-Small-3.1-24B-Instruct-2503,-1,-0.583989274743596,-0.7472111612931344,-0.6455329589396192,-0.7373411162630017,-1.157613486150203,-0.9789488122770854,-0.820885108214953,-1.1959487734751026,0.2556930030731299,-0.2374936932438953,-0.0563581585135445,0.1317815083249658,-1.310459249371391,-0.8887496955922393,-0.7777610980390468,-1.2506714982439255,-1.4223389963784585,-1.0626373787216932,-0.8011310303878048,-1.3704519864209563,-2.0856557821972275,-0.9403364152645836,-0.7891767750796632,-1.7969505183877093,-2.5379481212376835,-1.123664617106758,-0.9312324741425492,-2.126637952367759,-0.8073071472083263,-0.6639858572279638,-0.6104930278735216,-0.8724866150488035,-2.016187406585201,-1.0713004341983043,-0.977300878382942,-1.7856351400228587,-1.6920544132362767,-0.9076198804628584,-0.6591337834496078,-1.5231423233512864,exact,9
UBERON:0002386,exact,direct,middle limb segment of forelimb,Mistral-Small-3.1-24B-Instruct-2503,-1,0.136875901335679,-0.3449131568182732,-0.3756413293630747,-0.0381502512874465,-0.5721876143051015,-0.765184579492868,-0.6636856134510435,-0.7168235922630091,0.2840227851274721,-0.1876601146066499,-0.0482363657552959,0.1628848242806402,-0.5773884717311472,-0.6960373127889945,-0.6422069623305928,-0.6656111673797089,-1.3568126533870908,-1.0500042712456492,-0.7985189268848122,-1.3230180903965376,-0.780054649455438,-0.6978333710082586,-0.6202442540601603,-0.8554513397746082,-1.3077328768075138,-0.9083343107114734,-0.7669583380727104,-1.2720005047029608,-0.1774361143932581,-0.5757845951833281,-0.5458106967423606,-0.3215744556867402,-1.5726646097214594,-0.998077230488256,-0.9073797046248264,-1.47876222769865,-0.4371782508539915,-0.6295929213423173,-0.5051904691977349,-0.5993236385401896,exact,9
UBERON:0002386,exact,direct,middle limb segment of proximal segment of free upper limb,Mistral-Small-3.1-24B-Instruct-2503,-1,-0.5533871768481504,-0.7642694176900754,-0.6647607404023564,-0.7105810853951551,-1.4438798455512851,-1.069626418713464,-0.8818616912765883,-1.4115730578851846,0.005531005967175,-0.3609140992761545,-0.0669201813149339,-0.131012299410432,-1.5739218605416103,-1.0467458174568345,-0.8879471148847164,-1.4469404283594902,-1.103919087257664,-0.9645404241137068,-0.7446865761322743,-1.1346911407378122,-1.4970455655346293,-0.8441374586078799,-0.7331089278390596,-1.392329554172208,-2.4958239802962554,-1.07260202772275,-0.9064759675141856,-2.0990038589160345,-1.202436126348038,-0.7762042189123265,-0.7089838992895473,-1.1863746762128633,-2.0609873424894736,-1.0691659716400692,-0.9248945296424314,-1.8156682401310416,-1.64807471062017,-0.9146194742345634,-0.6609676217265053,-1.4940265944329958,exact,8
UBERON:0002386,exact,direct,regio antebrachialis,Mistral-Small-3.1-24B-Instruct-2503,-1,-1.0663248080461774,-0.899468854093194,-0.7478974607652173,-1.1353731440131822,-0.1673481999573765,-0.5040602854538497,-0.4756806993627917,-0.344387889744863,0.4854362516506494,-0.0606554308092968,-0.0387122859070161,0.3935828225849476,-1.7451743393358723,-1.0597137024047896,-0.9269618463303284,-1.571441201055578,-0.7823291759878017,-0.8476362544172334,-0.6562336005865438,-0.8814955604102551,-1.9176071797107868,-0.915727047223666,-0.7699877934641596,-1.6839879059371294,-1.2759967084043815,-0.881903051425975,-0.762853522229364,-1.2482879487632343,-0.8364677843412566,-0.7025749571247024,-0.6412205065264702,-0.896357622773489,-1.419981098033923,-0.9749388719223828,-0.8903483753841184,-1.3686383935923547,-1.26912220721603,-0.8160029617104575,-0.6097964430626229,-1.235161710619426,related,8
UBERON:0002386,exact,direct,zeugopod of arm,Mistral-Small-3.1-24B-Instruct-2503,-1,0.5178176516303544,0.1181410282187561,0.0362554045996284,0.4208602493712099,0.642081354382428,0.3294178507086491,0.1712049145620492,0.5872066242301145,0.6925070538826626,0.1524273220268278,-0.0142669950427795,0.6522729727822443,0.2886105154025555,0.011471725279301,-0.0792319576833703,0.1449059286533839,0.6957345663354866,0.3149170256156834,0.1063549413982456,0.6403964284549498,-0.1960537293803311,-0.491043867319484,-0.4721614914928623,-0.3613185545692302,0.316611688569308,-0.1775652458741927,-0.2029795463221365,0.1607831483237188,0.3824144927237465,-0.132860782109438,-0.1624072257753707,0.2497840370005014,0.7969902115165156,0.213851106015523,0.0280650199108111,0.7863634303930761,-0.3100824316218246,-0.5708988785914855,-0.4771845222676917,-0.4906976693546326,exact,9
UBERON:0002386,exact,direct,zeugopod of brachial region,Mistral-Small-3.1-24B-Instruct-2503,-1,0.5673354001401536,0.1980650435927044,0.1044646884211562,0.488196826127335,0.4639309518808772,0.0541403363350642,-0.0482355972272573,0.349526402551747,0.7634231039776138,0.197448691819034,-0.0116572581154983,0.7472776694980613,-0.1754200174223669,-0.3544730206624519,-0.3700060651260263,-0.3109019785259003,0.4426335563026444,-0.0340655990823635,-0.1330172392043934,0.3106586934967398,-0.3808587602737973,-0.564431932526608,-0.5199986565433232,-0.5250807709022907,-0.2532163606771141,-0.4842802300844675,-0.4500954481913571,-0.4092143561640265,0.6949979112799427,0.1787425572021844,0.0849437981060549,0.6257951691510952,0.5357339822474815,-0.1293357830988938,-0.2885711733814582,0.4265078900272913,-0.7343609129456666,-0.7109653525490155,-0.5577742985748251,-0.8396666511916145,exact,9
UBERON:0002386,exact,direct,zeugopod of forelimb,Mistral-Small-3.1-24B-Instruct-2503,-1,1.006390267362508,1.4429494530853055,1.2737949658452152,1.2397706436332083,1.0261657665390682,1.3979515767122292,1.191921543239622,1.2358979484864774,0.9754596614920156,0.5617504589741329,0.024296952221513,1.0578750744522984,1.1660735689870747,1.4920550092896407,1.362383397017079,1.2969074195213106,0.6692314468001639,0.2741363269385993,0.1009355842019678,0.6034304838866108,0.923712506530787,0.5979948284608886,0.4345367227395262,0.9417550094493358,1.1566436349446172,1.7420179378815392,1.6139330913608645,1.41886841784094,0.9619484321559582,0.5958854163467752,0.4378606243505208,1.0034821505763305,1.0682811746256,1.0093478452753868,0.7775749641125337,1.2571258057299717,1.1481298067311838,2.105232000931617,1.7824123293788978,1.550630827088577,exact,9
UBERON:0002386,exact,direct,zeugopod of proximal segment of free upper limb,Mistral-Small-3.1-24B-Instruct-2503,-1,0.31163101126406,-0.1399875016885444,-0.2047637913961102,0.1613049290666465,0.1525826223458538,-0.2713414906536487,-0.3034990063621926,-0.0150829298179248,-0.836162397707435,-0.6822299773095342,-0.0917729900334766,-0.9054769581466968,-0.6333544288868862,-0.6090835925651215,-0.5817624178841713,-0.71276690935233,-0.6048479513718872,-0.7682434077770561,-0.6090313856999121,-0.7340429333672392,0.071632691158207,-0.3534938970781213,-0.3572081608358488,-0.1080622988256364,-0.2624665592042976,-0.4671715935619514,-0.4362443779779089,-0.4176609116025017,-0.291906668566258,-0.4597797586337713,-0.4783345593244588,-0.4274750717602802,0.3365591347649865,-0.2993972911228756,-0.3918441978627062,0.1870168147079074,-0.8183950149067232,-0.7451939763948068,-0.5722452553182142,-0.9046471102985614,related,8
UBERON:0002386,related,direct,antebrachium,Mistral-Small-3.1-24B-Instruct-2503,-1,-1.2132560367092065,-0.9595160375616246,-0.7925105850617393,-1.2490852985659928,-0.809841591577179,-0.8346564341379468,-0.7201031209767547,-0.91842973563742,-0.8986567146516067,-0.7612127040579681,-0.1014686536034751,-0.9581938556760548,-1.3535060161802088,-0.950486433917752,-0.8381759064435989,-1.2831636319289792,-1.4561221003992684,-1.0790771549594145,-0.7952297888145774,-1.3947020553005731,-1.7214878849455255,-0.8787453156160684,-0.7528504458449544,-1.549696236681683,-1.0724332197772768,-0.8688855909137382,-0.7524648739788038,-1.0935151015714897,-1.017952477691057,-0.7983052247076133,-0.7200711409413096,-1.042290323362792,-1.6267715342888092,-1.015758291199109,-0.8939109337546177,-1.5171979074554331,-1.8117444282686737,-0.9334670306452366,-0.668352215606165,-1.6015056822329836,exact,8
UBERON:0002386,related,direct,fore epipodium,Mistral-Small-3.1-24B-Instruct-2503,-1,0.1515985027768358,-0.307740444282186,-0.3400532772432938,-0.0219435648035969,-0.396043054983091,-0.6315478559703235,-0.5782212547773783,-0.5598134482278629,0.3586480462130192,-0.1527473203873063,-0.0460815839736774,0.2463169384984476,-0.727689705618849,-0.6507561604477917,-0.6150926674577272,-0.7911881502474417,-1.041156502104509,-0.9472535307932688,-0.7127101284295879,-1.0865603744043029,-1.3515720579394233,-0.816500175929382,-0.6960022556594084,-1.2879612361017632,-0.186318266034847,-0.5156986370215029,-0.4505288371618723,-0.3474971632997289,-0.3896244210664661,-0.6133717252987012,-0.5712352845195187,-0.5156109887721905,-0.7411978730951053,-0.8264549012778577,-0.7854345391803867,-0.843481929883765,-1.4118170691571597,-0.854903675584734,-0.6264000256597841,-1.3344166184045172,related,8
UBERON:0002400,related,direct,pleura parietalis,Mistral-Small-3.1-24B-Instruct-2503,-1,0.8438944902265295,0.7831449783756707,0.5638190059376188,0.9174795320378272,0.8981420296353968,0.8348112871384882,0.6581445940653895,0.9896181493699926,-1.24867953863221,-0.7525574250490275,-0.1052825103254311,-1.244648972384914,0.8927515002669492,0.4929011973593467,0.3753339415734194,0.8695412044925648,0.832463868300227,0.5969526708737379,0.3631700904757383,0.8428336767690179,1.2429903426193136,2.4129144009168413,2.341192773001286,1.6545507504481394,1.2633081646622464,2.69190479619394,2.637265810214113,1.7130548551270322,0.8014451847615008,0.1032141212870847,0.022364508662153,0.7684232576328774,1.067859396969005,1.2577490315458586,1.1108450002128205,1.256265611615036,0.8699616707652968,0.4173225278702825,0.1334652556811791,0.8730756356106079,exact,9
UBERON:0002416,exact,direct,integumentary system,Mistral-Small-3.1-24B-Instruct-2503,-1,1.0266421873369815,1.5118068358955798,1.3769572866297333,1.286372752952318,0.8905209127310191,0.8490580693282171,0.6449575267406854,0.9761710587242748,0.8114646600231715,0.2308265815880779,-0.0107451204372789,0.8138823190519766,1.3200279706634763,1.5812430945978284,1.372553106160598,1.5987617498690234,0.9081160668270634,0.7989467944316653,0.5213148212968599,0.9650607951301364,1.1530246314534671,1.469493063442935,1.320208919005667,1.3969751165517137,1.3136087439236317,3.915392518776211,4.084811873874113,1.904214486504442,1.003036465852847,0.5411048505608959,0.4606651432021195,1.0685284252980656,1.1121281789769206,1.5279987247422824,1.289295409419715,1.3498114835615784,1.1160777214560522,1.75392432289707,1.3785751522421912,1.4359267283055392,exact,9
UBERON:0002416,related,direct,body surface,Mistral-Small-3.1-24B-Instruct-2503,-1,-1.3992950445120669,-1.0590708734197425,-0.8465701133696361,-1.3888837966973089,-2.61263255938694,-1.3026507869933628,-1.0197062593232014,-2.205749682831726,-2.05763678847028,-0.9287301118281228,-0.1159670726611268,-1.8625796115141973,-1.7149828733924688,-1.075516961403281,-0.9214106931903688,-1.5496540130073826,-1.1887161045267332,-0.9880126778094732,-0.7638053634572844,-1.1988113011364372,-1.631882702918701,-0.8992084859999651,-0.761234558542035,-1.4873702099597157,-1.2342535923020093,-0.8848509515054218,-0.7700252398425226,-1.2169333914821807,-0.8926551865616228,-0.8611226081451411,-0.7697877659418406,-0.9420133545801368,-1.8648428602380087,-1.0383526782826074,-0.9666598296772436,-1.6829324304132938,-1.3973790534443982,-0.8680077457025943,-0.6432176261658622,-1.3244768179036046,related,9
UBERON:0002416,related,direct,dermal system,Mistral-Small-3.1-24B-Instruct-2503,-1,-0.4588019712823131,-0.7092318184123038,-0.624574250438936,-0.6265362456513242,-0.5720882151850933,-0.7396764808083818,-0.6384866101770829,-0.7167369287700565,-0.8591169411328444,-0.7222143715117932,-0.0975452255120895,-0.924900731917902,-0.963014733856913,-0.8531656072417568,-0.7874851513540114,-0.9815141816645278,-1.575389379619211,-1.1029818005222836,-0.8148458449099434,-1.4792399207665132,0.2326302488112832,-0.3136840313792497,-0.3128955521079835,0.055812943817767,0.7239996138138822,0.2754067637338022,0.2039266963189841,0.6627677812859986,0.258101539271735,-0.3932895028523281,-0.3716972428217615,0.1136475787374232,-0.25414976670287,-0.6227861311143195,-0.5521255169249057,-0.4182139459108744,0.5615412993743892,-0.0687904775975477,-0.1691332595704711,0.413068878311164,related,8
UBERON:0002416,related,direct,external covering of organism,Mistral-Small-3.1-24B-Instruct-2503,-1,-0.3554955571559418,-0.6456679370960706,-0.5899436593880223,-0.5322753094460583,-1.1748506913597478,-0.961878285903515,-0.792055457210788,-1.209234496563096,-0.848007396241214,-0.6580057682941161,-0.0938564961649832,-0.91550889413616,-1.5748584967224128,-1.0224920583739217,-0.8787513198716773,-1.4476276051189492,-1.5898715571264053,-1.102340321540193,-0.8214702694506845,-1.4893943249136017,-0.9924553716840134,-0.7704359158480005,-0.6588575984857067,-1.0208983118500674,-1.3778296229879197,-0.9110795493719908,-0.7850499065203331,-1.3240031707662263,-1.0318651670284458,-0.753185349462929,-0.6887715617780859,-1.0532996950427225,-1.621612979085432,-1.0151244026707542,-0.8700937384264885,-1.5135462625305838,-1.074719330960079,-0.7794752484121014,-0.5932049132761986,-1.096026369453719,related,9
UBERON:0002416,related,direct,integumentum commune,Mistral-Small-3.1-24B-Instruct-2503,-1,0.6063534921064909,0.2336952446805296,0.1278610056694603,0.5429090559454086,0.508611632880183,0.1027029701415184,0.0110165205903274,0.4067281680775214,-0.8882614564998129,-0.7002622200266918,-0.1010963053803144,-0.9494608365330168,-0.0731636736274844,-0.5011092831779289,-0.4874972810944267,-0.2154113647843334,-1.1064602750745038,-0.9637982689269056,-0.7263052909474185,-1.136627658919982,-0.1801623046934581,-0.5159132446502752,-0.46659586122674,-0.3468517491752759,-0.8383661342702768,-0.7725614013197221,-0.6881765775435055,-0.9091612012924004,-0.674197714353015,-0.7306177616094893,-0.6640058885327315,-0.7619128243227513,-0.9005633436914506,-0.9016041980609962,-0.4437508763497957,-0.972772054129558,0.2701838967316549,-0.2776431595384316,-0.2973759554972655,0.0691918335704658,exact,9
UBERON:0002416,related,direct,organism surface,Mistral-Small-3.1-24B-Instruct-2503,-1,-1.1395582090757772,-0.978193417143673,-0.8010657937972139,-1.1924343027739257,-2.0263796558011453,-1.1973724563061512,-0.9644398218995732,-1.8221946506572944,-0.217491558699909,-0.5430138810220372,-0.0902219941020111,-0.3502723857213284,-1.8495885913234296,-1.1243720729345643,-0.9503818588432468,-1.64628355725168,-2.1892137289516502,-1.257774132755616,-0.9025506019874904,-1.890939217179078,-1.6292053557259671,-0.8896846425049516,-0.7578959321736183,-1.4854980082363978,-0.8943382550097388,-0.8162046371264117,-0.7211846795937615,-0.9539258334935884,-1.2379118712912824,-0.9427941098319124,-0.8423383230777112,-1.213630380198043,-2.0714459986182714,-1.1451106393325017,-0.9808301549925832,-1.822656124944204,-1.19881557244606,-0.7976824686093165,-0.5976656723300785,-1.1853889430958846,related,9
UBERON:0002416,related,direct,surface,Mistral-Small-3.1-24B-Instruct-2503,-1,-2.5348201766233247,-1.3039266662313942,-1.0022093573461377,-2.1649734945687413,-3.127732777270623,-1.3746661410289005,-1.070347089507392,-2.52373513675709,-1.7107335810376911,-0.8812668964836992,-0.1148773306511421,-1.6038996731689346,-1.5986065446367117,-1.022811202324682,-0.8848718092400901,-1.4650270992141932,-2.3492912744206027,-1.2942303682652496,-0.902051855517058,-1.9926967622710905,-1.7973944809095264,-0.9217031667883696,-0.7894309275085322,-1.6020063787032317,-1.450475504849198,-0.9587149938392768,-0.8310557310036293,-1.3773766737999529,-1.4670230638039867,-1.0113999377603384,-0.899899440080345,-1.3864561423331094,-1.955716643544949,-1.1265533928733709,-0.9722572911985036,-1.7448337976194763,-2.1876952898786346,-0.9813953043829512,-0.6937816516082499,-1.840121983073727,undefined,-1
UBERON:0002453,exact,direct,ethmoidal bone sinus,Mistral-Small-3.1-24B-Instruct-2503,-1,1.084231781461242,1.875139992770356,1.7309593858515435,1.430983246140255,0.8119497911426715,0.5857652622469588,0.4014816058201543,0.843664905985931,1.00196254745045,0.7604156888461124,0.0514134191216591,1.1001994819641725,1.1714480668448222,1.1833990472729023,0.9810250289850612,1.306459981158129,0.6631464256333095,0.31796965249266,0.1957651410018415,0.5950352594778902,1.067515714570526,0.997003637252716,0.7836056700114251,1.2057462452596996,0.8081386237257732,0.2372984978153111,0.13127401365828,0.7836935239691055,1.3469095061114131,1.9891313653868608,1.89898994259166,1.756140857056467,1.194584281086554,2.0115669600027366,1.841111641577096,1.5463621392135596,0.6246103498560394,-0.0046602206528822,-0.1182690866706725,0.4966753622374155,related,8
UBERON:0002453,exact,direct,ethmoidal sinus,Mistral-Small-3.1-24B-Instruct-2503,-1,1.197737504387281,3.466219111932771,3.9446036365215313,1.8122459782134908,1.18144427621561,2.4135351541080023,2.3302238919552765,1.619136869546867,1.1517280026268788,1.1746875818900009,0.0932614201637248,1.3598582281940936,1.3812455612894503,2.198291431563456,2.1462884219770664,1.7414060560386058,1.153986792476278,1.7720466370099797,1.3774660734844937,1.4433808605502856,1.1687977812856614,1.5920573262950737,1.4350477947157068,1.4367040116621252,1.0551903181408124,0.8798865822347609,0.7140757630555717,1.201208290522535,1.4480250319648682,3.336085405495961,3.4420040758134185,2.0711544374414728,1.3066320176319677,3.6579179546810425,3.724896903485774,1.8999128094149167,0.8473226763633672,0.3759407786966377,0.1224000253155429,0.8337615207258602,exact,9
UBERON:0002453,related,direct,cellulae ethmoidales,Mistral-Small-3.1-24B-Instruct-2503,-1,0.2332124401575738,-0.232092658557717,-0.2777470883057232,0.0698124965464213,0.0278173128449509,-0.4341269823007797,-0.4372247716143292,-0.147998873674169,0.5159727794842071,0.1042355631800111,-0.0209820981735923,0.4302035759044832,0.249188248025351,-0.2764168955990408,-0.297466961819226,0.1036707853674108,-1.232789290506549,-0.9823990313231686,-0.7271342120310731,-1.2317408572267856,-0.1500539382301678,-0.5126283172487052,-0.4682002893440983,-0.3192617512607017,-0.6699841429815842,-0.7683128395473734,-0.665428362902393,-0.7716413828942625,-1.456139632125318,-0.9308776347489114,-0.8351627896537179,-1.3783655498623013,0.1865800042213492,-0.3513775619938489,-0.3351539126319044,0.0207173515842051,-0.0773212874593746,-0.4990548492342708,-0.433878453097012,-0.2805112636227659,exact,9
UBERON:0002453,related,direct,ethmoidal air cell,Mistral-Small-3.1-24B-Instruct-2503,-1,0.7304575969917763,0.4651054752171406,0.2766975319031233,0.7283810956032349,0.87681625905989,0.7792958558329476,0.6219216154468157,0.9522731610449826,0.5851054218461822,0.160500382730032,-0.0188472447910465,0.5149532140934816,0.5784627588185892,0.0346061580125186,-0.0704133891899845,0.4672721528733177,-1.3649245743602338,-1.0281714062264478,-0.7495006198967631,-1.3289191900486217,0.0195377517895851,-0.4314324770030754,-0.3997524820726145,-0.1590677820920572,-1.016289851919138,-0.8550938222813805,-0.7514351514320201,-1.049957688063998,0.8907774945946118,0.3042431874768989,0.2116944349310488,0.8958454641215338,0.816080297180454,0.4587646396492883,0.3239262452411,0.8154427976995328,-0.0034278532891397,-0.4704384448580471,-0.4153506754667264,-0.2102167351931841,exact,9
UBERON:0002483,exact,direct,cancellous bone,Mistral-Small-3.1-24B-Instruct-2503,-1,0.2031853135216596,-0.3011710495548923,-0.322665040686189,0.0356646790229325,-0.3493906992517478,-0.6395855278437971,-0.5608559434787804,-0.5170016883884982,0.4243451079033768,-0.0109520711500934,-0.0243867526134911,0.3217029606700335,-0.3366574104425408,-0.5259208409373659,-0.5065802083744438,-0.4568414581491475,0.3136725963460152,-0.1341049092285629,-0.2125657926381751,0.1590363739683389,-0.258186058586713,-0.5583348933349563,-0.5172288708146263,-0.4172716391831342,-0.8802205609997891,-0.7083489040963025,-0.6278849519484717,-0.942677239295652,1.0898820278693122,0.6929575197031992,0.5856362682208229,1.2144205181884768,-0.0988369359967609,-0.4905278317828227,-0.5656985114943018,-0.2706667953542069,0.2791320607943782,-0.2741965412440444,-0.304017038391107,0.0789304671605304,exact,9
UBERON:0002483,exact,direct,cancellous bone tissue,Mistral-Small-3.1-24B-Instruct-2503,-1,0.4482475197258706,-0.0464646019313748,-0.1119686363605083,0.3298095816092973,0.2228756609710195,-0.2339188971152543,-0.2695787039001504,0.062758264268839,0.6867692839450412,0.3218991094300242,0.0053462237556922,0.644745936676675,0.1885780170216461,-0.2040275393239163,-0.2026998226422226,0.041305952920672,0.7148129228277299,0.4034994095733445,0.1686930040236988,0.6674246534117942,-0.2471735667315993,-0.5545109838737374,-0.5229353969905148,-0.407423502564218,-0.030419374235212,-0.4038633097109171,-0.3754505668892737,-0.1990070390398405,0.4123507723065622,-0.2368745821116366,-0.273353447436278,0.2835577177558095,0.3774343938307697,-0.1370072421433269,-0.2691652697199658,0.2342657905488889,0.50437697418942,-0.0807345854323542,-0.1765139043987959,0.3405802514579261,exact,9
UBERON:0002483,exact,direct,spongy bone,Mistral-Small-3.1-24B-Instruct-2503,-1,-0.3243011067657915,-0.6269353167727938,-0.5755999476542565,-0.5032692478383004,0.084776114832143,-0.3397760634301888,-0.3753949724326439,-0.088104040010197,-0.3936871626613731,-0.438741208286025,-0.073894636880681,-0.515424944390179,-0.2737754169137331,-0.4865468921627164,-0.4688131755202672,-0.4005597142042885,0.017038618831835,-0.3904162647643074,-0.3812898656235012,-0.1595620074276183,-0.1851872746448211,-0.5245203164069967,-0.4735554160915253,-0.3514332835610047,-0.8223569750614199,-0.7195919456067369,-0.6552710534391004,-0.8962739670019105,0.6465615573347699,-0.0270655740524888,-0.095832764690933,0.5637175022450902,-0.3498368194366861,-0.5850065839863825,-0.6156343884628442,-0.5059085283339558,-0.3463069899153048,-0.5980220946522369,-0.4930887093102716,-0.5220596100250648,exact,9
UBERON:0002483,exact,direct,spongy bone tissue,Mistral-Small-3.1-24B-Instruct-2503,-1,0.0355572052637214,-0.4022547457419407,-0.419034735530677,-0.1470639988886622,0.2212712970496373,-0.2295719917460535,-0.2775239017195021,0.0609558129523515,0.6464878991398214,0.2273548193198439,-0.0088962379098785,0.5925309962444612,0.2532947854039712,-0.1195544750213634,-0.1696390779642297,0.107940841246671,0.6957064749735657,0.3734606654189614,0.1724147133215263,0.6403568943879,-0.1246853129690145,-0.4992407234263805,-0.4564088090295438,-0.2958266229382483,-0.1256763994615668,-0.4727924525011922,-0.4303466362309432,-0.2905478983273358,0.6743815597858882,0.0153370043515147,-0.0637303925244415,0.5991732383251089,0.0056452531931453,-0.3859992438675864,-0.4606370013256634,-0.1673309729308179,-0.1483467269429929,-0.5173769601982776,-0.4492119954786917,-0.3463564252259141,exact,9
UBERON:0002483,exact,direct,substantia spongiosa,Mistral-Small-3.1-24B-Instruct-2503,-1,-0.802425514410596,-0.8298005529832795,-0.7041862619661101,-0.9227781429301304,-0.2292319177187243,-0.5225647901127999,-0.4915859632757605,-0.4041126690583204,-0.5460865501909499,-0.5517159891178064,-0.0681382592231043,-0.6534032142720393,-1.3835246528851783,-0.9601346021597094,-0.8464706930617228,-1.305720113768749,-0.9080315379616126,-0.8676778182195494,-0.6773343676231265,-0.9824658601662782,-1.2310811660314178,-0.8234433800746428,-0.7111456114418879,-1.1999433381112274,-1.8142606518288185,-0.9013321432942372,-0.7850275565525167,-1.6374879597714842,-0.5776773934862153,-0.7123458591383289,-0.6388595028542571,-0.6799745755882609,-1.8674621709732049,-0.973161095222133,-0.9375465787421008,-1.6847267492723854,-1.968332397252348,-0.9382447042516008,-0.6735902926514894,-1.702209364750931,exact,8
UBERON:0002483,exact,direct,substantia spongiosa ossium,Mistral-Small-3.1-24B-Instruct-2503,-1,-0.5244342105459436,-0.7119858842704212,-0.624630805893812,-0.6850724715600922,-0.0630342593981582,-0.4369978286221475,-0.3896412532393389,-0.2410285776440356,-2.0199858723432835,-0.8743692821019624,-0.1081330458975921,-1.8348933310573736,-1.378236569646648,-1.0053748104614295,-0.8713237450132081,-1.301752553599198,-0.9971243727305776,-0.898395480020137,-0.7192777946581865,-1.0524386444674494,-0.5924726314595081,-0.6703757922653656,-0.5957142513627687,-0.7037278221875011,-1.5275265149728154,-0.8578732548417916,-0.7453846476104216,-1.433434718528687,-0.2529222045633241,-0.5918981851122254,-0.5428465393446286,-0.3917437968471499,-1.3371654126001074,-0.8599699126589756,-0.8409686315665386,-1.3078228905500455,-1.142641990297849,-0.8145876786214334,-0.6056116149755151,-1.1451837491065535,related,8
UBERON:0002483,exact,direct,substantia trabecularis,Mistral-Small-3.1-24B-Instruct-2503,-1,-0.3986642880816531,-0.6781584027709016,-0.5979420976261987,-0.57199236670158,0.1990462750603064,-0.2223952578129589,-0.2521932566161243,0.0361133346012549,-2.0454804440461296,-0.8896318241296555,-0.1120132671842073,-1.8536502216736608,-0.6120866034085027,-0.6622425179986015,-0.6309300966920837,-0.6949040709300471,-1.043194206280767,-0.917346461199598,-0.7227801390904874,-1.0881322768957418,-0.0385945294376523,-0.4583994623466478,-0.4411962074242506,-0.2149440507219844,-0.2828881858377227,-0.4494682317003414,-0.4376452648704753,-0.4362356408260791,-0.4403544675241228,-0.6790438700092762,-0.6307775195578561,-0.5606035208400678,-0.2358131618017308,-0.5356714316052288,-0.5732171790740247,-0.4011418221670702,-1.0742007389017758,-0.8023602318941657,-0.6120477912790432,-1.095648697291119,related,8
UBERON:0002483,exact,direct,trabecular bone,Mistral-Small-3.1-24B-Instruct-2503,-1,1.1042146399152335,1.992363960288973,1.897836326566212,1.4864741745141592,1.1032078501016649,1.808541871768509,1.6439992426229957,1.4096020670803098,1.2009114168389752,1.4341231057100796,0.1258883688698155,1.4548028003212303,1.1527853759296585,1.289889955194362,1.1056220022876762,1.2735330891773242,1.0308385835632703,1.2101618184134482,0.8814435968587405,1.1844659754637932,1.2495817888614251,2.5581957935740705,2.512381093665197,1.6774745949548375,0.6177526008808362,0.2136922298973844,0.106957445583139,0.5202479532378519,1.2764638699965882,1.3828265494423582,1.1912501738332884,1.583836845174173,1.0552332326117366,1.183932619951794,0.9991352194917724,1.2307676230997016,1.0725288888585356,1.3010276793568871,0.8692594013198042,1.3065665107750917,exact,9
UBERON:0002483,related,direct,cancellated bone,Mistral-Small-3.1-24B-Instruct-2503,-1,-0.2021888914313616,-0.5814195360365891,-0.5169471611695258,-0.3870908715919013,-0.5412053745319242,-0.7399903656472804,-0.6313467313496339,-0.6897092874293558,-0.6421781290429902,-0.5564158730517754,-0.0885074837505482,-0.7383399204760422,-0.749162714624378,-0.6763122672059578,-0.607786459806688,-0.8088600152198546,0.2080404320276529,-0.2352873690611699,-0.2651028975258921,0.0412424152277121,-0.2920875871097093,-0.5634139625355529,-0.5113158169290201,-0.4474077779308947,-1.1737854192348154,-0.8313687347385718,-0.7326367502784742,-1.1711711457628995,0.7595839523527539,0.0707642564156334,0.0107352693889353,0.7112431678155355,-1.8175930395385629,-1.1282693454984134,-0.9112972862635018,-1.6504593330346415,0.0973874748690117,-0.387332963273077,-0.3836125772672276,-0.1110490349741303,exact,9
UBERON:0002483,related,direct,substantia trabecularis ossium,Mistral-Small-3.1-24B-Instruct-2503,-1,-0.0238880095276359,-0.4454637318175332,-0.4198249286881582,-0.2089913957759772,0.3681249547498599,-0.0727286776317432,-0.1151947867841514,0.2314706081142449,-2.3896113645550034,-0.956949641950888,-0.1190657424123394,-2.1031165344411207,-0.6643850585969989,-0.6883243449091598,-0.6526770516696927,-0.7387069397998529,-0.9927356376489436,-0.8999368078660962,-0.693921749015997,-1.0490212854074552,0.3095682319324848,-0.2546194674191661,-0.2863263302639182,0.1379197151669887,0.01253592682865,-0.3011225559574487,-0.3100297068724533,-0.1568317019378304,-0.1941366200722643,-0.5738524488081153,-0.5432461377196901,-0.3372136147254485,-0.0090318943789906,-0.3882584967828236,-0.4413761412514365,-0.1820624687257077,-0.8242594912675357,-0.7592007316352513,-0.5807313808134671,-0.9091379387175214,related,8
UBERON:0002483,related,direct,trabecular substance,Mistral-Small-3.1-24B-Instruct-2503,-1,0.5296111673201137,0.0834793611555085,-0.0311203714381667,0.4366961460250612,0.7285888744589293,0.4836515146672909,0.3126315550233408,0.7134027664956951,-0.7931304701599668,-0.5894777172195839,-0.0863586986895128,-0.8688697255364431,0.6218306112267729,0.2158289641951155,0.1347123241154261,0.5189422440173835,-0.4974914096063836,-0.7088691706887049,-0.546947449427425,-0.6417838850667471,0.2265773144477099,-0.3089849760832622,-0.3157804034862299,0.0494650059451236,-0.3895788103543882,-0.4891711508328309,-0.4631134108347275,-0.5317197069502845,0.7727513015917971,0.1211564056070066,0.0235159399895319,0.7290688632667738,0.4563375553416249,-0.1516860002610167,-0.0846346750934017,0.3281294093999092,0.4164103447892299,-0.1804412902942483,-0.2502016944584302,0.2342734623740008,exact,9
UBERON:0002516,exact,direct,epiphyseal growth plate,Mistral-Small-3.1-24B-Instruct-2503,-1,1.0494776541076083,1.6783864137585258,1.4346077845083742,1.3413596675000892,1.103999160283605,1.809776120707472,1.6259019184471732,1.4115252850700657,-0.9091716620146552,-0.6585393771452677,-0.0804343507394163,-0.967013115955752,1.0880133185729528,0.948529116386015,0.8212642452651167,1.1641337830306495,0.7787358973156153,0.508919318762071,0.2715064729933181,0.7607448331897493,1.1461179123672112,1.460344634667908,1.271682363979596,1.3801029315784084,1.039690415244401,1.0014594786769784,0.7894979234558058,1.171147409416111,0.7794627837101498,0.1694359282393658,0.068073457715416,0.7382104613506084,1.121676081318426,1.6982838490758128,1.5107548870696974,1.3709330262234172,1.046923341478312,1.161797114814079,0.7654727672474386,1.2396208240601267,exact,9
UBERON:0002516,exact,direct,epiphyseal growth plate cartilage,Mistral-Small-3.1-24B-Instruct-2503,-1,0.8176321391291431,0.6868092017244847,0.4961716426940563,0.8716651151904323,0.7759416833640802,0.5609591239986925,0.3795513618048744,0.786232569567504,0.7487602134669573,0.1772606703558501,-0.0092414232745134,0.7273230177473065,0.5302556877342535,0.0263296360702408,-0.0206545024274518,0.4110090548536613,0.682756357128055,0.3282202087090597,0.132708685673593,0.6222121737193007,0.7742883906063022,0.253479282686904,0.151997674500376,0.7113460801565322,0.298675591544104,-0.2263261419332364,-0.2561783917926851,0.1409815274336358,0.8077378101819633,0.18870569133726,0.0784756772214852,0.777150151769193,0.48641959566287,0.0873035214579975,-0.0343262841175489,0.3649117241395354,0.7396763813715653,0.1964225734157363,0.0113508258612393,0.6611999637372667,exact,9
UBERON:0002516,exact,direct,epiphysial plate,Mistral-Small-3.1-24B-Instruct-2503,-1,0.784180909164097,0.5882441633422126,0.4052550232203856,0.8151871373305364,0.7254259633980438,0.4643898434016506,0.3028445408600239,0.7086392242581457,0.5820289088083296,-0.0253322409201069,-0.0397294407504351,0.5111246487239772,0.7315685771252392,0.2289654507279925,0.1001872645200957,0.6546555326241369,1.0336347545113918,1.1849653776104172,0.8598910293213237,1.1898426980766352,1.1317944851910828,1.3716805696928471,1.1633152926436372,1.346034837662778,1.2716234354677023,2.924088933065874,2.937719295183081,1.741078446850972,1.2028663005740694,1.1107936674033054,0.9679569211857308,1.4264606099160553,1.062015989231698,1.3669624986675295,1.1265667321479425,1.2444049585468897,0.79619723959464,0.324625864851692,0.0902589386087438,0.7491129210650361,exact,9
UBERON:0002516,exact,direct,long bone epiphyseal plate,Mistral-Small-3.1-24B-Instruct-2503,-1,1.0112730039473796,1.4339557483145404,1.2355893725495009,1.2508348709295407,0.7539302141716419,0.4998025409956322,0.3041122661282269,0.7520167435524046,-1.2620077597389043,-0.7714696687265831,-0.0900093072114778,-1.2552888437927725,1.1047028074246683,0.9694064150376154,0.8281489618225927,1.1916486527254302,0.959747990037581,0.9543723345855064,0.7310212963291973,1.053748820215888,0.7720423092823977,0.2545010628560823,0.1539311953421054,0.7081222728500626,0.657556954961048,0.217030609735387,0.1139647319480941,0.5724582822888508,0.9077600076419756,0.3489680723855157,0.2209732834109269,0.9209948366617898,0.7755767743543821,0.5411953584391138,0.4243836585898691,0.7542827760508584,0.7552790361645164,0.2456088854515456,0.0304374465463217,0.6849357363721215,exact,9
UBERON:0002516,related,direct,cartilago epiphysialis,Mistral-Small-3.1-24B-Instruct-2503,-1,0.6241650866626391,0.2761924530675676,0.1401848272125362,0.5684089308034971,0.0187339416985776,-0.3910239790615211,-0.4024622416753726,-0.1574350051595595,-0.3972347354888595,-0.5762434295225227,-0.0907934079239315,-0.5186855496605741,-0.0886265663438689,-0.4677744775543997,-0.4659769279757883,-0.2300088246627913,-0.1882163192278221,-0.5339749788260771,-0.4795618098008516,-0.3608798863818537,0.1202219790463428,-0.37301176138477,-0.3477988828367194,-0.0596417811125793,-0.2596169256032712,-0.5920149981251254,-0.5415479015490535,-0.415061054756923,0.1569952996227839,-0.4016192432926823,-0.3963502201276123,0.0073196366876077,-0.0382775281608855,-0.3360526772452536,-0.363189424278617,-0.2112019166790162,-0.2146774892659713,-0.5383978851120548,-0.451271108683864,-0.4064469593135093,exact,9
UBERON:0002516,related,direct,epiphyseal cartilage,Mistral-Small-3.1-24B-Instruct-2503,-1,0.7791723324365709,0.574706276371613,0.3789399725455849,0.8068993067242569,0.6206002726819084,0.2726879665203746,0.1064408544331817,0.5570840344794895,0.6374130708395255,0.0509976572014354,-0.0302757103829432,0.5809146724525407,0.6117979148904747,0.0706994357988835,-0.0119025746038661,0.506896318904021,0.9055554311442784,0.7956621548996259,0.4733600815327985,0.9607816167193194,0.6370039905538719,0.0598341468518237,0.0165288833133594,0.5243140756395064,-0.2415601401325236,-0.6005495277233109,-0.5408161012700466,-0.3985411744263021,0.9579969077657104,0.4348183876632446,0.2990893117354418,0.9973451580571956,0.4848747456359163,0.0130455492915864,0.026354820229005,0.3630085897829388,0.4934844769170581,-0.1291822030870857,-0.2002750947415714,0.3270886492790694,exact,9
UBERON:0002516,related,direct,epiphyseal disk,Mistral-Small-3.1-24B-Instruct-2503,-1,1.1589210347489538,2.768913149389977,2.844954266452651,1.6593635215533244,1.06321212918837,1.5673256355467504,1.3080014802087123,1.316339383927405,0.7506513799753397,0.1121677753520304,-0.0242180490658907,0.7298872543451674,0.8801550337112273,0.0698201822032121,0.0036529327079229,0.8519653880914764,0.5777854202518296,0.1639751542561113,0.0461454809061095,0.4806215084109922,0.1750794539274676,-0.3257773187767842,-0.3557723092082189,-0.0039248433929556,0.7057181684326803,0.2603477662296218,0.1720440492919089,0.637499576708531,1.194259455241693,1.0882012039678146,0.9404869499497488,1.4091985747700233,-0.741764770860665,-0.8110340085099218,-0.5079783771101128,-0.8439494081018293,0.1868814997842044,-0.3528772379102473,-0.3556925708517959,-0.0194694243850242,exact,9
UBERON:0002516,related,direct,epiphyseal growth disk,Mistral-Small-3.1-24B-Instruct-2503,-1,0.9233719261797706,1.046844409030503,0.8237766339868045,1.0654885725166583,0.7176122606986501,0.441920296929213,0.2932404091632939,0.696922929186943,0.3070627658676682,-0.2151857752317605,-0.0536434082502191,0.1884066867601871,0.8673578886559019,0.4428038220731857,0.3519653773805856,0.834258166862366,-0.2001011261943344,-0.5540155685563734,-0.4527661302616212,-0.3721391546201618,0.306578274030599,-0.2379233454745597,-0.2718651383453397,0.1346777988860258,0.5211088817244356,-0.0065737804584278,-0.0553043618251753,0.3986147460302582,0.2926594162119016,-0.3035065074390133,-0.3301795354632832,0.1508607468995166,-0.8056297717204338,-0.8212615709095178,-0.4873441291261517,-0.8962604494228429,0.2424152270545087,-0.3176750415154172,-0.3256361845535881,0.0392432333592788,exact,9
UBERON:0002516,related,direct,growth plate,Mistral-Small-3.1-24B-Instruct-2503,-1,-1.537272851312647,-1.0916672917305836,-0.8596273215902728,-1.4898315077493232,-1.747006780683756,-1.1262617714979168,-0.9079265812774708,-1.6294712677155554,-1.560277507566738,-0.8287117392746357,-0.1019215375172079,-1.488956490657206,-1.635566200140211,-1.02347351772211,-0.8753554622801961,-1.4920170975747076,-0.7536500563406103,-0.8311573100811407,-0.6377552916337929,-0.8580705842028371,0.411655784635434,-0.1639106165180164,-0.2091278449158728,0.2513259155891222,-0.0870459036067599,-0.4752732125666384,-0.448425728067208,-0.2537424843224202,-0.559270181168898,-0.7540427498236397,-0.70279460487621,-0.664169818072262,0.094871244129827,-0.3646833514650265,-0.3243838023410939,-0.0761474330108691,0.404145255601359,-0.1918288481337474,-0.248066224685833,0.219903909299198,exact,9
UBERON:0002516,related,direct,lamina epiphysialis,Mistral-Small-3.1-24B-Instruct-2503,-1,0.3700785431564724,-0.0926020858550007,-0.1871021329624627,0.2318690715414164,0.2975461436546707,-0.1456509351255624,-0.168857128142129,0.148073862235352,-1.0722749596170114,-0.7479818111654051,-0.0972795873470098,-1.1020482868668788,-0.1574719876945665,-0.5774790591926915,-0.571680829486395,-0.2943154308698281,-0.2254935564967867,-0.5619661292339281,-0.5103578919928944,-0.3960603900337959,0.1946301733144098,-0.3132879905626185,-0.3049605585733292,0.0162162140837896,0.4518324907887378,-0.0809497448936472,-0.1106115201628191,0.3153533017464262,0.4835060699445335,-0.170721843295671,-0.2479146492447142,0.3655389427483004,-0.1050284890201046,-0.4058349851045667,-0.3452221555957651,-0.2766822006808366,-0.3045414947839535,-0.5747341739241048,-0.4754076798879443,-0.4858710146346244,exact,9
UBERON:0002516,related,direct,physis,Mistral-Small-3.1-24B-Instruct-2503,-1,-1.1573454699026828,-0.976916827458318,-0.8070130791634641,-1.2061767324482515,-0.7850461704688865,-0.8668209161076859,-0.7480356002340178,-0.8978903028157875,-0.9728817288570728,-0.7412511269862945,-0.1078133877576387,-1.0201473548792117,-0.7456369162507327,-0.7479245775109831,-0.6537246234662296,-0.8059627756536273,-1.2250447181123707,-0.9974557634781708,-0.7627529406139097,-1.2259736494334488,-1.0896723582651808,-0.7721449555370818,-0.6742200999497246,-1.0946486853682516,-1.8130761925913048,-0.9449400191750792,-0.8048435597820173,-1.6366587577412783,-1.29929514930543,-0.9483070374214948,-0.8427851624737736,-1.2604663337674962,-1.891586423175694,-1.0607686158299705,-0.866288180355926,-1.7012242170478953,-0.5603198701430956,-0.6562366402912122,-0.5322951238824469,-0.7010583792786681,exact,9
UBERON:0002529,exact,direct,free limb segment,Mistral-Small-3.1-24B-Instruct-2503,-1,0.2466863736638836,-0.3423100746333574,-0.343465428704661,0.0852896679305339,0.6249186985128892,0.1485387364933557,0.0306079459162959,0.5631038467325497,0.6975578616270683,0.1498639445853936,-0.0202098260988545,0.6589178340913764,1.0026954687884777,0.8427521284952333,0.7188646270886131,1.0297727763928992,0.1103473187629209,-0.3691708108581308,-0.3833218540465073,-0.0632684763164967,0.2189655098933673,-0.318414040437959,-0.3283308096619133,0.041504350667214,0.5023556913044029,-0.2153079183718809,-0.2351206893592811,0.3757743385527126,1.0004549010007395,0.3809038063288362,0.2745434108773378,1.0643727088459012,0.3387845480615654,-0.358433512416646,-0.3967940310736105,0.1895664591748011,0.1832338109681389,-0.3643720560465023,-0.3526502930505185,-0.0232732473382028,exact,9
UBERON:0002529,exact,direct,segment of limb,Mistral-Small-3.1-24B-Instruct-2503,-1,0.4231900358506944,-0.1741671132570237,-0.239786824363478,0.2979403739228193,-0.1196405051315714,-0.5777794393829091,-0.5216763730514733,-0.2975510133614276,-0.2306196563665628,-0.5179957702994251,-0.0832175925247131,-0.3628055288302695,1.074191894073733,1.043145779007253,0.8812846114156367,1.1416734662993808,0.402253303978423,-0.0976418236657152,-0.1737949458215668,0.2621723947287772,1.2331708675459625,2.276353234638594,2.1468763311416628,1.6218015275537998,1.2004347850401154,1.532378702043084,1.3649908179718195,1.5282928361272825,0.8164604886968367,0.0841278043210439,0.004574090649895,0.7893062383041448,1.111014400012555,1.1142418167269457,0.9635950860038944,1.3473711480200126,1.1625446019040215,2.3685443033341604,2.1159167623606097,1.61114185167331,exact,9
UBERON:0002529,exact,direct,subdivision of limb,Mistral-Small-3.1-24B-Instruct-2503,-1,-0.1878299054300294,-0.6550839166097409,-0.5840441503594231,-0.373138062772605,-0.7782839240858294,-0.8794846627500602,-0.7388414347271143,-0.8922697691758771,-1.5396778782367275,-0.8063663749424023,-0.1114842677546654,-1.4730752659979085,0.6257458897088323,0.1645955093439558,0.0668888760058925,0.5236586854789199,-0.268313435560134,-0.6212911246031342,-0.5339558762239699,-0.4359938040488176,0.8933835631680953,0.463150031951211,0.2920792141559775,0.8921142363175723,0.5962994142230018,-0.1206769330557557,-0.1224722044302656,0.4926452003465592,-0.3923267065771253,-0.6772895454869973,-0.6302668898863295,-0.5180204333509408,0.5974950989659618,-0.1466891195148996,-0.2329187364435154,0.5061206700477988,0.387458459599955,-0.1916229406131436,-0.2440335613024797,0.2005187391593446,related,8
UBERON:0002529,related,direct,extremity part,Mistral-Small-3.1-24B-Instruct-2503,-1,-0.5072247019761971,-0.8143788294344059,-0.6833608390232979,-0.6698204650163273,-1.2241806108863116,-1.0765221941176817,-0.8826572624310979,-1.2470323425369674,-1.9278509648125048,-0.91216461789247,-0.115606497233022,-1.7667604139854776,-1.1500839548035948,-0.889627549548673,-0.7901818215407094,-1.1280262699193282,-0.1784859036332393,-0.5797159377014488,-0.4992280509480401,-0.3516312434419653,0.2083344639522184,-0.3233551371974614,-0.3190782627055413,0.0304268744719972,-0.2436261142999869,-0.7145569316230506,-0.641317144861503,-0.4004353371988934,0.2167857491906957,-0.489086756353696,-0.4790705680389119,0.0697530401535792,0.1345798233048242,-0.5215857062155204,-0.5753765430291665,-0.0346179502957915,0.1877876168532398,-0.3023030613953164,-0.3143862136465801,-0.0185235431152063,related,8
UBERON:0002529,related,direct,limb region,Mistral-Small-3.1-24B-Instruct-2503,-1,0.9564275592322734,0.9597511798146694,0.7209942885784401,1.1320423525585586,0.6178108848766786,0.139330049021632,0.0286818372340455,0.55320509988208,-0.6450468215854163,-0.6147132092845012,-0.0886501281913457,-0.7408526862573003,0.8715745944353249,0.6181533366959626,0.4404486669364808,0.8400764632835502,-0.1280662307333058,-0.5396166388230653,-0.4941603643564934,-0.3032598455362658,0.8153746411698001,0.3021678774814099,0.1912311098434009,0.7714366201316034,0.4122952006674146,-0.343738697356957,-0.3474137669453066,0.2691351320042539,0.9645255982796164,0.2849692130866242,0.1720307066053125,1.007495504738828,0.5843427848540258,-0.1187420525022551,-0.1491061305988335,0.4889226623212679,0.8339806701350198,0.4398204161864409,0.1843468081767567,0.8111448890460092,exact,9
UBERON:0002529,related,direct,region of limb,Mistral-Small-3.1-24B-Instruct-2503,-1,0.0409161876923405,-0.5052881062010963,-0.4703486758014247,-0.1414124043699118,-0.6658604131340681,-0.8525580867644675,-0.7438142385492299,-0.7975915511046748,-0.3078730770137181,-0.552535012983666,-0.0875856561834047,-0.4357959094739798,0.6975167121261984,0.3356684855519977,0.244095484225168,0.6117305710981792,-0.1746762827819735,-0.5654052600270697,-0.4869285010093904,-0.3480027358675571,0.8392612178499754,0.3432227914123215,0.213982883934442,0.8074119060284085,0.2759144030845679,-0.4571441064683376,-0.4489915952101947,0.116069160646116,-0.2600095335902854,-0.633763832141544,-0.5788701337528721,-0.3982647743212112,0.66201850189645,-0.0308669389989299,-0.1743476300911226,0.5925662689820127,0.7642313283232263,0.2819006328078772,0.0645567817193805,0.6987314060399071,exact,9
UBERON:0003066,exact,direct,2nd pharyngeal arch,Mistral-Small-3.1-24B-Instruct-2503,-1,0.8803707503611294,0.8876957894331177,0.6276558763755968,0.983519292756854,0.8799970309001521,0.7661245115007486,0.5360703075354489,0.9577879379994656,0.938124709488622,0.6563370547956439,0.041603487305099,0.9997584812808636,1.1964677611698735,1.3550838992938998,1.1830464705792243,1.3517176291169584,0.5090048010256314,0.0858521360095522,-0.0384466376918687,0.392561048090736,0.8456047052327601,0.3917384245470403,0.2799008976392858,0.8171034674252005,0.6942099543263747,0.1003087254555009,0.0030812395484247,0.6217611814170875,0.5446884726928319,-0.1134616978106906,-0.1545230608588526,0.4381031943963628,0.8872091671396566,0.7080863123845929,0.6773563906692456,0.9281887698145,0.8936218529118852,0.5309907634820229,0.2416747350942541,0.915536410616701,exact,9
UBERON:0003066,exact,direct,arcus pharyngeus secundus,Mistral-Small-3.1-24B-Instruct-2503,-1,0.1257213198508887,-0.293076378301054,-0.3289131698368633,-0.0503623829018512,0.0024022003478572,-0.4384694010225916,-0.4012232102324089,-0.1743236721698736,0.2085677814712958,-0.297570643193485,-0.0588794467223101,0.0806957474598318,-0.2376520583412344,-0.5566088752534285,-0.5382535542540591,-0.3678680162827394,-1.7185170294799232,-1.1270645083130306,-0.8284938386969983,-1.5785894512220868,-1.13806502846885,-0.7834952430267558,-0.6659744706153297,-1.13093741706559,0.3725222418922934,-0.2570992571297119,-0.2561509526880964,0.2235195798875876,-0.6840660172551167,-0.7289458260480051,-0.677975905573251,-0.7702044098409977,-0.8260116408173687,-0.8303213410190164,-0.7812691681276719,-0.912810404948494,-0.9360803233256794,-0.7378097539736307,-0.5675733970970528,-0.9937260853505144,exact,9
UBERON:0003066,exact,direct,hyoid arch,Mistral-Small-3.1-24B-Instruct-2503,-1,-0.142925136735213,-0.5148573316346571,-0.4777763734065783,-0.3290818913928247,-0.3082666430152351,-0.6440088597162172,-0.5460685493769991,-0.4788025530275738,-0.5604015337981514,-0.573669656915802,-0.0874555108064653,-0.666153029233065,-1.0245353899720844,-0.8160854396647432,-0.732184110986815,-1.030133561994535,-0.0924139707077625,-0.4682885395105474,-0.4524890691118174,-0.2685882740427852,-0.675308384504704,-0.6782368345972928,-0.5901444352915861,-0.7714338822458957,-1.6415069662390518,-0.9514728406922418,-0.8015930558055508,-1.515375142400285,0.2482283488935786,-0.4061328662313056,-0.3954053802126298,0.1031002000471689,-0.8488348161808684,-0.7715300485263754,-0.7715376392276866,-0.931261758331838,-0.4966068366875525,-0.6564844368270607,-0.5261962850266017,-0.6488276178324415,exact,9
UBERON:0003066,exact,direct,second pharyngeal arch,Mistral-Small-3.1-24B-Instruct-2503,-1,0.9053441090580672,0.9795178275714724,0.732258604434668,1.030535673028752,0.9507971603484844,0.9987772367959298,0.7579941249944405,1.085884875379675,0.7160211732346469,0.3202334816485331,-0.0035200595552897,0.6833623545910037,1.134062891012572,1.178954709546728,1.001854915126531,1.2411645334784551,0.4115234534123027,-0.0263970534958432,-0.14009869467057,0.273218050662919,0.9009265325176248,0.5122150146955599,0.3688462834821886,0.904303882937719,0.6770620017783181,0.0601667413656812,-0.0268919685759446,0.5985423829973414,0.7554447488820045,0.1078964113386426,0.0306586136348117,0.7056690493334695,0.894051258582495,0.7047466908759846,0.694407206004863,0.9394342768119036,0.7380282390489578,0.2203285992772821,0.011756553041472,0.6587149359674508,exact,9
UBERON:0003066,related,direct,2nd arch,Mistral-Small-3.1-24B-Instruct-2503,-1,-1.934208118964348,-1.172516768954649,-0.9226917256113416,-1.7689229123704393,-1.112953772152774,-0.9933623847585462,-0.8093469500471188,-1.161334222792768,-1.7148678619119884,-0.8304139669347609,-0.0891324135502955,-1.6070329629459452,-0.7789958261042039,-0.680722986621835,-0.6362388284510284,-0.8333059468898604,-0.635856493184515,-0.795524641145167,-0.6089853872662876,-0.7602449578305521,0.3207145911472351,-0.2216757767309503,-0.2632451099273445,0.1500433856638206,-0.5026300421361863,-0.6865854605561946,-0.619075441304069,-0.6302477237308393,-0.0039859429298258,-0.489696718185306,-0.4647172963767442,-0.1549718771396348,0.0952429803695383,-0.3207890813831002,-0.3852903849916977,-0.0757614584275736,-0.2991445252936114,-0.5834642412233327,-0.4775031603662835,-0.4811621195029184,exact,9
UBERON:0003066,related,direct,2nd visceral arch,Mistral-Small-3.1-24B-Instruct-2503,-1,-0.5855980818712327,-0.7293642168827601,-0.6278742795802897,-0.7387423079059657,-0.2221365289725148,-0.572949937404838,-0.5171914523703176,-0.3973218016151375,0.84645354954486,0.3619051404129099,0.0048342947353044,0.8636518971450353,-0.4483796361993311,-0.604806010168803,-0.5664575574082764,-0.5549877890479163,-0.1331486063669853,-0.5175076116558713,-0.4344395303221416,-0.3081704033268897,0.2962822767935409,-0.2394911759157835,-0.261973173625643,0.1235467852554021,-1.1729642485276377,-0.8950041230573508,-0.7839673139024247,-1.170546828172305,0.015642649653568,-0.4671297776724515,-0.4637591749807239,-0.1356047049354485,-0.242760340220026,-0.4939622304457609,-0.5235851474545099,-0.4076203760095527,-0.9332427733469632,-0.7911789167627741,-0.6012431402773284,-0.9916033322767024,exact,9
UBERON:0003066,related,direct,hyoid bars,Mistral-Small-3.1-24B-Instruct-2503,-1,-0.5224923789523872,-0.7206531608641666,-0.6257102398334619,-0.6833548957988176,-0.6006165391830685,-0.7865997883789078,-0.6879215878114795,-0.7415252052287278,0.1407686539549748,-0.2606548473206984,-0.0618267319137578,0.0085513686260322,-1.4122753291110206,-0.9164738851430992,-0.8022110513623076,-1.32724698260319,-0.2202815284234725,-0.5653392739213978,-0.506162200574095,-0.3911651578393177,-1.7162963414046148,-0.8888543927607317,-0.743786847854917,-1.5461024958602867,-3.2087118724851487,-1.153913364163815,-0.968179092370504,-2.5559837415250546,-0.2701011941480882,-0.6152301498123248,-0.580382353766001,-0.4075306537569888,-1.355817993305001,-0.9673573093077148,-0.9012252184401608,-1.321589687569413,-1.0584716611692382,-0.8003853673817439,-0.5950168535931862,-1.0841764822323974,related,8
UBERON:0003066,related,direct,pharyngeal arches 2,Mistral-Small-3.1-24B-Instruct-2503,-1,1.0679963173106048,1.8030859134694228,1.6346300954001964,1.3881309948787717,0.8425406468808165,0.6319644698245774,0.5043619251259919,0.8940038525891855,0.9887386214442384,0.7637980255703583,0.0573083355227928,1.0789653275050606,1.328836118604235,2.0218940520836703,1.916174481013148,1.6182601438843238,0.6133836584275252,0.2118875407539326,0.0586049133940272,0.5276011783981015,1.1815600564410265,1.7651395344575442,1.5637960189230915,1.4701981003317823,0.9667122324266432,0.6522681774253297,0.5083267403293841,1.0379568199305471,1.0352762129002562,0.6299442368292739,0.5099540327938934,1.1212595077406935,0.9320877395561756,0.7772734540658484,0.5810219462212008,1.0033859577465032,1.132050872863791,1.9193344844219336,1.5519948083611192,1.4903313665012357,related,9
UBERON:0003283,exact,direct,esophagus mesentery,Mistral-Small-3.1-24B-Instruct-2503,-1,0.7744418554718169,0.5818392093701047,0.4206365562041228,0.7991101303987309,0.8621051892986782,0.7089003583491161,0.5170123746622293,0.9270095556481582,0.9709049289672486,0.454763440003048,0.064376599337328,1.0506932063733043,0.9034009758285592,0.6555022211217433,0.5181706554916967,0.8845165603318881,0.5088816312079785,0.0714647334203686,-0.057845970454198,0.3924063671001321,1.1313852770121935,1.3368787526575605,1.1459133363908411,1.345078842780969,1.085595651793086,1.1257247126630996,0.957479853628034,1.2623289169373386,0.6118130688284689,-0.1018736724980799,-0.1746415303147298,0.5201517915785988,1.0023809178534122,0.9039973938877316,0.6926324938456324,1.1288549948172106,0.9728152463167796,0.6251185164180196,0.3161373790674284,1.0701803479100551,exact,9
UBERON:0003283,exact,direct,gullet mesentery,Mistral-Small-3.1-24B-Instruct-2503,-1,-0.1491344091885078,-0.5058106693975866,-0.4802024674984871,-0.3352126205495858,0.1581963429594413,-0.3244230363448692,-0.3543768891028906,-0.0089490800991378,-0.1947475297393113,-0.5557353389869741,-0.0815218196212909,-0.3284669584607949,0.078699166625499,-0.2215535012392626,-0.2442136053670542,-0.0688055632832979,0.2029407694020221,-0.2497542547977219,-0.268056533999356,0.0356863985797868,-0.10903766378648,-0.4798008377563567,-0.4406230089933083,-0.2812834136857113,-0.4112774512156592,-0.6071537337491265,-0.5737807290973341,-0.5508338772482441,0.0440227568605582,-0.4294987048910584,-0.4090436770621991,-0.1074039408232319,-0.4846705577216281,-0.6920944619466869,-0.7320160581082613,-0.6257930017225635,-0.2002436016491963,-0.6031343321756625,-0.4904213929807026,-0.3934809954207012,exact,9
UBERON:0003283,exact,direct,mesentery of esophagus,Mistral-Small-3.1-24B-Instruct-2503,-1,1.0447437008958198,1.6906621906149768,1.4950274866965472,1.3297297839041695,1.1850125493127788,2.431896053627678,2.3512344678984416,1.629855347625319,1.191539482200773,1.018517320158771,0.0993272687930744,1.436253203854058,1.1567690489207665,1.417208460855532,1.2628767370055325,1.2805046484809717,0.8865138095099315,0.7478532093257826,0.4364597215725926,0.9292886503456076,1.2247672679837682,2.171452122611005,2.048425724508653,1.5949521293226308,1.313747372543513,3.7795051413115206,3.928096313396905,1.904834574054414,0.2659361633874643,-0.2730269082595363,-0.280472412272806,0.1220435991116135,1.2577751525731542,2.726637500128762,2.649553628582519,1.72730371722745,1.0438164332364772,0.9453573379031456,0.5758596349334459,1.2318511464142283,exact,9
UBERON:0003283,exact,direct,mesentery of gullet,Mistral-Small-3.1-24B-Instruct-2503,-1,0.0456862938732895,-0.361580061360495,-0.370119178567605,-0.1363719842626674,0.3025611398813339,-0.1892384844226561,-0.2349584222904419,0.1539077734401877,-0.3898009193968952,-0.6355903475280511,-0.0897091302373066,-0.5118502804781561,0.4650302607876273,0.1727822901335918,0.0930047430737505,0.336702478358909,0.3317612725490471,-0.1266395446883231,-0.1922051432404448,0.1797560286199803,-0.0357034508354983,-0.4480704962456424,-0.4216779866886156,-0.2121900106380406,-0.1653441635780723,-0.5081905553490688,-0.4862739673867021,-0.3279114705483716,-0.5209513914046181,-0.6168456186390425,-0.5749808285739254,-0.6310779723487357,-0.304398498028448,-0.5837809533601588,-0.6380360015718133,-0.464551115440244,-0.2444611857965248,-0.619662505526596,-0.5041279970926392,-0.4330149547035689,exact,9
UBERON:0003283,exact,direct,meso-esophagus,Mistral-Small-3.1-24B-Instruct-2503,-1,0.4023721828589794,-0.0590345642762623,-0.0993513119054863,0.2718098642497899,0.724845876346121,0.3898460058953119,0.2764234808897537,0.7077668917120096,0.843301990216992,0.2072709875399481,-0.0110607239266138,0.859123010924223,0.3051198031525866,-0.1195511834133939,-0.146694055953748,0.1623390248896211,-0.3729861718251996,-0.639785154101894,-0.5279083755716689,-0.5315746605427432,-0.3092682457430835,-0.577523926628546,-0.5284618453209048,-0.4625780453944153,0.3016842403267586,-0.2680747954605851,-0.2578853008328545,0.1442924912378264,-0.96858701454788,-0.7601282968999037,-0.6863557572215248,-1.0030280926554072,-0.0318579292520266,-0.4887359049873099,-0.5376464858157327,-0.2048297601123061,-0.3255467951992282,-0.6884421246614456,-0.5459899098631261,-0.5041268110692524,exact,9
UBERON:0003283,exact,direct,oesophagus mesentery,Mistral-Small-3.1-24B-Instruct-2503,-1,1.0099791448010824,1.4649977468239568,1.266658748752716,1.2478927395077568,1.0485942461021658,1.4161863780175648,1.290509076033839,1.283983130150227,1.3125318049326162,1.5806410978361698,0.163678239609918,1.696807220754336,1.2462241521807398,1.5569280595628214,1.449798369843272,1.4459914230492807,0.96221138639064,0.9472491203460496,0.6140848607326538,1.0581016202883349,1.227851541525398,2.219625006106369,2.0686854294668287,1.6046889649106253,1.1524631665927323,1.522129425359031,1.300180216584913,1.4090167488918408,0.8766947210905179,0.2992399654962201,0.1747752352619907,0.8752274560585065,1.126584429437382,1.4126177690920112,1.2105923399695562,1.3819358020926382,1.1644249496258694,2.260726761269632,1.9573899004598685,1.6196133292795725,exact,9
UBERON:0003301,exact,direct,between brain roof plate,Mistral-Small-3.1-24B-Instruct-2503,-1,-0.0348284541950916,-0.4568375032950955,-0.4591439667952733,-0.2202406463822394,0.0584788351449767,-0.3887659017029722,-0.3979269110071929,-0.1159145020391622,-0.663964259460779,-0.603571518130189,-0.0867668135646444,-0.7573907296797621,-0.3759592707199832,-0.4615958451825516,-0.4372079545870327,-0.491629674820325,0.133645862165273,-0.3067673770946254,-0.2432680012423225,-0.0387025974200526,0.0087473580538686,-0.4268491432514038,-0.4180825824256667,-0.1695202732096838,0.477144853585321,-0.0133758534585892,-0.0280813747157597,0.3454266520175935,0.3617800575682896,0.0250908936334524,0.014733721431131,0.2267384498879092,-0.0576464160046073,-0.4732443102101213,-0.3735928638786681,-0.2303468277031826,0.7573812690456383,0.1730125040485366,-0.0221470645607798,0.6881635098986263,related,8
UBERON:0003301,exact,direct,between brain roofplate,Mistral-Small-3.1-24B-Instruct-2503,-1,-0.511466418607879,-0.7259424695179252,-0.6381337240346177,-0.6735859999552317,-0.1799454853071642,-0.5551528208363796,-0.4930814359617869,-0.3566379992133225,0.7395914810909501,0.2369141636827088,-0.0017537982482896,0.7149301635955845,-0.766714301928472,-0.6460490901709678,-0.5911449881997664,-0.823256992004714,-0.5578359767603519,-0.7396512401698668,-0.5306717169366465,-0.6939428589634861,-0.4087868381780045,-0.6000985777979561,-0.5498913824410953,-0.5491642985588101,0.3410718930848573,-0.1680287397813702,-0.1292687273722206,0.1880372948495457,-0.2931681261359833,-0.5617743979957629,-0.5466406336959861,-0.4286256861463657,-0.715747523345185,-0.838832839688458,-0.4830234883385507,-0.8224367599094946,0.0787083565421262,-0.4968549411255608,-0.4241328464165866,-0.1297267545230239,related,8
UBERON:0003301,exact,direct,diencephalon roof plate,Mistral-Small-3.1-24B-Instruct-2503,-1,0.9130453867386344,0.9956311176466224,0.785570060061229,1.045358442475022,0.9284300286797668,0.9970532276821896,0.779876636697203,1.044241774658884,-0.6672732235712939,-0.6230781438498123,-0.0890343664805138,-0.760277780582051,1.272150585685632,1.662924474609251,1.5739476286483018,1.4976942029331752,0.8346485119080714,0.6289125619011587,0.4287146436734729,0.8462491139367917,1.2441833594010758,2.4703990349011224,2.406878092150607,1.6586406165272418,1.2446781090751668,2.616514875636516,2.588249160577003,1.653840918881903,0.1668572488060144,-0.2946109747197128,-0.2967006690127427,0.017531924772876,1.0550244884155913,1.3681521196789577,1.1474766744787956,1.2303500960685978,1.1770466031045737,2.739950957015024,2.7228701645541857,1.681040856305582,exact,9
UBERON:0003301,exact,direct,diencephalon roofplate,Mistral-Small-3.1-24B-Instruct-2503,-1,0.7439405687403762,0.5116627992222724,0.3393308150408206,0.7497483499299202,0.8158946937179964,0.6666929579997338,0.4596750826028403,0.8500735460704667,0.0372959838403655,-0.4594345386464567,-0.073722106375013,-0.0987191800614934,1.0410131853219464,0.8338124927737564,0.6814189744776759,1.0888906068940347,0.5521077545821811,0.1265474762808885,0.0236349613379917,0.4473432484650594,0.911329395459393,0.5099103606593424,0.3727196278758327,0.92128246502093,1.0179444775598767,1.0179756304810912,0.8593264131066468,1.1300960523896466,0.1517510378160605,-0.2921811784163282,-0.2910596019876916,0.0019025093694966,0.3071061865417143,-0.1933190816103817,0.1676908833824396,0.1535115325433441,0.7406748645882985,0.195338135394246,0.0249590619494798,0.662707486061913,exact,9
UBERON:0003301,exact,direct,interbrain roof plate,Mistral-Small-3.1-24B-Instruct-2503,-1,0.0928958143520799,-0.3614860508006046,-0.3652772067480882,-0.0859742818589352,0.246917823123,-0.2147006287138438,-0.2426017412395194,0.0899195488832332,-0.6709643464817324,-0.6125036705197864,-0.085338369698728,-0.7634962668829366,-0.4251418850411668,-0.5424916818074177,-0.5061149159326944,-0.5347605648662247,0.0885613871563067,-0.3347549680028851,-0.2133576444400028,-0.0860456121997977,0.3204244184330226,-0.2460431103380723,-0.2575496540295252,0.1497270050227445,0.5420140776025048,0.0725992330793718,0.0170219231879012,0.4243543654901864,-0.2363619694470886,-0.5573479341906926,-0.5259729635606973,-0.3764627443755039,0.4627199806265126,0.0309234187528236,-0.0651426769954119,0.3358853049511679,0.5662942858908384,-0.0582584434586616,-0.1610339068568631,0.4192304872241388,exact,9
UBERON:0003301,exact,direct,interbrain roofplate,Mistral-Small-3.1-24B-Instruct-2503,-1,-0.0380071344835771,-0.4597292868066957,-0.4460894437439964,-0.2235006733586832,0.0514098492900194,-0.3792072207061703,-0.3875822598633694,-0.1233436976241561,-0.4999865763665538,-0.5603359549073416,-0.0846251999697317,-0.6121050579083517,-0.7857603297326742,-0.7061244679742016,-0.6464973421564644,-0.8388320089254515,-0.4161625950975423,-0.6605636020488798,-0.4915935007959707,-0.5702043164122117,-0.1149791687853556,-0.4922742304621686,-0.4582603860497463,-0.2868135798726363,0.3896950660456816,-0.1115937740175519,-0.1007253451187655,0.243110584650898,-0.3193767277318578,-0.5819218847765468,-0.5281128038379665,-0.4524537936440259,-0.3284205227650164,-0.637663207236415,-0.3267983879697983,-0.4864785738506152,-0.1504861126879932,-0.5679156661528972,-0.4727803350655726,-0.3483150919707004,exact,9
UBERON:0003301,exact,direct,mature diencephalon roof plate,Mistral-Small-3.1-24B-Instruct-2503,-1,0.9271519972052508,1.0489053987616757,0.7722166836531821,1.0729325236672966,0.9493418951071146,1.0658862308783412,0.8545933147578215,1.0831395416234002,-1.095234890981191,-0.6863843482498502,-0.0892960234917874,-1.12080266534554,1.21037068571281,1.5159860885282013,1.346303035172541,1.377458546027691,1.0617628512901358,1.3062869341805488,1.0660806787243788,1.2450558453155671,0.7737533014727543,0.2464742258820464,0.1345389896651223,0.7105775112754597,0.6069224438182431,0.2057308677166335,0.1153966048426995,0.5062679320371549,0.0927885266918197,-0.3338727952453005,-0.3359311841961966,-0.0583790245433,0.9221924068060172,0.8341741512849815,0.7157752238758002,0.9865057656260998,1.042514534964737,1.122010072853009,0.7435671772025014,1.228616093290652,related,8
UBERON:0003301,exact,direct,mature diencephalon roofplate,Mistral-Small-3.1-24B-Instruct-2503,-1,0.8701151263595002,0.8512189249294336,0.6480449888470199,0.9646501286342832,0.7848441170498135,0.5967072748464542,0.4245300798296765,0.8002584620873525,-0.0749370898620147,-0.4582918331285538,-0.0725469965100091,-0.2115749890857075,0.9888867402759676,0.8232713303308362,0.6368587416754652,1.0089162329876449,0.6884329731100601,0.3385812724521997,0.1824913514633807,0.6301461439194376,0.5414166108932822,-0.056583538388483,-0.1284705905317838,0.4041589767347237,0.3800799480632228,-0.0570776485905943,-0.1151845754552905,0.2321222859833473,0.0375502723212816,-0.3448010118828447,-0.3331877650935477,-0.1138564936712935,0.1472781902778821,-0.3320070961775035,0.1096820857864405,-0.0212067696914677,0.7329491329495756,0.1732577649599549,0.0102768717748599,0.6510828761449229,related,8
UBERON:0003301,exact,direct,roof plate diencephalic region,Mistral-Small-3.1-24B-Instruct-2503,-1,0.8796775867024199,0.8728192232504353,0.6450601704345273,0.9822361757895428,0.8682384256254334,0.7904716831761929,0.5780297915742121,0.937494481981029,0.9123715167248008,0.4567333241499576,0.0142215365747971,0.9606228369963736,0.5021877279550213,0.0450777924457409,-0.0093844011260322,0.3787862259211296,0.9356953016113538,0.8883469874413678,0.5922793802715286,1.0118459141742355,1.1129214693123015,1.2442633918586858,1.0363902754110126,1.3028667782186478,0.8882256006247866,0.6682151020706688,0.5334156534997881,0.9070884563498371,0.2338396193884588,-0.2159156375124821,-0.2202660168366792,0.087794545777836,0.6196691656647351,0.1939612120976947,0.5895000150754902,0.5354307878793798,0.87270840263231,0.4921976259686889,0.2065006418991233,0.8779302513732212,exact,9
UBERON:0003301,exact,direct,roof plate diencephalon,Mistral-Small-3.1-24B-Instruct-2503,-1,1.0040069523955508,1.3873255499460542,1.145976783630869,1.2344078982565845,1.0857493265389766,1.7073820669756468,1.5682950877123047,1.3679762749738211,0.7258718647178689,0.270507545622431,-0.0041677608124527,0.6965052074509728,1.35470644403883,2.1294602041627755,2.079116328444828,1.6774140806199282,1.0492902865972795,1.2598354440043675,0.9750809479175254,1.2203141448445958,1.2263268987845355,2.206929568737197,2.0049902598455502,1.5998592834735406,1.0098073853040914,0.9975668955464194,0.8446098841704024,1.1150504453085648,0.2790262905048428,-0.1996959381119438,-0.2127735169584237,0.1361245096292855,0.7797766789857347,0.3949560437489514,1.0629348888895072,0.7605314168919407,1.1937741640538442,3.316363906669148,3.727941991914104,1.7809953274850674,exact,9
UBERON:0003301,exact,direct,roof plate of between brain,Mistral-Small-3.1-24B-Instruct-2503,-1,-0.1701281602801762,-0.5543536318123699,-0.501518516970419,-0.3558480100213725,0.3144051662748096,-0.1708375656923129,-0.2202844874443614,0.1677401398105261,0.9926925987961144,0.546637547205981,0.0385796166031051,1.085289816802643,-0.1495615688785647,-0.325684017506734,-0.3351971830784868,-0.2869821129920412,-0.150243280532818,-0.5163733685862405,-0.3266685259903705,-0.3246296349675182,0.5291688884015207,-0.066418995359634,-0.1184817052179856,0.3892623699331502,0.7091088613824779,0.3223988528366385,0.2440551125885258,0.6421610912900791,0.5204065141577313,0.224906060198092,0.1404942349665889,0.4090622838600453,0.1312785195452351,-0.349324426833719,0.365900403657853,-0.0380940587899859,0.7412497019544178,0.1218010749299975,-0.0516829605889525,0.6635760812388051,related,8
UBERON:0003301,exact,direct,roof plate of interbrain,Mistral-Small-3.1-24B-Instruct-2503,-1,0.4453830921693176,-0.0170129983341888,-0.0980251373483598,0.3261427994363657,0.43082483247315,-0.0152781254087835,-0.0649298057449853,0.3080538312478431,1.0233064820363031,0.6994037157902602,0.0390199661277143,1.1349805754268676,-0.2085237788977709,-0.4052615581916208,-0.4164255366611523,-0.3413082884236761,-0.554957692600462,-0.7385545228558106,-0.5177210090578759,-0.6914727592632589,0.4836285056901106,-0.113618030037349,-0.1483222781619396,0.3347717985666193,0.6263463521197593,0.2074755461507652,0.0981030130534943,0.5314083341943333,1.002922587660772,1.00574169135822,0.8903858525807967,1.06834490595369,0.7610368832399856,0.4971497957660297,0.5481882483898883,0.7328092822119712,0.546243091660442,-0.1174330426954397,-0.2031484088131756,0.3933814127610183,exact,9
UBERON:0003301,exact,direct,roof plate of mature diencephalon,Mistral-Small-3.1-24B-Instruct-2503,-1,1.129379887448484,2.353473388944911,2.3117040946110308,1.561559272002376,1.0330592508227612,1.4085360012960608,1.1797848050669155,1.2504864354659404,1.331211788649315,1.9731693754281028,0.1942606903438639,1.742109550314252,1.3815838479030678,2.542396205895106,2.5611760144498663,1.742245915741484,1.2810397006962837,2.7688400841605274,2.567126537910151,1.7869331654297194,1.1038424480719409,1.191714156270612,0.9616563307370788,1.2827317354004786,0.90308577321357,0.7639675934896993,0.5736865584379816,0.9310346455711898,0.5499473969277194,0.036549125527663,-0.0593981689076953,0.4444361390857805,1.1523607632744337,1.9625423305222345,2.037812280060292,1.441460731488028,1.042330834693338,1.094844126838434,0.713851341302927,1.228160592374146,related,8
UBERON:0003301,exact,direct,roofplate of between brain,Mistral-Small-3.1-24B-Instruct-2503,-1,-0.427517138469262,-0.6879917237393509,-0.5999293400378208,-0.5982729994930985,0.0046262556580404,-0.4276609419021108,-0.4002938263774438,-0.1720295680855926,0.8468549509832488,0.2333320396548728,0.007628416372729,0.8642293931606785,-0.6598423526427099,-0.6131543944387574,-0.5627452409663538,-0.734918448543729,-0.6464555801246502,-0.7869423247519667,-0.5366906902011659,-0.769156990678849,0.1585186924424111,-0.34895576270717,-0.3425501680791664,-0.0208669058706918,0.5917735975151189,0.1294798899873094,0.1223700606375494,0.486867983813768,0.5489757666880395,0.2214412973304623,0.1119871507515911,0.4432648953920254,-0.8751980643502334,-0.8927719505224488,-0.0895434804391087,-0.9524703832184288,0.067651251442303,-0.5126345139824476,-0.4337642641381845,-0.1407158362291066,related,8
UBERON:0003301,exact,direct,roofplate of diencephalon,Mistral-Small-3.1-24B-Instruct-2503,-1,1.0747068645862965,1.846753940173237,1.6108770379411526,1.4056198157851636,1.0936725235815044,1.7634729294733402,1.6302901896629167,1.3866803911120338,1.3562564674648396,2.135363566896236,0.2101058448368831,1.8057305423976195,1.119084903078903,1.199304020451247,1.0153753168358606,1.2157211750045134,1.336801054109166,3.6102880745314674,4.004296168166472,1.9908936802128208,1.0804027297655523,1.068527515101135,0.885789964989635,1.2324441767305607,1.2276532913600635,2.426541256123932,2.35488940417012,1.603335027164534,0.7204660602535259,0.2006779216929513,0.1392804762690301,0.6591084627720749,0.7192901886430334,0.3576578447524828,0.8456281411495038,0.672462057821519,0.7950713014143238,0.2796137390085395,0.0762069180994053,0.7473071644402123,exact,9
UBERON:0003301,exact,direct,roofplate of interbrain,Mistral-Small-3.1-24B-Instruct-2503,-1,0.2321591373060743,-0.2383861105900862,-0.2669313210146545,0.0686066763756731,0.0420671085648747,-0.3763993139258581,-0.3839478295326577,-0.1331327639790791,0.9471714435367584,0.5161260079744663,0.0193130824889145,1.0136865474503531,-0.7341286186204116,-0.7023113105912255,-0.6538026030321548,-0.7964940350408347,-0.8769149524492892,-0.8772157987522616,-0.6097600561246319,-0.9577226519121328,0.12218701497601,-0.3734357438373186,-0.3528607731044791,-0.0576656098214761,0.4865442817444941,-0.0031234965346313,-0.0390559208409386,0.3566942574933296,0.9894399962161988,0.9573091812749434,0.8545777661851837,1.0467476264290063,-0.0159218826065609,-0.423630236474366,-0.0294790622489082,-0.1889529562864071,-0.1636686712088624,-0.5986472946559691,-0.4956869769314055,-0.3603532853191874,exact,9
UBERON:0003301,exact,direct,roofplate of mature diencephalon,Mistral-Small-3.1-24B-Instruct-2503,-1,1.0439990887809971,1.6292209484272189,1.386442817741445,1.32791191555487,0.7949672961781474,0.6195467554298063,0.4318771151447041,0.8163438124132559,1.2094674636062432,1.329954927387528,0.1130562435136987,1.4719407723396314,1.0083173336130835,0.9187552772816312,0.7313002587082987,1.0383300442258871,1.200501766069214,2.0456719375397823,1.7330888949253185,1.5567473963734533,0.8836667704444652,0.4490090572501586,0.3293301871111859,0.8765571992205677,0.7872142644796616,0.4844567816545053,0.3551859381941933,0.7528608801588715,0.4631135648537856,-0.0329086585067605,-0.11645313504523,0.3417891288668046,0.5595172379377739,0.1000739382851192,0.7409724301294893,0.4568259358646131,0.7651353813442684,0.2091145923966306,0.0168290688989978,0.7001319424989949,related,8
UBERON:0003301,related,direct,roofplate medulla diencephalon,Mistral-Small-3.1-24B-Instruct-2503,-1,0.495317295073868,0.0690877173371022,-0.0553737565329399,0.3909801005319253,0.8582123159502325,0.7893239792885913,0.6084710451244147,0.9203893438178036,-0.5292065228763069,-0.6005204234731093,-0.0854643456770821,-0.6383240452792512,0.4561144017338163,0.0045884553332916,-0.0738511515906545,0.3266985404427842,0.8089643636164412,0.5832249032160708,0.3822421914559216,0.8064880013352781,0.6112212131488427,0.0212490538601045,-0.0417786025957571,0.4911860814420015,0.4695606448841202,0.0163711765346486,-0.0496454897576941,0.3363750241593819,-0.3482563349916412,-0.4899754047706874,-0.4676032948504161,-0.4785416473984309,-0.1362679158261429,-0.5039292698427273,0.08939040329571,-0.3068571930565768,0.6427223709967803,0.041721106483617,-0.1024739858343704,0.5214713826365546,exact,8
UBERON:0003450,exact,direct,incisor of palatoquadrate arch,Mistral-Small-3.1-24B-Instruct-2503,-1,0.3275167649630112,-0.1561645908847702,-0.1738664478527688,0.1802732168128487,0.2262948353881761,-0.2828538503799112,-0.3007925240065276,0.0666037546732053,0.2098324076712438,-0.2120976398775933,-0.041093882024995,0.0820563158743437,-0.3264621235667681,-0.5637898896781486,-0.5462112751818726,-0.4477689792369557,-0.4085282272770534,-0.666217766579802,-0.5678693153713575,-0.5634064251459094,-0.3483666420769761,-0.565524988483236,-0.5044895058271075,-0.4968527148524866,-0.3655524318728197,-0.501516993258608,-0.4735346383868968,-0.5104377555515647,0.4049408698599888,-0.2904191352230526,-0.2852723329836913,0.2751598309680086,-0.697746910814554,-0.6200868690463845,-0.652583064873352,-0.8074823950734362,0.0533350145611429,-0.4188942025904298,-0.3912130286177983,-0.1548712256850651,related,8
UBERON:0003450,exact,direct,incisor of upper jaw,Mistral-Small-3.1-24B-Instruct-2503,-1,0.8642708598448438,0.765671062649647,0.5867769615667066,0.954005563318935,0.9507319296759792,0.9366800201716986,0.6900974637943615,1.0857617086495943,0.5667456356335477,0.130516983934097,-0.0174461434542503,0.4921862622062711,1.25194307987148,1.6239613635311023,1.493080337104804,1.457232090819517,0.8698491492688872,0.7042111343566189,0.4321145039613803,0.9021847393357544,1.19419759155673,1.860990844954971,1.708120280892165,1.5047129745048944,1.185016020659458,1.920727092763935,1.7492592546950494,1.4883587529964382,1.0220384840060248,0.5061527775205694,0.3660363599069757,1.0994175289254688,0.8524646965195721,0.737848795154832,0.503332432511258,0.8722046713312945,1.175906732600303,2.636701358925096,2.566462274346604,1.6751155110326128,exact,9
UBERON:0003450,exact,direct,incisor tooth of palatoquadrate arch,Mistral-Small-3.1-24B-Instruct-2503,-1,0.332229165443185,-0.1524377598185536,-0.179638695080062,0.1859296528274154,0.1940180773880172,-0.311779505680139,-0.3208571225033909,0.0305252997190044,0.2208322695236212,-0.2470084931230888,-0.0370424782134817,0.0939144170840631,-0.1853437740017374,-0.4961619051132493,-0.4789263834161437,-0.3200422435461149,-0.4560782595130727,-0.6882169525404865,-0.5795976096576686,-0.6055241692791868,-0.5731538981219364,-0.6353817486865293,-0.5598619625052803,-0.6877676455021489,-0.4811487220231408,-0.5605774179834394,-0.5117094340293313,-0.6117233587582916,0.5968520158773405,-0.1098682707719734,-0.1522049850501359,0.501630269052636,-0.667297423517902,-0.6015455888471654,-0.6339106504184786,-0.7820524208976689,0.1149287867396199,-0.3866526928239071,-0.3698729531172895,-0.0933763496152916,related,8
UBERON:0003450,exact,direct,incisor tooth of upper jaw,Mistral-Small-3.1-24B-Instruct-2503,-1,0.8012145196338902,0.5837273112093386,0.3768436580459823,0.8436956827827065,0.7943281908987199,0.4849782036305303,0.3033076584627125,0.8153239398783438,0.6430157574551195,0.1693665890870422,-0.0063170972911784,0.5880802211709381,1.0933865877868252,1.020143624855481,0.8341420637651297,1.17294440674448,0.7317714619319461,0.4161349645432742,0.1775797517346944,0.6917568068639973,1.0164955171289871,0.8329809871657988,0.6311054754548824,1.1056820442647062,0.9639021487554064,0.8468850718262612,0.6821004735223046,1.033070723035597,-0.1950339606759124,-0.5637331231133047,-0.5301913372330777,-0.3380520465576563,0.7138220915323584,0.4609853501638597,0.2545846759472094,0.6646944562133245,1.05071086954592,1.140028172831656,0.7516710822223811,1.2491890734173474,exact,9
UBERON:0003450,exact,direct,palatoquadrate arch incisor,Mistral-Small-3.1-24B-Instruct-2503,-1,0.4699455584667594,0.0041030973501953,-0.0876334044715221,0.3577898117146255,0.3002361323398923,-0.2129318906909996,-0.2496370852185061,0.1512014192964944,0.2676457603823154,-0.2070340308041687,-0.0428985002406128,0.1448676466964431,-0.3373049057647307,-0.5778977646402618,-0.5445413034610349,-0.4574169685867164,-0.2876381316876831,-0.6046320276115813,-0.5146804795090191,-0.4538534602363586,-0.6348789206744236,-0.6523173454181438,-0.5708487257316261,-0.738533796824289,-0.1227448118823166,-0.3929043508420993,-0.3798041970839906,-0.2877695241745351,0.8697207815080262,0.2304066613655759,0.141158999308725,0.8650944862098862,-1.3371511150524262,-0.8572886878892204,-0.8290303474692614,-1.307812322337791,0.1207592063085439,-0.365947523057558,-0.3615210140490481,-0.0874732475443293,related,8
UBERON:0003450,exact,direct,palatoquadrate arch incisor tooth,Mistral-Small-3.1-24B-Instruct-2503,-1,0.4823933038484401,0.0181075795829976,-0.0646619240756716,0.3740083694164783,0.2527396606441046,-0.261550275509089,-0.2912429671968711,0.096539800254722,0.2219537304933864,-0.2212750058102742,-0.0426579727051137,0.0951257804914045,-0.2819929966985157,-0.5649500553435711,-0.5388299172049781,-0.4079593832252823,-0.2674663729545207,-0.5912700269042501,-0.5166793699593066,-0.4352086776332513,-0.6690219428717645,-0.6609412709233016,-0.5774967171894606,-0.766335967646887,-0.3576130892659824,-0.509449779870131,-0.4728004453113791,-0.5033777411071167,0.7093729558521092,0.0014399090954375,-0.0477236331462908,0.6445391209075315,-1.4683404084334304,-0.8769972503849772,-0.8424062285316452,-1.4037913591455182,0.1482894784424701,-0.3548589828942787,-0.3500542012760483,-0.0593994740871711,related,8
UBERON:0003450,exact,direct,upper incisor,Mistral-Small-3.1-24B-Instruct-2503,-1,0.9836382305207128,1.2296935906142037,1.036313931519098,1.1895360087913842,0.9722106817096235,1.0253451104047604,0.7961505332061648,1.1268934224743083,-0.1157588079553437,-0.2874106199969651,-0.0392765374293835,-0.2517972701178907,0.8830849398054379,0.5969948610075747,0.559352483504153,0.8560403815954629,1.173045701102576,1.8374329211884568,1.5296040188565327,1.4885126749629434,1.1486016843154705,1.4930782080495435,1.3081833458925118,1.3861356757240917,0.6896352098702985,0.20882193958165,0.1024625200558072,0.6155399773610809,1.17373254455944,0.9258385289846364,0.7708423218633308,1.3688518455737877,1.05348535740771,1.3290225265643043,1.2092193192503338,1.2272755011395655,0.8941997863499943,0.5515515924615433,0.2864487378090936,0.9165923924903074,exact,9
UBERON:0003450,exact,direct,upper jaw incisor tooth,Mistral-Small-3.1-24B-Instruct-2503,-1,1.158911301257257,2.680403432122468,2.7750975462218896,1.6593291627034088,1.0824202325743273,1.5296129608928786,1.3193164112018607,1.3602061006542558,-0.4779960891282623,-0.5406837195524499,-0.0804290157739041,-0.5922739313333836,1.2323597251458906,1.4557250789698748,1.3115071648324963,1.4191043783406017,1.0789072255578285,1.3555052998547463,0.9705115742824918,1.2797824501022066,1.1099071718904818,1.2377352083212754,1.044066254892459,1.296138538076098,1.1169436600605511,1.4604307882883003,1.2979737662306827,1.3287480657441948,1.296041632829013,1.4814253035444502,1.3395296461193105,1.6292006357450854,1.0515416058004508,1.3775349802414352,1.2217865681659588,1.2234025194230755,1.0886594239257597,1.4446537712407477,1.029215867205401,1.3518373267856634,exact,9
UBERON:0003450,related,direct,maxillary incisor tooth,Mistral-Small-3.1-24B-Instruct-2503,-1,0.5973785175124272,0.1512777427224168,0.0206067280653924,0.5301873702065237,0.4577798547747455,-0.0505320066550734,-0.0999423398440182,0.3417639012463244,-0.7969778432947445,-0.654550525307782,-0.0954020939560114,-0.8721531560729341,-0.3105176024513353,-0.5815225137377007,-0.5544425717754017,-0.4335399813467116,0.6623490631295562,0.2851821615936328,0.1426095976461556,0.5939376647452607,0.6888205466632494,0.1223962514203849,0.0306179416282195,0.5926754981351025,0.5314493535738605,0.0286426307428626,-0.0472048286453276,0.411309196346604,1.0973373838431948,0.6735645817939266,0.5462551516220268,1.2275537830725771,0.4132118622708209,0.0454108080030081,-0.0328512456769691,0.2763759088361961,0.503103972589585,-0.0951188049814835,-0.1773597785750883,0.3389984156731678,exact,9
UBERON:0003450,related,direct,premaxillary tooth,Mistral-Small-3.1-24B-Instruct-2503,-1,0.3559566372029034,-0.1438776223696847,-0.2139575457508639,0.2146214364550816,-0.1343748715615352,-0.5534958853767454,-0.5137708696822283,-0.3120925937764927,-0.4521378315584197,-0.4163494464183577,-0.0722614593100588,-0.5688436186402156,-0.9751754413849246,-0.8171167512804929,-0.7237847882992343,-0.991159984100302,-0.5927211265180566,-0.7504390581876825,-0.5987254223258365,-0.7237427950363864,-1.2052626399564856,-0.8039325853307876,-0.6880969490770984,-1.1808849498983611,-1.0136999431147713,-0.7847707301617372,-0.6899423892479015,-1.0479387209300788,0.5987781701905088,-0.112166350435716,-0.17337951311771,0.5040070618035115,-1.1835611388419016,-0.8106164898652874,-0.803394159773206,-1.1928473132354485,-0.1545620914626574,-0.5159321922896053,-0.4412241713420227,-0.3520428862932906,related,9
UBERON:0003481,exact,direct,post-vent region vein,Mistral-Small-3.1-24B-Instruct-2503,-1,-0.8741877676951312,-0.9271224321691804,-0.7487697741618705,-0.9817390146870016,-1.7409667310320085,-1.1637429790839622,-0.933511427676838,-1.6252232310755146,-1.054334278070154,-0.7176116075592188,-0.0972136474052512,-1.0873515390540105,-0.0637981309153783,-0.2590491877391032,-0.300700003959101,-0.2065417004474246,-1.1979948974565884,-0.99567103160422,-0.7291776189507748,-1.2057661541308158,-1.1883405887224097,-0.802901136405849,-0.6917782439731148,-1.1683542604776649,-0.4910981796182539,-0.679276026098046,-0.6114198117822528,-0.6203144167851543,-0.6645205117646532,-0.7724902915339736,-0.701166350483973,-0.7537666738440961,-0.5014451555385963,-0.7618435493506601,-0.7769322226112887,-0.6404271033356661,-1.265548308115723,-0.8766858537680181,-0.6432499740629893,-1.2326459020412486,related,9
UBERON:0003481,exact,direct,vein of post-vent region,Mistral-Small-3.1-24B-Instruct-2503,-1,-0.9348892981648116,-0.9394612015720945,-0.7739966900687739,-1.0309205747520802,-1.1511781696852978,-0.9918408411989558,-0.8087165973680126,-1.190978164934532,-1.44161431379475,-0.7618732602740599,-0.0987614827871649,-1.3969710747895283,-0.2076076201148873,-0.3193524776815116,-0.3310186040163888,-0.3404699841901584,-1.2234197408689491,-0.9920169633272958,-0.7508636229038956,-1.2247625336953762,-1.316461539824708,-0.8316878560981837,-0.7151108246141886,-1.2624664267311527,-0.357550298655801,-0.6154475539191696,-0.5766174444960359,-0.5033218498357162,-0.9094001682727272,-0.8280672445374668,-0.7367258703156945,-0.9555352351019044,-0.5962314627684967,-0.7805642749178097,-0.7752923758215909,-0.7220286945846432,-1.353554154427785,-0.9002617911554232,-0.6573194863401249,-1.2941663956947234,related,8
UBERON:0003481,exact,direct,vein of tail,Mistral-Small-3.1-24B-Instruct-2503,-1,0.2222184612857844,-0.3481421227743766,-0.3532756835353218,0.0572554068676919,0.1172120667354401,-0.4220137161042689,-0.4193065925733995,-0.0534154768730092,-0.8662482629481322,-0.6208335148126297,-0.0830804825937121,-0.9309207225299034,0.93514503808216,0.86886826465913,0.755878768727368,0.9298129160023848,0.2804340325716709,-0.1791674942250174,-0.2118886172735251,0.1213947481271119,1.0931627230909238,1.1442560398874226,0.9953076705215804,1.259528628867974,1.27893772609137,2.9192083017680384,2.888097259697804,1.7666794655861764,0.5198346794593282,-0.2579445593785245,-0.2787187623549169,0.4083822813147502,1.0426949981727085,0.8569791029563325,0.6983553728134149,1.2059123369411595,1.1335318272989456,1.7481468808044986,1.3749437769697352,1.4956284047272403,exact,9
UBERON:0003481,related,direct,caudal vein,Mistral-Small-3.1-24B-Instruct-2503,-1,-0.4499660465696355,-0.7631620005072216,-0.6499652130281619,-0.6185778591247436,-0.5071417620384931,-0.7648311872580059,-0.6607206460976399,-0.6596585383295839,0.7619979941728642,0.3571398855413193,0.0072601825857539,0.7453308167124736,0.9305654728116174,0.8239416799836964,0.6811535592650763,0.923215690323605,0.4566122501692569,-0.0012716241053753,-0.1048760810141455,0.3276737826439604,-0.1748749242928073,-0.499810767508893,-0.4673439648169303,-0.3420238804378588,0.4022487030383846,-0.2146540201828255,-0.2103228221352018,0.2575318828218703,0.4402792767260955,-0.346980446034499,-0.357311581699161,0.3154415640653761,0.0359231699176229,-0.5321590090833821,-0.5725789545482953,-0.1367073658843441,0.2844908453968453,-0.3351358430601374,-0.3471236376105713,0.0847836487937664,exact,9
UBERON:0003533,exact,direct,digit of hand skin,Mistral-Small-3.1-24B-Instruct-2503,-1,-0.0180896294738369,-0.4830541281510715,-0.4475720774522854,-0.2030110946415395,0.257016929026957,-0.2860223576662221,-0.3043349312871714,0.1014145422575537,0.6011437761543474,0.0024967068471245,-0.0307308707128386,0.5350021209064854,0.6170389001137921,0.4841122262522443,0.3327314650530706,0.5131819020738126,0.365935494762755,-0.1360663883683227,-0.1996099490842656,0.2193706516056259,-0.0036197802075687,-0.4221865889676481,-0.4058313433992877,-0.1814541777037743,0.8133669613514651,0.2760553762785695,0.1873004528590034,0.7914823954179496,0.7926462616201736,0.0662135686676834,-0.0156211922822175,0.7562794468972739,0.253541853908866,-0.4851690016011509,-0.4584574876425645,0.0936710434373765,0.632756115261388,-0.0068217542610803,-0.1314812456242227,0.5077811589002481,exact,8
UBERON:0003533,exact,direct,digit of terminal segment of free upper limb skin,Mistral-Small-3.1-24B-Instruct-2503,-1,-1.1330590176197923,-0.9877821022072436,-0.8013247761372795,-1.1874018070130898,-0.5812997180096021,-0.813373539915509,-0.6892540189658116,-0.7247593726647328,0.1790645833233317,-0.1716983056459638,-0.046494801736556,0.0491113110418785,-0.6502458248820806,-0.582868860809513,-0.5584434183833858,-0.7269051258592307,-0.4646634118908824,-0.7227209133786842,-0.581925954599246,-0.6130728018446955,-0.7436138244543331,-0.674122793603645,-0.5994962866237421,-0.8264160023755673,-1.2802057179427129,-0.8858166229947078,-0.7632199999239662,-1.2514389968072863,-0.8794164801721805,-0.8015183263385748,-0.6994733234315264,-0.9312956759371842,-0.600535024620538,-0.8642082551032915,-0.6934099585910112,-0.7256910395112631,-0.0768857733327995,-0.5158343896333158,-0.4499197436470746,-0.2801024634042745,related,8
UBERON:0003533,exact,direct,digitus manus skin,Mistral-Small-3.1-24B-Instruct-2503,-1,-0.925185006942878,-0.9191814245587804,-0.7505768440057294,-1.0230992758986754,-0.5027068528637528,-0.7656790622240227,-0.6416230507522129,-0.6557272489971372,-0.1565370376857409,-0.4615801013389723,-0.0743010921618813,-0.2915641956743636,0.0132697847956024,-0.0766159836683919,-0.1605422886123588,-0.1327162618864588,0.0223565297308508,-0.435753759538345,-0.3995525425871425,-0.1541602199646291,-0.1930869700833824,-0.5055591086690677,-0.4483857529681006,-0.3586226851918994,0.570361591712014,-0.0694304971056561,-0.0996910872886838,0.4597457908290361,0.034324538125161,-0.5412541991760519,-0.520425519708368,-0.1170676378333126,0.0977943777532484,-0.5769939708440305,-0.5713736546213093,-0.0731109253696419,0.2537391103574591,-0.334038519154951,-0.3381828420148915,0.051406872036099,exact,9
UBERON:0003533,exact,direct,finger skin,Mistral-Small-3.1-24B-Instruct-2503,-1,-0.3809674096776484,-0.7133616224588435,-0.6256222001120934,-0.5557688602365618,-0.0700760658062383,-0.5532730967921738,-0.4862816596868344,-0.2481180467776808,0.1227929508061103,-0.2463857727831639,-0.0596608152119797,-0.0103220588734301,-0.2487651421917242,-0.2570516845727705,-0.2927787308680026,-0.3779540701133018,0.0009401075771955,-0.4517835070533587,-0.4132446855327985,-0.175853397193932,-0.5027849232479075,-0.6124101221036965,-0.549752235296441,-0.6290610859615364,0.486963837185252,-0.1527028285486456,-0.1751729576007507,0.3571984928027004,0.6530433280785505,-0.1452396156949601,-0.1969729049864935,0.5719314228117466,-0.4919172697638445,-0.8294544901971466,-0.7124178717620824,-0.6321223270560699,0.3355419764378158,-0.2661005898201113,-0.2731236760488323,0.1413631322055623,exact,9
UBERON:0003533,exact,direct,fore limb digit skin,Mistral-Small-3.1-24B-Instruct-2503,-1,-0.3228570737475972,-0.6885777687607516,-0.5984628034046312,-0.5019201520509533,0.2225564966091182,-0.3092134292325751,-0.33623258022973,0.0623995942404145,-0.2980339311135753,-0.4880727876521391,-0.079126154876492,-0.426570365665201,-0.0642830356980936,-0.1688321307541325,-0.2432811214164005,-0.2070014590540118,-0.3085035309728911,-0.6534202872222857,-0.5584774861742174,-0.4730264152942716,-0.2001534172692051,-0.5061193101100723,-0.4564868447445542,-0.3650402089490585,-0.3969803554623339,-0.6816592634202,-0.6017837809109962,-0.5382508619069974,0.5242001730714114,-0.2442170198524338,-0.2442121127085774,0.4135780512086041,-0.2933622209733296,-0.7572397877491399,-0.6611089391952504,-0.4544290102857468,0.4896448316376207,-0.1237604694007111,-0.2044719035341615,0.322356043855541,related,8
UBERON:0003533,exact,direct,hand digit skin,Mistral-Small-3.1-24B-Instruct-2503,-1,0.4637001330443042,-0.0550020130363839,-0.1271109708641421,0.3496987275409994,0.2290057910752745,-0.3151260479957943,-0.3435516393696092,0.0696567599638741,-0.0563283039076375,-0.4563031525478315,-0.0741610172820893,-0.1930978251253465,1.0079323585322115,1.292301128568171,1.118200588196426,1.0377428187829518,0.7509989187297693,0.3959200195355506,0.1907468753830773,0.7197082667334856,-0.0395673496250122,-0.4411263104177413,-0.4142214670732004,-0.2158701874842867,0.7544750772385662,0.1606023790980697,0.06845767761887,0.7056536245322462,1.0596769371034866,0.494201598271821,0.3737632701432182,1.1622555975244082,0.1267240357313888,-0.5615779429624104,-0.4690304307808016,-0.0428826426038678,0.6713135637992353,0.0755286359809218,-0.0679992228487264,0.5613977862980725,exact,9
UBERON:0003533,exact,direct,skin of digit of hand,Mistral-Small-3.1-24B-Instruct-2503,-1,-0.7990737170197848,-0.8777835140052916,-0.7108079239236105,-0.920001863809439,-0.4425579603687978,-0.7417795192995298,-0.6296658889425907,-0.6019681030947371,0.3727332727169434,-0.1361697243355706,-0.0459122643073178,0.2623208634248034,0.0855058536936818,-0.0761212269600519,-0.1753129245193394,-0.062088408974564,-0.534898299314983,-0.7530270378068729,-0.6102207878288579,-0.6742091884130185,-0.1723721370945995,-0.504465323006882,-0.4642456061421557,-0.3397360601759759,0.3627297608226338,-0.2696582660323811,-0.2795414971477015,0.2124174424128957,0.3141388959772211,-0.3734829129977813,-0.3728943709428929,0.1742286438012438,-0.4495564954939847,-0.8160703774798579,-0.6101456049028473,-0.5949641964283554,0.5757667181438464,-0.0986504355371913,-0.1945900440167745,0.4315752204242311,exact,9
UBERON:0003533,exact,direct,skin of digit of terminal segment of free upper limb,Mistral-Small-3.1-24B-Instruct-2503,-1,-1.375680898405678,-1.0607610164844232,-0.8506415309554314,-1.3713813487895288,-0.76779188103559,-0.8779905736003839,-0.7400050225288769,-0.8835328896394828,0.2261670986117766,-0.1569178666466688,-0.0484906934535576,0.0996809142561187,-0.7459723360286413,-0.6145965062232926,-0.5840668736194758,-0.8062384732173408,-0.6757138140022098,-0.8143745070648198,-0.6361108713309681,-0.7936435202915089,-0.9621032297163848,-0.7317250940392228,-0.6406289284546087,-0.9976301792316168,-1.2354470216266915,-0.8664949217601756,-0.7472724948337981,-1.2178324596443322,-1.0303363645185268,-0.8326490666005384,-0.7213488882184714,-1.052091111367041,-1.1247810608149515,-0.9909889641058818,-0.775366679988986,-1.1480555023958046,-0.2517431471166996,-0.5974897461146045,-0.4913932754427914,-0.4394731341267419,exact,8
UBERON:0003533,exact,direct,skin of digitus manus,Mistral-Small-3.1-24B-Instruct-2503,-1,-0.7532380093690887,-0.8448505351098881,-0.7167926405594259,-0.8818295827014428,-0.365938323066236,-0.6896103718166896,-0.5996551592927651,-0.5322494957910654,0.580757355258534,0.0849491417476595,-0.0219806185842618,0.5095438697511567,-0.1396804052868651,-0.1112975519504815,-0.1654577113967194,-0.2778018743126668,-0.2570660864218254,-0.6166777509368299,-0.5105421688509276,-0.4255530873929184,-0.5351119890751765,-0.6336117858133038,-0.555954806482401,-0.6561436937050363,0.2036803297705835,-0.3726665913261299,-0.3540809279185659,0.0385269340940729,-0.4551273526471442,-0.6856067926525535,-0.6161877774414055,-0.5736119085366227,-0.3551783832503825,-0.781950607862603,-0.6662563041539584,-0.5107374562787083,0.1803580761015478,-0.3984377939682184,-0.3789972015806033,-0.0262676388115454,exact,9
UBERON:0003533,exact,direct,skin of finger,Mistral-Small-3.1-24B-Instruct-2503,-1,-0.5427310891881292,-0.7632248902702842,-0.6571744161512035,-0.7012145002926423,-0.1334562062570845,-0.5727089809605415,-0.5119045577200999,-0.3111879615928781,0.5246204212105705,-0.0395342824797384,-0.029786894381285,0.4406620858603948,-0.5878249823544024,-0.4585853778684484,-0.4259387338008967,-0.6744416733887825,-0.4206961087367682,-0.6987011429146829,-0.5612067546096074,-0.5742345800036166,-0.7450068816655525,-0.6899264782928579,-0.6061877170664366,-0.8275296968584936,0.1013736314920401,-0.4454424443226866,-0.4241113447783808,-0.0676804422564304,0.2223037096564839,-0.4398705151978276,-0.4160800763926469,0.0755789137135868,-1.0400738098229132,-0.972432477348814,-0.7802913947337349,-1.0826847367776464,0.2748945702642425,-0.3337767760412096,-0.328220208269503,0.0743132007659539,exact,9
UBERON:0003533,exact,direct,skin of hand digit,Mistral-Small-3.1-24B-Instruct-2503,-1,-0.6194532517417054,-0.7968243176487146,-0.6605161289869096,-0.7681004241826905,0.1253449337967351,-0.3923075584997255,-0.384337985329378,-0.0446490446156894,0.5285590044516745,0.0419086047555826,-0.0300778560971139,0.4454385642991147,0.5541589543247762,0.4955765565505173,0.3229381210796808,0.4387577814600897,-0.2696639818063285,-0.6277607064449636,-0.5065765011055293,-0.4372452016278345,-0.2984919232923288,-0.5562122135023834,-0.4986336978699226,-0.4530706386811133,0.5423153909851286,-0.1137094342839909,-0.1387865483585904,0.4247275555043783,-0.184891959114746,-0.599439910941969,-0.5435804300353604,-0.3285647049844039,-0.2387963451254132,-0.7386057033629071,-0.5298556480588562,-0.4039253428794478,0.6434427237464234,0.0101827788575591,-0.1199423988976511,0.5224653401862522,exact,8
UBERON:0003533,exact,direct,skin of terminal segment of free upper limb digit,Mistral-Small-3.1-24B-Instruct-2503,-1,-1.1310712995653789,-0.9786705877065676,-0.7928277951526643,-1.1858614579105655,-0.5176974826499877,-0.7742392275347754,-0.6520454103850521,-0.6689980011606059,-0.1326349867422937,-0.333475246444789,-0.0634729749514224,-0.2683039985362316,-0.5907110668170669,-0.496018114665021,-0.4944099637504726,-0.6768806174256145,-0.7307750442410649,-0.843376495935906,-0.6480535889047103,-0.8392786361446335,-1.042398165063476,-0.750062676934183,-0.653235692306493,-1.0589306792987938,-1.479111692673048,-0.9091636415044304,-0.7792849346746571,-1.3982756909165657,-1.094271393780848,-0.8511672207089197,-0.744344031374618,-1.102388542962271,-1.2767697116851815,-1.019398102954329,-0.8253280087563808,-1.262962648157717,-0.1026414802045317,-0.5244492439468481,-0.4539499385120735,-0.3041706125330077,exact,8
UBERON:0003533,exact,direct,terminal segment of free upper limb digit skin,Mistral-Small-3.1-24B-Instruct-2503,-1,-0.9162260230851738,-0.9266518756745944,-0.7524796534356131,-1.0158648527866312,-0.3632584296041402,-0.7125218343658595,-0.6079024031160107,-0.5297848129631998,0.1917497154525114,-0.130269959184113,-0.0453342306806737,0.0626546354325024,-0.375854016894681,-0.4090429035525788,-0.4259310673803587,-0.491536896529153,-0.1344213611493991,-0.5384701236061411,-0.4749461794968201,-0.3093988968603959,-0.7387067490526501,-0.6746821368579417,-0.6010164744886256,-0.8224905977912197,-1.2499247423170972,-0.8723103429573666,-0.7481477499795063,-1.2287267498812968,-0.5655618290941496,-0.7220078854732404,-0.6374542811750435,-0.6695785473217355,-0.8844156933403031,-0.9360467409257132,-0.7658640209746169,-0.9598596324828844,-0.1061627460810108,-0.521611915321512,-0.4552203996829578,-0.3074443219579993,related,8
UBERON:0003553,exact,direct,between brain pia mater,Mistral-Small-3.1-24B-Instruct-2503,-1,0.2139157928682224,-0.2424056064136369,-0.2728020683733499,0.0478141303256075,0.259821071389063,-0.2003898934774128,-0.2498597636089571,0.1046154172391538,0.5296504469054335,-0.0004696857573739,-0.0290885863609528,0.446763664824678,-0.6185943204670722,-0.6401615329258555,-0.5959424747076923,-0.7003772397491251,0.2335430669037946,-0.2238324694810081,-0.2292513655530831,0.0692017873773744,0.302810592405824,-0.2532018451228767,-0.2871373544664184,0.1305987107664101,0.1646119305694463,-0.2390079596194005,-0.2219297911797816,-0.002507236609723,-0.6431690838719676,-0.6292663437670247,-0.5748938054818554,-0.735739764017054,0.1762028441143341,-0.2412878177598239,-0.3544357867860407,0.009585622485749,0.5914581270005072,-0.0550493699537361,-0.1625592202454727,0.4522197229679645,related,8
UBERON:0003553,exact,direct,between brain pia mater of neuraxis,Mistral-Small-3.1-24B-Instruct-2503,-1,0.0134350643846052,-0.3827527354611273,-0.3766492369579284,-0.1702716980115758,0.3947732375795551,-0.0229306520194482,-0.0929939226312779,0.2637175784384291,0.7224689965316425,0.1624304692570701,-0.0170121238436681,0.6919570124826274,-0.4410548709638047,-0.5599080036381657,-0.5222601471946595,-0.5486222589637413,0.1815394733663241,-0.2622027264301202,-0.2863255149891305,0.0124941177030129,0.2108528436553839,-0.3145982423644374,-0.3399173288703609,0.0330467427027336,-0.1925255663556405,-0.4724397861192194,-0.4515530663713724,-0.3532715184660424,0.0870506298035688,-0.3873709890754119,-0.3734003103276112,-0.0641855919318784,0.1197118034711442,-0.2754143767394988,-0.3511465990382471,-0.0502393925083792,0.4287043306490063,-0.2049871984253306,-0.2482869412540153,0.2487825667352508,related,8
UBERON:0003553,exact,direct,diencephalon pia mater of neuraxis,Mistral-Small-3.1-24B-Instruct-2503,-1,0.5755198761585375,0.234775463426736,0.1227449528734366,0.4995474252067856,0.9027741839389034,0.9314862539955348,0.7156385462605884,0.9978480291470716,0.6725432013275501,0.1270052389593737,-0.0176880813742872,0.626181227148682,1.0725184811158153,0.9951387756306064,0.828175096910624,1.1389735333084037,0.8072226991773486,0.5663860301031138,0.3055764370440305,0.803822220644804,1.2217058127420766,2.1457015008470672,1.9739390177821368,1.5854151997795602,0.6545022325488447,0.2403729448403276,0.1351158815437122,0.5684037546513486,1.0168690005829388,0.6553167803606448,0.5234692103924965,1.09096099481891,1.1574428265977164,1.94268269419458,1.8177024919268387,1.453568103427866,0.9986504190362518,0.9185879181883116,0.5733304186236969,1.1258960897913195,related,8
UBERON:0003553,exact,direct,interbrain pia mater,Mistral-Small-3.1-24B-Instruct-2503,-1,0.3259072625859674,-0.1143136930936822,-0.1823263940841289,0.1783444119726893,0.3051206672215447,-0.1607717644332674,-0.1887254528582818,0.1568905012770257,0.6961265941780098,0.1775649166013386,-0.0040533363815674,0.6570330360595718,-0.5795942970349518,-0.6732929311951076,-0.6343342866227346,-0.6674789832083012,0.6195615971761177,0.224883357835751,0.0516106459482148,0.5358583939642759,0.5925843666744204,-0.0098065466875976,-0.0951086871466864,0.4675819853765007,0.1670395623423052,-0.2352819281445487,-0.2448563553261133,2.4912814480662908e-05,0.8927901572339488,0.2956992399479145,0.1800635888057205,0.8988094752178887,0.5119242760939788,0.101448088363404,-0.0621431607266863,0.3965606578952834,0.5643556288131814,-0.0850423607197788,-0.1919512635124324,0.4167146703292753,exact,8
UBERON:0003553,exact,direct,interbrain pia mater of neuraxis,Mistral-Small-3.1-24B-Instruct-2503,-1,0.0217947432535355,-0.3647769382738079,-0.3737411049251882,-0.1615247731690642,0.465154803545978,0.0585973720731797,-0.0237254666087617,0.3510740273340367,0.5054178074331502,-0.0158292135927325,-0.0329605292862825,0.4174914085495077,-0.3226922346099316,-0.5186116668021683,-0.4863550471505919,-0.444409176953435,0.5115935280703372,0.0840222263164581,-0.0701562605880544,0.3958144637774038,0.5149713421800507,-0.0876067093328411,-0.1422027951027524,0.3721250264169148,-0.2190737625253401,-0.4790839612559554,-0.4453627190765994,-0.3778564861979394,0.4918998213209237,-0.1204052375973146,-0.1860899989453024,0.3753763308926996,0.4693383154481402,0.0909863653685346,-0.0527391192030941,0.3439549852541552,0.3723398240614203,-0.251447545756194,-0.2863547517811141,0.1831148843259948,related,8
UBERON:0003553,exact,direct,mature diencephalon pia mater,Mistral-Small-3.1-24B-Instruct-2503,-1,0.9077983394645311,1.0325933518893036,0.8002944015752811,1.0352421563488248,1.0519730396268192,1.5366160094036672,1.3677777569524858,1.2913874483609795,1.2106004701590876,1.2195238873852468,0.0942061365097445,1.4742251482263449,1.3623875159981422,2.2530233140352074,2.255177766840698,1.6955658957440611,1.263798087098865,2.563790224386593,2.326422364105392,1.7328633674674994,0.8958642926763629,0.4823573753377815,0.3270624468385456,0.8961121118968524,0.8621528190750322,0.6546563604362824,0.4936553569242248,0.8659110079704297,1.3535036888044525,2.1423704444858696,2.050592031814744,1.7737364957016657,1.1194513828992312,1.6439695345450516,1.4370535805963196,1.3659788419327423,0.9781162375754358,0.8180422267603508,0.4811551354801291,1.0813644398074849,related,8
UBERON:0003553,exact,direct,mature diencephalon pia mater of neuraxis,Mistral-Small-3.1-24B-Instruct-2503,-1,0.4379821622325442,0.0403611092389408,-0.0362292220123696,0.3166973499248374,0.8625253058918378,0.8192396182389395,0.6006209882180753,0.9277256086552146,0.4438178883248517,-0.0668594119362702,-0.0304647445516654,0.3444211552685618,0.9167825458204848,0.6401043037840706,0.493674736580722,0.903488800269103,0.781691972939286,0.5156066858775573,0.2932469226228429,0.7651700195629338,0.7232335854098575,0.1688811894708822,0.059590415279518,0.6395094313194369,0.3541250008403673,-0.0905262035521446,-0.1255850277142007,0.2027026427028554,0.8110329465380611,0.2820035965547338,0.1834643082237384,0.781734192902338,0.9060862193431451,0.832114955201519,0.6831580289797703,0.9594005835173772,0.7508810659029057,0.23060931535707,-0.0024766962097439,0.678206187500057,related,8
UBERON:0003553,exact,direct,pia mater of between brain,Mistral-Small-3.1-24B-Instruct-2503,-1,0.1156137839729355,-0.324930191773046,-0.317021285474359,-0.0613792180703461,0.1524420657777173,-0.29603569593901,-0.2918544675436474,-0.0152363308709307,0.2740470164942248,-0.1887129480713692,-0.0483229220208424,0.151897886723567,-0.7287815604758753,-0.6870449279901854,-0.6426186134086957,-0.792088287324773,0.1111878987465524,-0.3223016858735,-0.2946704045836198,-0.0623859308536508,0.6571962844740731,0.0806648726175104,-0.0346397106281109,0.550660844061457,0.2883897556801617,-0.1443001166118434,-0.1622147965807145,0.1296940252410128,-1.215854691856294,-0.8203344585014515,-0.7197650998580123,-1.196700462464802,0.3619930423350735,-0.1497158390143512,0.0013041250490655,0.2163114517855627,0.5571526173287482,-0.1160299063938315,-0.2081169263674521,0.4073986137336453,related,8
UBERON:0003553,exact,direct,pia mater of diencephalon,Mistral-Small-3.1-24B-Instruct-2503,-1,0.7509222632847706,0.5597771583140045,0.3927535208426182,0.7609192456589352,0.9657808011340938,1.1483066692088897,0.9296966526813184,1.1144565539762217,0.6476482302392867,0.0919775275725402,-0.019157926433429,0.5940201002425535,1.2661523462872806,1.695566485264894,1.6115143456792735,1.485559100698747,0.952805101895144,0.9280474458206742,0.6038758955470335,1.041543160539356,1.1963516390708842,1.85813015304433,1.67673164226416,1.5107422999899716,1.0555201727098824,1.25766169741547,1.1245909550882172,1.2018556822305573,0.9937531938344965,0.586516948853469,0.4447185186304273,1.0536288774319202,0.967722232519415,1.0294440557329192,1.0961608316509812,1.0657083191763346,1.1006014896026874,1.5374693747650547,1.1457969622254145,1.3872251925043289,exact,9
UBERON:0003553,exact,direct,pia mater of interbrain,Mistral-Small-3.1-24B-Instruct-2503,-1,0.1570402198848795,-0.2822474204639488,-0.3375179459430841,-0.01592752111823,0.2339804064094343,-0.207971962507794,-0.2062113356101458,0.0752683731878392,0.1726109872347964,-0.257474827668358,-0.0564925061534699,0.0422420351228911,-0.6402430255467438,-0.668924744653379,-0.6349062700043735,-0.7185378991356655,0.4699794166955925,0.0283631469977252,-0.0991498289430779,0.3440592108795545,0.6286760716864728,0.0318470794942427,-0.0554210558156888,0.5135519927629896,0.1798533318629028,-0.226971555501496,-0.2333723689109629,0.0134286659273755,-0.2649238907633146,-0.533830401673683,-0.5028767118994182,-0.4027798292147619,0.5035723636160058,0.1169504767279574,-0.0369755469905697,0.386148617935536,0.5125309957867416,-0.1786530771800041,-0.2367680248656895,0.3507447753861207,exact,9
UBERON:0003553,exact,direct,pia mater of mature diencephalon,Mistral-Small-3.1-24B-Instruct-2503,-1,0.6150774816646527,0.2918877580621706,0.1583665230403694,0.5553561552791414,0.8668926547271976,0.8228027091590204,0.6308958923277168,0.9351880609143908,0.5663376916980807,0.0364895971025748,-0.0231956690384749,0.4916825822496343,1.022639635265395,0.8810801205798877,0.747232776037707,1.0603084495002244,0.8035146394037967,0.5630332005347717,0.3006573467617327,0.7981592408388652,0.9465095093889192,0.6068593515154935,0.4590041579983613,0.9802315407258914,0.886155141413739,0.6882049081432862,0.521970024317775,0.9037802291938216,0.9091676007457374,0.4247718965866109,0.3108472719650734,0.9230937320930674,0.8094819789255802,0.6131119671487427,0.4533624494932244,0.8053391691167299,0.8929309128461458,0.511834509949472,0.21201483817963,0.9142751661728906,exact,9
UBERON:0003553,exact,direct,pia mater of neuraxis of between brain,Mistral-Small-3.1-24B-Instruct-2503,-1,0.0688902428295894,-0.3557665706707897,-0.336442747874119,-0.1117188263055936,0.2017634431924053,-0.2264177862705852,-0.2729237270941236,0.0391379536059842,0.4863602831497593,-0.0970714036705413,-0.0404675775328232,0.3946839978550799,-0.5845166539466539,-0.6281751842525114,-0.5794261877017688,-0.6716442967845401,0.1242525429137404,-0.3103703539102944,-0.3215674720774774,-0.0486330066339513,0.6103335812812516,0.0278505142297957,-0.0864478417009152,0.4900554808691758,-0.286368987390443,-0.5037539839426891,-0.4757629689612093,-0.4393917703297532,-0.7565624383225054,-0.6711900752593998,-0.5911540289931673,-0.8306505146350045,0.3158770171667465,-0.1057804162545408,-0.1443457605957818,0.1634431897913147,0.4051261944101495,-0.2444066339115324,-0.2774197521287263,0.2210493419886224,related,8
UBERON:0003553,exact,direct,pia mater of neuraxis of diencephalon,Mistral-Small-3.1-24B-Instruct-2503,-1,0.3948850419957467,-0.0276037382110802,-0.1114564899114437,0.2624864978881472,0.686400937016079,0.4144485116743733,0.2649820604454857,0.6508315089433676,0.5918834488192447,0.016365797767906,-0.0288224969151954,0.5234076355413692,0.7555512960196865,0.3575463714412967,0.2444010852768783,0.6853614228102013,0.6722955661235301,0.3199533625411354,0.1288756891910696,0.6076707123099288,1.0952798810201785,1.1467844732856745,0.9354643852797606,1.2640885599697174,0.3656976364817941,-0.0910751533527944,-0.1382552237703697,0.2157769974321373,0.7865975212548421,0.2383292880644121,0.1302578896043446,0.747970577813517,0.8075153512420311,0.6115728088149404,0.4969279506691759,0.8023386322940274,1.002720721678935,0.9053398073659302,0.5546553570195539,1.1349668905076942,exact,8
UBERON:0003553,exact,direct,pia mater of neuraxis of interbrain,Mistral-Small-3.1-24B-Instruct-2503,-1,-0.0555663535050096,-0.4343419283200114,-0.4081313242402077,-0.2414421463753365,0.3451008570223382,-0.0779374597605401,-0.1436117616000391,0.2039525152889768,0.3606488957606544,-0.1821491762587408,-0.0500615676726374,0.2485852178992661,-0.4695282832218276,-0.5943832515266169,-0.5594213588198026,-0.5733143415900155,0.2055964835405392,-0.2450735464161728,-0.2972655967430542,0.0385783299019798,0.5992476905613371,0.0034416842252773,-0.0658666312620237,0.4759891665924542,-0.2658829392218967,-0.4929704440183754,-0.4640375997522957,-0.4207752611138625,0.4298327854067195,-0.1633283993336614,-0.2059407202344147,0.3034722613684174,0.4499808656425633,0.0819308087832468,-0.0407947011868175,0.3204300322317336,0.307722737584835,-0.3251903520910563,-0.3292993368386989,0.110344712304964,exact,8
UBERON:0003553,exact,direct,pia mater of neuraxis of mature diencephalon,Mistral-Small-3.1-24B-Instruct-2503,-1,0.3353737785107309,-0.0855090843478907,-0.1396775954111219,0.1897118642595908,0.7104066010536815,0.4603301991423399,0.3109758751802974,0.6861825486703127,0.5773852752938523,0.0170352546795945,-0.0267876778056958,0.5053562715479489,0.6900412332419901,0.2802344952363038,0.1737054166558192,0.6024088640923816,0.6448373402828987,0.2778059910487847,0.1018796640363345,0.5699753559731155,0.775131907094013,0.2486323140994669,0.1258969247612382,0.7125583603981274,0.25833670181488,-0.1825537306742406,-0.1984018243311348,0.0969911194169834,0.7268158691438287,0.1623413673748845,0.0685859499365513,0.6674899985944722,0.5326106829565234,0.1760461462929639,0.03306784871006,0.4225567875967112,0.7645347433782336,0.2337823279684213,0.0218293462411403,0.6992012967694815,related,8
UBERON:0003625,exact,direct,5th digit of hand,Mistral-Small-3.1-24B-Instruct-2503,-1,-0.5642108196152419,-0.8021711513218092,-0.6914579629332614,-0.7200692327431951,-1.5318403012022812,-1.1630003601709868,-0.9445781099819638,-1.475829051472246,-1.446685518735929,-0.7371912178260177,-0.1000833760317568,-1.4009275364773093,-0.528977445763541,-0.5393287785828667,-0.5426302456939166,-0.6244224052737962,-1.023050538909526,-0.9359720043277534,-0.7136553189349722,-1.0725655667924925,0.4744760855849489,-0.0975795963311668,-0.1458792021629927,0.3239846909640081,0.3331101252600981,-0.3606307683403055,-0.3787217454482617,0.1791339137585054,-0.2889385043582216,-0.5591690435030751,-0.51285615803298,-0.4247663530329119,-0.8740392481106721,-0.8748307117353512,-0.5101363250260817,-0.9515404740503406,0.2697101977172048,-0.3095917955284168,-0.3088500220626495,0.0686775017677983,exact,9
UBERON:0003625,exact,direct,5th finger,Mistral-Small-3.1-24B-Instruct-2503,-1,-0.5372852005836439,-0.7954055691013493,-0.6971315209671379,-0.6964178485625181,-1.863006330288937,-1.243911529880196,-0.9929412190506128,-1.7103686101442366,-0.0837898581144196,-0.319478173923357,-0.0645801525720741,-0.2203336792949435,-0.9307276110105076,-0.7114920820338954,-0.638521161118404,-0.9558180768021036,-1.286733348890552,-1.024763003218408,-0.7676468093553331,-1.2716889274589642,0.182410593392572,-0.3147224718858346,-0.3196294124928639,0.0036096801059248,0.0997773637072328,-0.5007471322066663,-0.4817632007260092,-0.0693064693801465,-0.2310556366944701,-0.5998063100421441,-0.540936423569757,-0.3715530998589899,-1.9062013764154169,-1.0749067265314969,-0.6756041392376209,-1.711193888394562,-0.2098532930937552,-0.5439252542234222,-0.4465488561041133,-0.4021200382162587,related,8
UBERON:0003625,exact,direct,digit 5 of fore-paw,Mistral-Small-3.1-24B-Instruct-2503,-1,-0.8698918216097087,-0.9168261056511394,-0.7648546265674976,-0.9782347349544214,-1.36764460328313,-1.1020203283429977,-0.8919562174066359,-1.3551537759294583,-0.1217486564568622,-0.4415242823894659,-0.031251146401233,-0.2576640126240347,-0.6212375429904207,-0.5477581674355411,-0.510778744359733,-0.7025984085616533,-1.3029507082148566,-1.0300942239084756,-0.769991859938778,-1.2836235505297366,0.2010831885368973,-0.3062537177310155,-0.3363490531073684,0.0228980488558671,-0.1625459041126489,-0.6110899036680594,-0.5672311332799537,-0.325289664337075,-0.3028345762770248,-0.5636991476265322,-0.5155513857368857,-0.437431318347473,-0.4480366661754731,-0.7495675281981606,-0.5730456943489866,-0.5936237832167427,-0.109617962421706,-0.5274494293477434,-0.4476040485643053,-0.3106527390716171,exact,9
UBERON:0003625,exact,direct,fifth digit of hand,Mistral-Small-3.1-24B-Instruct-2503,-1,-0.5013352442500901,-0.7743086426462279,-0.681871673075013,-0.6645852933803729,-1.2905543732717797,-1.1080425778905256,-0.9090643713761718,-1.2973808227371206,0.1129949841522835,-0.1625784666324541,-0.0461449618539285,-0.0205660460397698,-0.546044537832878,-0.5683963855458826,-0.5695958693024226,-0.6389864818439804,-1.0898042583294352,-0.956176456667222,-0.7248693645459537,-1.123917727749283,0.4831109105865153,-0.089632685746465,-0.1442133459570088,0.3341603332868784,0.3071311218943809,-0.3997028617852141,-0.4078357315164357,0.1502975195641628,-0.1498047685178523,-0.505643410784101,-0.4578118313528018,-0.2955511545720666,-0.7835893870924797,-0.8520062302941853,-0.4787593516631663,-0.8782858529756429,0.0614090542987262,-0.438147087692908,-0.3960362156529634,-0.1468979192886843,exact,9
UBERON:0003625,exact,direct,fifth finger,Mistral-Small-3.1-24B-Instruct-2503,-1,-0.6828850266324014,-0.854398753248667,-0.7281367287466782,-0.8224658711343479,-1.811596794798452,-1.2412758099408143,-0.9900660715354558,-1.6746750011590583,-0.7015639901694566,-0.5389195793331777,-0.0810770241565887,-0.790097446329981,-1.0574433875233853,-0.779145668913474,-0.6872477626376214,-1.055961280218764,-1.4007151303213876,-1.0564686978901818,-0.78670193998659,-1.3548573187220097,0.1812156750858148,-0.3165224590371204,-0.3171107288602009,0.0023801489939727,0.0779837214682198,-0.5358421069489288,-0.5062021945194997,-0.0914157628226961,-0.0092072335990919,-0.554981174255096,-0.5115129326832084,-0.1601050560712603,-1.7326698955765385,-1.0483983713536107,-0.6657037016104501,-1.591581328419765,-0.3604895796889021,-0.6044274674635834,-0.4848402468911738,-0.5342489485242404,related,8
UBERON:0003625,exact,direct,finger 5,Mistral-Small-3.1-24B-Instruct-2503,-1,-0.5586815010819249,-0.8163238436833987,-0.702581273759502,-0.7152253829438396,-1.4459454835139551,-1.149057243591456,-0.9311862595578654,-1.4130922011596057,-2.342553684614183,-0.9752685254830918,-0.1160833178006705,-2.069386373935218,-0.3088749055902956,-0.3956588255265699,-0.397069925586316,-0.4320712015205872,-0.5883345523104166,-0.7791184995995862,-0.6292071145180914,-0.7200095453160198,-0.8318559933648567,-0.7153639328538943,-0.6279083063379276,-0.8963840776780783,-0.6228760992898134,-0.8003216824880445,-0.715111899464345,-0.7323442414353528,0.4811576377002366,-0.2238875977780765,-0.2709081375823039,0.3627931069725857,-0.6211520883768286,-0.8040676210257502,-0.5624777827339765,-0.7431865146399977,-0.1769327596254649,-0.5245953408266532,-0.436395995766934,-0.3724130083374251,related,8
UBERON:0003625,exact,direct,fore digit V,Mistral-Small-3.1-24B-Instruct-2503,-1,-0.2568118563362502,-0.6740104034907313,-0.6001442473546735,-0.4395951648433589,-0.6475989310550637,-0.8884844148481826,-0.759843929553035,-0.7819845990723746,0.0619958345745893,-0.1793161232901009,-0.0464150672773641,-0.073407408436912,-0.2790540805492209,-0.3640826753101452,-0.3889766344396483,-0.405314549754355,-0.9293053424316698,-0.9224190080511688,-0.7260621317564764,-0.9992902524181178,0.1262730118849212,-0.3463019315457639,-0.357286494320995,-0.0535518831275372,-0.2106227172186476,-0.6559021081698606,-0.5809850695742789,-0.3700498500345285,0.0972561685534467,-0.470106104543218,-0.460475044005297,-0.0538507286012599,-0.3286535727922199,-0.7043270387618386,-0.5819572200281475,-0.486690607884044,-0.3228392802440867,-0.570699373826253,-0.4747192528893945,-0.5017800320618282,related,8
UBERON:0003625,exact,direct,fore limb digit 5,Mistral-Small-3.1-24B-Instruct-2503,-1,-0.3184867359756331,-0.7052609319783066,-0.6062907689936908,-0.4978336662926708,-1.1680876684210657,-1.0751934757615282,-0.891359613006709,-1.204026719425555,0.2106432924561769,-0.1768548393735264,-0.0271482972769568,0.0829290140683036,-0.0367728802381674,-0.2475457136053638,-0.2949198257350948,-0.1808256600241047,-0.92969213887658,-0.9257824133044306,-0.7174158962934835,-0.9995954663520686,0.330421495940892,-0.2146130911890335,-0.2377101945884562,0.1606508395190028,0.2082982937375637,-0.4571630187098775,-0.4191903053910462,0.0434179778569783,0.5082611361617319,-0.1753905375355802,-0.2216976651426615,0.394657406913766,-0.2862692075686862,-0.6894865002857632,-0.4952794517043387,-0.447907335179405,0.0978493056075007,-0.3935923198256592,-0.3656586733437778,-0.1105854072250725,related,8
UBERON:0003625,exact,direct,hand digit 5,Mistral-Small-3.1-24B-Instruct-2503,-1,0.4702570302010642,-0.0839928398714013,-0.1585902397965763,0.3581941333482527,-0.1521424642629988,-0.688936966187056,-0.6091316832403025,-0.32953670732602,-1.1347950616967266,-0.7218175601120334,-0.0995297807128302,-1.152976809091522,0.9779681917057056,1.0502031683223594,0.913488195732016,0.9925841529425288,0.2234820375881434,-0.2748634040302521,-0.3110426930100109,0.0581364990195032,0.7194647628700854,0.1888919124421073,0.0742652323254931,0.6343208225077901,0.8410119545431651,0.2234745089181992,0.1078597896261231,0.8332578536976836,1.0472539504675784,0.60004641403825,0.460725029201119,1.1412613201297086,0.1166764340984254,-0.4914647767529893,-0.352706177509061,-0.0534179450824971,0.6078941411707316,0.0212697502225927,-0.0994956792352637,0.4741135811314442,exact,9
UBERON:0003625,related,direct,manual digitus V,Mistral-Small-3.1-24B-Instruct-2503,-1,-0.131427797292806,-0.5850243431760022,-0.5314938271824381,-0.3176964348875717,-0.0600678169104139,-0.573041810666617,-0.5454834137600673,-0.2380370080013052,0.6391972482780399,0.3147097223429571,-0.0029459472783304,0.5831943723748025,0.1411408960990543,-0.0362091435370258,-0.1001984670538441,-0.006679322549786,-0.30492296276498,-0.6372503973146167,-0.5307547756789702,-0.4697443505841636,0.7847003808680455,0.3069928835238431,0.1959974851557508,0.7263709637688986,0.4780924209753318,-0.2308906289621629,-0.2389271949402577,0.3465600548595148,0.3049308910901132,-0.3342141403067498,-0.3640197515045015,0.1641883154255073,0.7648564731030183,0.0736177246958693,-0.0610689584636903,0.7384267004074399,-0.0403237431924234,-0.4577470625801281,-0.4143796826793939,-0.2455539642932235,exact,9
UBERON:0003625,related,direct,manual digitus minimus,Mistral-Small-3.1-24B-Instruct-2503,-1,-0.8071184479073757,-0.8946810875494869,-0.7475904903487174,-0.9266618641596844,-0.7758129240868759,-0.9232012134484436,-0.7871669891040299,-0.8902139167264764,0.3270058363732381,0.0136350043591869,-0.0322392361875103,0.210666799125434,-0.350795415513584,-0.3939133753249316,-0.4216904406497134,-0.4693894365321823,-1.2224516693196772,-1.0148386603600348,-0.7734333228290372,-1.2240408474552746,-0.0098206532157404,-0.4119791945430548,-0.4091659526227087,-0.1874195664085097,-0.2163427787136825,-0.674620136922115,-0.5979735098143537,-0.3753357168488428,-0.5283779112697775,-0.7322629191641997,-0.6667486160963968,-0.6375118453384183,0.2976469289958323,-0.391119687431776,-0.4880603910349106,0.1428431919457542,-0.6023382111536196,-0.6667827455532627,-0.519178522942191,-0.7350507153635085,exact,9
UBERON:0003625,related,direct,manus digiti minimi,Mistral-Small-3.1-24B-Instruct-2503,-1,-1.4596475597794685,-1.0953185399204295,-0.8827037907852086,-1.433311709036087,-2.1514633531083245,-1.2805321238684306,-1.015133538345883,-1.9062520572835595,0.0968461770993267,-0.3727269021063932,-0.0451844834544575,-0.0373843742008019,-0.6086476292020329,-0.6206634480664985,-0.5801193705793706,-0.6920091689209621,-1.77256264894164,-1.165419985132217,-0.8505722481992288,-1.6155389376698832,-1.0935054523497785,-0.7771050187349833,-0.6685160688591217,-1.09753304518494,-0.2504972010712699,-0.684034725402992,-0.5966354753537854,-0.4067274865800253,-1.191548784688525,-0.8988394421608624,-0.8202787890632286,-1.1779818828114703,-0.9593284092933354,-0.8957941063716918,-0.7408141770420235,-1.019423539533731,-0.8677479504612498,-0.7303863885850085,-0.5619054417519628,-0.942267286897571,exact,9
UBERON:0003625,related,direct,manus quintus,Mistral-Small-3.1-24B-Instruct-2503,-1,-1.523212127306888,-1.1112080839828855,-0.8889372646303348,-1.4796445089699646,-1.8197281087484969,-1.2108044717204094,-0.9795051097577708,-1.6803372164684856,-0.852130708811586,-0.5724857709542268,-0.0888176957047125,-0.9189966162951578,-1.5309660133795515,-0.8700350162820267,-0.7694469392504152,-1.4153482816912428,-2.066396133759711,-1.224888776989462,-0.8811314412972748,-1.811407681896548,-0.8662446925915308,-0.7109359898512659,-0.6271475110273621,-0.9233431762024348,-0.9615784361581242,-0.907677733244406,-0.7915483102828328,-1.007121510424594,-1.943428814743406,-1.0381032647361854,-0.9174251628554768,-1.7304163719600296,-0.7788969319435098,-0.8831818179527632,-0.8779412336380811,-0.8744484399789964,-1.7604662519484462,-0.8938854693783671,-0.6600385258740047,-1.5680861093020877,exact,9
UBERON:0003635,exact,direct,5th toe,Mistral-Small-3.1-24B-Instruct-2503,-1,-0.2017070835923588,-0.6245615940401003,-0.5600806260490707,-0.3866237301469951,-0.8396209466871323,-0.9658372981981246,-0.7848134567431244,-0.942955182095252,-3.87139555024493,-1.2272120058760183,-0.1377858450374905,-3.1221605989692898,-0.5697950430349271,-0.5324362574399177,-0.4931487639222479,-0.6591754282890417,-0.7347856263737643,-0.8439869786915924,-0.6660279455214719,-0.8425803404235005,0.2179702517110683,-0.2978780898692445,-0.307227229238048,0.0404652894788465,-0.0544922340775642,-0.5765491414630696,-0.5358288941640668,-0.2223928920275413,-0.6387811078700326,-0.681355792267227,-0.6262950843948151,-0.7320258087191536,-0.2578864307893517,-0.5505346390966288,-0.2939180562947614,-0.4216820918534942,-0.2554119924246958,-0.5786968924016841,-0.4795361480893002,-0.4427214265619731,exact,9
UBERON:0003635,exact,direct,digit 5 of hind-paw,Mistral-Small-3.1-24B-Instruct-2503,-1,-0.4620480907632708,-0.7434641096102623,-0.6590270861911419,-0.629455254575222,-0.6682925853517685,-0.8813563470297155,-0.7450365272871667,-0.7996652340352957,-0.0990323368956547,-0.5426650001478688,-0.0837775407187866,-0.2353673109031519,-0.6456273525554923,-0.5984673606623955,-0.5583611320112929,-0.7230436927126336,-0.5701356715336953,-0.744160949925552,-0.6185202721756801,-0.7044786062675702,0.7018117654279932,0.1509610254381966,0.035937453688455,0.6102144150374011,0.3914858216295573,-0.2662992081876494,-0.2593166426833047,0.2451625464488593,-0.6343315496698081,-0.6261672909914524,-0.5913930497147544,-0.7282565006374014,0.4506578545252681,-0.0821465302636528,-0.0708603912068405,0.3212488267823769,0.0681703595126045,-0.4475199914494929,-0.4033289861810206,-0.1402010249503635,exact,9
UBERON:0003635,exact,direct,digitus V of pes,Mistral-Small-3.1-24B-Instruct-2503,-1,-0.1175283711494548,-0.549289339307595,-0.5018863445772934,-0.3038734105794562,-0.8493092546654303,-0.9473222861043804,-0.8021156694918512,-0.950901202694121,-0.3642651684477331,-0.6464792415361312,-0.0921185668627302,-0.4882887803969311,-0.5836004951637703,-0.4702182870179132,-0.4481782715118254,-0.6708693293116734,-0.3058845516922706,-0.6337543422294788,-0.5256003102538006,-0.4706261009341637,0.3410563449320306,-0.2123157246764969,-0.237291501266287,0.1723260341845792,-0.0614876788755052,-0.5454407074783633,-0.4971633216309025,-0.2291559629448645,0.2843076971295821,-0.3380269301320469,-0.3233258692877466,0.141824567310398,0.5236432610508746,-0.0125176880635448,-0.110655587993055,0.4112509795463748,-0.3447476016564069,-0.6127107662809841,-0.5007894982352472,-0.5207163459565746,exact,9
UBERON:0003635,exact,direct,digitus minimus pedis,Mistral-Small-3.1-24B-Instruct-2503,-1,-0.8775103646108512,-0.8997642490271855,-0.7636768874127412,-0.9844471447827812,-1.7624167505075257,-1.2229054282738636,-0.9927340101210568,-1.6402929696434536,-0.3421084248131003,-0.6561840977822165,-0.0912005042682499,-0.4677407338122856,-1.1970967840413107,-0.8482344733341458,-0.7637549432634422,-1.164247683048182,-0.5941840382119347,-0.7555077753874336,-0.6113990858111439,-0.7249869441269613,0.1626936807210808,-0.3372524094233687,-0.3399636235580339,-0.016605912817347,-0.4325430815054192,-0.7095558392911196,-0.6340031149158806,-0.5694710412123122,0.0269297868543573,-0.5277655995737173,-0.4697253926351827,-0.1244173219558977,0.0198434329179611,-0.4259861947439773,-0.4937290445614551,-0.1530102885432065,-0.5679532356341207,-0.6597299116897207,-0.5067934880650701,-0.7072599063097256,exact,9
UBERON:0003635,exact,direct,digitus minimus; digitus quintus [v],Mistral-Small-3.1-24B-Instruct-2503,-1,-1.0796374436900795,-0.9643097799292656,-0.8031310528190672,-1.14580450349808,-1.1467153045080551,-1.0423481706219253,-0.8788995403549226,-1.1875276856056338,-0.6382707188762003,-0.689216936096823,-0.0950920746086004,-0.7349152277940382,-1.1670060668956674,-0.9018503889729236,-0.8026190140945954,-1.1410905340990094,-0.8124085419830477,-0.8453159577470931,-0.6674914774022129,-0.9059058005356464,-0.214458209500384,-0.5206875179112228,-0.4721273732626925,-0.3779925973396648,-0.3346174553463534,-0.6974516108100816,-0.598445136947737,-0.4828504561693734,-0.2724887262008229,-0.5398294391650615,-0.4774564418945893,-0.4097195119278252,-0.4423669736424931,-0.6897749407526945,-0.7061039150164367,-0.5886189083982436,-0.828016058615245,-0.7347045195309458,-0.561810678748362,-0.9120116590078676,exact,9
UBERON:0003635,exact,direct,digitus quintus [V],Mistral-Small-3.1-24B-Instruct-2503,-1,-0.4974460190677219,-0.7539491572615535,-0.6602716629729541,-0.6611237403070099,-1.085399248908629,-1.021382341882601,-0.8567367380687322,-1.139836068688988,-0.4455399156813936,-0.6573089561859672,-0.0978434668457111,-0.5628456715899691,-0.618761416034089,-0.5331752259452527,-0.5346205786673949,-0.7005176861704229,-1.311617973804435,-1.022392042544348,-0.7791928556328414,-1.289987912379513,-0.2886697860839847,-0.5460182328345102,-0.4871415812585521,-0.44438179798355,-0.1364955477808164,-0.6047377845485832,-0.5467979206587342,-0.300781058746998,-0.3675960777402007,-0.6108853455354658,-0.5732749444792243,-0.4959150580471057,-0.4833265882395953,-0.7513435804671647,-0.7466223811528312,-0.6246179401247054,-0.8691370547607049,-0.7395627744310832,-0.5588275129659419,-0.9433205505171378,exact,9
UBERON:0003635,exact,direct,digitus quintus [V] pedis,Mistral-Small-3.1-24B-Instruct-2503,-1,-0.6474356498718374,-0.8111981657573187,-0.6949544784775779,-0.7921845108280686,-1.3534530492350858,-1.1077223752061525,-0.915911063450251,-1.3445737546114316,-0.177559235356452,-0.5791373142922551,-0.0889164611954841,-0.3119091977862701,-0.8938830384833117,-0.6879811681571483,-0.6587896648605915,-0.9263390875777392,-0.677390652221485,-0.7875996588402848,-0.6467431502223043,-0.7950418344085127,0.2930945602921919,-0.2482793806818429,-0.2571772332974087,0.1201107034214619,-0.0591048975384902,-0.5618580180968012,-0.5254655416495255,-0.2268539703338788,0.169445167376993,-0.39386128019329,-0.3528213532072263,0.0202172772771663,-0.2007098227348482,-0.6271847266953943,-0.6301005361908162,-0.3682081211514822,-0.6850508063869999,-0.7013174230814756,-0.5377334416354317,-0.8009677455728836,exact,9
UBERON:0003635,exact,direct,digitus quintus of pes,Mistral-Small-3.1-24B-Instruct-2503,-1,-0.7084229278477663,-0.8366953150904937,-0.7149599161898755,-0.8441255534549722,-0.8770206421458382,-0.95588971455285,-0.8083358759625645,-0.9735411245034395,-0.6278346663308599,-0.6966921126777391,-0.1001566382277677,-0.7257565892334825,-0.6150148713108798,-0.5018956712611874,-0.5059641934542977,-0.6973676293330742,-1.3516870602735331,-1.0343357060882288,-0.777904033347145,-1.319285152396338,-0.4121920891387632,-0.5922743244646578,-0.5104433746438651,-0.5520896667133834,-0.3028482607131907,-0.6744662755440927,-0.6042418709078913,-0.4542954087542705,-0.3087792134023907,-0.5302781909586074,-0.5270809303051207,-0.4428365755919273,-0.357459556982918,-0.6316614611373905,-0.666530885568016,-0.512797627408732,-0.6726510380675695,-0.7158923022487419,-0.5596409513199396,-0.7911673893732348,exact,9
UBERON:0003635,exact,direct,digitus quintus pedis,Mistral-Small-3.1-24B-Instruct-2503,-1,-0.7488488998631375,-0.852288320455827,-0.732767547253205,-0.8781538067468491,-1.7138928957197783,-1.2063014848351117,-0.9699714691824648,-1.6061372834198473,-0.4480918743946787,-0.6521049035820669,-0.0941501899300824,-0.5651665227014033,-0.9386064946337148,-0.7480433768595567,-0.7080007891560852,-0.962100224398834,-0.7045809296868715,-0.8032381640150948,-0.6415725815835837,-0.8176404425369024,0.1221265464811741,-0.3537108475415969,-0.336970779257175,-0.0577264422502656,-0.1710108122813295,-0.6181501249161887,-0.5644008992040607,-0.3332144248462986,-0.0906325846708636,-0.5707844926695539,-0.4925684774605605,-0.2391816556357894,-0.1446412746256378,-0.6236772146628996,-0.6263418612255509,-0.3148961792980468,-0.814372185367885,-0.736800407306658,-0.5552312622957734,-0.9015633102515656,exact,9
UBERON:0003635,exact,direct,fifth digit of foot,Mistral-Small-3.1-24B-Instruct-2503,-1,0.3275327556993706,-0.2115692344421592,-0.2627995527166541,0.1802923878581556,-0.2862637159346725,-0.7278132637300526,-0.6178495394260112,-0.4581812524813347,-0.7769035379948404,-0.727793711466661,-0.0997310589007166,-0.854998354906168,-0.2637152808642239,-0.4707942145855789,-0.4712836789209438,-0.3914822258482057,-0.6817275263272651,-0.7913723501421904,-0.6374319781905082,-0.79865583314787,0.5472318546325005,-0.035295883984797,-0.1268627685350586,0.4112692662456341,0.1856810344039631,-0.4421718360660275,-0.3928286283858431,0.0195461988080351,-0.1598177407111739,-0.4593920384978777,-0.457128340691722,-0.3050029456655805,0.3816035587346076,-0.1544395911757543,0.0363333810880658,0.239135856991543,0.2754157423825373,-0.3218887568569756,-0.325529512557154,0.0748805523327907,exact,9
UBERON:0003635,exact,direct,fifth toe,Mistral-Small-3.1-24B-Instruct-2503,-1,-0.1136878134255716,-0.5719300602362577,-0.5088061124588026,-0.3000424805193396,-1.1139811552447336,-1.068071580388549,-0.8716769564265309,-1.1621336854542903,-3.871458088819944,-1.227216129540296,-0.137784996876448,-3.122202379388392,-0.6778292894265558,-0.5862239426703042,-0.5487649582084206,-0.7499012092965551,-0.9350619107514496,-0.9081229876175508,-0.7009223089985988,-1.0038301449182283,0.2025397566829444,-0.3088560000998963,-0.319358732996326,0.0244086275585446,-0.194751371167202,-0.6664637369741329,-0.6032890340491952,-0.3553396506249692,-0.2846834677049752,-0.6167395189079117,-0.580034722024615,-0.4208798977322925,-0.3665556568176975,-0.5973836339339048,-0.347726447134165,-0.5210001941097278,-0.3857385627782922,-0.6328343203723592,-0.5022194837119898,-0.5558279356741542,exact,9
UBERON:0003635,exact,direct,foot digit 5,Mistral-Small-3.1-24B-Instruct-2503,-1,0.7708571495296841,0.4606715450082863,0.2897826509421735,0.7932321255382696,0.7332357833193122,0.2545892349134963,0.1122144686655431,0.7204234346935562,0.747088413037081,0.0725814822286323,-0.0290217108267135,0.7250585246355616,1.158450243289893,1.5812550683934274,1.496361388508006,1.2834559222267323,-0.3611359388425898,-0.6663121925791948,-0.5555371562043159,-0.5208931269178284,0.7532529605033893,0.2330205680778111,0.0912184210165111,0.6813886408070421,0.8596888992222632,0.2794006126685565,0.1744659941152469,0.8620724194894033,0.8442858673716153,0.2491796030882331,0.164576593921235,0.8285570468139462,0.957524506635799,0.7751787854648365,0.6590304043968225,1.047617899438772,0.6262213393147685,0.0381672722140928,-0.0884852047842383,0.4988658705344336,exact,9
UBERON:0003635,exact,direct,hind digit 5,Mistral-Small-3.1-24B-Instruct-2503,-1,0.8381593778687612,0.6217369207553642,0.466862900267259,0.9073570938326866,0.4674099210811638,-0.1386954471944228,-0.2040539974098684,0.3539285046175111,-0.845864536021704,-0.7497648832844787,-0.0950154100292263,-0.9136954403946714,0.6678613444603069,0.5102232409895178,0.361424527509396,0.574958944185791,0.0765706973640926,-0.3816296350906635,-0.3648739045512626,-0.0985036447174449,0.7926054005765925,0.3028272169540797,0.2070930559376621,0.737868339485469,0.6418205679483691,-0.0655012541860969,-0.1049929486521841,0.5516576783823206,0.9816953016598764,0.5085105208819881,0.3972240536125193,1.0344564015545037,0.5944375683943371,0.0795814575836416,0.2420561993259844,0.5021104123474264,0.4032344944243388,-0.1841565861269357,-0.2384928377554457,0.2188410115628507,exact,9
UBERON:0003635,exact,direct,hind digit V,Mistral-Small-3.1-24B-Instruct-2503,-1,0.6108607940116202,0.134057495356039,0.0132006519448623,0.5493298289408862,-0.383151455051404,-0.7723478208235289,-0.6735184510186288,-0.5480374072281401,-0.9435363203445252,-0.771824382019957,-0.0946178599631931,-0.99573691328161,-0.1191157736530106,-0.2894196932484504,-0.328844043078249,-0.2586240979164164,-0.4261458329494126,-0.6970670673602661,-0.5614390763279995,-0.5790729439418884,0.4989483319635348,-0.0790859709357686,-0.1291495908872868,0.3529484590753473,0.1241054633026602,-0.4867835471313815,-0.4489937303959815,-0.0444245865312798,0.3182302021826341,-0.318247712569961,-0.3423266779117438,0.1787008565201413,0.3103467257236583,-0.2171173510661125,-0.2263447937703818,0.1571764791271653,-0.1530537883915923,-0.5009555199429804,-0.4306024660514694,-0.3506640193817851,exact,9
UBERON:0003635,exact,direct,hind limb digit 5,Mistral-Small-3.1-24B-Instruct-2503,-1,0.5593650609391043,0.0671112264983979,-0.0167797903439098,0.477205239943632,0.3114216395633137,-0.3301389351099961,-0.3332568514605811,0.1642485104668057,-0.1901223691577609,-0.5458691908926693,-0.0810961627637522,-0.3240181940357073,0.2206325166276948,-0.0845966620722481,-0.1646724561845646,0.0741365800328483,0.0054692994684336,-0.4355800162664144,-0.4304546884424514,-0.1712791606568053,0.761552356495866,0.2467121521946658,0.1341851005177899,0.693145954456043,0.4323319290150522,-0.2888196784849131,-0.2707193483261491,0.2924452881137155,0.5214954438227248,-0.138564704528093,-0.1680470601700738,0.4103576856969905,0.6065661780922992,0.0950379483336648,0.1624751590272266,0.518062483127062,0.46572251539589,-0.1362317618860695,-0.2139036698210315,0.2931358003227974,exact,9
UBERON:0003635,exact,direct,pedal digitus minimus,Mistral-Small-3.1-24B-Instruct-2503,-1,0.207013356756218,-0.3173827375288384,-0.3383072771677963,0.0399921806299547,-0.0676143844747855,-0.5914950005439498,-0.5451975206766129,-0.2456416154870732,-1.3608329478113432,-0.8525557565399441,-0.1059114630029596,-1.3336284144791182,-0.2505802587432397,-0.3364461352569688,-0.3596337359944075,-0.3795990010828811,0.3205528191426289,-0.1422824701362665,-0.1821542701787228,0.1668974578075171,0.0263684098760476,-0.4089369258858822,-0.3956050779306163,-0.1524314807109927,-0.2402362368126592,-0.641025806210728,-0.5725272949354505,-0.3973268185484288,0.5529703008675688,-0.1106784444406482,-0.1510745961405465,0.4480835066251408,0.1109152372602858,-0.3686559052824888,-0.4593181188623622,-0.0594410866562291,-0.0122764270361889,-0.4445465167047843,-0.3977451652379012,-0.2187360081321552,exact,9
UBERON:0003635,exact,direct,pes digit V,Mistral-Small-3.1-24B-Instruct-2503,-1,0.108263607242868,-0.4094993173437069,-0.421120932752326,-0.0693617609864468,-1.372937606423566,-1.1203055446581236,-0.9088904866482138,-1.3590934924746827,-0.8734634826671293,-0.7544902755647128,-0.1018507066639179,-0.9370046409675284,-0.1375564895747354,-0.2752413278303589,-0.2569537105617764,-0.2758257080207091,-1.0880625938903423,-0.966439522817246,-0.7461497861316784,-1.1225863441270705,0.404758953479151,-0.1617833784621623,-0.2076086881151529,0.2434893449145831,0.4916963736292515,-0.1824971486224998,-0.1945192229863697,0.3628939163121365,-0.4882126330520213,-0.7310329290174125,-0.6747832361637307,-0.6025961502907459,0.29595266959561,-0.2846934313274477,-0.3740508162139488,0.1409370249089035,-0.2748702888690321,-0.5601626557675995,-0.4647918707347417,-0.4598882024891018,exact,9
UBERON:0003635,exact,direct,toe 5,Mistral-Small-3.1-24B-Instruct-2503,-1,-0.5796808141688486,-0.8282898682009368,-0.7046286846295287,-0.7335859098724289,-1.1410751810032156,-1.0610153587727762,-0.8609541337273815,-1.1831630276601093,-0.697274036349974,-0.7386545145976453,-0.1011737220500068,-0.7863766313091096,-0.0360868874078902,-0.2599842124007728,-0.2677950117415256,-0.1801705185290464,-0.5438767307596846,-0.7617318577708797,-0.6243207863899793,-0.6819468435599892,0.0742579365660825,-0.3749582151768227,-0.3614708929840743,-0.1054675491857716,0.4749190487737595,-0.244065938756132,-0.2638810373921221,0.3427665139488914,-1.0221933406637442,-0.8526614026480623,-0.7658318894595574,-1.045648772513898,0.1943743123397554,-0.2980307774266154,-0.1221816756757254,0.0291083455869175,-0.3174583071256922,-0.6063022746654165,-0.4859078153617291,-0.4971104533276588,exact,9
UBERON:0003635,related,direct,digitus quintus (V) pedis,Mistral-Small-3.1-24B-Instruct-2503,-1,-0.6649955641426769,-0.8207812721850767,-0.7028154012593275,-0.8072160989633299,-1.441487277670463,-1.1278742807441349,-0.9229393571274416,-1.4098128565994306,-0.2418080960759015,-0.5811500175549132,-0.0897490644552313,-0.3734566329360633,-0.8825180826384217,-0.6479632328787378,-0.6283169609122274,-0.9172119584138756,-0.8950662939981445,-0.8814670414641204,-0.7008067254697273,-0.9721757737341892,0.4285588206195617,-0.1430572606015788,-0.174888053905562,0.2706465004064387,-0.1322033610705567,-0.5995825375911944,-0.5512879200953481,-0.2967252022095842,-0.2478133258433167,-0.4984524988553352,-0.478631136559799,-0.3870361695601322,-0.1137142492364337,-0.5858385771533078,-0.5865526164106033,-0.2851012894618308,-0.7083410079307988,-0.7155188181857924,-0.5472880011168211,-0.8193001070227605,exact,9
UBERON:0003663,exact,direct,free lower limb muscle,Mistral-Small-3.1-24B-Instruct-2503,-1,0.3094799095990175,-0.1855600909118395,-0.2212428002918791,0.1587481155082643,0.2905183152478418,-0.2272076057075829,-0.2632503942068705,0.1399211790168847,0.1094366354472564,-0.2701739697487678,-0.0583182172940033,-0.0242789018336223,-0.2660415132677906,-0.5616742144191984,-0.5458119833723598,-0.3935830718403586,0.3159415140396221,-0.14937680216725,-0.2031392356212398,0.1616260790488359,0.2867476501644165,-0.2707529869844219,-0.2995104823983206,0.1132834510823944,-0.7206255855553831,-0.7817876769164915,-0.701837462937133,-0.8134719667518387,0.9394538236140716,0.299791788567686,0.202245252093058,0.9688093470250688,0.1587140837906901,-0.3166313179125608,-0.3982767262679615,-0.0090733830957184,-0.0534350920575256,-0.5192032869846928,-0.4467524418655955,-0.25799583916374,exact,9
UBERON:0003663,exact,direct,hind limb muscle organ,Mistral-Small-3.1-24B-Instruct-2503,-1,0.8406170845222599,0.68588974610032,0.5073427136630835,0.9116866664104336,0.3249057514369246,-0.165482697178359,-0.1979535147232348,0.1800681990832121,0.691845107119452,0.2055694275521934,-0.0097240931711186,0.651403436356497,0.7952475509810435,0.4592756604456725,0.3894876667541416,0.7370987979694681,-0.0026815172365999,-0.4290297818193182,-0.4021816127559077,-0.1795058827843631,0.4590007145669468,-0.1241270624781116,-0.1568392821010681,0.3058650086903554,0.42857142383516,-0.2368214311240307,-0.2729845531113534,0.2880530544149155,0.9462254216878976,0.3020702219617879,0.1942356558904703,0.9791805436664256,-0.1550899224710588,-0.5973729734205581,-0.2717232931695365,-0.3248989800157612,0.6701607929950071,0.0574944923827631,-0.1039924595733817,0.5597686455718981,exact,9
UBERON:0003663,exact,direct,hindlimb muscle organ,Mistral-Small-3.1-24B-Instruct-2503,-1,1.038772898989102,1.5377063790957464,1.3644295774903905,1.3152381055824265,1.0148280544131345,1.2650791797124368,1.0463058712537503,1.2122521986979788,0.4288975313115278,-0.0471782635150831,-0.0332201519088556,0.3269983177734808,1.3779757303897893,2.6154557540667374,2.697674262116941,1.7333211100689356,0.6751133458115905,0.2976922385412334,0.1123376195009896,0.6115776785740424,0.8656604696583317,0.4223334274641925,0.2986582994805523,0.8481448387181268,0.6322759874695556,-0.0210408362451581,-0.1139753874025911,0.5391442033536115,1.09193134657906,0.6418518874701402,0.4998089675652659,1.218020040836806,0.408209865214553,-0.2225551420514562,0.4379784159943005,0.2704446863018826,0.982021932390657,0.7676799846816891,0.4368949502401279,1.0896836901483022,exact,9
UBERON:0003663,exact,direct,inferior member muscle organ,Mistral-Small-3.1-24B-Instruct-2503,-1,-0.0581610242916736,-0.5230362375488353,-0.5140796073462134,-0.2440837518688252,-0.5460285615191965,-0.757491426312527,-0.6695328786364081,-0.6939438368618103,0.438813262912763,-0.1070940980474346,-0.0451331230482833,0.3385655264434525,0.2676088960971154,-0.0701707411388099,-0.0979834779363762,0.1228705885211981,-0.9319264825862844,-0.9048990505438476,-0.6664689309066228,-1.0013580699901343,-0.9067642887065666,-0.7398313350649978,-0.6542035490737569,-0.9548961988294444,-1.056439962086583,-0.898932824800383,-0.7836648738224192,-1.08114746774889,-0.330593485277459,-0.7185374477211508,-0.6381079205275861,-0.4626070204235042,-1.5501831457475403,-1.0894739042389867,-0.7188144430139404,-1.4627036638768316,-0.2520336618717491,-0.5756959475236064,-0.4838400857618996,-0.4397304819496022,exact,8
UBERON:0003663,exact,direct,lower extremity muscle organ,Mistral-Small-3.1-24B-Instruct-2503,-1,0.3961740343961955,-0.1095756254240374,-0.179426836622227,0.2640888534783842,0.1401010437842006,-0.3822106489027288,-0.3889844972381466,-0.0286713761176343,0.1520613887647961,-0.2472617883907403,-0.0539542974346582,0.0204614342870277,-0.6379266222941782,-0.7590362372782662,-0.6819628522896324,-0.7165981090897383,0.047653881577571,-0.3809226064015013,-0.3633884087859516,-0.1283244260441557,-0.0512415721783301,-0.4645701298539085,-0.446931802942125,-0.2269618851917357,-0.7261291417646626,-0.7965756388590454,-0.7173775765288859,-0.8179928494097441,0.3175376468256791,-0.3782737144340923,-0.3860278878118078,0.1779433410414623,-0.0659604399812252,-0.5030763616990568,-0.3503916129916715,-0.2385279135556393,0.3242397656387945,-0.2915684076589599,-0.3186828809425028,0.1287060533563363,exact,9
UBERON:0003663,exact,direct,lower limb skeletal muscle,Mistral-Small-3.1-24B-Instruct-2503,-1,0.4840820646578739,-0.0004758691180696,-0.0944423673889168,0.3762182964871792,0.1840463266065708,-0.3204400969964591,-0.3312235169057823,0.0194780092905011,0.360447617762306,-0.0990628339792595,-0.0284188175439538,0.2483569610600429,-0.9437504169908972,-0.968587869927473,-0.8364051522905783,-0.9661976056540568,0.0853957067552265,-0.3484556759792308,-0.2690235415229143,-0.0893400199129545,0.5251007658275609,-0.0826839642243669,-0.1465535443368002,0.3843376806593453,0.0583172130819118,-0.5351171139735186,-0.4947856787655607,-0.1112246322449963,0.9756656224511584,0.3717055482523592,0.2734737547787572,1.0249435265243845,0.5037396449238759,0.0210745900854997,-0.1099807596664645,0.386356697552813,0.6567615094348469,0.032307030692733,-0.111868934008676,0.5409530275230617,related,8
UBERON:0003663,exact,direct,muscle of free lower limb,Mistral-Small-3.1-24B-Instruct-2503,-1,0.1254863255513463,-0.3720427044397528,-0.370193662912305,-0.050619043949686,0.1682496320815195,-0.3299208687409251,-0.3420395733537626,0.0020706841882825,0.377780231933656,-0.1018489748527434,-0.039750702026907,0.2680759522634607,-0.2061631444657008,-0.4680717658365568,-0.4379114964224823,-0.3391478923214516,-0.0381392986026912,-0.4432230811642721,-0.4222807831399276,-0.2150273901122588,0.2942708436539996,-0.2692627476067722,-0.3100742127686486,0.1213780788963452,-0.7493054006213721,-0.7978264966278539,-0.7163648994763008,-0.8369779902864182,-0.2423901824129903,-0.5998773972396291,-0.581884313546537,-0.3820325084351432,0.0771472891468273,-0.3275114221503063,-0.3931290782215562,-0.0944900532432993,-0.1498441937620935,-0.5774638908826968,-0.4794119759961454,-0.3477275448278126,exact,9
UBERON:0003663,exact,direct,muscle of posterior limb,Mistral-Small-3.1-24B-Instruct-2503,-1,0.1542140310457077,-0.3313168183762427,-0.3424205172130107,-0.0190537407631805,-0.054521656636207,-0.5078384756886141,-0.472298331543239,-0.2324357946406361,0.4964703653994954,-0.0364489329565934,-0.0347740787852698,0.4067603809536654,0.0683396510184182,-0.2808086498211082,-0.3035431911217096,-0.0790035795973097,-0.1860079060060447,-0.5468657269854953,-0.4795814109830503,-0.358783225702839,-0.0098932914705433,-0.4377255748273874,-0.412424152077459,-0.187489374409021,0.6021299708827067,-0.0655133500057644,-0.1038948431320903,0.5001112630510813,-0.2717761321920435,-0.6874721901888646,-0.6292277362601363,-0.4090663470656873,-0.2782325560170836,-0.5703569291529139,-0.5882579871549959,-0.4405025897152743,0.01160976836566,-0.4930909334666581,-0.4141074910683818,-0.1956729036316279,exact,9
UBERON:0003663,exact,direct,muscle organ of hind limb,Mistral-Small-3.1-24B-Instruct-2503,-1,0.443133960337898,-0.0427001192340033,-0.121011643627623,0.3232679998726375,0.0644171560098409,-0.4264080458659504,-0.4109449791193199,-0.109658466774892,0.5622378551466365,0.0067751722732758,-0.0279140513569686,0.4866258191640955,0.4362849086852439,-0.0434324591688939,-0.0862442215810452,0.3045755805546613,-0.2132133095893885,-0.560458187959376,-0.4969099082632304,-0.3845143770670099,0.5439673165213599,-0.0467408407737865,-0.1023108107471251,0.4072747314230363,0.1319396112508818,-0.4615520551843547,-0.4593966570343627,-0.0363658561204709,0.5474797102676873,-0.2020903163583003,-0.2479942453456241,0.4414625330232474,0.2190089869944633,-0.2534022269319944,-0.3110814695350798,0.0558008273455679,0.6407842299311215,0.0105052986608789,-0.137635631031663,0.5188000881482088,exact,9
UBERON:0003663,exact,direct,muscle organ of hindlimb,Mistral-Small-3.1-24B-Instruct-2503,-1,0.6125627645597856,0.207001741072269,0.0943748959267118,0.551759934680665,0.6225183650758164,0.1926505643771638,0.083849382740847,0.5597556268043676,0.8088784494134179,0.2479216026750826,0.0125584427511376,0.8102470747706989,0.9718905000034294,0.9222998832793088,0.7933962285821391,0.9835524338300644,-0.2311550463608344,-0.572069913848073,-0.5064495426553294,-0.4013691740061785,0.838222985202793,0.3628738536245621,0.2530901555145462,0.8058313280506482,0.3708586984537203,-0.2983820509424681,-0.3354015412677536,0.2216300397670436,0.5268301239364606,-0.2135991216619508,-0.2300739537615976,0.4167132123905921,0.5719067778809179,0.0758521219532268,0.1520829705344859,0.4727855231522714,0.9669100050081004,0.6916251494615093,0.3674832007555705,1.0578622232629893,exact,9
UBERON:0003663,exact,direct,muscle organ of inferior member,Mistral-Small-3.1-24B-Instruct-2503,-1,-0.10321527160898,-0.5442069165357802,-0.5084588249752962,-0.2895706617231756,-0.4694446457753877,-0.7359773019031182,-0.6358160251991989,-0.6261010950451374,0.50121560004507,-0.0407482939661868,-0.0342431808644451,0.4124464192056073,-0.1478009222055131,-0.3812985712589417,-0.3526557208860118,-0.2853479859984557,-1.1362544057025534,-0.9850596869643194,-0.731867429515942,-1.159262620876926,-1.031922663866905,-0.7723919265505164,-0.6745309488122422,-1.0509791343914885,-1.0789247087688267,-0.9047739860685295,-0.7933584827266581,-1.0985259571987829,-0.6281713748504286,-0.7272569456025427,-0.668360916950908,-0.7230327070167005,-1.2865342218740574,-0.940402246652262,-0.786465360682417,-1.2702453049829667,-0.285807679185247,-0.5978275423792855,-0.4970960986427654,-0.4694929778933456,exact,9
UBERON:0003663,exact,direct,muscle organ of lower extremity,Mistral-Small-3.1-24B-Instruct-2503,-1,0.1817167070850578,-0.3209482028100037,-0.3328046987077021,0.0115316517311738,-0.0594737518572399,-0.5158079759641593,-0.492366247315018,-0.2374375498484874,0.4944656673241671,-0.0630929976194365,-0.037582625843004,0.4043616767842459,-0.710263849537976,-0.7824748480865696,-0.7124533034338008,-0.7767992182585558,-0.392280615716834,-0.6528269339194511,-0.5367284009114756,-0.5488927559442417,0.0259998943320477,-0.43252871529702,-0.4172042978659118,-0.1527899000748532,-0.8332103728044049,-0.8299423487742223,-0.7441628491934947,-0.9050149828955494,-0.1825591667938242,-0.634746168018361,-0.6012817807358483,-0.32637902184726,0.1371712538220418,-0.2960229271560446,-0.362097776371263,-0.0318862765470264,0.2856983134728947,-0.3317715510875215,-0.340365664149554,0.0861047079742749,exact,9
UBERON:0003729,exact,direct,mouth mucous membrane,Mistral-Small-3.1-24B-Instruct-2503,-1,0.8984208154638548,0.8977460096160866,0.6849826533876229,1.017343865748371,0.9209976147922796,0.8512972172696965,0.641581246948605,1.0306563241733533,-1.3643239472817414,-0.6808906842076384,-0.0944424590271599,-1.3363784049698162,0.4226412279999585,-0.1951646151182968,-0.2621063870418518,0.2894533075248225,0.3648096794119272,-0.1051857070155103,-0.177993354548834,0.2180555873409783,0.9079450612735775,0.4608009746257064,0.3332114787165695,0.9157372260003545,0.8909508761991549,0.4966674458291458,0.3863923016057833,0.9114533373109762,0.7334647915686809,-0.0335538248093984,-0.1062970835005704,0.6762995373034755,1.008847698669619,0.9344842199067728,0.7841059071836518,1.1409404320211978,0.8733121366703347,0.4793207543832831,0.2006272798421228,0.8789998512598053,exact,9
UBERON:0003729,exact,direct,mouth organ mucosa,Mistral-Small-3.1-24B-Instruct-2503,-1,0.8587769990312802,0.7612551524230524,0.5786933508128904,0.9440689040301148,1.030108339447518,1.283999843061017,1.0285623978967504,1.2442214281981276,-1.0366183505405726,-0.6113797271899637,-0.086332692559945,-1.0728020470130724,1.2017992564919917,1.5194590585486505,1.364745657632611,1.3615368281927798,0.680076873375605,0.3032389846500397,0.1118913110320343,0.6184777245433916,0.9547644096965168,0.5928235391367975,0.4368155814404547,0.9944296572879044,0.8923958756957979,0.5745627348968558,0.4466299654771169,0.9137725048322488,1.003809664564705,0.3745372904418516,0.2526091132689516,1.0697749612232457,1.0639118440542252,1.1349238502985428,1.0444785540066677,1.2482415600237713,1.008027389069572,0.9344144300473628,0.5495388614467784,1.1469225994022785,related,8
UBERON:0003729,exact,direct,mucosa of mouth,Mistral-Small-3.1-24B-Instruct-2503,-1,0.752714616255837,0.4846096712716713,0.3456734662158365,0.7637990464640737,0.866048538762753,0.6821934323018931,0.5218077302409148,0.9337430590981984,0.3887900999580355,-0.0153196228039998,-0.0194713211718247,0.2806688687531435,0.957809012550642,0.8261539885939226,0.6488565116585213,0.9627857489135282,0.259127814991705,-0.2034117246908302,-0.2501776883249888,0.0975506045234973,1.2313157397609968,2.2098487799187363,2.094902287557291,1.6157861125113158,1.158025436099844,1.6412858877389394,1.4447585914584515,1.4221452407814608,0.6764748657801284,-0.0913700531018991,-0.1245979112025749,0.6018626156402013,1.0863940229055284,1.2261138496473316,1.036795243981075,1.2946062665580171,1.1949883402858716,3.2667603339858107,3.660475021147655,1.7895647015406526,exact,9
UBERON:0003729,exact,direct,mucous membrane of mouth,Mistral-Small-3.1-24B-Instruct-2503,-1,0.5285919316895539,0.0860867704444348,-0.0265574219369381,0.4353227143348793,0.6961311789981305,0.3082089457170462,0.1793036642565741,0.6650819301962855,-0.0683892048449987,-0.109465338653009,-0.0432769713428706,-0.20508369012496,0.1623210783143455,-0.2847650615083581,-0.2908400433949352,0.0146589671795988,-0.3643124236136394,-0.6405916062727199,-0.50368291969286,-0.5237597346883187,0.8563566881635808,0.3468062130049832,0.2226432781841791,0.8336679099486438,0.7926680774782778,0.2961638547483614,0.1937219271897965,0.7608458784620852,-0.6432805183260154,-0.7569781091639127,-0.6741370991744404,-0.7358340403460126,0.7118447406880484,0.2320372159191003,0.2345546614073006,0.661893082204609,0.8993645504410962,0.5355098711157054,0.2313618941814967,0.9260709669809392,exact,9
UBERON:0003729,exact,direct,oral mucous membrane,Mistral-Small-3.1-24B-Instruct-2503,-1,0.7891491614260212,0.5716338422345109,0.3735015167895884,0.8234502797248001,0.7043347126213063,0.320213296717536,0.1886091116283071,0.6771791032713855,0.4091084019136813,0.1610695407948318,-0.0142753822095404,0.3040486912117359,0.1025123326651794,-0.5171499987039416,-0.4877835773448747,-0.0452474674747024,0.2576735467938026,-0.2082932277855653,-0.2163550274411382,0.0959310125005977,0.6260112745587046,-0.003619617879636,-0.0735978494907743,0.5101208559115595,0.6820726109245498,0.1184085698887517,0.0545328158723075,0.6052986298014708,0.1727598536373097,-0.4801332148446088,-0.4650095725437808,0.0236601197826426,0.4500716550703389,-0.0836653833512173,0.0258224658820147,0.3205398224657819,0.8788494614242176,0.4923474115583953,0.2102124372035624,0.8888534550720033,exact,9
UBERON:0003729,exact,direct,oral part of viscerocranial mucosa,Mistral-Small-3.1-24B-Instruct-2503,-1,-0.1432227034813792,-0.5321162981003622,-0.4905361510328199,-0.3293759827761487,-0.0773648169030888,-0.4928819969943762,-0.462651115695599,-0.2554384815896562,-0.1457653935255634,-0.4446858730382865,-0.0474518135529777,-0.2810988527241381,-0.1341642038355202,-0.5304678266767386,-0.4804543002633438,-0.2726672584147069,-0.4829098318954699,-0.7082745699412727,-0.5773487305688222,-0.6290607810242322,-0.0545760864092807,-0.4740415315474485,-0.4482046355097925,-0.2301224979012916,0.015513180306214,-0.4381338450555905,-0.4223052012043044,-0.1538867574232474,-0.8375625789775157,-0.8033073091111332,-0.7202360588396867,-0.8972514509729802,-0.1674966194714203,-0.5331370378225059,-0.5400460432522473,-0.3367354673096464,0.2022457570339355,-0.3366310767309418,-0.3408771879026478,-0.0033777022233536,related,8
UBERON:0003729,exact,direct,tunica mucosa oris,Mistral-Small-3.1-24B-Instruct-2503,-1,0.1335046369614738,-0.3592742411704308,-0.385618819136962,-0.0418471692681104,-0.0621948027674641,-0.5175576112887285,-0.4840680100632474,-0.2401823149317978,0.1180142339696058,-0.2724230578489267,-0.0362053690140471,-0.015322095685411,0.1363942352614948,-0.1565208721718324,-0.2188556804408358,-0.011442609638838,-1.2265162733022243,-1.0081631962673332,-0.7805482397376979,-1.2270701085850897,-0.1974319546965908,-0.540005815355639,-0.4891587325976402,-0.3625701713164017,0.388848208270702,-0.1222221737715023,-0.1636330036294925,0.2421408009176904,0.0348587392579428,-0.5671726767010868,-0.5450026240819109,-0.1165360662328692,0.08659081939026,-0.3693778815782618,-0.4102102876906621,-0.0847315189839471,0.0230915513400938,-0.4327157729589862,-0.4055616837765654,-0.1845114883133179,exact,8
UBERON:0003729,related,direct,buccal mucosa,Mistral-Small-3.1-24B-Instruct-2503,-1,0.6765062430139823,0.301707166869579,0.1834889231607586,0.6454142131687259,0.6966786507138006,0.2982953863144602,0.1870343284415732,0.6658868730695602,0.9558621887732844,0.8357795175421443,0.0582580978950516,1.0271579798055657,0.2163642078055167,-0.2366475164286222,-0.2683138466101443,0.0697454999540115,0.5206562336008014,0.0791123372883603,-0.066472604997528,0.4072404879706428,0.3362454866950866,-0.2603894119751457,-0.2675219702105344,0.1670375457103926,0.8185149759238731,0.4406125787949861,0.3005003888075763,0.7991856608759721,0.7994393645886404,0.0537613542305048,0.0055654740115241,0.7656489177647329,0.2588962855154755,-0.2697896456393782,-0.3454189860609934,0.0995916247612717,0.6941584469884913,0.1022259393747623,-0.0383907857770064,0.5940347179008023,related,9
UBERON:0003729,related,direct,mucosal lining of mouth,Mistral-Small-3.1-24B-Instruct-2503,-1,0.5503017896703605,0.1104451610792232,-0.0222790277176734,0.4647794729792802,0.6133581149225618,0.1700214349244861,0.0682351594161176,0.5470282631396415,0.6189093496911695,0.2810990906012465,0.0015657391108542,0.5573899456988569,0.3863732989981538,-0.0027896698644245,-0.0809195422084375,0.2496370206293412,-0.2595230001529026,-0.5835122902477231,-0.4696472753258095,-0.427836713997092,0.9372726615739868,0.5310743648520242,0.3942926721008108,0.964514785528102,0.3681900975210092,-0.1459996940371356,-0.1645796931380001,0.2186019139524973,-0.389203609378154,-0.6833354388623701,-0.6110824335476569,-0.5152356482575841,0.8458420724336403,0.479973361447594,0.3973378286742484,0.8617364328466269,0.9947287278490828,0.8408355544050893,0.4859200855704463,1.117235617848735,exact,9
UBERON:0003729,related,direct,oral mucosa,Mistral-Small-3.1-24B-Instruct-2503,-1,1.0463010595673436,1.5874473574589452,1.3743993223845823,1.3335418212026529,0.9499709051634164,0.9533102809841948,0.7587409849939126,1.0843255279505448,0.8840829139167744,0.7391328975983972,0.0439467704081026,0.9184671112274352,1.013265492046163,0.7974190857585882,0.5988635655860598,1.0458941356105642,0.6320255183729984,0.2376491082055158,0.0827806335765095,0.552614134276529,1.009559514557811,0.7482836027412947,0.5911858189537116,1.0926937290947527,1.1773131621688886,1.768893272796494,1.6106015020113025,1.4690115197329914,0.9017860456602816,0.1772013510560339,0.1370267556126486,0.9121116538242708,0.7170504777987734,0.2497877139987607,0.3373464354131903,0.6692767741470047,1.1314951279416094,1.848267839573948,1.5110638357541806,1.4883556668187046,exact,9
UBERON:0003729,related,direct,tunica mucosa oris,Mistral-Small-3.1-24B-Instruct-2503,-1,0.1335046369614738,-0.3592742411704308,-0.385618819136962,-0.0418471692681104,-0.0621948027674641,-0.5175576112887285,-0.4840680100632474,-0.2401823149317978,0.1180142339696058,-0.2724230578489267,-0.0362053690140471,-0.015322095685411,0.1363942352614948,-0.1565208721718324,-0.2188556804408358,-0.011442609638838,-1.2265162733022243,-1.0081631962673332,-0.7805482397376979,-1.2270701085850897,-0.1974319546965908,-0.540005815355639,-0.4891587325976402,-0.3625701713164017,0.388848208270702,-0.1222221737715023,-0.1636330036294925,0.2421408009176904,0.0348587392579428,-0.5671726767010868,-0.5450026240819109,-0.1165360662328692,0.08659081939026,-0.3693778815782618,-0.4102102876906621,-0.0847315189839471,0.0230915513400938,-0.4327157729589862,-0.4055616837765654,-0.1845114883133179,exact,8
UBERON:0003837,exact,direct,connective tissue of thorax,Mistral-Small-3.1-24B-Instruct-2503,-1,0.289994849720388,-0.1676897293412112,-0.2215081570434906,0.1357126182107937,0.4666061860092226,0.0034343410007059,-0.1007365310103352,0.3529107433548418,0.7386139550569063,0.3401020715071605,0.0154946872466365,0.7136126878437177,0.3331173206829783,-0.2511540991862989,-0.306773092022223,0.1921329701586891,0.4648149278501444,0.0281792656894452,-0.0456756026051496,0.3377151497608202,0.7453688575697855,0.1658744890484559,0.0810808232651796,0.6702928539158916,0.6502365483688564,0.1099193632130609,0.0504842909548073,0.5627554997169064,-0.3038306438969784,-0.6284484837562977,-0.6005588150415802,-0.438337538268129,0.7173793213954409,0.2559052046161431,0.1068637341165652,0.6697441278166407,0.7181158520461073,0.1623122662612376,-0.0200980731098329,0.6290143355385429,exact,9
UBERON:0003837,exact,direct,portion of connective tissue of thorax,Mistral-Small-3.1-24B-Instruct-2503,-1,0.1286733488327149,-0.3232732942524703,-0.3364294661480085,-0.0471360275358442,0.318890551565179,-0.1735164616552629,-0.2459539190896546,0.1729986443259987,-0.5439394565909774,-0.5164553745602068,-0.0818967942331085,-0.6514878860707951,0.1836183912457319,-0.3794286993555201,-0.4273249816892734,0.0362559360741279,0.3564233274415573,-0.0935766864854287,-0.1194099041223692,0.2082812365536881,0.7716540178784514,0.2120460600594083,0.0995150410410937,0.7075655746421056,0.8467874674861525,0.4088528016574401,0.3128870073185328,0.8421157076443804,-0.4433333841794796,-0.6430170670429816,-0.5941800495769373,-0.5632299832616696,0.6327585705668738,0.1360155209057243,-0.019476579406297,0.5529242977808545,0.7129314794990695,0.1711121505417011,-0.0191060303533318,0.6213766711206857,exact,9
UBERON:0003837,exact,direct,textus connectivus of thorax,Mistral-Small-3.1-24B-Instruct-2503,-1,-0.4996430071936217,-0.7002692454295639,-0.6145293863702137,-0.663079571339693,0.0462931242764729,-0.4000228666473814,-0.3920394729137615,-0.1287090357913756,-0.2008682281823947,-0.3871202678721105,-0.0698880541933877,-0.3343466636395389,-0.5582482478965188,-0.7474046220493016,-0.6866100707272839,-0.6493714631207089,-1.0491603793779567,-0.9338940016536516,-0.7180836578312706,-1.0927310252056943,0.2093365676244988,-0.3313920376619376,-0.3420880162109008,0.0314690462069101,0.2439804850324878,-0.3069166453821805,-0.2982324711831924,0.0815109407250725,-0.2848574618525236,-0.6216127235868559,-0.5868569589133231,-0.4210388976237652,-0.2352920161887511,-0.6264358500794402,-0.62116833529593,-0.4006553135968215,-0.1431897030318657,-0.522326648261538,-0.4499006325836337,-0.3416292441915332,exact,8
UBERON:0003837,exact,direct,thorax connective tissue,Mistral-Small-3.1-24B-Instruct-2503,-1,0.5472440827786809,0.1479489319112265,-0.0132309516099242,0.4606046336021213,0.5679404826350704,0.1193720627281438,-0.0110762821127409,0.4850552220600307,1.015380439252393,0.9863668897125256,0.0822831775598641,1.1219895940772782,0.573875002588879,-0.1156090296288188,-0.1998453043876532,0.4618658587044367,0.822080868759483,0.5903972214345617,0.3326883037748245,0.8266869849372699,0.7661175377034767,0.202115465402506,0.1113258661706077,0.6996475154748547,0.7093486073486251,0.1839663913385103,0.1193341506419472,0.6424911198722711,0.9167661597680232,0.300158969883666,0.2327689895101611,0.9344629704423962,0.7875466812730829,0.3673397839743778,0.1665207621050952,0.7721471480361488,0.7019708686429306,0.1659793910131865,-0.0237126970699585,0.6053541576656427,exact,9
UBERON:0003837,exact,direct,thorax portion of connective tissue,Mistral-Small-3.1-24B-Instruct-2503,-1,0.4756924900644455,0.0376159637277498,-0.074729375701884,0.3652622871012841,0.6058014521350643,0.1898360806020872,0.0749950766752557,0.5365880830172045,0.4530451183217939,0.0696032478208468,-0.0185978221717689,0.3552484976771721,0.5336160287327156,-0.0903256441295897,-0.1850230961762481,0.4148926684043464,0.5166456514681019,0.0920921956080288,-0.0345871134786793,0.4021770445197916,0.8252435558930173,0.3134746610086146,0.1545650918084613,0.7862027407350204,0.9165743379280008,0.5554147589744733,0.4617444805793924,0.9530881628700384,-0.1664041034425256,-0.5445980486211464,-0.493801295556777,-0.3112067795896365,0.6341954741088345,0.106857772128967,0.0179483598239657,0.5548535457949181,0.7241913773142293,0.1977950839602235,-0.0012170902869104,0.6380141754768396,exact,9
UBERON:0003837,exact,direct,thorax textus connectivus,Mistral-Small-3.1-24B-Instruct-2503,-1,-0.4165579220678191,-0.6652236388309851,-0.6027887455373953,-0.5883153464754709,-0.1445485268054983,-0.5408401938324322,-0.4880586127234985,-0.322093095867467,0.294229850275074,-0.1409002153024,-0.0472573041359728,0.1741659650606607,-0.6177219833157347,-0.7839310652835436,-0.7006541060539113,-0.6996439573714274,-0.91350503178819,-0.8791388783174956,-0.6982134166673356,-0.9868016601590732,0.1706857902743914,-0.3531248546343045,-0.3576215204870765,-0.0084301695910332,0.2360419578881203,-0.2881878165300955,-0.2824733228793957,0.0729893286025031,-0.6130534339179434,-0.7352056143846399,-0.6702142468239157,-0.7101860845417346,-0.3026649203721024,-0.662945011068443,-0.6323924845066946,-0.462963157317754,-0.0547431824732458,-0.4677369529174477,-0.4139464847093745,-0.2592338823991326,exact,9
UBERON:0003837,related,direct,upper body connective tissue,Mistral-Small-3.1-24B-Instruct-2503,-1,0.2488499898182508,-0.2159283677741955,-0.2732666142951047,0.0877840621797085,0.3065557420166629,-0.1828221429649735,-0.2167338568017875,0.1585644143381109,0.2805879741613932,0.0030642910687106,-0.0107971650098439,0.1590975727150695,0.0343316076509234,-0.5241642813992753,-0.5287136382463704,-0.1122711260701244,0.588548733615502,0.1862551977772756,0.0205477717619126,0.4947203091519296,-0.2822224754364817,-0.5666415820922059,-0.5036747718046054,-0.4386662204264759,-0.975572587603886,-0.7966562136616997,-0.6917719189189009,-1.0181156714616093,0.856312479699485,0.2024760195226371,0.1011209200103129,0.8457526595278824,-0.6324292791103752,-0.7406127111814481,-0.7496925063230444,-0.7527217736801479,-0.1450385740218165,-0.4941006037521435,-0.4320208692299768,-0.3433249520212389,related,8
UBERON:0003846,exact,direct,epithelial tissue of thymus,Mistral-Small-3.1-24B-Instruct-2503,-1,0.7111602544530179,0.3895292440728783,0.2421653181500371,0.6982538936610666,0.6945741849698772,0.3865204374315456,0.2624095786809473,0.6627945378398062,-0.6705483206381099,-0.6595287819748437,-0.0956294282946768,-0.763133616900127,0.3559090741144729,-0.1494279176135877,-0.1913794702982867,0.2166065740470775,-0.1309099409092931,-0.5368470831413868,-0.5005091701940029,-0.3060083916672157,1.1243055191514069,1.296812752381272,1.0965420291550096,1.3286832857986584,0.8412125583107578,0.4183247844670081,0.2708200338472966,0.8335647433813004,0.5497758465181986,-0.2138896492281221,-0.2344403242370913,0.4442293060981043,0.8544799358652373,0.51729559079142,0.3837280297894743,0.8754026068679259,1.0506499801301192,1.0699477129688335,0.6732699706129674,1.249034395619271,exact,9
UBERON:0003846,exact,direct,epithelial tissue of thymus gland,Mistral-Small-3.1-24B-Instruct-2503,-1,0.6468336935756026,0.2660929897819727,0.168043543416054,0.6013674525874249,0.7061945633433345,0.4109908616840841,0.269622063498369,0.6799323806371038,-0.6318837023167554,-0.6445364010327204,-0.0896299025868229,-0.7293120591852048,0.2423705031622921,-0.2284412112687663,-0.2535366218733205,0.0965943351476981,0.1701624717883809,-0.3155445408736129,-0.3209626855145029,0.0002453992490288,1.076675740775667,1.04063558294824,0.8603465034105134,1.2246573850964642,0.5959426493924255,-0.0041879495397365,-0.0731973077270931,0.4921892165083586,-0.3969957124522071,-0.6984540731477678,-0.6375157042081154,-0.5221800381448631,0.8413676548868086,0.4888488551631161,0.3380329895336859,0.8546990131580136,0.91796781500423,0.516710137461152,0.2312134968350944,0.9608586443569164,exact,9
UBERON:0003846,exact,direct,epithelium of thymus,Mistral-Small-3.1-24B-Instruct-2503,-1,0.7483866886976958,0.4687812535801578,0.3144153428068415,0.7568537015779003,0.8204041522327429,0.6579573302059357,0.502149006271074,0.8574287451556154,-0.4286406457282851,-0.630012278032884,-0.0921853467223828,-0.5474463757346233,1.0058260533822918,0.7606430615874773,0.5690669037379505,1.0345331802749,-0.3290901775128845,-0.6500218357781462,-0.5466248731085458,-0.4918326724054138,1.241433754258538,2.41048198959051,2.363658321725911,1.649252185956366,1.1838914979134814,1.768888604935958,1.5967071830584696,1.485510357049533,-0.3717685160481221,-0.6802152567327332,-0.6091759377047514,-0.4996532396149891,1.0958404126584973,1.3157391945438466,1.1555176038861048,1.3145918659254814,1.1911435348864512,2.9674112289567107,3.06027330697852,1.7632115538334938,exact,9
UBERON:0003846,exact,direct,epithelium of thymus gland,Mistral-Small-3.1-24B-Instruct-2503,-1,0.7167604884258417,0.4031295945596675,0.2419591231812466,0.7069433239698408,0.8009258074892633,0.610318336484403,0.4663998981582621,0.8258809904739862,-0.638250321679427,-0.6359781946515306,-0.0896936295390917,-0.7348973441234822,0.8239232799305033,0.4412690308099485,0.2996315111980505,0.7752229925425618,0.4345799789273368,-0.0578798987129236,-0.1294488302107641,0.3009104114192136,1.1838175469149,1.7186976248764074,1.5543112397551462,1.476260446468208,0.951997619888735,0.643259267531043,0.4719601326388339,1.0125491907988151,-0.3232593387097339,-0.6631420436765972,-0.5955457304755395,-0.4559712778450079,1.0458075743029056,1.0709673839655798,0.9209462957454864,1.2120407390932957,1.040341092427848,0.9768405300183124,0.5882659322371062,1.2232420867729554,exact,9
UBERON:0003846,exact,direct,thymic epithelial tissue,Mistral-Small-3.1-24B-Instruct-2503,-1,1.0987096551111593,1.9679965784730096,1.7807791425614587,1.470857071490237,1.0693624497388767,1.5769245983355296,1.4141258919268396,1.330211801674617,0.2296265401550913,-0.3451372469876022,-0.0701275601104368,0.1034257058682761,-0.0210089697723777,-0.5148962818399541,-0.5098442897539067,-0.1657405148306324,-0.5501346218460519,-0.7584996005278398,-0.5755733855381161,-0.687329740772684,0.8232499970884275,0.3301036818624847,0.1810819479881125,0.7832090558871496,0.8968332147256978,0.5273148462760493,0.4427955654879698,0.9209153022616188,-0.4121136533846924,-0.6994044040964911,-0.6375672405170012,-0.5356189358800996,0.8211845217026424,0.4368019591896305,0.2699176532095873,0.823297538461221,0.8276172101718398,0.3010663311653327,0.0960575475553014,0.8004941368087038,exact,9
UBERON:0003846,exact,direct,thymic epithelium,Mistral-Small-3.1-24B-Instruct-2503,-1,1.1835078347756385,3.099801134483161,3.2301548411645538,1.7519724801887724,1.203723657098695,2.7189229583301486,2.7331049236803526,1.6882968580694937,-0.7516675873529697,-0.6749750878634997,-0.0917228101047277,-0.8333511664771005,0.8123637888053854,0.3583026553419077,0.2178897429500491,0.759776233690624,-0.643631317814608,-0.8011390062377355,-0.6103384202740655,-0.7667844418223461,1.033861764601858,0.8757448516528112,0.7068282642726246,1.1388118381527643,1.270794925598295,2.749628067298165,2.6762474186817533,1.73823671208486,1.001428974978447,0.3803081966445878,0.2908667884493726,1.0659396161794457,1.196059788007254,1.9817288840882137,2.08466259809472,1.5502219471905136,0.9653175919813104,0.6733974349857493,0.4073914711292706,1.0545652526040956,exact,9
UBERON:0003846,exact,direct,thymus epithelial tissue,Mistral-Small-3.1-24B-Instruct-2503,-1,1.185574811262442,3.14099906841228,3.377499822249977,1.7603724453513163,1.1674313299613304,2.285106285372631,2.1472165742462823,1.5782127661984406,0.5516651798681915,-0.0631584729453296,-0.0405687999703823,0.4736288975420881,0.6799479238078526,0.1232491450103305,-0.0165644329823767,0.5898791907151028,-0.2999767221929169,-0.6325538668598633,-0.5238004476323918,-0.4652049836670766,1.127226641848479,1.3248795565819786,1.105572150046482,1.33541544235263,0.9941847553059618,0.8053436726471846,0.6582560381276399,1.0866153877770133,1.1382040148748045,0.720801792743755,0.556612787976912,1.3015254793184232,1.0158020258617548,0.9584777635406306,0.746263724899308,1.1540501693071126,1.0448845780729823,1.0345729103966874,0.6284440690749555,1.234514427317312,exact,9
UBERON:0003846,exact,direct,thymus gland epithelial tissue,Mistral-Small-3.1-24B-Instruct-2503,-1,0.9782813338403146,1.1884523279519112,1.0269192889332548,1.178005863003774,0.9755739441217756,1.114293852009623,0.897857589830614,1.1334422958293455,0.183214450734786,-0.3307664320140907,-0.0682203461710153,0.0535359051257846,0.3221025283424984,-0.2489495458040988,-0.3115949758745079,0.1803764593098213,-0.4520698382543671,-0.711375536756374,-0.5514994065944869,-0.6019939329894073,1.0495896581391748,0.935878858035337,0.7242148417126212,1.1696188623395107,0.7315463112414681,0.2166156115343179,0.1388883811646458,0.6732969719069894,0.9158018607424256,0.2188981566799382,0.1240036950040467,0.9330164963060962,0.8560619595161622,0.517078466753773,0.3403476083118942,0.8779172054085514,0.928400545586096,0.5556327591407884,0.2524445740217407,0.9808360818423106,exact,9
UBERON:0003846,exact,direct,thymus gland epithelium,Mistral-Small-3.1-24B-Instruct-2503,-1,1.0176248025290953,1.390707873314354,1.1951407569367778,1.2653880966779398,1.0929689641851963,1.7018022218983162,1.4780147481630106,1.3850072174275772,0.4643405471010003,-0.1678660961311385,-0.0546124469220629,0.3685582187154451,1.1325917947460913,1.087529818648167,0.9519686150781416,1.2386481767336954,0.9129132070935464,0.7544740521371138,0.4764306880512463,0.9731063816383522,1.2239203287510667,2.1696401095430926,2.030725598634751,1.592301248343638,1.1427950435497307,1.4402946925926805,1.26247593625115,1.3865775481285534,1.2928794358216038,1.3687254545762555,1.2082612933039063,1.621756655068304,1.2050479413570403,2.0418675338660943,2.259327880381561,1.5740559000106444,1.0662139340231969,1.1687263551477458,0.7547041260459353,1.2895382549227674,exact,9
UBERON:0003930,exact,direct,AV canal endocardium,Mistral-Small-3.1-24B-Instruct-2503,-1,0.5579613523865119,0.1320184395893713,0.0347514405369227,0.4752756995076015,0.3314684230243402,-0.1390623965628202,-0.1523187103109738,0.1878043209026268,-0.4305352759115912,-0.5109872316919677,-0.0785727206106349,-0.5491754844556475,0.5275203169202708,-0.1060913704641865,-0.1901134835690167,0.4078518624499427,1.0482336192142567,1.238123405301744,0.9385833996839472,1.2182373889837854,0.9088353552761612,0.5200910728815187,0.3942824220034116,0.9171939325435864,0.8366834797529954,0.283300001186153,0.2126134742471301,0.8266494701137286,0.1423529101104237,-0.3705298847801461,-0.3133648368166928,-0.0077822864507431,1.1391748499254468,1.4439497385759803,1.2428280441275692,1.4106320024046404,0.9232161730390582,0.5513703188682739,0.266971147736856,0.9708648357288284,exact,9
UBERON:0003930,exact,direct,AVC endocardium,Mistral-Small-3.1-24B-Instruct-2503,-1,0.3756454051577635,-0.107286026318937,-0.1688126033952385,0.2387040495416473,0.3199350188808901,-0.1661297845761764,-0.2182842433018984,0.1742247411303286,-0.4573217983610061,-0.5203024639802766,-0.079607560643823,-0.5735505868810814,0.2848959154200995,-0.3247818034096243,-0.3587758635319377,0.1409970547138398,0.737795978626971,0.4433449246867197,0.1805964410588809,0.700472503718748,0.4436599715185794,-0.1266927058929248,-0.1715635774653983,0.288047972434813,-0.120321665153042,-0.5596257853796877,-0.4865190278597944,-0.2854712158900035,-0.1840459370096725,-0.4841529609925165,-0.4482260732059592,-0.3277721847689323,0.8016876708071738,0.2952582855309774,0.1661039897273042,0.7934760734642422,0.3312410164318877,-0.287195088048546,-0.3176285029947304,0.1365375761226507,exact,9
UBERON:0003930,exact,direct,endocardium of AV canal,Mistral-Small-3.1-24B-Instruct-2503,-1,0.4261566650700661,-0.0571962855480852,-0.1345625059730513,0.3016893397942874,0.0854377402246975,-0.3559055498896515,-0.3129623256008014,-0.0874007748662287,-0.5964560806380552,-0.5000092151677439,-0.0796521981069308,-0.698113794707338,0.352447165222334,-0.2479401517181214,-0.2777834003152438,0.2128762666347778,0.7931683747209493,0.5438272170325239,0.3105110646328354,0.7824475114969558,0.8269994240732521,0.3406564456444926,0.2044427588734732,0.7888441018100582,0.8373346265352016,0.2945798852244802,0.2304861754925843,0.8276419546509638,-0.2733357258011073,-0.5413099356875526,-0.4983527852921476,-0.4104957272170612,0.8911810258854941,0.5606134151755102,0.3534723788263821,0.9347076387935538,0.8597466972467183,0.3567423558455129,0.129412320525667,0.8551852748128885,exact,9
UBERON:0003930,exact,direct,endocardium of atrioventricular canal,Mistral-Small-3.1-24B-Instruct-2503,-1,1.035530255755179,1.5073516129694242,1.2952121454108174,1.307447961416355,0.992781640217568,1.2080385845527024,0.9823987194012558,1.1674350397013318,-0.6062147923094126,-0.5021262961886049,-0.0791739701986873,-0.7067277156045918,1.3181944244538342,1.692119274709328,1.5779325387701306,1.5947411190569367,0.9715269141783918,0.9962132250535684,0.6671639221266663,1.0746690438683306,1.1644463314874705,1.584329598505427,1.4425811515471838,1.4255687682935332,1.144509961123907,1.3200683786414018,1.192838540039764,1.3905236164136008,0.9741852059541812,0.6419676441748937,0.4625169979103289,1.0226153745382778,0.9823207435793044,0.7906308990941147,0.7121558356878493,1.091983336902969,1.175852035328482,2.4407310591815268,2.2583375827937435,1.674833330399099,exact,9
UBERON:0004066,exact,direct,embryonic frontonasal prominence,Mistral-Small-3.1-24B-Instruct-2503,-1,-0.2116421976173933,-0.5470197274341172,-0.4958907238549458,-0.3962419659022635,-0.0299110557666796,-0.4213274362790283,-0.407478746425734,-0.2074524032362893,0.8802359256347659,0.2659926491233891,-0.0063649515492524,0.9127987122650306,0.4756482011564424,0.1080266355316037,0.0214907685743798,0.3486630807159158,0.987363959679768,1.04110404347332,0.7425739359631797,1.1032354145351169,0.6194669861364648,0.0306551479396825,-0.0426981764362711,0.5017200687207688,0.8826449832121026,0.6210587145120322,0.4568228840726052,0.898187031478653,1.1544578052424086,0.9466618666718296,0.7935514819116615,1.331952650253929,0.9436637490362596,0.5790161995392032,0.6186438875158102,1.023361872502472,0.6579416288749859,0.102747351413881,-0.0479597158502513,0.542601358929955,exact,9
UBERON:0004066,related,direct,forebrain prominence,Mistral-Small-3.1-24B-Instruct-2503,-1,-1.2973547954703135,-1.0082979819869895,-0.8156049320026842,-1.3128315307713452,0.1628409221529489,-0.2820035415842712,-0.3059221426179923,-0.0038636014208332,0.2191296808722001,-0.3374334645329317,-0.067078789233772,0.092076192692412,-0.0173910231080982,-0.2301127184063486,-0.2683990669040861,-0.1622693888137308,0.047530711759918,-0.382157720774431,-0.3919569535731239,-0.1284507819605686,-0.6276915364989292,-0.6711247920348404,-0.5897120908309293,-0.7326562862157434,-0.114674995280297,-0.4413396171270172,-0.438926387345418,-0.2801091031230382,0.4049985420774346,-0.2653009630598621,-0.2876252720292214,0.2752250949126898,-0.0777666399789763,-0.6384768122723647,-0.6023542265347867,-0.2501078869607331,-0.8028073244617231,-0.7266757914468859,-0.5595718637541373,-0.8926831839330418,related,8
UBERON:0004066,related,direct,frontonasal mass,Mistral-Small-3.1-24B-Instruct-2503,-1,0.909037969157088,0.9822226975568868,0.7692605092293668,1.0376254826540148,0.3406348856225953,-0.0938404936230915,-0.1695829133946574,0.1986506637134865,-0.4735548881704415,-0.6155658277298484,-0.0925724402359932,-0.5882583457648306,0.4598601273611087,0.1277742529051852,0.064081418349649,0.3308970451399391,0.8314007182952227,0.6222044687560851,0.3259645017526969,0.8411738567118647,0.3254486277743877,-0.2574897328339321,-0.275212909093624,0.1552108204110694,0.0210856430941991,-0.4124915838472973,-0.4039688377101576,-0.1483670375396056,0.86714557037479,0.2620491562293274,0.1853091596098638,0.8613654760669495,0.6339381182505729,0.1018397720274257,-0.0429256683290655,0.554507878473936,0.4709032758589395,-0.1088404433546515,-0.2030889489298407,0.2994256949684928,exact,9
UBERON:0004066,related,direct,frontonasal process,Mistral-Small-3.1-24B-Instruct-2503,-1,1.0642176367839384,1.75638404105803,1.5484263063197108,1.3784143465357226,0.6806862641712332,0.3639760327230978,0.1760500665765764,0.6425107816315236,-1.6752076294764326,-0.89394369529499,-0.1153286596618062,-1.5769211115035808,0.2287538526422595,-0.0970626938907345,-0.1651158591530079,0.0825082468326886,0.8692160131886713,0.7103928014924525,0.3952346828927054,0.901163129482234,0.7316980337718861,0.1648597808505418,0.0384819509042692,0.6512178255962207,-0.1420798347746149,-0.4959769233924367,-0.4334524433719706,-0.3060503237749826,0.9191771517058208,0.350115366654997,0.2430027658654014,0.93808420959288,0.5077522516806047,-0.0437619640437865,0.0354061720960641,0.3913536135350964,0.698882536833035,0.1652359712167274,-0.0285344992257631,0.6008695596816701,exact,9
UBERON:0004066,related,direct,prominentia frontonasalis,Mistral-Small-3.1-24B-Instruct-2503,-1,0.2519487164249394,-0.2040532047283683,-0.2367889922698838,0.0913609567302796,-0.1384409168143701,-0.4980663197856453,-0.4603633304986043,-0.3160933341180565,-0.9504409638786904,-0.772687561981051,-0.1068941614561114,-1.0014900993568343,-0.0355278544447091,-0.320712728623818,-0.3397068233592161,-0.1796365391215937,0.4194041608680974,-0.0223159458051925,-0.1153775378350551,0.2826477056460299,0.5446286669145651,-0.0551846418488446,-0.1326292044032805,0.4080833497799976,-0.1766958088901592,-0.454566737059403,-0.4081438284082662,-0.3385260271333175,0.1079172200716253,-0.4379556535138575,-0.4393252172252159,-0.0430193273944964,0.7404219641158472,0.2535748469629891,0.1617704274982406,0.702773585230313,0.0067484193295654,-0.4396060568542281,-0.4045403968993563,-0.2003837617287405,exact,9
UBERON:0004067,exact,direct,lateral nasal process,Mistral-Small-3.1-24B-Instruct-2503,-1,0.8600326194601964,0.8162323802826509,0.5921643029941053,0.946334046485515,0.4435611212798242,-0.0808615318550135,-0.1295098840564165,0.3239204420815036,-0.9614531410196856,-0.6196095913768295,-0.0902912446523765,-1.0106534583431508,0.5171890601223178,0.0494671619013492,-0.0300636692657527,0.3959605986208891,0.6485151478205358,0.2826621175762067,0.0730343282271943,0.5749854188611483,0.6167641585088,0.039977216655814,-0.0534798866931956,0.4982609826598486,-0.0945921933031108,-0.5543393411372262,-0.4896184350834762,-0.2609655619508706,0.0033100813246724,-0.5400614346726996,-0.5189573128084708,-0.1477859587944358,0.3538949113284417,-0.1074183460762405,-0.1418779285046999,0.2069468978347618,0.6210163262877983,0.0054710018977754,-0.1321782260341147,0.4917988219238545,exact,9
UBERON:0004067,exact,direct,latero-nasal process,Mistral-Small-3.1-24B-Instruct-2503,-1,0.2629475620425772,-0.2120365869136113,-0.2531967140877583,0.1040995007157596,-0.9535960157777712,-0.9218146251425726,-0.7493566803766374,-1.0354421549051267,-1.2521624561944524,-0.7572828190243633,-0.1027207261628908,-1.247431122325699,-0.3402769952986539,-0.539538552864537,-0.5333272096397964,-0.460057605916429,0.1727857728169892,-0.2722343734675227,-0.2888432148259617,0.003064811293972,-0.0861607968785644,-0.4660744321725105,-0.436602262482225,-0.2598973052594825,-0.7854809467105788,-0.7655856415955474,-0.6512250485489466,-0.8664435540536333,-0.4748463635375506,-0.6287495678061978,-0.5767737310794032,-0.5909112970794654,0.248955200612737,-0.2271545907893307,-0.3299453046585904,0.0886099536819173,-0.0144839263649664,-0.4949287000812561,-0.4283782369030565,-0.2208569308488418,exact,9
UBERON:0004067,related,direct,lateral nasal swelling,Mistral-Small-3.1-24B-Instruct-2503,-1,0.8633621688699858,0.7969860059336449,0.5644888477297173,0.952357406637347,0.345741515413016,-0.1474564801299243,-0.2230585552933072,0.2047140269262215,-0.3362374958172981,-0.4984107599891424,-0.0843624035805086,-0.4622795700347978,0.6754129992647727,0.2403185275123817,0.1574957170072643,0.5842704422660088,0.5128835698447023,0.0780885510484638,-0.0861956006828998,0.39743745545719,0.1712684175328102,-0.3335129552264828,-0.3171132848602843,-0.0078331738507024,0.0177732345415108,-0.4704558930664046,-0.4511726265924902,-0.1516493113767157,0.8549547388514814,0.2281106576464414,0.1708215700491146,0.8438041955818839,0.1199184030351375,-0.3359797988951249,-0.4142803938659783,-0.050022917058309,0.0254801708802787,-0.472676810389214,-0.43432245951807,-0.1821832746341429,exact,9
UBERON:0004067,related,direct,prominentia nasalis lateralis,Mistral-Small-3.1-24B-Instruct-2503,-1,0.0107938118876768,-0.419039058517806,-0.4153102798507784,-0.1730295584784615,-0.9705707451860448,-0.9081649756955604,-0.7556878322869985,-1.049036329879662,-1.7731266817035347,-0.819969844801145,-0.1098704534111482,-1.6510492625075728,-0.5429389356645248,-0.7424416539062645,-0.6803039086615783,-0.6363398690020828,0.2308549396553689,-0.2219900912305595,-0.2903843530741247,0.0662408251329323,0.6357911979121633,0.0849509797546826,0.0190474145319598,0.522743072305696,0.6643228470737154,0.096794171007061,0.0426756089641271,0.581467827080723,0.2757839388901362,-0.3355625997393078,-0.3404267374178233,0.1326305470081042,0.4704163505433026,-0.0583875606784375,-0.1023681791937766,0.3452720587021651,-0.6298168820877147,-0.6949685233562204,-0.5393392002801574,-0.7570932447177162,exact,9
UBERON:0004122,exact,direct,urogenital system,Mistral-Small-3.1-24B-Instruct-2503,-1,0.2469408349468201,-0.2155370076224236,-0.2590681246007553,0.0855829001835886,0.1207391823844806,-0.3284128418670465,-0.3181678576852856,-0.0496170286922325,0.4569606103967392,0.0583473950358973,-0.0035642721462187,0.3598552672685693,-0.9284275896762768,-0.9829569480068048,-0.8733355658009222,-0.9539827497920992,0.3260824956930481,-0.1273066269571772,-0.1857484430388684,0.1732330845847465,0.7625266979032217,0.1921689227501026,0.1110986605314442,0.6945315144265255,0.9178334119815088,0.6453045075204787,0.4862806230211455,0.9551626452971048,1.1371434325709284,0.8411108763388017,0.7291158850693176,1.299560953412941,1.0943849223045512,1.278390447561629,1.089717176948843,1.3114920602145554,1.1004229494512716,1.687150996678055,1.283358681215024,1.3866830281612224,exact,9
UBERON:0004122,related,direct,GU tract,Mistral-Small-3.1-24B-Instruct-2503,-1,-0.4560446121344274,-0.7165966775667678,-0.6128908189608566,-0.6240547550763084,-1.2272184964915618,-1.0227180624869052,-0.8371643766303741,-1.2493493709439154,0.6627213738020261,0.216442920751668,-0.0082102448893354,0.6134437716754211,-1.8107847413633704,-1.2340196660393248,-1.0477595909170665,-1.6185596659241266,-0.7128938119414484,-0.811724645346996,-0.60278959642569,-0.8245214351323346,-0.3470378564105822,-0.5967060037594778,-0.5368533422762769,-0.4956934368796175,-1.0970797574671958,-0.8588201346012257,-0.7636665116618161,-1.1125126241881222,-0.7282136109622654,-0.7804880179102656,-0.7105000988053309,-0.8071104460365564,0.0629419606481709,-0.4486900456208377,-0.4651135425269641,-0.1091071587502274,-0.3244889706026892,-0.5530281231853142,-0.4665744491942505,-0.5032101474003879,related,9
UBERON:0004122,related,direct,UG tract,Mistral-Small-3.1-24B-Instruct-2503,-1,-0.7558514518897398,-0.8458709568028503,-0.7084205868704141,-0.8840165587459552,-1.047355788836745,-0.9638109043564248,-0.7963170258049315,-1.109972821518208,0.5097747256344926,0.0201011705995844,-0.0158796995020851,0.4227317612098037,-2.41715899124478,-1.359003373169639,-1.1387131910486084,-2.041062496315583,-1.3042472326112031,-1.0236324927767444,-0.7695866308741461,-1.2845762059724648,-1.0087750197997245,-0.7805008206030629,-0.702250750142287,-1.033360391596167,-1.1672380710640782,-0.8500186426417126,-0.7529049171398604,-1.1661911838634258,-1.692915364587047,-0.931172446887046,-0.7893156512185288,-1.5519246300777447,-0.9081353249434142,-0.853073931408315,-0.8161877233373243,-0.978812940142673,-1.4174415999387573,-0.8371872504945667,-0.6259338761467009,-1.3382827325072706,related,8
UBERON:0004122,related,direct,Urogenitalsystem,Mistral-Small-3.1-24B-Instruct-2503,-1,-0.1447981386374833,-0.4984898052437207,-0.4781082825945414,-0.330932533019333,-0.46030846884651,-0.6890300697023981,-0.6033249608411169,-0.6179194517725392,0.279067420869855,-0.1188338326951524,-0.0360492398799525,0.1574224360369524,-1.026513506611033,-1.0137186369466684,-0.8858108453451665,-1.0316895586649937,-1.818020955151553,-1.15203457823792,-0.8441276080749431,-1.646386854309026,0.2902027210800399,-0.281546782731048,-0.2908308683882745,0.1169976742855481,0.3560572391627688,-0.1484076632609372,-0.1821208715427445,0.2048808529861597,0.2281936070500368,-0.4001101997306794,-0.4048001066972677,0.0818097454560586,0.5735695826762415,-0.0254575011511147,0.2055691636146852,0.4749363135926364,0.6664496347031492,0.1956308127941708,-0.0133435738989991,0.5545351720215016,related,9
UBERON:0004122,related,direct,genito-urinary system,Mistral-Small-3.1-24B-Instruct-2503,-1,0.488530965612821,0.03238298685136,-0.0673791282621157,0.3820512659111632,0.7668171547695785,0.4795704030026811,0.3386639767188744,0.7719700981552917,0.500402406143521,0.0577714864566792,-0.021231867284698,0.41147118134997,-0.0379134713022401,-0.6430638691917426,-0.5839574801877304,-0.1819146918405686,0.7585317254725442,0.4939569378459583,0.3218294620731522,0.7307677872898672,1.089177887311738,1.0769958596545794,0.9026067839481224,1.2509979778948468,1.01480453931957,0.9057841031531704,0.8074328760157146,1.1242706272246892,0.0848102107800814,-0.4056316377975347,-0.4021567302592099,-0.0664500195268901,0.8385917860045037,0.4807240775074888,0.3177074654151287,0.8503471757179338,0.89676849407759,0.6246767743779851,0.3141194756811906,0.9212971666560816,exact,9
UBERON:0004122,related,direct,genitourinary tract,Mistral-Small-3.1-24B-Instruct-2503,-1,1.002218075671519,1.3849309317502685,1.1647485436610392,1.2303987242195047,0.9847947656137852,1.1537007938904402,0.8977294624094724,1.1515544604507215,0.9472068499915348,0.653406219295832,0.0365031263862484,1.013741247485597,0.8952296749630728,0.1841284984243348,0.0490566275630438,0.8730164218079318,1.22633285379243,2.2462306284551508,1.8635426218187063,1.6250153016750872,1.034633023139765,0.8372794322711713,0.6013957587468703,1.1403042170538686,0.6957564789005187,0.2126951782722791,0.1088109683268179,0.6238687883288825,1.281241377840085,1.461494529035992,1.3135147384816768,1.5947513042399697,1.151862493737744,1.5907406254934569,1.4464075362120876,1.44028060066559,1.064406343993111,1.3968453579393774,0.983402950940336,1.28473010417644,exact,9
UBERON:0004122,related,direct,urogenital tract,Mistral-Small-3.1-24B-Instruct-2503,-1,0.3840092555231355,-0.0786379931419931,-0.1557501728267574,0.2490119958356271,-0.0512725479009393,-0.4550961545495657,-0.4003929182272353,-0.2291495255667539,0.5690489794578595,0.1474379771529413,-0.0207072638031387,0.4950319236014086,-1.7933629807620812,-1.2004255940860624,-1.0167518580391737,-1.6060781532780135,0.6414944682143179,0.2763949829277893,0.0631080308468256,0.565431791848779,0.5442190784306766,-0.087850452383873,-0.1296298596218243,0.4075825180658177,0.2490930269874555,-0.2434570705786586,-0.2695497713342639,0.0870134250685893,1.0512230697716232,0.6000658313415976,0.4656947687961922,1.1479409432784369,0.8332495073134232,0.4159308774052261,0.2997701480538277,0.8420018789012891,0.9287865225608332,0.7530319012860743,0.4242009850569729,0.9815819673101512,related,9
UBERON:0004148,exact,direct,coronary vein,Mistral-Small-3.1-24B-Instruct-2503,-1,-0.0185804755551297,-0.4872476728382493,-0.4493693775968312,-0.2035178339368538,0.0391891934183877,-0.4271746724490355,-0.4176625872172889,-0.1361413932626942,0.4716261948767808,0.0703150993881302,-0.0261907064264587,0.3771759584866178,0.6507905664593445,0.1700774662879836,0.0634900690556044,0.5540382674439939,0.8035665003796506,0.5180692923774365,0.2880514510966865,0.7982383260852803,0.4283142845052253,-0.1774328417362171,-0.2148181861120199,0.2703658158247213,0.7238352981261996,0.0839603331479567,0.000283186476124,0.6625391753557431,-0.608376608081174,-0.7639782034205317,-0.6751341991056371,-0.7062041723388871,0.6237375328574206,-0.0227166606692283,-0.1363841302163721,0.5408525075258854,0.9238771844088955,0.5848693174077971,0.2852031333653759,0.9721313160895456,exact,9
UBERON:0004148,exact,direct,heart vein,Mistral-Small-3.1-24B-Instruct-2503,-1,0.8600437434507073,0.6743380450251406,0.4725119969192238,0.9463541296760412,0.5632089292115556,0.1185596181610803,0.0014486935475772,0.4787028935134706,-0.3062643924380083,-0.4734844781452189,-0.0766101384774576,-0.4342889266485221,0.6944254441363882,0.3212905892338105,0.1930992748496003,0.6078715033658247,0.6044117096048052,0.1595772931690683,0.0270621960670705,0.5156652991202784,1.1346954517232102,1.347336333719947,1.146395123063595,1.3528388766532071,1.2742594179016178,2.577932321434012,2.5073691192833727,1.7501965764511775,1.337380882795115,2.440611278459225,2.3695802401576658,1.7312236217269965,0.8448920003902245,0.2575297386908021,0.1804668742756671,0.8602397909197166,1.164153011302759,2.404975650923591,2.1530371092185288,1.618378681722471,exact,9
UBERON:0004148,exact,direct,vein of heart,Mistral-Small-3.1-24B-Instruct-2503,-1,0.0669873452028211,-0.4401297351707822,-0.4362688007662785,-0.113749048085889,-0.56883056433795,-0.777073547171163,-0.6858754125077985,-0.7138955145537665,-0.3976526855963286,-0.5613391305710413,-0.0822329297461552,-0.5190695319229783,-0.0193175367042914,-0.3718136122998513,-0.4081729405815958,-0.1641181410067365,0.2010154306734471,-0.2733664046142335,-0.3083909415980427,0.033591751560085,1.0576764636372284,0.9371110182437178,0.7691737635212642,1.1857771642294472,1.2135743318174337,1.802659495664668,1.6728288895317986,1.5637304580603089,-0.4390065016282288,-0.6285220029709506,-0.5588843922116289,-0.5594144822403561,0.7460108755044284,0.1637544321314783,0.0079989572529043,0.7108701855308601,1.1159136296405892,1.611280908522158,1.2712270152234213,1.435391337329467,exact,9
UBERON:0004148,related,direct,coronary vein,Mistral-Small-3.1-24B-Instruct-2503,-1,-0.0185804755551297,-0.4872476728382493,-0.4493693775968312,-0.2035178339368538,0.0391891934183877,-0.4271746724490355,-0.4176625872172889,-0.1361413932626942,0.4716261948767808,0.0703150993881302,-0.0261907064264587,0.3771759584866178,0.6507905664593445,0.1700774662879836,0.0634900690556044,0.5540382674439939,0.8035665003796506,0.5180692923774365,0.2880514510966865,0.7982383260852803,0.4283142845052253,-0.1774328417362171,-0.2148181861120199,0.2703658158247213,0.7238352981261996,0.0839603331479567,0.000283186476124,0.6625391753557431,-0.608376608081174,-0.7639782034205317,-0.6751341991056371,-0.7062041723388871,0.6237375328574206,-0.0227166606692283,-0.1363841302163721,0.5408525075258854,0.9238771844088955,0.5848693174077971,0.2852031333653759,0.9721313160895456,exact,9
UBERON:0004175,exact,direct,internal genitals,Mistral-Small-3.1-24B-Instruct-2503,-1,0.5680487260316641,0.1400839739306493,0.0293987402107244,0.4891835145266638,0.9324743303751,0.9648730418701524,0.7611861159829899,1.0516858500933033,-1.0353510303712394,-0.7439155805913548,-0.0998450007560461,-1.0717598241043949,0.3092591043678768,-0.3005590793423596,-0.2740972031241468,0.1667255558597849,1.189507239188193,1.966307325195081,1.5898667285021857,1.5289323775391748,1.2743624625941743,3.044944838467641,3.069495236316444,1.772248498680903,1.3084713303633324,3.410019302418246,3.471677169313753,1.881715811182601,1.2750377044838186,1.384873852092647,1.2037217302564682,1.5805973823467887,0.9007024777637893,0.4707882269480483,0.4100602416507296,0.9504391093532092,0.996571406695054,0.98604104504149,0.618450136912831,1.1212953633496143,exact,9
UBERON:0004175,related,direct,internal reproductive organ,Mistral-Small-3.1-24B-Instruct-2503,-1,-0.0056203313605413,-0.4511414036342563,-0.4084490714360103,-0.1901072329199998,-0.2465918187170294,-0.5805042946569983,-0.5249757279944823,-0.4206669008663805,-1.0470101450174425,-0.7387503162019298,-0.0921103452172524,-1.0813409431872112,-1.341897379300086,-1.1102295709344674,-0.9429247416493264,-1.2744184163943368,0.0706088460148912,-0.346657618778168,-0.30748173304116,-0.1046775042918615,-0.0068185255538878,-0.4616235555390992,-0.4252637463775714,-0.1845329612475951,0.0833661815007208,-0.4736912559280853,-0.4369130922882945,-0.0859709379678524,-0.3812995831024476,-0.6172464155427229,-0.5611277311414382,-0.5081791048013551,0.2175577859048215,-0.4076749697864582,-0.4609883593969632,0.0542210656419377,0.451040426007927,-0.086559831557828,-0.173427369033405,0.2754222641730342,exact,9
UBERON:0004175,related,direct,internal sex organ,Mistral-Small-3.1-24B-Instruct-2503,-1,0.1730657187146237,-0.3185183947446807,-0.3025529177986338,0.0018715286816195,-0.4315999839435201,-0.6895540782586475,-0.6077182201584236,-0.5920838972154764,-1.134057298937962,-0.7559387428021239,-0.1019928430025271,-1.152378385977987,-0.8440959313755676,-0.8903166445125265,-0.802228427908219,-0.8862337416508331,-0.1999152910308581,-0.5358949545497924,-0.4505189104244102,-0.3719634124621958,-0.1096982535696872,-0.4995809917023493,-0.4715870821223986,-0.2818987579406455,0.469752686295779,-0.1828042159004282,-0.1652254227292738,0.3366037860697327,0.0339946334914669,-0.5177963584603982,-0.4923890224196295,-0.1173958763114794,0.1412675012327056,-0.4996763809131259,-0.4961982186984683,-0.0275628967375232,-0.2460752713272438,-0.5307385491748313,-0.4540037660806479,-0.4344477033454602,exact,9
UBERON:0004223,exact,direct,involuntary muscle of vagina,Mistral-Small-3.1-24B-Instruct-2503,-1,-0.32562416638718,-0.616689077172993,-0.5469356667070305,-0.5045048242612687,-0.1359699168154166,-0.4961748374734045,-0.4564993694857236,-0.3136626414766301,-0.1050040973170158,-0.3850121690269461,-0.0644896380917941,-0.2412412405968731,-0.0310662389861783,-0.3836281850557855,-0.3882671172260232,-0.1753720380547909,-0.6866413537894195,-0.8005796331314776,-0.6541669524577564,-0.8027462421114138,0.2137465843925307,-0.3063031319600154,-0.3102910959898538,0.0360603608537889,-0.0434545418163844,-0.3557244517702878,-0.3292063885769478,-0.211692016039275,-0.5036228450525793,-0.6685578491774284,-0.6015612983114044,-0.6160269370562006,-0.6814448469484495,-0.8354843312771626,-0.6062322471496769,-0.7938887251667401,0.1006785993942438,-0.4964018042144662,-0.4251761768265674,-0.1077431556444941,exact,9
UBERON:0004223,exact,direct,non-striated muscle of vagina,Mistral-Small-3.1-24B-Instruct-2503,-1,0.3421726224611026,-0.1226335333676391,-0.1864298003040528,0.1979103013478422,0.0979651355682295,-0.340656103229203,-0.3694801868644737,-0.0740513659962279,0.566331918906541,0.0439712580813916,-0.0331454376844195,0.49167545537915,0.1325326075619824,-0.2785692106493193,-0.3187419311254505,-0.0153127384542426,-0.70641983345569,-0.809317235859233,-0.6286001430947524,-0.8191637208784214,0.5561910797981864,-0.0280801130942598,-0.0943976130401344,0.4222715928955002,0.4432485250994534,-0.0766870850909912,-0.1122343948726792,0.3052420113548869,-0.2907659316550844,-0.5918671176782454,-0.5341302730672816,-0.4264342727269546,-0.2404963235447079,-0.5136626793308476,-0.5462634406893169,-0.4055104856189883,0.0358592362143203,-0.5316058027633819,-0.4468087438077535,-0.1720414555048664,exact,9
UBERON:0004223,exact,direct,smooth muscle of vagina,Mistral-Small-3.1-24B-Instruct-2503,-1,0.8705878959562128,0.8499072938785059,0.6353496549153295,0.9655146079767156,0.7205383222938911,0.4476401703082969,0.2809646272102138,0.7013018746274012,0.8972502665658977,0.4981947310092947,0.0210876935471306,0.9379840727623588,1.014995832170295,0.8500245944459623,0.7093249624079984,1.0485464639362925,0.5451778316837074,0.1246358487115104,-0.0007739771776516,0.4384460431304526,1.256755101751958,2.720197947336424,2.734336266597333,1.703396286562912,1.2204902690245605,2.274133151088213,2.179707313289589,1.582960406540715,0.7901125940334025,0.1010932611793181,0.0074485478911614,0.7527952016505272,1.0296055932705694,1.1615578051089173,0.962590490189564,1.180431831113619,1.1942488950922912,3.123046384847318,3.4211879924870057,1.7843167586608013,exact,9
UBERON:0004223,exact,direct,smooth muscle tissue of vagina,Mistral-Small-3.1-24B-Instruct-2503,-1,0.7859357186671891,0.6055255119379372,0.4347366038544552,0.8181009006554489,0.4768062441444379,0.0574986261291737,-0.0368436554161002,0.3658610030158193,0.6954153862603275,0.2194443733234416,-0.0080381387955908,0.6560970007117853,0.789550329332097,0.3643810954313508,0.2563843820399081,0.7296009312637048,0.4193631042622131,-0.0313226848976115,-0.0792868576892133,0.2825984843757858,1.1565774407538256,1.5305280815743678,1.3374530038562955,1.4057743344888618,0.6625247523276105,0.2537021002761226,0.1634708181757241,0.579069515593312,0.7762629531371192,0.0974249738254,0.0172491182991304,0.7338472799738095,0.9087691541655224,0.7659354229529847,0.5387562980699518,0.9638846775001996,1.1109397899888624,1.4933570325615912,1.1196313289366426,1.4193659301127437,exact,9
UBERON:0004223,exact,direct,vagina involuntary muscle,Mistral-Small-3.1-24B-Instruct-2503,-1,-0.0760838587529307,-0.4679133936984331,-0.4543571515483507,-0.2622646204091827,0.1076402421009016,-0.3271428114485815,-0.355704089531846,-0.0636973140612151,0.7603531334368393,0.2363138690917104,-0.0107573032637738,0.7430857636195874,0.4126716020492502,-0.055914618717333,-0.1346786279861423,0.278453518060166,-0.910920626491472,-0.8857426126581525,-0.706743195189558,-0.9847550510436271,0.1348329168016908,-0.3539261384833601,-0.3469795239445215,-0.0449137266007155,0.0180737324616648,-0.3178196800374057,-0.323777984710915,-0.1513516945187282,0.7302620285100175,0.0117908475446842,-0.03288797678649,0.6720517491338018,-0.7861936854026103,-0.9138502831585734,-0.5179687679478884,-0.8804139960713455,0.0854964943799167,-0.4941057751197488,-0.4282318583832046,-0.1229557551064737,exact,9
UBERON:0004223,exact,direct,vagina non-striated muscle,Mistral-Small-3.1-24B-Instruct-2503,-1,0.2110930802760852,-0.2428854216650781,-0.2797163733776164,0.0446124335663984,0.3166734852556214,-0.1440189834754226,-0.2274577944582353,0.1703980438485607,0.5742991409367669,0.0214808362367567,-0.0330425562497135,0.5015295134301897,0.6148498662762809,0.1677923774131796,0.0825284155838736,0.5105546845584907,-1.147918803521687,-0.9543653503294302,-0.7424590306972163,-1.1680895116062369,0.4910672714699229,-0.0873247718021004,-0.1384455962052356,0.3435786931592497,0.5450895943076903,0.0582405415865146,0.0009818012908701,0.4281665059588247,0.1697061585983155,-0.3971646066842456,-0.3779264751888797,0.0204882222332141,-0.1988268357052341,-0.5459311301570746,-0.4814741351340617,-0.3664320289826646,0.1652420206230046,-0.4535387730132871,-0.4015827681831197,-0.0419437895023939,exact,9
UBERON:0004223,exact,direct,vagina smooth muscle tissue,Mistral-Small-3.1-24B-Instruct-2503,-1,1.1246125622651626,2.308723635204178,2.2886468767562493,1.5468275347775444,1.1310613472614597,1.983916677240666,1.820529631603628,1.4794066194568964,1.0680841017453548,0.8126686184922614,0.0690546032955634,1.210146267037793,1.241148214784647,1.479161145893971,1.311226570342508,1.4360888931086668,0.9601369473564852,0.9546458924344012,0.6439631934070704,1.0544353277391585,1.2263139684145707,2.222657798458006,2.107537608302186,1.5998184621713143,0.7626264400875746,0.4124054941034596,0.2800800173088607,0.7172937050493091,1.2739272699241844,1.389444804751811,1.209103251414519,1.57808095320595,1.1253019394103785,1.6085081780306043,1.339698000061055,1.3790511962577263,1.1322516015311344,1.7304172137683018,1.3408924668191544,1.4910465737591618,exact,9
UBERON:0004223,exact,direct,vaginal smooth muscle,Mistral-Small-3.1-24B-Instruct-2503,-1,1.0837791740973304,1.928583675200472,1.722494513238133,1.429763061998647,1.1030082753060233,1.7950900472246198,1.616260876604292,1.4091175348401872,0.7186812755761077,0.2302256709188107,-0.0053968673963606,0.6869044626722097,1.0575474554974384,0.9407145328660838,0.727930413083788,1.1150000920128158,0.9361598895200448,0.8825338791039232,0.602080432444408,1.0126452945661286,1.216250337531882,2.0925749556258832,2.028709527194386,1.5687209294235518,1.2256868036139268,2.2961951098265487,2.1488448902172936,1.5976932637100365,1.1761909450149683,0.9106217144956806,0.7657605986715011,1.3736251493636369,1.114028323063752,1.5060213931216735,1.258652644886634,1.353985966328375,1.1436998437256778,1.8983901955590856,1.5589325161753032,1.5333621380719953,exact,9
UBERON:0004228,exact,direct,bladder involuntary muscle,Mistral-Small-3.1-24B-Instruct-2503,-1,-0.3922902415189158,-0.6616229204111518,-0.5798763066947955,-0.5661582357599785,-0.5313726272073642,-0.7351685742972596,-0.6319248489158299,-0.6810609599832191,0.1617108022496698,-0.3037698087570947,-0.0636137863087784,0.0306714476362905,0.4077545692610069,-0.1546417773300101,-0.1641547493587511,0.2730438394570877,-0.2844810947825786,-0.59004104830898,-0.4538099329813526,-0.4509425438150356,-0.1291135843769969,-0.5050061543125456,-0.468818244920765,-0.2999300336173837,0.2023160610584596,-0.2383881975316446,-0.2418797763607794,0.037083665365286,0.4516964207899405,-0.2789646378489253,-0.2935475978751901,0.3285833448883684,-0.3639313419408132,-0.7210018591385683,-0.5490712503110995,-0.5186356846397361,0.1119163086934762,-0.4769500537196917,-0.413835043946564,-0.0964206706070095,exact,9
UBERON:0004228,exact,direct,bladder non-striated muscle,Mistral-Small-3.1-24B-Instruct-2503,-1,0.242531563208068,-0.2463322177350025,-0.2590943707280995,0.0805067569227442,-0.116747058872583,-0.5104991902962602,-0.4635515895521797,-0.2946872871909837,0.2340742836099904,-0.2842886129311029,-0.0630104859074662,0.1082466278966543,0.2137996184901761,-0.3339301918875413,-0.3459287881878878,0.0671100417388617,-0.0183284058265119,-0.4045620346684478,-0.3475938457389779,-0.1952338663893544,0.4040280072711347,-0.1877137351126971,-0.226711077347435,0.2426603662349593,0.53214861264179,0.0042408889311353,-0.0529398528309411,0.4121702598628041,0.2580067222362733,-0.3397977632020392,-0.3199861534330106,0.1135461112067421,-0.0454477483230074,-0.4404003838607113,-0.4916273324655956,-0.2183033087352697,0.1681884491333645,-0.4551500894575345,-0.3878549177835684,-0.0388965119338045,exact,9
UBERON:0004228,exact,direct,bladder smooth muscle,Mistral-Small-3.1-24B-Instruct-2503,-1,0.5578466362343685,0.120740713149357,0.0522657416949043,0.4751180927663014,0.6993235991727685,0.3698523487848184,0.2348549835796411,0.6697804832132538,0.6356708423528655,0.1274424383533128,0.0014607147521991,0.5786905222368225,0.8807103807427831,0.4147651859187449,0.2852924582971701,0.8527371753787178,1.2252783472834012,2.237876458863349,2.0656161921223943,1.6221410149055715,1.2378398720182913,2.3561219865694816,2.2277651473859112,1.6371765288602398,1.2013317937569932,1.9986375746352547,1.8275033335942124,1.5306689705646794,1.3516997213926525,1.880357355284676,1.7436011301712186,1.7688931968646828,1.0767824964768415,1.3627209479866609,1.2742541952360529,1.274584012707288,1.0409210899139505,0.975732621650978,0.5969529206125824,1.224672933340805,exact,9
UBERON:0004228,exact,direct,bladder smooth muscle tissue,Mistral-Small-3.1-24B-Instruct-2503,-1,0.6766543311376585,0.3203883080683459,0.1772717910592555,0.6456367270014225,0.6956699049568426,0.3628427908586534,0.2070068018384135,0.6644039848629485,0.538226890869475,-0.0412813361335424,-0.0303460503139459,0.4571984379471662,0.599067116604406,-0.0512353143021833,-0.102407312945616,0.4916919634862731,0.966308403483096,0.9975767702049148,0.7163227700885942,1.0653670640963264,1.1408020090916378,1.396985398793864,1.1840452186962465,1.367318447305454,0.759221884275789,0.3330664480740937,0.2088504141425066,0.7124230864530181,1.105618723270326,0.7157555142484976,0.5860418828946224,1.2422679235018237,0.7281661062435224,0.3453444343700801,0.1565484138358452,0.6851363602794063,0.96162862220538,0.6278739307957147,0.2974823170382721,1.0469669988425525,exact,9
UBERON:0004228,exact,direct,involuntary muscle of bladder,Mistral-Small-3.1-24B-Instruct-2503,-1,-0.517084729065283,-0.7253660936214312,-0.6071626814502059,-0.6785672378776084,-0.5862642381206361,-0.7607942284390447,-0.6504482517579725,-0.7290756811315865,0.0153994006777853,-0.3773562683518575,-0.058282923786127,-0.1210105027936745,0.0348959647375634,-0.4256375263034883,-0.3828614188013282,-0.1117216488435077,-0.2606272067637913,-0.5678608470716645,-0.4377682761643622,-0.4288625081895538,-0.0852054707211571,-0.4862721229508355,-0.4469658275220708,-0.2590009836896917,0.0495094029446429,-0.3251010766150832,-0.3057502343388387,-0.120053256569567,-0.5142472405003474,-0.6613571183193104,-0.5824932710225631,-0.6252613996852666,-0.6342643693552572,-0.8267934007721072,-0.6222198472102577,-0.7542711204026081,0.1367560942682051,-0.4785103644925829,-0.4114797463241534,-0.0712012058289282,exact,9
UBERON:0004228,exact,direct,involuntary muscle of urinary bladder,Mistral-Small-3.1-24B-Instruct-2503,-1,-0.1534129740387571,-0.5420860943150825,-0.4813323479547337,-0.339429728143198,-0.0990540155111255,-0.5011745958516558,-0.4618666922534329,-0.2771171328887726,0.2011389684653325,-0.2502523743868397,-0.0517071208787907,0.0727146090379615,0.5785389347388469,0.0067913804183818,-0.0405240946718627,0.4673620142686822,0.1059996402871712,-0.3127944087385944,-0.2766890363681454,-0.0678287672796198,0.0563611636196517,-0.4168871188632451,-0.3956987205084973,-0.1231092898255028,0.0627773850609686,-0.3259918889232832,-0.3144961103947609,-0.1067438491693044,-0.3193029268434314,-0.5966120054027549,-0.5414881757039344,-0.4523869021645499,-0.4000112035143218,-0.700515458930797,-0.5690377662524148,-0.5510024251887969,0.2246143611487497,-0.4232767785133712,-0.3771826269318158,0.0202560208635038,exact,9
UBERON:0004228,exact,direct,non-striated muscle of bladder,Mistral-Small-3.1-24B-Instruct-2503,-1,0.1298038243683836,-0.3489543230523252,-0.3352614387050591,-0.0458994443805537,-0.0223015871966777,-0.4569879700452788,-0.4535694041351636,-0.1996846198689265,0.2545265143293556,-0.2288111439152841,-0.0503789385308541,0.130507254848817,-0.1600971901077465,-0.5641879382862147,-0.5414386574472112,-0.2967459938418477,-0.0230261458892752,-0.4156144640443248,-0.319656280635939,-0.1999395344645072,0.4612475565008492,-0.1437314252196043,-0.1878301960028242,0.3084865619422678,0.4385636932099423,-0.0867786473039041,-0.1379868042720431,0.2997418545367278,-0.3847985272100275,-0.6181400784742809,-0.5349205615274785,-0.5113044328961146,-0.2527593301908733,-0.5252776809770905,-0.584015484356962,-0.4169224947806412,0.0460174484130846,-0.5328259262115085,-0.435142895872826,-0.1620753214148008,exact,9
UBERON:0004228,exact,direct,non-striated muscle of urinary bladder,Mistral-Small-3.1-24B-Instruct-2503,-1,0.5662584588088185,0.1309160260098744,0.0184736793298986,0.4867081052007132,0.2331828837824936,-0.2522563575961622,-0.3019076468973049,0.0743679120376433,0.1656740160680095,-0.3086492079757459,-0.0560016310161277,0.0348738324011895,0.5386976998002253,-0.0373689605419559,-0.1139256662341516,0.4207763429730473,0.2997392808332748,-0.1357088650885358,-0.1695870578236587,0.1431902914528071,0.5375378802088084,-0.0715921124264001,-0.1335948207935438,0.3994299004243632,0.6209092561017757,0.0926010437049796,0.0155308526120503,0.5243404067207135,-0.3829183151717735,-0.6174056672740609,-0.5156166830064568,-0.5096252951639066,-0.1081853875481136,-0.4374736629273324,-0.5056980539801501,-0.2797448097668536,0.23530561374177,-0.4212405411754061,-0.3775591801188931,0.0316403797889591,exact,9
UBERON:0004228,exact,direct,smooth muscle of bladder,Mistral-Small-3.1-24B-Instruct-2503,-1,0.4223119358497414,-0.070645415707757,-0.1378110195230923,0.2968319313240551,0.2854652677955505,-0.2057259680458707,-0.2401519641629085,0.1340756214724867,0.4074569986805783,-0.0744745465856854,-0.0288896727922001,0.3021415841506891,0.5409137638029893,-0.0542028402860548,-0.087565506503386,0.4233462015533464,0.6326543327052265,0.2668260471640866,0.1115868044647521,0.5534629498306677,1.1745430489050694,1.639984634046701,1.4524600642193757,1.4516232476698878,1.063039144413492,1.1436164002913545,0.9374449184512424,1.2167027046997432,0.7289546286653777,0.024155662271445,-0.0519082918718679,0.6703200405167375,0.8394860976119627,0.6019542188787442,0.4640827207383523,0.851748052096726,1.0630518124975428,1.0852607487977346,0.7043155463189448,1.2811457291921786,exact,9
UBERON:0004228,exact,direct,smooth muscle of urinary bladder,Mistral-Small-3.1-24B-Instruct-2503,-1,0.8548147726611843,0.7476780851634893,0.5688515875293807,0.9369436071064992,0.8287210629771781,0.6402041573167534,0.4699897061860577,0.8710778062977987,0.5079678418825888,-0.017535031424915,-0.0288710320875378,0.4205573099552672,1.183614508044251,1.15938371864848,1.0512745678670026,1.3283021329711602,1.0015090408439118,1.1039373682816431,0.7510744792847767,1.1291961166888416,1.2520317136647765,2.591562063682624,2.514531682242215,1.6862076487129292,1.1933875583753364,1.9200843163250347,1.741788605341294,1.509832204377343,-0.059912842676475,-0.4965879507036609,-0.443283424058448,-0.2095592507062964,1.0022836945291802,1.0649275350352705,0.9471377690290066,1.12867405909845,1.1996216120187126,3.4515745596097944,4.044327878385403,1.82485012492768,exact,9
UBERON:0004228,exact,direct,smooth muscle tissue of bladder,Mistral-Small-3.1-24B-Instruct-2503,-1,0.516933989634146,0.0649197878934091,-0.0315553261196311,0.4196785986093631,0.0690399916458467,-0.392654747746259,-0.3872374168218885,-0.1047786740288668,0.261249507356407,-0.2270730858633918,-0.0487100104300105,0.1378582676332455,0.4050437713245267,-0.2364431180016134,-0.2666649130872032,0.270065767805106,0.393601164506802,-0.0460722101178105,-0.0486688640383523,0.2519079230131639,1.114621812962687,1.231781069552651,1.056463451725547,1.3066815583262117,0.6569571823144449,0.1709390700538943,0.0654488074722667,0.5716615617165858,0.7962131416449143,0.1218626243635782,0.040823968998279,0.7611940504605961,0.6842204488132015,0.2974447944469204,0.143898069061608,0.6231636020621666,0.9938143545880744,0.7403174476767647,0.3865776649721059,1.1152272994252304,exact,9
UBERON:0004228,exact,direct,smooth muscle tissue of urinary bladder,Mistral-Small-3.1-24B-Instruct-2503,-1,0.8513378303771256,0.7450377245564357,0.5758032245236653,0.9307189344510212,0.6080651117821257,0.2010466032742413,0.1128162796942368,0.5397099711047479,0.3503648600591909,-0.1380149228272139,-0.0383267919549431,0.2369445249888354,0.9652431270910544,0.5058198342846015,0.3674023746049077,0.9737218153469436,0.75107671019355,0.4758430941321955,0.2598631027362876,0.7198221608550773,1.1886105308168924,1.7633947546090762,1.6478800083714324,1.489277729032872,0.7602620066561321,0.3264795260540394,0.2113871074020471,0.7139097371407531,-0.150672784265172,-0.5384492030421908,-0.4879631916732277,-0.2963714992413302,0.8628482905230438,0.6549245281631423,0.4766177566049518,0.8887455052977872,1.1325766890900708,1.7326899494478472,1.317089876503238,1.492206699697949,exact,9
UBERON:0004228,exact,direct,urinary bladder involuntary muscle,Mistral-Small-3.1-24B-Instruct-2503,-1,0.0029819895514076,-0.4261787119976132,-0.3975717770482699,-0.1811702471138729,0.2494812332413362,-0.2245727798856132,-0.2596956128088756,0.0928324110712015,0.2131167412045231,-0.2322200192805811,-0.0514438631106577,0.0855924381375914,0.8850696092117203,0.4042771750011705,0.2649862439763976,0.8588051995704052,0.0644481942582499,-0.3524581140168307,-0.2791636195883467,-0.1110431568096747,0.0074919712522755,-0.441310118489323,-0.4214444449271045,-0.1707339101504952,0.0694172882220381,-0.3339408916241556,-0.3263431321460478,-0.1000606185729685,0.627004321901775,-0.1062251863306608,-0.1407411659832319,0.5391019491710692,-0.2506418633792876,-0.6521704905634421,-0.4771462114598128,-0.4149547975225605,0.191688151548478,-0.4300759496249229,-0.3858511845558693,-0.0144473689160619,exact,9
UBERON:0004228,exact,direct,urinary bladder muscle,Mistral-Small-3.1-24B-Instruct-2503,-1,0.5338063022415314,0.0829882922386348,-0.0200838822333146,0.4423588856971449,0.98606676372764,1.1386981119331196,0.9638443246949538,1.154071491219104,-0.934741664860286,-0.7414000069641785,-0.1043698194144332,-0.9884001968377992,1.3031623761896596,1.6775319963454542,1.5004833603478305,1.562253204442234,0.8831363634574482,0.7574469042334011,0.5663534115517682,0.9237616723222104,0.6876073737165418,0.1017171802799746,-0.007847528518375,0.5910461451038452,0.7717718516873775,0.3152585582299737,0.2245905596173577,0.7304417112286112,0.9852294355950504,0.3783301217838746,0.2869207895742438,1.0400550354980422,0.6292749730743494,0.010219371816161,0.1935986005226164,0.5482544093388636,0.857272935726812,0.3166234816971826,0.1003191149092519,0.8508907298795901,exact,9
UBERON:0004228,exact,direct,urinary bladder non-striated muscle,Mistral-Small-3.1-24B-Instruct-2503,-1,0.522302705554462,0.0877193649795121,-0.0260282570833965,0.4268682297713594,0.5110267208741319,0.0645451471342066,-0.0531572694806027,0.4098622374062319,0.3288011745420626,-0.2003780404041416,-0.0537928764968796,0.2126785537450223,0.864587296717499,0.3824985745185271,0.2446395223072683,0.8304438726060227,0.3645892702645483,-0.061965934973487,-0.1160683908527489,0.2177982087295169,0.4956263677975501,-0.109923764166555,-0.1617017157258387,0.3489940301658472,0.6496555313590606,0.144127673548908,0.088248935018605,0.5619873843870458,0.3432457708735494,-0.2947850028974427,-0.2793349592847181,0.206196221676527,0.1038622569891497,-0.331833562301181,-0.3812471409317271,-0.0667973433867214,0.3815686986512251,-0.3061202344796495,-0.3044107755025479,0.1937209380011579,exact,9
UBERON:0004228,exact,direct,urinary bladder smooth muscle tissue,Mistral-Small-3.1-24B-Instruct-2503,-1,1.170506670866041,2.8910153492402086,3.080807318846804,1.70146285000817,1.1771336159408796,2.3544216648832954,2.2996837191704445,1.6063544987489888,1.0920889083782075,0.8603018528203977,0.0641948379189982,1.251780989743247,1.327045574930222,1.6621191559172823,1.5618750133202566,1.6142714248188104,1.1365053218655352,1.6779112253930852,1.283969887433158,1.403399372025282,1.2365685124067414,2.3391503072208977,2.218453801135541,1.6329557267027042,0.8551378031778138,0.5232821475926797,0.3953778021927368,0.8550053452950485,1.338664822754692,1.828594953803148,1.595677631897586,1.734547364113089,1.0721236405649226,1.30014693721641,1.0897233742656025,1.2649880903365662,1.1425584251854124,1.8774517541049625,1.4790927467826582,1.5289992639947634,exact,9
UBERON:0004228,related,direct,smooth muscle layer of bladder,Mistral-Small-3.1-24B-Instruct-2503,-1,0.4784964309225956,0.0052511110180558,-0.0769917808748799,0.3689176775355962,-0.2963581625048791,-0.6371349287523499,-0.5694116665345139,-0.4676579697866164,-0.2007731695483755,-0.4179830641266593,-0.0630947176929125,-0.334255413413868,0.4463876377224239,-0.1403750638419314,-0.2010968768348509,0.315825161812457,0.4125952469132827,-0.0246289970781259,-0.0837191930858304,0.2744983574066661,1.080578810980075,1.054563066367034,0.8838463447786844,1.2328134171926728,0.3611893522170139,-0.1753596511577827,-0.2206952095781294,0.2106755302014571,-0.2005592523557827,-0.5546752184700878,-0.5125932236206208,-0.3432104152280494,0.703393460253691,0.3490238044250074,0.195839900680419,0.649964346489272,0.7633030227382634,0.1236833132646183,-0.0496196911501253,0.6972947179365112,exact,9
UBERON:0004230,exact,direct,bladder neck involuntary muscle,Mistral-Small-3.1-24B-Instruct-2503,-1,-0.1765501790519916,-0.5268207559730541,-0.4916772765436145,-0.3621321398753072,-0.4214372004783079,-0.6847680607699299,-0.6113197229187343,-0.5828914926048162,0.6474346369523205,0.0973880221220838,-0.0063887290615359,0.5937459213205394,0.6048102076246905,0.179627047325965,0.1208859601955288,0.4985397907290544,0.0194652803269974,-0.3980852628258218,-0.335742717644374,-0.1570983218281205,0.2093863875793636,-0.3127597313780902,-0.3198231270542375,0.0315208690466929,0.1016839149618328,-0.251808589538314,-0.2639465184251932,-0.0673642679228604,0.5899719158350996,-0.1558480666953032,-0.1965362212785876,0.4931590048910863,0.035555722942216,-0.5145466202757055,-0.3778601580359561,-0.137080925699192,0.4087362143503382,-0.2764130346216611,-0.2962338223727179,0.2252704147786993,exact,8
UBERON:0004230,exact,direct,bladder neck non-striated muscle,Mistral-Small-3.1-24B-Instruct-2503,-1,0.3892340548162169,-0.0773032436356075,-0.13497053340003,0.2554751742570841,-0.0180204360357001,-0.4527180411362956,-0.4210058132194447,-0.195305338213198,0.5925184558886039,-0.0357487984544056,-0.0241841334228622,0.5242010800466712,0.4162105059575635,-0.0268318781838315,-0.0978262068304777,0.2823532817686004,0.3972940981623965,-0.0308920158411351,-0.1434740482865277,0.2562837827042061,0.5314750579152621,-0.0609747920665084,-0.1107806355511688,0.3920592375966908,0.5054401780967573,0.0326181237870477,-0.0393440714660547,0.3795152198307468,0.295313315709619,-0.3434215799878937,-0.3393050226617726,0.1537379377622028,0.4488599379043572,-0.0257700649672542,-0.1450743939698686,0.3190749306864853,0.4170486516311415,-0.2725272396572527,-0.2864812756084135,0.235024152789385,exact,9
UBERON:0004230,exact,direct,bladder neck smooth muscle,Mistral-Small-3.1-24B-Instruct-2503,-1,0.8195996949507559,0.6781088266910458,0.5254052191095366,0.8750507689719021,0.8168273370236983,0.5946254313136299,0.4407944936037333,0.8515921573799533,0.9036068797565672,0.4322896805803055,0.0371292554493096,0.9474710329271344,1.0542432225692735,0.9113835860084648,0.7685419214318109,1.1097520447971612,1.2866730991984106,2.8491583843975703,2.6751555759347823,1.805336452372151,1.2796285459148828,3.258534430268308,3.3324597341192863,1.7946116704911406,1.2293192811860465,2.428622592558634,2.256636577561081,1.6081441170616255,1.3913132035638296,2.272028651971181,2.1414928359926195,1.8810788706938577,1.20356886004942,2.251942616403238,2.514348718787557,1.5700949135387798,1.077725645693533,1.2170329834215727,0.818506544157054,1.320861203091276,exact,9
UBERON:0004230,exact,direct,bladder neck smooth muscle tissue,Mistral-Small-3.1-24B-Instruct-2503,-1,0.8464196360725005,0.7493569783435011,0.5458821999979899,0.9219579497401414,0.782119183361464,0.5147465028113879,0.3530344483513079,0.7959535358237502,0.8934656244325173,0.3012527649338353,0.0198281009385861,0.9323559213077064,0.857634810576135,0.4299537973100323,0.3273424425073923,0.8209021594659587,1.0863600799628286,1.4326002532543562,1.074006758141952,1.2951517344915653,1.18802181867849,1.7837366526147838,1.5917659716276225,1.487667919906428,0.73288815473567,0.3694459264970204,0.2380972215751867,0.6751752638142147,1.1367714956431636,0.8061696693046337,0.6502742373801439,1.2988726040723315,0.9260477405382528,0.7870436837006773,0.6416323984207786,0.9930614653808616,1.0126173157945548,0.8403732265015971,0.466119485425865,1.1573858744750036,exact,9
UBERON:0004230,exact,direct,involuntary muscle of bladder neck,Mistral-Small-3.1-24B-Instruct-2503,-1,-0.250925179607771,-0.5792963193168525,-0.5047521773813403,-0.4339795398047345,-0.5364054842134038,-0.7427433471973883,-0.6432756060571116,-0.68549019801968,0.0464308491726737,-0.3360910186855531,-0.0452987819966955,-0.0893788173429801,0.3211159273107745,-0.1000090686734606,-0.1046490941805795,0.1793256500526935,-0.0949940542564926,-0.4766929002544181,-0.407052959543369,-0.2711107500119841,0.1869928883251363,-0.3283053426749943,-0.3249545563630183,0.008330018798337,0.0513462321580674,-0.2735536778512069,-0.27184286307071,-0.1182142558396539,-0.3820537206576921,-0.6326291610760795,-0.5750533381392907,-0.5088529239325194,-0.0976302229724676,-0.5546642652738512,-0.4568010557417621,-0.269493053769745,0.4361039427047963,-0.2655516821490766,-0.2933813670761614,0.2575675040012228,exact,9
UBERON:0004230,exact,direct,involuntary muscle of neck of bladder,Mistral-Small-3.1-24B-Instruct-2503,-1,-0.4283820287314833,-0.6798916612627045,-0.5849673349504116,-0.5990575785497512,-0.6036365640089422,-0.7728706937230305,-0.6572504634849831,-0.7441394259086364,0.5860152137928276,-0.0692300656210751,-0.0274107933913998,0.5160864602628836,0.1429580603903616,-0.2675038529548668,-0.2430097508858501,-0.0048539833303019,0.0675576919354884,-0.347105929910965,-0.3206085160607037,-0.1078319703334774,0.1493841466722009,-0.3520207525129745,-0.3421397787975694,-0.0301660971754486,0.0454989585177298,-0.2816508029332737,-0.27338169008711,-0.1240644897488074,-0.4163300789771064,-0.6430813814121348,-0.589371520098209,-0.5393590497334431,-0.2575697401082131,-0.6182156598911929,-0.4888057182583913,-0.4213883000605196,0.3786413625848028,-0.3201863034120268,-0.3239114772090605,0.1903507658216783,exact,9
UBERON:0004230,exact,direct,involuntary muscle of neck of urinary bladder,Mistral-Small-3.1-24B-Instruct-2503,-1,-0.1484676650072616,-0.5291728440350341,-0.4838532399502416,-0.3345549155006134,-0.1952948837921787,-0.5684252423343421,-0.4988772275162441,-0.3714998730049239,0.3755654042462852,-0.1978867253695836,-0.0415306194955062,0.2655490160291178,0.547670076472292,0.0763707522259806,0.0226527682600336,0.4311964424258642,0.3227461062464489,-0.1134148370467028,-0.1946227455817814,0.1694085290247848,0.253418480664867,-0.2874676307166727,-0.299092699659697,0.0777349930365946,0.0913051163763232,-0.2691074898375685,-0.2659270551200281,-0.0779214132025103,-0.4104768376539639,-0.64067183647926,-0.5819360930333327,-0.5341660848911562,-0.0637679110443132,-0.4922686704337892,-0.4203069947782848,-0.2363725687679362,0.4565617543898622,-0.2527839877894924,-0.2828044557325733,0.2820643913413009,exact,9
UBERON:0004230,exact,direct,involuntary muscle of urinary bladder neck,Mistral-Small-3.1-24B-Instruct-2503,-1,0.0032934612857124,-0.4226139175965966,-0.3948803616649853,-0.1808461191814835,-0.0413217641213696,-0.4707401624337686,-0.4320179280217941,-0.2190622153592398,-0.1756938539836134,-0.4375212655900879,-0.0572054818022814,-0.3101081124409906,0.6720342286081838,0.2516304481564215,0.1888138087684724,0.5800999263213883,-0.0336943807972155,-0.4313180984592739,-0.3957418621494376,-0.2105979154096466,0.2716902343402801,-0.2748143342317926,-0.2846111958334644,0.0971610054955995,0.0904252323713132,-0.2660303254437408,-0.2759766207885728,-0.078814652218764,-0.1004261091893279,-0.5276230050835239,-0.4920595569550461,-0.248573136670948,0.0657013873506425,-0.4622774608729606,-0.3499749766126111,-0.1062735310118439,0.5002834510068133,-0.2047269633844922,-0.2517509762038173,0.3354984375513601,exact,9
UBERON:0004230,exact,direct,involuntary muscle of vesical neck,Mistral-Small-3.1-24B-Instruct-2503,-1,-0.3829405274945167,-0.6407743858925156,-0.5680020828228745,-0.5575816867865726,-0.9890574283963176,-0.9117288899899552,-0.7556219079317762,-1.0637899965489177,0.4484472822868644,-0.1315705945220137,-0.0297624736097188,0.3498482809002638,-0.5434279359268239,-0.6122842154120183,-0.5625930306645694,-0.6367567017363609,-0.2012377459151318,-0.5388468134004742,-0.442010147804124,-0.3732138279667843,-0.2115515383932723,-0.5224848307442119,-0.4853090659259826,-0.3753649035499896,-0.1343333490419062,-0.3835275632341505,-0.3723935728382957,-0.2987385438736275,-0.5437910557559683,-0.6884521358757832,-0.6324553236897744,-0.6508334323190511,-0.3650022282621351,-0.6743857815217636,-0.5959225495086675,-0.5196007505925216,0.1892556709884366,-0.4254066784206805,-0.387845220366119,-0.0169902350740582,exact,8
UBERON:0004230,exact,direct,neck of bladder involuntary muscle,Mistral-Small-3.1-24B-Instruct-2503,-1,-0.377099737226895,-0.6415188153555572,-0.5532435165892099,-0.5522124684334119,-0.4668113456507958,-0.7098904094102748,-0.615039762706631,-0.6237448914699509,0.2052842176435551,-0.2721670582370289,-0.042680410781901,0.0771656827702793,0.4291800707033645,-0.0130871132759246,-0.0122628892165656,0.2966907851180235,0.0849829798223895,-0.3396256720188677,-0.2486993626245196,-0.0897692463436473,0.1460526748812421,-0.351926475058201,-0.3573088849780539,-0.0335496396109355,0.1829708448852877,-0.1987268930743047,-0.2055126119779095,0.0166995386189895,-0.1410713375556585,-0.5443715933031414,-0.5093506694779635,-0.2872869765514992,-0.0564246905552488,-0.5473540746524583,-0.3443330556449,-0.2291427866089523,0.3829959878385554,-0.3048531240349574,-0.3176109276221458,0.1953661782217136,exact,8
UBERON:0004230,exact,direct,neck of bladder non-striated muscle,Mistral-Small-3.1-24B-Instruct-2503,-1,0.4103161025825654,-0.0675539979204652,-0.1136976994525841,0.2817447818631221,0.0834256846001568,-0.3792621423763843,-0.3830984907544152,-0.0895389111054032,0.0910660733570813,-0.3242673108452366,-0.0508219880962739,-0.0433845026089851,0.2646159196173152,-0.1607655573619032,-0.1939241631878331,0.1197429833718935,0.3149820859863255,-0.1192947255321198,-0.1816698394657415,0.1605306833653392,0.2933200811565798,-0.2612160404780143,-0.2809133909236946,0.120353638454598,0.4138180768299319,-0.0720608563954885,-0.1486078396060419,0.2708988651496417,0.0552302282016554,-0.4663404048788649,-0.441347063478609,-0.0962012719854173,0.2454015451365747,-0.1713993614136166,-0.258786762983732,0.0846953552779974,0.3653427013643135,-0.3201266418806834,-0.315792572944191,0.1751102743166095,exact,8
UBERON:0004230,exact,direct,neck of bladder smooth muscle,Mistral-Small-3.1-24B-Instruct-2503,-1,0.5094864779871082,0.0748824987848002,-0.0247988649969902,0.4097463937921561,0.4292561901105208,-0.0652445559890178,-0.1548707851975738,0.3061071398280322,0.6523553644606999,0.0307926547671419,-0.0099215470463137,0.6000699096564576,0.9180185615588587,0.6166532052004514,0.5159678758444409,0.9052500821106282,1.0002578948014371,1.094951769262409,0.7913268099542402,1.1268823130257444,0.8422253150119313,0.3670744894950484,0.224708482622442,0.8119330553652842,1.0876917980719352,1.3464344051398554,1.1346411173421536,1.2666561943786183,0.0276687732338322,-0.4731816314203487,-0.4397846692605648,-0.1236835645914153,0.9370675754135378,0.8717269984200914,0.6525294382963938,1.0119485919554827,1.019292447004715,0.8568167678447053,0.4851442748518219,1.1728135659063927,exact,9
UBERON:0004230,exact,direct,neck of bladder smooth muscle tissue,Mistral-Small-3.1-24B-Instruct-2503,-1,0.5794848835262613,0.1846371556003125,0.0527873741608596,0.5050698293213783,0.4735881976341728,-0.0100201346596188,-0.1006213688814798,0.3617672798439229,0.5684913277951313,-0.0698422462481979,-0.0214383279782005,0.494342697730072,0.6687041941586415,0.1711117142417008,0.0853654932382744,0.5759964692400856,0.7665183157540406,0.503084204079513,0.3130233661021944,0.7425622680557266,0.8029740360684535,0.2934623190853729,0.1604411286873345,0.7530700225651642,0.6693208165516638,0.2491739835192829,0.126046822019387,0.5881492884704015,-0.1901401309023131,-0.5636155528685591,-0.5298348958522414,-0.3334771668937524,0.8097872315685738,0.5224559207865888,0.3368574988734228,0.8058053454800448,0.9595671542721248,0.624494725844798,0.3073516069526286,1.0427446192226515,exact,9
UBERON:0004230,exact,direct,neck of urinary bladder involuntary muscle,Mistral-Small-3.1-24B-Instruct-2503,-1,-0.2042384866829922,-0.5560094374879225,-0.4972413173194752,-0.3890772761422398,0.0581309382249481,-0.400030547660772,-0.3889262880633095,-0.1162805830523315,0.2088371784098118,-0.2368453187274864,-0.041934006967384,0.0809855355587069,0.747504497733546,0.3392014632036954,0.260247442208908,0.6750138665659273,0.4369677446906088,0.0061614447879949,-0.0457992330833851,0.303796506445102,0.2024001847483232,-0.3195682706840898,-0.3277860093067633,0.0242638423851047,0.212314854133001,-0.194661848044658,-0.203970425364594,0.0476792040957255,0.0274786504153033,-0.4721729588389889,-0.4339836979902253,-0.1238723574654758,0.0912797001523096,-0.405917007168762,-0.2978620097772563,-0.0798738545496413,0.4384951423049727,-0.2532922992901147,-0.2847614269820454,0.2604148601985417,exact,8
UBERON:0004230,exact,direct,neck of urinary bladder non-striated muscle,Mistral-Small-3.1-24B-Instruct-2503,-1,0.5254459281231941,0.0948976802066692,-0.0049097515253142,0.4310892438556896,0.4601118513168126,-0.0165973779633116,-0.08771553922622,0.3447037020275087,0.3021986117163772,-0.1772107293465721,-0.0405898988737854,0.1830013375630919,0.7294618624273611,0.3309796482011196,0.2301495447801229,0.6519773005266754,0.5415929417278085,0.1495355034637565,0.000264605099563,0.4338571816465261,0.3866788735232177,-0.1911662011112038,-0.239419915478359,0.2230711924728221,0.5084280325864299,0.0022234736328724,-0.0755711426376193,0.3831448149743696,-0.1335778592685492,-0.5526014781622106,-0.4860842634518426,-0.2801809895066798,0.309795555260548,-0.112431432996594,-0.2066625869122224,0.1565527533522294,0.5594308103012944,-0.1390526034536779,-0.2116995241892314,0.4103398108505557,exact,8
UBERON:0004230,exact,direct,neck of urinary bladder smooth muscle,Mistral-Small-3.1-24B-Instruct-2503,-1,0.9393800437743416,1.0912838912762537,0.8988291017532455,1.0973000088835447,0.8720186984082449,0.73481528967173,0.4998737897811587,0.9439908273087952,0.3996906697959314,-0.1448439677628122,-0.0319000955480663,0.2931891033361337,1.3023326320259931,1.8085402953577805,1.6976387946330531,1.5604838096854323,1.1570076943197662,1.7841210635305755,1.4191617729898718,1.450422858247551,0.9332566407848856,0.5674277499273874,0.3990290513704412,0.957735982849856,1.2091908133105462,2.137808557746164,1.928839005905229,1.551753744350814,0.2361000770637706,-0.3690531452002138,-0.3525993505556274,0.0901939446177684,0.964112101729912,0.9572737236806892,0.7451701349658713,1.059279788270828,1.1871573421994932,2.9355190093959567,3.03694691924766,1.7379973701045768,exact,9
UBERON:0004230,exact,direct,neck of urinary bladder smooth muscle tissue,Mistral-Small-3.1-24B-Instruct-2503,-1,0.8770662299299896,0.8555172049177536,0.6564568363126253,0.9774125016876783,0.8451949140072852,0.663149494642039,0.4457750468441379,0.8984432731385253,0.3121543680056205,-0.222931574160922,-0.0348809295502994,0.1940747828033102,1.1056939134839348,0.9665979893631816,0.807573640697282,1.1932966124782098,0.9228143317336484,0.8669790025414192,0.6053339467493642,0.9898333959774812,0.90234697168877,0.4912118036219042,0.3202820000114392,0.9066106405614144,0.7501107220997214,0.3657387898551008,0.2199105630055235,0.6994513525448024,0.0145053339756328,-0.4793340822962753,-0.4554620312345539,-0.1367299082921901,0.8560469470910969,0.6566460309198301,0.5043903810727296,0.8778933263254883,1.1344214319840351,1.7714686149347698,1.3900531621708827,1.4988332167915688,exact,9
UBERON:0004230,exact,direct,non-striated muscle of bladder neck,Mistral-Small-3.1-24B-Instruct-2503,-1,0.5127423309597631,0.0661045815581704,0.0072276654407669,0.4140826226065305,-0.1959805824091101,-0.5716497182724738,-0.5114244331767942,-0.3721621552237217,-0.5315710582909386,-0.5412373766140439,-0.0643029757412207,-0.6404392589602759,0.1315329009955905,-0.2787274791339769,-0.3112268004763724,-0.0163139137056332,0.3098370450068226,-0.1372393706801909,-0.149105976082958,0.154664496158855,0.519459321472871,-0.0761977916084663,-0.1263486385568335,0.3775273343872736,0.4735494795555813,0.0013145773894521,-0.0652916535854146,0.3411312147974916,-0.398221491446733,-0.6363716346095059,-0.559343939751751,-0.5232713627705619,0.1629561661877022,-0.2470749095056851,-0.359286653774811,-0.0045590266084207,0.2970939224436105,-0.372223894828562,-0.3483354213580938,0.0986124302934429,exact,8
UBERON:0004230,exact,direct,non-striated muscle of neck of bladder,Mistral-Small-3.1-24B-Instruct-2503,-1,0.2502085071593927,-0.2306460273109509,-0.250081619434624,0.0893515707042535,-0.1480445802295363,-0.5516888966191523,-0.5028704345594976,-0.3255221706350633,0.418058153063952,-0.0951419465230026,-0.0199360815173085,0.3144056619090095,-0.0838635235879744,-0.4424763305622888,-0.4330271601721947,-0.2255185233044122,0.2274342761230072,-0.2098105386217468,-0.1913059850803981,0.0624777450667738,0.4721505205162602,-0.1215147003678217,-0.1692698145400533,0.3212522124631194,0.4168834002542438,-0.0723080996037649,-0.138647037816866,0.2744529242856035,-0.4531288636883659,-0.6535975122139644,-0.5760043986049154,-0.5718545519381338,0.1324795135504559,-0.2608881499131705,-0.3515693560947844,-0.0368299708614649,0.2726623023595461,-0.3964379921399126,-0.3657123533894916,0.071884812825618,exact,9
UBERON:0004230,exact,direct,non-striated muscle of neck of urinary bladder,Mistral-Small-3.1-24B-Instruct-2503,-1,0.4633156601222717,0.0017525148972614,-0.0730691441693206,0.3492016326480359,0.1143551185908297,-0.3679146362668449,-0.3621185752101095,-0.0564883629675901,0.0528809815862852,-0.3271342151029741,-0.0515439310432243,-0.0827689161421712,0.4364053157850059,-0.0294401828654133,-0.0877677508556322,0.3047093940200828,0.4434201144364281,0.0212897205950748,-0.0538807624568066,0.3116128935171532,0.5063156004035412,-0.0894859180470671,-0.1617307550290711,0.3617443901384889,0.54006919961182,0.0300322469106468,-0.0524178545264826,0.4219470668917415,-0.4295844252899238,-0.6475310453808882,-0.568485100514988,-0.5510935219837224,0.2372419346749138,-0.1724216031024336,-0.2776146167675438,0.0757287626187954,0.4219089686432395,-0.2783334290147489,-0.3018489725451644,0.2407495936786059,exact,8
UBERON:0004230,exact,direct,non-striated muscle of urinary bladder neck,Mistral-Small-3.1-24B-Instruct-2503,-1,0.6797683532312995,0.3471857086630988,0.2144954256343237,0.6503221427715498,0.2346342662457381,-0.2567711948806652,-0.2733708833977422,0.0760068616438599,-0.1306225916115792,-0.3879242528671214,-0.0550707613965492,-0.2663393281045709,0.6455291038381084,0.2128065182611291,0.1261315051719373,0.5476254874105,0.3907293629688938,-0.0496150985502717,-0.0940726129420794,0.2485104242402123,0.5811835834153604,-0.0127449049256131,-0.092150530299507,0.4532786839813825,0.615436279735117,0.1351718051752493,0.0486290885020369,0.5172500673671891,-0.2589904948328746,-0.5907664841958221,-0.5135770027426313,-0.3973278599398671,0.2971400809305337,-0.1355714059529027,-0.2623330776903149,0.1422728029217748,0.4792337735596837,-0.2242626489522409,-0.2660941469276417,0.3095836287778377,exact,9
UBERON:0004230,exact,direct,non-striated muscle of vesical neck,Mistral-Small-3.1-24B-Instruct-2503,-1,0.183999906137417,-0.2753113203191042,-0.2689151908632939,0.0140873108085074,-0.8774027075133696,-0.8810345338031479,-0.7379959687242569,-0.9738523646404929,0.2126129689294982,-0.2387386399456384,-0.0368662037801438,0.0850497989165822,-0.6849877781909822,-0.7012762531797923,-0.6347935198864479,-0.7558508709548853,0.1161125305786763,-0.3084170000731467,-0.2731609424352189,-0.0572098256098335,0.1281771990147535,-0.3601650138984199,-0.3658434724619858,-0.051632655019125,0.091387478085782,-0.3126378362301541,-0.3243707646841268,-0.0778377873364151,-0.4747974887770033,-0.6602928089943554,-0.5948791243220695,-0.5908685096206467,-0.0639530642867847,-0.3997136176269957,-0.4880402859396647,-0.2365546406621409,-0.0409429575903975,-0.544094259958383,-0.4611548721795383,-0.2461429037486995,exact,8
UBERON:0004230,exact,direct,smooth muscle of bladder neck,Mistral-Small-3.1-24B-Instruct-2503,-1,0.5700920640386324,0.1501728109608068,0.0351121419152605,0.4920126258627631,0.1973696914657933,-0.2948736242607011,-0.2967377142832689,0.0342487691823378,0.2834974610973659,-0.210429353105658,-0.0396503173680864,0.1623053053026206,0.8197376997959168,0.4418354530943015,0.3783517749193827,0.7696174295150756,0.7643833722480562,0.4948747219094421,0.2944644723120232,0.7394024164912391,1.1879860700085871,1.776006165418602,1.5852331521869958,1.4875702665232424,1.0501821553819906,1.1910457031529358,1.0001313337520223,1.191418859893159,-0.0920440877554691,-0.5662886724107968,-0.5352295066319562,-0.2405367544199129,0.8416207214807659,0.630371413885024,0.600848221952279,0.8550962898012573,1.0530427277662906,1.0356004420757654,0.6614665350820801,1.2551341463336694,exact,9
UBERON:0004230,exact,direct,smooth muscle of neck of bladder,Mistral-Small-3.1-24B-Instruct-2503,-1,0.4576257389759539,-0.0062414219070783,-0.1015685967914242,0.3418584162878754,0.0670822949150605,-0.4143928744000504,-0.3994356377235457,-0.1068462200649015,0.5094006487427246,-0.0761421697601454,-0.0270834053741085,0.4222814482182359,0.4977199692771148,-0.0327985463772431,-0.0621386322773325,0.3736920750668404,0.6130335968405115,0.2423236447374818,0.1456860596916807,0.5271342400880593,1.1096493251011816,1.2190185827243118,1.0577085012685676,1.295565018279847,0.99991908739422,0.9913877951084106,0.7960432878009522,1.096985291665041,-0.2490640309657216,-0.5860246449300099,-0.5531542957485072,-0.3881891882446651,0.6487496627709122,0.2838425055290932,0.1525036640215578,0.5744955714196516,1.0301895883850618,0.8817061367603712,0.5209888609565122,1.1985676277791704,exact,9
UBERON:0004230,exact,direct,smooth muscle of neck of urinary bladder,Mistral-Small-3.1-24B-Instruct-2503,-1,0.630322910659821,0.2502674874383206,0.108218633742415,0.577304927878338,0.5004810954857631,0.0243835562827731,-0.0440883327241898,0.3962096464631022,0.362986876334204,-0.188877925358532,-0.0385869083488136,0.2512378305251905,0.9461504108195974,0.6160604891328593,0.479356846763681,0.945756094987575,0.7881810775430018,0.550419231127876,0.3862785049995118,0.7749200328578618,1.1446697109311414,1.4305915635395547,1.2723066755650172,1.3766030805127831,1.1431277522374454,1.61052676710114,1.3433866661617648,1.3873419908004725,-0.067402899730346,-0.5139083976760517,-0.4877785544714275,-0.2168048980621538,0.7262609580150025,0.4064820054979001,0.2650455850760594,0.6824089906905539,1.1706779830214105,2.3423448734767573,2.119124020146131,1.6489645411752327,exact,9
UBERON:0004230,exact,direct,smooth muscle of urinary bladder neck,Mistral-Small-3.1-24B-Instruct-2503,-1,0.8636082871600391,0.7986321255835389,0.5696714553089074,0.9528036266913325,0.6736467874300283,0.2963070808546713,0.1480394149249469,0.6323097749684453,0.035791209512369,-0.3426135315154805,-0.0532816830414899,-0.1002554837709231,1.2386290852926862,1.541573451386831,1.4479000851368655,1.4311998451608747,0.9114502953996684,0.8246671466629469,0.584321656025617,0.9706488233877556,1.2193616127284386,2.111748486181177,1.941474020413572,1.5781956421811818,1.199925120996435,2.080322639227628,1.876692003073776,1.5269454623186414,0.0075597417542585,-0.4921822260873135,-0.478144947236448,-0.1435933970176844,1.0292631670036048,1.1867991514504688,1.1134512334043571,1.1797714199283176,1.1984941258024016,3.4464344600440766,4.0329394595488735,1.8158366714877991,exact,9
UBERON:0004230,exact,direct,smooth muscle of vesical neck,Mistral-Small-3.1-24B-Instruct-2503,-1,0.3057276485498145,-0.1555971478669548,-0.1834197246645334,0.1542947534118934,-0.8445311079044117,-0.8647715368692165,-0.7200933649131854,-0.9469843372032182,0.4184249177531031,-0.1074386485422618,-0.0248275513489345,0.3148308709675377,-0.3207509772872369,-0.5651607194054193,-0.5312846238629919,-0.4426780115650573,0.449077282552488,0.0155359563342425,-0.0406090295925185,0.3184870304116797,0.8353459778856008,0.3580604320603051,0.2189976622703851,0.801459638040722,0.7348130538958426,0.3643962716261279,0.2506351093082236,0.6778729757344185,0.4186658801168765,-0.2627634151276304,-0.2792355537785622,0.2907349709489997,0.3720620902895587,-0.0554922131344393,-0.1272453500749363,0.2280044305211564,0.9016303591256828,0.4474607810464907,0.2055733493521008,0.9302532274553268,exact,9
UBERON:0004230,exact,direct,smooth muscle tissue of bladder neck,Mistral-Small-3.1-24B-Instruct-2503,-1,0.610024408975083,0.2220318457481756,0.0940994671599739,0.5481367513387536,0.0514494536268976,-0.4150230223353395,-0.3878032389131366,-0.1233021294054506,0.0292998978524414,-0.3458961787161381,-0.0491968706019568,-0.1068753246600832,0.6386278111915411,0.1248462596895765,0.0539427801337527,0.539238850714966,0.6731188591152104,0.3266885279906865,0.1938763954391577,0.6088114835769212,1.0901834137290092,1.1158743391776296,0.9537064141132956,1.253144261383718,0.5742276992817568,0.138568364240559,0.0343688034619292,0.4646175991671005,0.5472456001646657,-0.1685196213606536,-0.1932183661681832,0.4411806053564671,0.718904154855641,0.3770618263752546,0.2541854466718683,0.6719126782119303,0.9945961127655168,0.7560803102378159,0.41673849908706,1.1169440895793674,exact,9
UBERON:0004230,exact,direct,smooth muscle tissue of neck of bladder,Mistral-Small-3.1-24B-Instruct-2503,-1,0.4883251717883697,0.0402214939570026,-0.0656972253675787,0.3817810926111668,-0.0565150749257462,-0.5002748232977258,-0.4636551493829687,-0.2344502144108062,0.5175156542363651,0.0209576678947761,-0.0146303414882785,0.4320666499731649,0.3586096333519938,-0.2045033739040734,-0.232960926291356,0.2195197570339243,0.5426150351269285,0.1400908841750199,0.0709804781319418,0.4351645710081921,1.0155599668315265,0.8081826019243498,0.6763639015261527,1.103922259335839,0.5942542343485206,0.1383736365567603,0.0321831461682534,0.490032572011384,-0.3217334686854478,-0.612394713605879,-0.5682124227562412,-0.454589283818004,0.5443432505837161,0.1376412267173037,-0.0052945631264927,0.4374351387032132,0.9718864247198185,0.6544520431198374,0.3382267902929519,1.0682331493844035,exact,9
UBERON:0004230,exact,direct,smooth muscle tissue of neck of urinary bladder,Mistral-Small-3.1-24B-Instruct-2503,-1,0.5925347148943436,0.1950006980825636,0.053794824192392,0.5233560510719827,0.4152098519643636,-0.0788435724396849,-0.1239893254465756,0.2887476480709346,0.3465940726255055,-0.1538703110824925,-0.0382566384541571,0.2326873710391904,0.8067689541460326,0.3381533607969821,0.2046368895055965,0.7523383068725528,0.7133370458898884,0.406490786998645,0.2426040206801298,0.665320903475384,1.045686968239766,0.9190025641113032,0.7796904891470063,1.161899772402612,0.705361403602104,0.2780131802448612,0.1490858092162725,0.6370097506760738,-0.1566658074034797,-0.5503645383264676,-0.5128575416074772,-0.3020303210210374,0.6393383020097622,0.2683288828998219,0.1057979426696268,0.5617731104495215,1.1257730708923308,1.6531793618854036,1.2461047119002402,1.4683796080744291,exact,9
UBERON:0004230,exact,direct,smooth muscle tissue of urinary bladder neck,Mistral-Small-3.1-24B-Instruct-2503,-1,0.8241730455495436,0.6885815707051215,0.4406656265683577,0.8829488993589751,0.4647999176253238,-0.0131898078863385,-0.0917848779608715,0.350625147003135,0.0388888894525337,-0.343519794615155,-0.0500822582145894,-0.0970921847458216,1.052746324781415,0.8599515860026176,0.7126144167119524,1.1073795858758304,0.7885700348619059,0.5394232385622114,0.3328407068750466,0.7755060308238697,1.1316492086814771,1.3430024738764383,1.1978680829059642,1.345695335564003,0.6903968518171747,0.28206403126421,0.1649611661652657,0.6165743653287331,0.5910564467716437,-0.1224681644082469,-0.162652302734778,0.4944924458975223,0.8957784023423839,0.758115429653225,0.5919856458350528,0.942284955846347,1.137995331084342,1.822777587183522,1.456810892424709,1.5118879417549085,exact,9
UBERON:0004230,exact,direct,smooth muscle tissue of vesical neck,Mistral-Small-3.1-24B-Instruct-2503,-1,0.382646566685552,-0.0700718558761297,-0.1178281694447141,0.2473293604379079,-0.8661294495043159,-0.8776891481605518,-0.7363853120787738,-0.9646585903486992,0.3377767108278769,-0.1935342835648128,-0.034430462922224,0.2227556801543085,-0.2816153934808945,-0.5655101982805633,-0.5278140712753298,-0.4076196623449215,0.4705347613120277,0.0442520171727419,-0.0273407879975708,0.3447424123290016,0.7608362421828093,0.2261057859316492,0.1001533614512335,0.6921283154416057,0.3071604785432968,-0.1337702995797546,-0.1700239509913672,0.1503299223853145,0.3752655814984956,-0.2870318148079012,-0.3153377881398804,0.2417785167371782,0.3446529765073139,-0.0944169740095321,-0.174700051255719,0.1963022654333964,0.836941030969334,0.2926895746385094,0.0631918767886121,0.8161293250425492,exact,9
UBERON:0004230,exact,direct,trigonal muscle,Mistral-Small-3.1-24B-Instruct-2503,-1,-0.57869077901338,-0.7495986026401371,-0.6539163473773496,-0.7327224393315825,-0.845445113875112,-0.8857523019406741,-0.7627352619473591,-0.9477338915595456,-0.1042359311894759,-0.3864538100105196,-0.0622026806769767,-0.2404861604619299,-1.3996641188287973,-0.9481355798831436,-0.8224351355909139,-1.3178135956120054,-0.704323785681596,-0.8093769764023603,-0.6066262933037784,-0.8174273831394634,-2.315423322356172,-0.9816338908894844,-0.8266726526608623,-1.9486151897763413,-2.0704632622153323,-0.9689294954725244,-0.8353538885581171,-1.8144501724502715,0.0840287033589303,-0.5078302439897967,-0.4992561941391262,-0.0672395322924466,-1.3058966758213226,-0.916052781917928,-0.8643051569153262,-1.284652125533059,-1.6183291989774915,-0.9341699454618166,-0.6717585964354009,-1.4742326168839122,related,8
UBERON:0004230,exact,direct,trigonal muscle of urinary bladder,Mistral-Small-3.1-24B-Instruct-2503,-1,0.4546236520368287,-0.0079861483686063,-0.0845574170201376,0.3379941065635782,0.3770460257705948,-0.1156754573648019,-0.1430504964895883,0.2422176874210421,-0.186801089758628,-0.4338436384642893,-0.0633100779906679,-0.3208205361176226,0.5708599105193266,0.0815669699587662,0.0042542405255402,0.458318882608392,0.6181505464580935,0.2492829001544748,0.1155166445588283,0.5339696525208456,-0.8430251708795452,-0.7300426917413749,-0.6523639219906205,-0.9051586301677444,-0.4390582189085957,-0.6122402772936228,-0.5739900782116223,-0.5751622467139073,-0.2935820953578189,-0.6012867468984017,-0.5490083425849576,-0.4290032049672865,-0.588121178846336,-0.6311106367870233,-0.6693083070319489,-0.7151169911232477,0.11194262530539,-0.4791757005170271,-0.4064664025434342,-0.0963940925971058,related,8
UBERON:0004230,exact,direct,urinary bladder neck involuntary muscle,Mistral-Small-3.1-24B-Instruct-2503,-1,0.1479122904212911,-0.3010741582009104,-0.3087012625826188,-0.0260108787922268,0.3539698988161938,-0.1335222397125471,-0.1856658068713824,0.2145157958463007,0.3674757990354191,-0.1428885622121253,-0.0277630465754049,0.256337342420027,0.9467536749622828,0.6883170450991084,0.5835975562017515,0.9466337096585437,0.2483839494939777,-0.2090241787658556,-0.1767002854743783,0.0856088587409641,0.2979731128189522,-0.2554175472668163,-0.2752723170629162,0.1253713016003649,0.1829671753041732,-0.2066222591175272,-0.2249584799819076,0.0166956862452751,0.8452750925250923,0.1450148883584693,0.0841944615528063,0.8299660715074396,0.0387519397263483,-0.5042701978271176,-0.3242482820672577,-0.1338299394582465,0.453608101711526,-0.2383655266968479,-0.2692508879591905,0.2785083076458601,exact,9
UBERON:0004230,exact,direct,urinary bladder neck muscle,Mistral-Small-3.1-24B-Instruct-2503,-1,0.4918883249988877,0.0469602371090887,-0.0315676941477023,0.3864638305451184,0.9766859717768672,1.0781270457016046,0.8855666481686404,1.135614293436538,0.0584725074715694,-0.3023886137554104,-0.0513162570388771,-0.0770289914102744,1.357424613838561,2.209993437251695,2.1333033891725823,1.6838049947288656,0.8415654695625816,0.6426249656079067,0.4815068931921413,0.8571051296961777,0.7668747249564217,0.2340708938359162,0.1089619826040097,0.7007282562443848,0.8459210386118957,0.5470622749756331,0.4286841214597479,0.8407839140109122,1.177007153516108,0.8646753726860246,0.7259531996318124,1.375213378477813,0.8810605067593565,0.4858070463795402,0.7131769544508259,0.91814669931169,0.9452307929230306,0.5639965669093303,0.2732373685319799,1.013831808580452,exact,9
UBERON:0004230,exact,direct,urinary bladder neck non-striated muscle,Mistral-Small-3.1-24B-Instruct-2503,-1,0.5254577473631119,0.1036489042214134,-0.0130631678579431,0.4311051322421239,0.6567869882542644,0.2714049533752243,0.1513011306775371,0.6080915457770458,0.4932780116780808,-0.1056788328016172,-0.0299345932586377,0.4029415608797876,0.9290681654758004,0.6767717449495985,0.5273278288871249,0.9210633640319996,0.5499468805882697,0.1563359801117469,0.0079370013512281,0.4445651728473058,0.611856702802118,0.0234559459396861,-0.0465489384833561,0.491995919570259,0.6939795861786311,0.2669973899386291,0.1960172328380705,0.621447429792535,0.4416717186540875,-0.2511820506864848,-0.2524674118136082,0.3170409513423652,0.5705592340119647,0.1244613085387776,0.0220483223971953,0.4710440603109487,0.5818592718079127,-0.1109877971986035,-0.1907823858177394,0.4395616831217291,exact,9
UBERON:0004230,exact,direct,urinary bladder neck smooth muscle tissue,Mistral-Small-3.1-24B-Instruct-2503,-1,1.1652617093401585,2.826227805682848,3.019891956839104,1.682096675715605,1.184565253272742,2.406379797468068,2.3552297225334136,1.6285047496655178,0.5851746953446577,0.0024013980298886,-0.0166603349078602,0.5150394848915666,1.4101420365884745,2.5189062640380206,2.562544208887549,1.8156445852109109,1.2081879948655565,2.1189572027266435,1.7917961191330558,1.576614082891106,1.2444278955154122,2.482981748408528,2.379989889003294,1.6594820724342323,0.8213389224570979,0.5316544999911341,0.3905634107324191,0.8034258172497105,1.3221363562328123,1.6686625075039274,1.4963077264819042,1.6925164937481685,1.1271606206089344,1.5751762670575349,1.420063485075875,1.3832340459093704,1.157607399104175,2.13740532900685,1.880991192366468,1.5895858308655686,exact,9
UBERON:0004230,exact,direct,vesical neck involuntary muscle,Mistral-Small-3.1-24B-Instruct-2503,-1,-0.4046044990144659,-0.6469456052307619,-0.5614989218388707,-0.5774201161855653,-0.9283012694025624,-0.8896955431318626,-0.7648325793772855,-1.0150999887103234,-0.5662913205796497,-0.6203426178697216,-0.0932293215573425,-0.6713888225022231,-0.4629407043113751,-0.5953458173185008,-0.5748571832063604,-0.5676141309617929,-0.0572824813147518,-0.4450116299925071,-0.3791174650216418,-0.2340287526044953,-0.2465658393432486,-0.5326443999073037,-0.4987989139993077,-0.4068791781749411,-0.065478552203141,-0.3556081067399176,-0.3504642513493831,-0.2330077498921659,-0.1505330024500068,-0.5939944983775547,-0.5504530129203213,-0.2962394067554644,-0.3136969081629165,-0.6631663171825264,-0.5916619510627928,-0.4730556858404794,0.0784343541710227,-0.4816626671394744,-0.4234698110775011,-0.1299996698632899,exact,8
UBERON:0004230,exact,direct,vesical neck non-striated muscle,Mistral-Small-3.1-24B-Instruct-2503,-1,0.0579004354542416,-0.3795026244504573,-0.361843360784321,-0.1234229730025508,-1.1577944236108428,-0.976112306391648,-0.804348071326441,-1.1960884456567031,0.1561000337259202,-0.2834168042419178,-0.0397494617327056,0.0247309780900818,-0.6627558768185855,-0.7029124219655225,-0.6603430907209731,-0.7373485988557444,0.1215773809092782,-0.2924708854080282,-0.2974030600621596,-0.0514546403522549,0.094847649210205,-0.3769931115943657,-0.3733343901757776,-0.085033242024863,0.0695237060743586,-0.3273878304371637,-0.3306143919244678,-0.0999533825979247,-0.1733575156255875,-0.559882602104313,-0.5378731052380369,-0.3177448955921031,0.1842230534861033,-0.2658437700889079,-0.3433724831023479,0.0181850394956444,0.0929750562714483,-0.4728298317063612,-0.4224733973497354,-0.1154741371713851,exact,8
UBERON:0004230,exact,direct,vesical neck smooth muscle,Mistral-Small-3.1-24B-Instruct-2503,-1,0.377277850765236,-0.0878890899561963,-0.1417531854783331,0.2407122637379286,-0.4285807356732714,-0.6850119905519814,-0.6070663401571652,-0.5893555073920653,0.2695392360073135,-0.1887785004465836,-0.0299020381208139,0.1469455665030936,-0.2657617920122209,-0.5759388437943771,-0.533352627972804,-0.3933305109959599,1.0011092791550382,1.0954196448757318,0.8140344240569989,1.1284564419818437,0.9471461399571915,0.6229357699370748,0.45415984144876,0.9813213448078532,0.785106701726234,0.4539656626028541,0.3378988034391313,0.7497846748972499,0.7777345721771979,0.1005170509801183,0.0326469329365011,0.7358528525925369,0.5880265480140869,0.1748558310294015,0.0379731288352119,0.4937258081140899,0.9014817476701692,0.4483765965813947,0.1765468988073985,0.9299784654173096,exact,9
UBERON:0004230,exact,direct,vesical neck smooth muscle tissue,Mistral-Small-3.1-24B-Instruct-2503,-1,0.4560864567890101,0.0079074999814855,-0.0541757861470449,0.3398761743712755,-0.5229796140116728,-0.7352044709103684,-0.6382997763939984,-0.6736622749624417,0.5298332519708551,-0.0232321218448755,-0.0140288773735803,0.4469856674390863,-0.2097638901157286,-0.5568710191683544,-0.5096160891460237,-0.3424427285216621,0.87753537806523,0.7483220892887189,0.4895357615886472,0.9146341552715836,0.8535234159212699,0.4009179936771493,0.2519125414218692,0.8292859431205255,0.393533855622683,-0.0470056052370605,-0.0796314651217699,0.2475114307245808,0.6233758596787449,-0.0705113240274308,-0.1305779646543474,0.5345623134593048,0.4898081144633144,0.0203365615819148,-0.0857387925121455,0.3690915976696076,0.8411501408395626,0.3016870348114139,0.0706751483547602,0.8232492288919478,exact,9
UBERON:0004275,exact,direct,chorioid plexus of cerebral hemisphere epithelial tissue of third ventricle,Mistral-Small-3.1-24B-Instruct-2503,-1,0.8215387455466846,0.7210812090134566,0.5409631309386852,0.8783945879872128,0.8800195510132789,0.7909440273268021,0.5933379528598549,0.9578270507563962,-0.7517010695438996,-0.6350928860612831,-0.0933399055726854,-0.8333799479884706,0.553900529563042,-0.039061840780951,-0.0922774393513899,0.438456233406756,0.2914307203266857,-0.1522827130025267,-0.1896143729865034,0.133787416606745,0.5650947804340231,-0.0038386974713781,-0.0793514183518415,0.4332641800314008,0.6788136151636393,0.1245273776850297,0.0432303439284179,0.6009016158872816,-0.2633877570393136,-0.5921126911473814,-0.572953004419392,-0.4013690880886481,0.5392554682413611,0.0838819667118568,-0.0230048129411386,0.4309710685394139,0.4944473553059078,-0.1742212326939669,-0.2563388649051197,0.3282773437779184,related,8
UBERON:0004275,exact,direct,chorioid plexus of cerebral hemisphere epithelium of third ventricle,Mistral-Small-3.1-24B-Instruct-2503,-1,0.8218126738130151,0.7228648484739275,0.5392144899857515,0.8788675470227236,0.9007365019787356,0.8510517518702201,0.6563844771447415,0.9942223690111636,-0.8727430382829836,-0.6588543709340332,-0.0959057978617537,-0.9363974684336224,0.6987723861665743,0.1236385218357341,0.0761668942481653,0.6132998845261434,0.2965606351882312,-0.146301732268056,-0.1904858758950546,0.1395889360214112,0.5133527641044433,-0.0575172294204646,-0.1217055377738973,0.3701800597779931,0.8069309238078678,0.3104612697428374,0.2058989836923462,0.7818992668923027,-0.3072904881961205,-0.5830666097394718,-0.5533513039436871,-0.4414836398800922,0.5005927546792437,0.0443147946809261,-0.0623097739630121,0.3824454693291169,0.4625314971983303,-0.2271772526664122,-0.2888023152256057,0.2892719471009344,related,8
UBERON:0004275,exact,direct,choroid plexus epithelial tissue of third ventricle,Mistral-Small-3.1-24B-Instruct-2503,-1,1.0805066351389092,1.91689772217056,1.781980574425037,1.4209857421884124,1.083616128236926,1.6328861086939466,1.489542189805773,1.3629914253098212,-1.0146936731258327,-0.6672019707538616,-0.0969869196335881,-1.054744662731859,1.0409902506362776,0.7731467087391518,0.6063590796657884,1.0888546503343732,0.6164866734827819,0.2400589444060039,0.0452216358861972,0.531744618736718,1.1752565010831333,1.70625394260571,1.5287308798072905,1.4534937529603251,1.145411454884369,1.427378500830282,1.2975795218333896,1.3926037924342665,0.0630633860745683,-0.4298572548164615,-0.4388522625073456,-0.0883489061082481,0.887307820218657,0.6789551583225306,0.4395546811471406,0.9283503796839812,1.1380562205001428,1.8884233599356672,1.5035262634216966,1.5121129236017752,exact,9
UBERON:0004275,exact,direct,choroid plexus epithelium of third ventricle,Mistral-Small-3.1-24B-Instruct-2503,-1,1.101545577442028,2.10096240697822,2.045035752743951,1.4788692850659586,1.1192328519804848,1.866678114913532,1.7009119108557726,1.4492137838050827,-0.9572736399449944,-0.6413826148266432,-0.0959907455707372,-1.007177431455086,1.3468300177033734,1.9788338136770325,1.7968896179501967,1.6590906139453,0.5832286618424923,0.1933629204115469,0.0253698633598876,0.4877403314067208,1.28397771388308,3.430942250068774,3.737975292955064,1.8138356807532656,1.2704960586030811,2.6913603578107987,2.5957338010939144,1.7372144022288154,0.0914801493519689,-0.4150719515520834,-0.4194055728705595,-0.0597039718771744,1.066042893536108,1.260586105136831,1.1523678667627566,1.252567279238815,1.197869235272446,3.4298809753575545,4.063192865840742,1.8109689963730649,exact,9
UBERON:0004275,exact,direct,epithelial tissue of chorioid plexus of cerebral hemisphere of third ventricle,Mistral-Small-3.1-24B-Instruct-2503,-1,0.6885417054973534,0.4099070896660223,0.2394404244313167,0.6635886461832854,0.6557914439429324,0.2994664034627934,0.1503739319401043,0.6066707423523385,-0.7382242952682522,-0.6506673423678324,-0.0942207037385013,-0.8217820514569926,0.3300461205431286,-0.2381265222189246,-0.289872276210956,0.1888503529770559,0.164846721763359,-0.2676127480947647,-0.2678685897340179,-0.0054588179657857,0.586592281110682,0.0203333952768728,-0.0322319293293957,0.4600517140149354,0.5354732531315267,-0.0383693450505217,-0.0919364309137096,0.4162687832145278,-0.5021057724851916,-0.6648882769204449,-0.6188548504200475,-0.614706660314869,0.3487342114929125,-0.1082792642294449,-0.2149641633964301,0.2009973688597833,0.4889451193679101,-0.1895767421488939,-0.2597369027450161,0.3214948947334424,related,8
UBERON:0004275,exact,direct,epithelial tissue of choroid plexus of third ventricle,Mistral-Small-3.1-24B-Instruct-2503,-1,0.9327313736958668,1.0907153351608467,0.8791421549604969,1.0839956373429522,0.8717725302750996,0.7749343859497804,0.6213295634354505,0.9435669962812993,-0.8014140411665645,-0.6528176504671733,-0.0987447613142205,-0.875936527724692,0.8114074943225812,0.3185377736838078,0.1762931052060579,0.7585031511427768,0.5195174530060102,0.1072067574634172,-0.0150233559133203,0.4058016180413865,1.0630045366727687,1.029213406242364,0.8255479213121424,1.1965475001038934,1.025268961464418,0.8756984992593685,0.7171291456523012,1.14378294922833,-0.2370677209893913,-0.5594822495919572,-0.5323213998027668,-0.3771152508761181,0.7542734283093939,0.4018088550846374,0.2112986951125041,0.7229029304427916,1.1223513953315258,1.6729307030217389,1.2811066582192183,1.456736071577425,exact,9
UBERON:0004275,exact,direct,epithelium of chorioid plexus of cerebral hemisphere of third ventricle,Mistral-Small-3.1-24B-Instruct-2503,-1,0.7023041675075393,0.4388171667492455,0.265386322642378,0.6845999668520437,0.6933829486410291,0.3656144321886745,0.2228499501840047,0.6610463189836008,-0.805630488107109,-0.6642101296391635,-0.0954955315341254,-0.8795299385872187,0.4927861450225782,-0.1028373702619541,-0.175222151888025,0.3680774747731536,0.149783269151803,-0.2789044115285753,-0.2764763913239209,-0.0215587668892573,0.6819461535019055,0.1358192305807575,0.0709492987197372,0.5834617417033324,0.7551747440377309,0.2413964871896241,0.1328598854718751,0.7066498684440176,-0.4774411245750058,-0.6417306716513337,-0.5962225574898367,-0.5931822440626926,0.3667569852224494,-0.0919685378365904,-0.2041671002844233,0.2218368678928332,0.4461419241079539,-0.2532814504767056,-0.3011851725637964,0.2695485200226545,related,8
UBERON:0004275,exact,direct,epithelium of choroid plexus of third ventricle,Mistral-Small-3.1-24B-Instruct-2503,-1,0.94290009152163,1.1315052705680042,0.9294392145690982,1.1043984026418718,0.9622296122606764,1.0645915903845815,0.9414136806547292,1.1076337477130391,-0.8240703236957597,-0.6284528501370286,-0.0937205876894629,-0.8952160566044595,1.1236857648432812,0.9778189264420578,0.7231298387202181,1.223495371716954,0.4983733009755876,0.0827642162404193,-0.0468743499042208,0.3792475701528444,1.158408609323856,1.5657485715551749,1.3951596321794786,1.4103425379692225,1.213152329989266,1.9530054854646863,1.841363819059231,1.5625704750370837,-0.3123280097657288,-0.5846312947582927,-0.5328176656700656,-0.4460597666436525,0.8803220384216225,0.659004697006298,0.4890650410511915,0.9169446258367986,1.174802466923916,2.4476644542921235,2.337419707904852,1.6694557305630815,exact,9
UBERON:0004275,exact,direct,third ventricle chorioid plexus of cerebral hemisphere epithelial tissue,Mistral-Small-3.1-24B-Instruct-2503,-1,0.955990247355314,1.1970915659228305,1.028577684563826,1.1311393839998845,1.078896999703412,1.59653342693164,1.3607651891170631,1.3520383059423575,-0.90388686378651,-0.6901384778514911,-0.0986221049240526,-0.9625823599077582,0.6536299624547544,0.0799246845961633,0.0058919333708275,0.5575058344000793,0.4676932120100343,0.0401506386792869,-0.0489709067049059,0.3412487345611937,0.6139054058315582,0.0529450728732055,-0.0109805043101603,0.4946089565065499,0.6985645239155808,0.1540476936836533,0.0491605110636177,0.6277014301618119,0.8172292886802455,0.1874419198713681,0.1151195808856747,0.7903809804431379,0.7551112646035122,0.3513619257202487,0.2528386769309783,0.7241273073073888,0.4907754139259216,-0.1745594831290069,-0.2520400570057515,0.3237483119860483,related,8
UBERON:0004275,exact,direct,third ventricle chorioid plexus of cerebral hemisphere epithelium,Mistral-Small-3.1-24B-Instruct-2503,-1,0.9647795903577274,1.238380719999253,1.069324700358171,1.1494113907103003,1.093949753939652,1.6941784957293728,1.5018539753723774,1.3873403575464238,-1.0164385955818778,-0.7107979557522006,-0.0991820085804884,-1.0561838986278826,0.8430790665875498,0.3567401763607802,0.2651639585285507,0.8010614351750878,0.4178807447023899,-0.0322769934446868,-0.1076102750589321,0.2808220062372891,0.702831743435225,0.1658900379457798,0.0769843209935612,0.6115985828868559,0.8413479250807593,0.3828488542121869,0.2525877272567963,0.8337718628771721,1.0265887242129768,0.5569846798814838,0.3983366646945619,1.1068947137227274,0.8440791848045482,0.5685942941422683,0.4789003403344479,0.8589603792243679,0.4756898031552789,-0.2052831993578124,-0.2720214219500129,0.3052555541259947,related,8
UBERON:0004275,exact,direct,third ventricle choroid plexus epithelial tissue,Mistral-Small-3.1-24B-Instruct-2503,-1,1.2325590709333871,4.766625074939557,6.5886164539014365,1.9965456453764767,1.208660997762852,2.7180144201832688,2.647614595545241,1.7044096188673408,-0.283406062204926,-0.5337442617210133,-0.0799031194152628,-0.4128172161712311,1.2481633617636427,1.3957757297355575,1.2183916480465236,1.449792935517385,1.118258901860948,1.5643463756904823,1.156662133410668,1.3629730967013995,1.19028805616734,1.847051072529305,1.6317395777607822,1.4938819945935171,1.105534932375572,1.209292501740759,1.009877841316759,1.3041387947949972,1.274276235714492,1.4211151603425711,1.2383741726316435,1.578871216448679,1.086329683940963,1.2517023398818403,1.066293053449613,1.2944712066547968,1.1450781117731683,1.9786932485176447,1.5922832779620828,1.5386765721582767,exact,9
UBERON:0004275,exact,direct,third ventricle epithelial tissue of chorioid plexus of cerebral hemisphere,Mistral-Small-3.1-24B-Instruct-2503,-1,0.7954863597701912,0.6430124274788606,0.4618864565343985,0.8340520584577209,0.9087497794737708,0.8769833388377103,0.7119743856406877,1.0085294220467005,-0.8479920021304417,-0.6540162232081801,-0.0956432891321152,-0.9154958686631208,0.4518915527350177,-0.1087779465519432,-0.176552626317141,0.3219727411450551,0.2871846029286499,-0.1567477529378377,-0.1811332274245368,0.1289952400637264,0.5887052556849477,0.0263776483968848,-0.0357957661172652,0.4627038759308711,0.5191277156538407,-0.0516247929787919,-0.1022484816819938,0.3961907935853889,-0.2791112562549796,-0.5757473543263171,-0.549689779131267,-0.4157843755416072,0.6219632071901836,0.1940196188337711,0.0469110807143425,0.5384862407775327,0.4645217554758186,-0.2044243284649464,-0.2729470474675446,0.2916809375561532,related,8
UBERON:0004275,exact,direct,third ventricle epithelial tissue of choroid plexus,Mistral-Small-3.1-24B-Instruct-2503,-1,1.1096438425339523,2.180135161769174,2.116825830636576,1.5021419861602632,1.1440795257600318,2.0603040710260383,1.9523197787975948,1.5136699365430075,-1.163605140007166,-0.7090744980977125,-0.0983066235704144,-1.1762988603777782,0.9720539096388208,0.6181265306053305,0.4969534183683056,0.9837947200965118,0.8205574525937755,0.6089542848497416,0.3117148538779978,0.824329708746234,1.1124514123335771,1.2751308799640635,1.074347233443822,1.3018146754767648,1.1021560636315877,1.1925144776193015,1.0203994270103056,1.296949279851313,0.0501237932196754,-0.4369219073590223,-0.4606030879022258,-0.1013102107428507,0.9427029538320828,0.8240919965203808,0.5874817970045001,1.0216942956718629,1.1510143138017463,2.0874968738754025,1.7661763958167618,1.562180442394398,exact,9
UBERON:0004275,exact,direct,third ventricle epithelium of chorioid plexus of cerebral hemisphere,Mistral-Small-3.1-24B-Instruct-2503,-1,0.8169250704822949,0.7006808926856736,0.5079186661413518,0.8704502251728576,0.9371942354642387,0.9697796023136388,0.7718599166166258,1.0604204220687583,-0.7802906272175251,-0.6498516702016023,-0.0951769226573708,-0.8578968396503245,0.7055078118899999,0.1610865765967327,0.072464465305494,0.6217351240364443,0.300661974028675,-0.1416441495614782,-0.1822836467380547,0.1442366327521516,0.782324995844492,0.2920116740100143,0.1887367703124159,0.722931423483184,0.8570007271902748,0.4257517181676463,0.2862938919202932,0.8578945323914388,-0.1968584554871425,-0.542762838533285,-0.5126970266549858,-0.3397561785355105,0.6872293677227101,0.2906740791124913,0.1769587411902909,0.6273460039165792,0.4485584082960476,-0.2343644478254244,-0.2917423716309515,0.2724438662879321,related,8
UBERON:0004275,exact,direct,third ventricle epithelium of choroid plexus,Mistral-Small-3.1-24B-Instruct-2503,-1,1.1329458216566295,2.433738809278943,2.372035988588397,1.5727501884880442,1.2031800681611504,2.669128876391556,2.6669640883528176,1.6865417581388538,-1.0921718477902642,-0.6889992346623134,-0.0976721688144006,-1.1183041561101608,1.3597516653380446,2.061512096976829,1.950795017773438,1.6893045599147825,0.8710657213274594,0.7255572348202672,0.4102623372211263,0.9041494135399454,1.2369126884308077,2.4040660872853548,2.3043473039784788,1.6340957863531862,1.2915888108492246,3.106458648312989,3.16360537996978,1.813393443031716,0.098131026767243,-0.4119531909408287,-0.4196833704826138,-0.0529632534681784,1.181314012206248,1.9323048987758829,1.7522094356562932,1.512278014147615,1.1981138249596457,3.389489699522736,3.9982451933641774,1.812863875347536,exact,9
UBERON:0004292,exact,direct,cardiac fibrous skeleton,Mistral-Small-3.1-24B-Instruct-2503,-1,-0.7183691658633117,-0.853080843618589,-0.7085174150050498,-0.8525268448871381,-0.5850745549030381,-0.7596969137886107,-0.6564890909636897,-0.728041802166552,-1.382402021267242,-0.7991925132544699,-0.0889059730152858,-1.350600720958302,0.8656451590939801,0.528371834357906,0.3949000705437698,0.8318994356377852,0.4394549106576008,-0.05129176385582,-0.1354899225006696,0.3068064379111416,0.5396360228881144,-0.0515872079897301,-0.1034339318870138,0.4019866961240451,0.552821401715941,0.1449319522243658,0.0145151546888146,0.4377795156424843,0.8921264379857167,0.1822625983707093,0.0895739343265858,0.8978315427310135,0.9602388960630748,0.4991835899453782,0.3247788641653044,1.0524124893787508,0.3672545258180584,-0.2168052385870381,-0.2578980973006377,0.1772942625959566,exact,9
UBERON:0004292,exact,direct,fibrous skeleton of heart,Mistral-Small-3.1-24B-Instruct-2503,-1,-0.7847745224674486,-0.8700354924084909,-0.7159726490387139,-0.908134942671148,-1.276467654233119,-1.009588867607783,-0.8417154093134118,-1.2867429909209855,-1.845091263168467,-0.8305836937631125,-0.1007019539723435,-1.7050772480240852,0.2218947434354048,-0.2037548633139518,-0.2371179298602009,0.0754362706812577,-0.09003700931446,-0.5008546057192973,-0.4544601091781901,-0.2662625163511528,0.3956498881438717,-0.1818665884746714,-0.231367985113414,0.2331798141397582,0.4134596810744158,0.0028243664929026,-0.0890208697696644,0.2704836694856351,-0.3712988295992627,-0.6741426044178812,-0.606511311871562,-0.4992326136278075,0.4936305638358833,-0.2520416020393826,-0.3381043466116726,0.3738158281224205,0.2553464877322001,-0.3182476709202478,-0.3163318093900147,0.0531388979661525,exact,9
UBERON:0004292,exact,direct,heart fibrous skeleton,Mistral-Small-3.1-24B-Instruct-2503,-1,-0.7618333777869685,-0.8744139350167759,-0.7310351518170919,-0.8890175248614121,-0.6502407732915314,-0.7943778488527735,-0.6736214861739653,-0.7842464891436651,-2.497450766616572,-1.0095797546260148,-0.1263605347372584,-2.1799971571916967,0.4343592141849673,-0.0152274068942811,-0.0760862143208794,0.3024363300815347,0.3134608306946119,-0.1930784706303242,-0.2473995584373433,0.1587948020338606,0.4111560638667902,-0.1628428791361991,-0.2058604351040842,0.2507572043020377,0.5673729217598715,0.1638369966672027,0.0493084020899353,0.455987197505067,0.7421732964029956,-0.0403435715085376,-0.1077831674444033,0.6878899889092731,0.7266991778514312,0.0193045116607147,-0.1084964749905372,0.6830359996765292,0.3717040972795002,-0.2104136897299569,-0.2525164813456026,0.1823863238475471,exact,9
UBERON:0004292,exact,direct,skeleton of heart,Mistral-Small-3.1-24B-Instruct-2503,-1,0.1419734699872922,-0.3810075899768534,-0.360794814566075,-0.0325502814848481,-1.143507353220916,-0.9817918397285976,-0.8189344706203096,-1.1850457304764666,-1.8537396746003687,-0.911015429547288,-0.1031702693510882,-1.711545278914727,0.6402778799158316,0.1814593530784868,0.0680822317897065,0.5412415129073536,0.0438183302383783,-0.4092585421516195,-0.4126834196560923,-0.1322565809961522,1.1672716173248032,1.6099170687596265,1.4016617563197056,1.4327827952885157,1.1088232847853985,1.4939591583435958,1.321656327601275,1.3111784354848388,0.5731330945837445,-0.1893535911070269,-0.243585504273154,0.4725460650795859,0.9431476075649682,0.4499897909190649,0.2706351103970893,1.0224658275651022,1.131317103802192,1.92254454284044,1.6070490621493625,1.4877241575129554,exact,9
UBERON:0004292,related,direct,anulus fibrosus dexter cordis,Mistral-Small-3.1-24B-Instruct-2503,-1,-1.729992510666701,-1.1198949152067363,-0.8905199092231596,-1.6273064088458298,-1.990128486111909,-1.1898301852242703,-0.9676751068822504,-1.797585872272803,-2.123096011149204,-0.9396090249966754,-0.1095947439005129,-1.9105070604583696,-1.4238974810737697,-1.0027351013976695,-0.887091302000601,-1.3359279558398265,-1.003323920219109,-0.9374646650736806,-0.7351399945809838,-1.0572609140325584,-2.18472808671586,-0.9651925179898562,-0.8129463840369596,-1.8627192995660136,-2.13570882216237,-1.013612076034727,-0.86949644292646,-1.8588004585865288,-0.8074816301034801,-0.8314193322315863,-0.750852439672044,-0.8726298125646994,-1.4613646349197726,-1.041440658912561,-0.94780890421441,-1.3987365647631016,-1.864820906403018,-0.9036065365720644,-0.653133465382439,-1.635863171308699,undefined,-1
UBERON:0004292,related,direct,anulus fibrosus sinister cordis,Mistral-Small-3.1-24B-Instruct-2503,-1,-1.6136647703979312,-1.1039594077867427,-0.8701242478535094,-1.544796446100291,-1.8385308500981707,-1.1615981821369732,-0.9520441556448604,-1.6934063879949193,-1.5571671274851862,-0.7857808231159774,-0.1000717455908078,-1.4865608440139635,-1.4603763272741372,-1.0255885893799928,-0.90759361342244,-1.3630978050070195,-0.9262109708723888,-0.9126289296382536,-0.698439093987678,-0.9968476648382928,-2.2988119803062523,-0.9763075604012328,-0.8259150525861616,-1.937750124465066,-2.12939958903284,-1.0155239100475066,-0.8699530317144012,-1.8545237154132088,-1.2946955455903255,-0.9435284328669564,-0.8392519823175467,-1.2569707777064802,-1.005154909121118,-0.9468127698086036,-0.8416427826022254,-1.0554435182790474,-1.9502208921236053,-0.9138038978699136,-0.6692647918737568,-1.690661984673089,undefined,-1
UBERON:0004292,related,direct,trigona fibrosa,Mistral-Small-3.1-24B-Instruct-2503,-1,-1.7247969118487103,-1.132705924150835,-0.9000852711924049,-1.6236508099790086,-1.2856605197226263,-1.0001221356100536,-0.8369306682478992,-1.2936880264937352,-1.9518713579825144,-0.8540360009552784,-0.1065400645985218,-1.7845767087206157,-1.5359715085268038,-0.9950662679828916,-0.8794474456781362,-1.4190374195425464,-1.0042358090445398,-0.9371967465067396,-0.707347630494687,-1.0579697162580666,-3.118911948315621,-1.061807474883897,-0.8761366697468802,-2.459055612674941,-2.180638154000216,-1.01549862627113,-0.8742251500811368,-1.889183770039464,-0.7480675161917824,-0.8162479901715559,-0.7417109148809522,-0.8236093926232817,-1.5774414204017484,-1.0728926060944126,-1.0031819930728985,-1.4821675615942056,-1.789111626010724,-0.9026094382583816,-0.6568549743491425,-1.586782980943183,undefined,-1
UBERON:0004292,related,direct,trigonum fibrosum dextrum cordis,Mistral-Small-3.1-24B-Instruct-2503,-1,-2.5934074536465297,-1.2848318732896356,-0.9969861138713428,-2.2021851790111406,-2.063948640386115,-1.1989465314911472,-0.9693451795407692,-1.847578936729904,-3.0169950778332906,-1.0416555373233547,-0.1320049342285607,-2.543294094703933,-1.4090513675826972,-1.0292681674944029,-0.8942394731908375,-1.324836763987981,-1.0826949828894668,-0.967500710795086,-0.7340388137405699,-1.1184803617452244,-2.173365904414194,-0.962633272750847,-0.8243116806589451,-1.855206122357452,-2.0084377596962684,-0.9567220589018532,-0.8350384508347051,-1.7720295886698734,-0.781438713945861,-0.8281009752440078,-0.7536924795398526,-0.8512072092993715,-1.7589495030919684,-1.0909559554687809,-0.969066502126392,-1.6098729960363454,-1.9993235618589509,-0.9250714578325636,-0.6719184234280247,-1.7219096346629803,related,8
UBERON:0004292,related,direct,trigonum fibrosum sinistrum cordis,Mistral-Small-3.1-24B-Instruct-2503,-1,-2.625873515201956,-1.2884349545201053,-0.9965300686165018,-2.2227082900021777,-1.974188128796221,-1.177532821887557,-0.954903827146412,-1.786728661363579,-3.001530539004164,-1.0481760599580017,-0.1302686077325347,-2.5326292057553306,-1.1906963685478351,-0.9463349296182514,-0.8278116226190442,-1.159329883270619,-1.4463722369387404,-1.0769052803990715,-0.7850688460624348,-1.387717545471191,-2.1869365178448663,-0.963116647222824,-0.8135473956597905,-1.8641787410617832,-2.1060000973249986,-0.963153856770762,-0.8418830990206332,-1.8386401276106248,-0.9794313464181108,-0.8800769981052209,-0.792538424653194,-1.0116798428468097,-1.6287910628987787,-1.070041705594257,-0.961143628551686,-1.518626765826522,-2.011419399111376,-0.9311781726992266,-0.6800769229900012,-1.7295787211481877,related,8
UBERON:0004316,exact,direct,2nd toe distal phalanx,Mistral-Small-3.1-24B-Instruct-2503,-1,0.8175097752335233,0.6391870799236334,0.4510728451708563,0.8714548011042105,0.7576685529506999,0.4127114642486605,0.286303347729141,0.7577824074323206,0.6050804351316048,0.2514787521833151,-0.0057856375460207,0.5399465473077127,0.7839206830962823,0.2646903375837456,0.1663182974809519,0.722216290688723,0.6011228593860721,0.2021779300196041,0.0601550387375471,0.5113062991347345,0.5459410994660033,-0.0607423820785955,-0.0967561360493738,0.4096889628123119,0.5666679544546527,-0.2059310312603764,-0.2367719314425437,0.4551015728354699,-0.2014536604737979,-0.4741970086905784,-0.4565220750585537,-0.3440447499009872,0.4317114592155257,0.2876288308747025,0.1167442612278034,0.2984396101029697,0.5334124533224215,-0.1002124904394082,-0.1778373247057705,0.3770354148548283,exact,9
UBERON:0004316,exact,direct,distal phalanx of 2nd toe,Mistral-Small-3.1-24B-Instruct-2503,-1,0.9536743715808292,1.1198227520506998,0.8793992966629579,1.1263680698304286,0.9800158422971414,1.0359558202731332,0.839626918595184,1.142138227804919,-0.3448782101938141,-0.4695331964481013,-0.0668960736918005,-0.470314787612516,0.9433994771831964,0.5516071522047008,0.4177278204387317,0.9417589839473072,0.6712410596145014,0.3177397696651686,0.1051921626867676,0.6062104786337591,0.4491812394935954,-0.1522040199210212,-0.164052855411779,0.2944440943645896,0.4056532588501703,-0.3618090084005165,-0.386013110283337,0.2614577541666694,-0.0791900257315339,-0.3933955626308687,-0.3801050160400471,-0.2281770612420488,0.8723318538999838,1.1323643286572982,0.8903379660279537,0.9039923449580896,0.4809072004702086,-0.1796096830158756,-0.2373395506370561,0.3116307606636356,exact,9
UBERON:0004316,exact,direct,distal phalanx of foot digit 2,Mistral-Small-3.1-24B-Instruct-2503,-1,1.182665192494439,3.117125872723956,3.3242530287352663,1.7485793615313732,1.219586358851877,2.778225476793037,2.8307845802731624,1.741237997326229,1.3176572741142676,2.268080141914244,0.2256182746478544,1.7090692045064009,1.3753280028388986,2.210011821282375,2.1375129633674024,1.7268175963427657,0.8678416973285437,0.6858472867504151,0.4125481456552337,0.8989475894895845,0.8938391685568589,0.4665713991240213,0.2843074695256853,0.8928476720342022,1.121408724814427,0.9868153709400886,0.8293982581577007,1.3385250363128471,1.3837517893595597,3.0019339001427205,2.960861419493636,1.85863480610834,1.2098990992852716,2.9239431057849288,2.800433835699026,1.587158943377998,0.9131833517558836,0.5602203321377658,0.272724286398505,0.9518121571037306,exact,9
UBERON:0004316,exact,direct,distal phalanx of second digit of foot,Mistral-Small-3.1-24B-Instruct-2503,-1,1.03075111133194,1.496496282001709,1.3138170500585615,1.2960660828367048,0.999894113187529,1.1007067423664108,0.8859234499302452,1.1817326344524897,1.164095631221379,1.4864459592350727,0.1261363987238068,1.3831938553554042,1.0342372143506418,0.6751341660653215,0.5025459241236617,1.078298025114156,0.8528603579287563,0.6680555410751076,0.3729677022599456,0.8749724185119923,0.7353105509570823,0.1756771578530498,0.0766610408723362,0.6562383964837897,0.6853544396346173,-0.0697827113178223,-0.1223254044732259,0.609736370310518,1.158200145657514,1.5174907211476865,1.3886531026638336,1.3390457713499366,0.845862089000394,1.0840142761096814,0.8680420279502098,0.8617679785301668,0.6468463388872875,0.018616310371192,-0.10534522541887,0.5271699142236698,exact,9
UBERON:0004316,exact,direct,distal phalanx of second toe,Mistral-Small-3.1-24B-Instruct-2503,-1,0.9701093723112554,1.1921265514615893,0.97494213087009,1.1606210459915265,0.9538560129556116,0.9380135889019224,0.7462784484677955,1.0916721930848123,0.7445988004724238,0.5448876528057381,0.0377804670822183,0.7216902788089348,0.8900841144140567,0.4507123284370592,0.368124657947575,0.8658070992819578,0.7006916112775192,0.3670354465097502,0.1487220601501868,0.647384652537204,0.3548039903397215,-0.2264941269929213,-0.2295544349563699,0.1875032351215816,0.3717426597710798,-0.3885150986980865,-0.4014772001405123,0.2226339096791477,1.017954509014694,0.9012297154656724,0.7607703505754354,1.092733386857306,0.7575597196439178,0.8241164195488734,0.6405828780705146,0.7277098834976916,0.4640898534332317,-0.1777218282724516,-0.2374568852969402,0.2911579086471881,exact,9
UBERON:0004316,exact,direct,distal phalanx of the 2nd toe,Mistral-Small-3.1-24B-Instruct-2503,-1,0.9392688038692328,1.0510011637907846,0.8031879765658062,1.0970763088787885,0.8725094815632852,0.6868527865043765,0.5232737888730177,0.9448361472225688,0.9195143841231675,0.6968571083763302,0.0695731008993758,0.9714030030939288,0.8761353204997824,0.4254607895257268,0.3183355859364805,0.8463874262046377,0.6786074790597453,0.3287098483084034,0.1115438417980795,0.6164326551561895,0.4799433502501116,-0.1279508140340609,-0.1479997139621136,0.3304220409296701,0.4205978318045874,-0.3502846300512255,-0.3759472325331874,0.2787666474513831,0.4840441810581591,0.2379116867195377,0.2660447766475742,0.3661685122546811,0.8367338196833317,1.0777764270185817,0.8372757358114267,0.8474403443580307,0.5142766643770301,-0.1265556356600646,-0.2001118777013552,0.3529281888478416,exact,9
UBERON:0004316,exact,direct,foot digit 2 distal phalanx,Mistral-Small-3.1-24B-Instruct-2503,-1,0.9733728730273864,1.1987561119340406,0.980473193497318,1.167534638514061,0.7904935592221539,0.4720851679402841,0.3165853597989287,0.8092171046361853,0.7133345160521037,0.2442890776232756,0.0113297710393092,0.679790116433204,1.1838565508876502,1.2012731173019902,1.108105634892617,1.328739796752953,0.7130950280025703,0.381111807140452,0.1152472021427664,0.6649761341443914,0.8538618873703513,0.3818686477361904,0.2273652019221209,0.8298087793854273,0.8884306894359636,0.2579714008488633,0.2045782006831346,0.9074165213794496,0.0102805996739257,-0.4315350452217447,-0.4161031842263799,-0.1409063645115906,0.5599840528695651,0.4758087600826918,0.3170632717987575,0.4574251735251326,0.8697919028178522,0.4596210614829001,0.2190819606093586,0.8727762063999662,exact,9
UBERON:0004316,exact,direct,second distal phalanx of foot,Mistral-Small-3.1-24B-Instruct-2503,-1,0.9682016079386384,1.1805327587895522,0.9928756710200524,1.15659713330064,0.9483774130207852,0.9215969488909452,0.7316545079608142,1.081322888468579,0.7780101784927164,0.6085075654315083,0.0371010977894896,0.7672988866929746,0.8017638685467388,0.2756047101484116,0.1882010357867647,0.7457053085067157,0.6709795938612382,0.3140637485460228,0.090561577298122,0.6058485706858635,0.5977173432454902,0.0028964926916668,-0.0736187695089708,0.4740551806768449,0.4455252963153829,-0.316716744168248,-0.3244114816771573,0.3079196540717505,0.2432421458225449,-0.2027071802622463,-0.2281002069262546,0.0977874918536208,0.5811944648546254,0.5228539376710177,0.3705557899321465,0.4848260596176912,0.4933714702894279,-0.1492819330141719,-0.2178004594941314,0.3269491898361449,exact,9
UBERON:0004367,exact,direct,Descemet membrane,Mistral-Small-3.1-24B-Instruct-2503,-1,0.4037160999625758,-0.07355666564279,-0.1369739587245199,0.273487500331357,-0.0211165633128301,-0.4017432083864671,-0.4018620863171508,-0.198473088687399,0.699862360009688,0.1691044053997461,-0.0051381881214342,0.6619555999227849,0.7645023761979177,0.3228731477326391,0.2021596031956608,0.6969262432963217,0.7428005627968696,0.4705633189525925,0.2392577189134377,0.7077418347471287,1.2899321492519205,3.559624172915125,3.7869482048001,1.8414252394793016,0.5039120014281857,0.0026904883620247,-0.0472089350747036,0.3776610667452951,0.503491937027528,-0.0803902278655591,-0.0856107205755393,0.3890225373352981,1.182933924358528,2.003817494579163,1.922664223385172,1.5163799049442004,1.161252507860249,2.132471434224523,1.818674126696333,1.605407149964699,exact,9
UBERON:0004367,exact,direct,Descemet's posterior elastic lamina,Mistral-Small-3.1-24B-Instruct-2503,-1,0.1564019809293174,-0.3038606580396453,-0.3258232118984601,-0.0166338475891572,0.2633101358124754,-0.1848637256307799,-0.2021654555202662,0.108603711735193,0.5381033531305269,-0.1252702454529198,-0.0232305211544145,0.4570478504687826,-0.1862627996203295,-0.4399121604457032,-0.4584156743762305,-0.3208876145292663,0.4295451425215233,0.0104717624921548,-0.0063259186087843,0.2948361192727155,0.7176636383949735,0.1474601260830883,0.0766735029237815,0.631846469514706,-0.0272439633774651,-0.4168236332510703,-0.4065531863003971,-0.195909050865299,0.5091096020048326,-0.0355862619762111,-0.113365033179268,0.3956611480664211,0.5853479024560141,0.125167340415279,0.0565649568346663,0.4902321507615008,-0.068099637037546,-0.5643836107079192,-0.4624717981638404,-0.2718416872932364,exact,9
UBERON:0004367,exact,direct,lamina limitans posterior,Mistral-Small-3.1-24B-Instruct-2503,-1,-1.446875828174158,-1.048727737602816,-0.8529887130497005,-1.4239459185647891,-1.3725174898304064,-1.0353052231351938,-0.8487667762742174,-1.358780913593714,-0.3540515608030531,-0.4280202356960426,-0.0720370328294654,-0.4788289002069301,-2.1560973549805302,-1.1330033944901563,-0.96679460279562,-1.861811645982435,-1.837278664185291,-1.1570313152123983,-0.8245923370255114,-1.6593927342548729,-1.0699775032836296,-0.7889865276296882,-0.6750001508672058,-1.0798009619658335,-0.6662905057242229,-0.6933739368811583,-0.6030609022568855,-0.7685737931312022,-1.47019992323956,-0.9356846963022204,-0.8208047908702161,-1.3888156360306143,-1.5958337857388445,-0.9602622622591592,-0.9193826090294256,-1.495257349611236,-1.980879745003296,-0.9764319483477903,-0.696513770348433,-1.7101942786891398,exact,9
UBERON:0004367,exact,direct,lamina limitans posterior corneae,Mistral-Small-3.1-24B-Instruct-2503,-1,-1.0718158878621131,-0.9537134919682976,-0.7773562520130736,-1.139678981944631,-0.9902595365039166,-0.9076976333564376,-0.7750369957476978,-1.064747524258325,0.2401384086959855,-0.21473264648632,-0.0511779144684975,0.1148310495354795,-1.9094702365091865,-1.0761482550538823,-0.9202054050140668,-1.6888642963784877,-1.3675457145148484,-1.0363440248058051,-0.7318802123894177,-1.3308241985915743,-0.2327816846556568,-0.5541240574796618,-0.5102149898226839,-0.3945089479246484,-0.9876153373592036,-0.8074015888709746,-0.7002057125281791,-1.0275559981267766,-0.9157392247157096,-0.7777757403870932,-0.7008591986330462,-0.9606442022613456,-0.9595657485848432,-0.8506125905290515,-0.7632978298305461,-1.0196108920426836,-0.9156705007564564,-0.801637983240404,-0.6059250620734808,-0.9784307275684776,exact,9
UBERON:0004367,exact,direct,posterior limiting lamina,Mistral-Small-3.1-24B-Instruct-2503,-1,-1.4393580963370205,-1.0538331680794888,-0.8569754650837678,-1.4184240381978452,-1.801728325915139,-1.156679103388893,-0.9245780985867325,-1.6677946315473815,-0.4527362776146945,-0.4151009249227442,-0.0648209792970685,-0.5693872504686348,-1.99904369912913,-1.0904844402021014,-0.9330846564220102,-1.7521160609811195,-1.4724972035251287,-1.0474853063679956,-0.777988542032696,-1.4064071686046613,-0.8965299008793411,-0.7469642213772523,-0.651971102250617,-0.9469479064414352,-0.675764140968156,-0.7186858531256636,-0.6228626001691961,-0.7764371273489565,-1.6537617939126197,-0.916075665094692,-0.8221788453893033,-1.5235677403115078,-0.875312444731683,-0.7926595234836941,-0.7879174512591027,-0.9525621578863251,-1.4212409962823265,-0.9104564975943432,-0.6615170787635881,-1.3408923927023837,exact,9
UBERON:0004367,exact,direct,posterior limiting lamina of cornea,Mistral-Small-3.1-24B-Instruct-2503,-1,-1.0135671973000828,-0.9313051674164016,-0.7550873362002253,-1.0937706214791978,-1.460594428825162,-1.0616636135742714,-0.8728152839576669,-1.4238513239335255,0.0925904751763125,-0.1951784076110281,-0.0512596055116161,-0.0418030696294459,-1.6418208165605048,-1.0054630777495417,-0.8738697484563492,-1.4965739579276574,-0.4489495362071591,-0.6574283980032973,-0.52921194183416,-0.5992433153359044,-0.1587267937316309,-0.5230883198703834,-0.4912961744060388,-0.3272337652274993,-0.8997606727032643,-0.811733783795777,-0.7050146882138786,-0.9582388055363752,-1.054798670920047,-0.7180923656974924,-0.6616736042649193,-1.0713947344032833,-0.719536373480703,-0.6781354083161071,-0.7002440608655769,-0.8255770507040547,-0.89764878171542,-0.8238981471373359,-0.6152547735716387,-0.9648726261781412,exact,9
UBERON:0004367,exact,direct,posterior limiting membrane,Mistral-Small-3.1-24B-Instruct-2503,-1,-1.6126239820357564,-1.1201286343300614,-0.891431367239764,-1.5440518376584946,-1.4931095894022155,-1.0712764502895218,-0.878555280928153,-1.447644241174053,-1.560507264670015,-0.7644904756951771,-0.108820709459347,-1.4891334197428363,-1.14373637099675,-0.9200335172595632,-0.8089111011655246,-1.1231180152443974,-0.7333183929318985,-0.7821426136862417,-0.6309659394751586,-0.8413727895929761,-0.1383302760269841,-0.5131050477731038,-0.481683912340529,-0.3084533612379373,-0.1793627788979305,-0.5515069199549768,-0.4914395603508125,-0.3410149014435178,-1.4635031035493715,-0.7979781447730548,-0.7209793313220977,-1.3838406957664944,0.1090007956257731,-0.3487552648326676,-0.4103164127501338,-0.0614397371628291,-0.654122595244191,-0.7528154030103337,-0.5840770672103655,-0.7764703423188538,exact,9
UBERON:0004445,exact,direct,basal epiphysis of proximal phalanx of thumb,Mistral-Small-3.1-24B-Instruct-2503,-1,1.082304550105231,1.8780687423714324,1.6947522090786085,1.425798193878436,1.0196007652847774,1.275709971629075,1.0751011406639075,1.2221544908566824,-0.1056621955525334,-0.3417854481433796,-0.0538121530627972,-0.2418880103268229,0.9577017109855478,0.612938236508061,0.4684392897773905,0.962628344908696,1.1225849715967584,1.582598182617446,1.2775806489430002,1.3724438597039756,-1.0405704192384362,-0.7719277303839014,-0.6792260123206549,-1.0575442812301885,-0.2114548966691691,-0.6076431069096249,-0.5632458669477801,-0.3708193756158838,0.2807936018462326,-0.2131253132460485,-0.2529760596294073,0.1380306962859975,-0.1714992179447723,-0.1429516153609849,-0.2152001247522845,-0.3405447379356808,0.5327457658206027,-0.1041476612131747,-0.1930897934214079,0.3761901147477832,exact,9
UBERON:0004445,exact,direct,base of proximal phalanx of thumb,Mistral-Small-3.1-24B-Instruct-2503,-1,0.8547264759865041,0.7517481094370049,0.557967971494041,0.9367852105071682,0.6739643986806795,0.2597150826992486,0.1559303509107532,0.6327688836537533,-0.3276556639144864,-0.4499464011597605,-0.0723853897179724,-0.4542841463587732,0.5334137120412786,-0.0850908430500931,-0.1520372731726968,0.4146586882119638,0.9131509032328768,0.830195062057406,0.4990273076781361,0.973506024026337,-0.9021918817039754,-0.7432948344313137,-0.6552804489061389,-0.9513469135267784,-0.6767345413073236,-0.7681659426546753,-0.6785529292814695,-0.7772417354363135,0.201668297005816,-0.2622773456305723,-0.2915049253546046,0.0538483656006504,-0.1738347223584963,-0.157949663459446,-0.2424540212478718,-0.3427653376134563,0.2503772921884583,-0.3426915668885085,-0.3335819457343751,0.0477887501233363,related,8
UBERON:0004470,exact,direct,muscle group of pelvic girdle,Mistral-Small-3.1-24B-Instruct-2503,-1,0.8632161664945305,0.7980645195627938,0.6037078178259137,0.9520927636316232,0.8467169630324105,0.7033456241947061,0.5467592505349799,0.9009943385701112,1.2580759077809924,1.3124617304633912,0.1379619496079616,1.5733633801763154,0.4410803057298499,0.0057426831522124,-0.0714921584966316,0.3099097842203661,1.1302323046612106,1.634139750349637,1.2826835354529758,1.3893570186885689,1.176114469160805,1.6312231811502755,1.519928625484778,1.455748476412247,0.9169213172089384,0.4981235695563392,0.3663395319192728,0.9536595792163772,0.8687858073387568,0.6977725183699902,0.5576095944235293,0.8637398177393159,1.1880881902976006,1.979560461333826,1.7485799293605924,1.5295383832891378,1.0688837801024618,1.2181645284484086,0.8103371871378795,1.2966930649280417,exact,9
UBERON:0004470,exact,direct,muscle group of pelvis,Mistral-Small-3.1-24B-Instruct-2503,-1,0.3688771521812968,-0.1015766804477464,-0.177609143271092,0.2303966937367335,0.1820202929807789,-0.2946797066156617,-0.2902117463969332,0.0172390486539137,0.3850508704514335,-0.1783931632633518,-0.0474017439313215,0.2763860778582259,-0.3722876732731566,-0.5650276119570045,-0.5211305053078594,-0.4883920468330494,-0.2041981432867904,-0.5548922015943327,-0.4184764281712123,-0.3760111517195575,0.5178917042671253,-0.1013855486680665,-0.1392116766720027,0.3756387876054443,0.2005073653002462,-0.3887131124363591,-0.3928909612295116,0.0351714081050563,-0.6682667621606023,-0.7112179268279862,-0.6462775815507623,-0.7569220059617675,0.6657551659829316,0.1460947156236573,0.0434953616205369,0.5976839250837318,0.075413619932906,-0.4551221155531073,-0.4035872011327835,-0.1330063965843262,exact,8
UBERON:0004470,exact,direct,pelvic girdle muscle system,Mistral-Small-3.1-24B-Instruct-2503,-1,0.7669679243473158,0.5439958947685011,0.3394337389363855,0.7868784302463276,0.6155759577877445,0.2420526820039727,0.1043984338146798,0.5501025032588487,1.0911363977741688,0.7801315671318064,0.0515494259542619,1.2501098498825047,0.0649641567454962,-0.3601361262719826,-0.3683416415934363,-0.0823199201645268,0.5266807502958263,0.1122189660604917,-0.0129092825557872,0.4148676455079321,1.0813010101731149,1.0543386222933229,0.9006300318070187,1.23432915123319,0.722988848082455,0.1676366760595581,0.072162176629524,0.6613619775428133,-0.3624173081126107,-0.6054057245736604,-0.5723369857499481,-0.4912703490969537,1.0091172074434096,0.9446063404439404,0.7363995222973926,1.1414462847209967,0.964047170441467,0.6998893930962501,0.3810799412606331,1.0519423464252715,exact,8
UBERON:0004470,exact,direct,pelvic girdle muscles,Mistral-Small-3.1-24B-Instruct-2503,-1,0.7005166812823215,0.3924624588476885,0.1822111547019851,0.6818568887509828,0.641342073427367,0.2918591345056606,0.1132566018795035,0.5861624364724586,1.2133075245384042,1.2550802203416576,0.0973130210266117,1.4796975238644958,0.2564937645068338,-0.1983204939498998,-0.2117913872591426,0.1112712301947435,0.6140059901377716,0.2420920810713764,0.0696792950542126,0.5284315394541497,1.1639854018287217,1.5427877822990004,1.3306695152951784,1.4243973145259574,0.9908148566491464,0.7262294372241672,0.5689602047276171,1.0805567748090996,-0.324075058463268,-0.5988766429653929,-0.5793148943267606,-0.4567098804716429,1.1423846493798764,1.5595280742776212,1.3515873103546814,1.418061158234424,1.1481138103592363,2.0438881425882536,1.7282094557383596,1.55056747078986,exact,9
UBERON:0004470,exact,direct,pelvic girdle musculature,Mistral-Small-3.1-24B-Instruct-2503,-1,0.9835249048673832,1.2454740308434349,1.043659964274199,1.1892909622795935,0.9927474717700652,1.2183060466469042,1.011974209072878,1.1673667117977418,1.2320714061588127,1.3490335165750875,0.1192209736738138,1.5182056643305226,1.2820075859477875,1.711305733929037,1.5520374634205467,1.5178753013802773,1.0243494789595546,1.1754435240577583,0.830992472013834,1.1720623595993382,1.2685377112299818,2.9177325931785014,2.9963937112941554,1.7485428865930872,1.2000131909431828,1.811420974625879,1.6721933740950088,1.5271781490805127,0.1448401466746749,-0.3350096834372516,-0.3576964371736482,-0.0052220573515252,1.182968238472963,1.8003267395766174,1.7037053440194596,1.51646696587016,1.181048276151481,2.736931980159507,2.7095639587132725,1.702568165188876,exact,9
UBERON:0004470,exact,direct,set of muscles of pelvic girdle,Mistral-Small-3.1-24B-Instruct-2503,-1,0.9066233679668187,0.952262182178588,0.7280031542585126,1.0329869199728607,0.5828759769719257,0.1735429154082498,0.038040818416237,0.5052328466949968,0.9497045444643476,0.5486168523825141,0.0286701624678896,1.0176037398771074,0.304276953454252,-0.1520542150120748,-0.1766633679795798,0.1614466056259434,0.9478242873391782,0.9335074251391954,0.6814045255475747,1.0328426775345574,1.1861199133786515,1.7197620976407306,1.5682719811488686,1.482488302335498,1.1565881834966647,1.441755705895618,1.2643300988079311,1.4187371338526529,0.7269263261026655,0.5462909263451505,0.4669109926039229,0.6676360709453178,1.167375332971846,1.820538241851064,1.5419862428796114,1.4776156247082224,0.8438602358546957,0.3374906771275227,0.0944150782499759,0.8278542062577534,exact,9
UBERON:0004470,related,direct,muscular system of pelvis,Mistral-Small-3.1-24B-Instruct-2503,-1,0.5497031799309934,0.1407747957616781,0.0303684563394669,0.4639614795331415,0.296117281304553,-0.1908909662599488,-0.2185379427574127,0.1464141572106117,0.8118964648303357,0.2648279367662038,-0.0064676526193268,0.8144898443697016,-0.478341755286045,-0.6340126773222827,-0.5483879590677486,-0.5809289373133263,0.0858754207818749,-0.343432488401338,-0.2772856442619296,-0.0888410463983336,0.29099489639289,-0.2824572609672532,-0.2941936844455869,0.1178500522017629,-0.1769914140354939,-0.5738537498373314,-0.5225152077987218,-0.3388019842078955,0.5727225465951473,0.2851070672219182,0.184766509487736,0.4720456041329261,0.4689944594264073,-0.0687224034225467,-0.1889775731247585,0.3435350400105239,-0.0650479420795306,-0.5334702807256138,-0.4526459978570438,-0.2689663853241405,exact,8
UBERON:0004470,related,direct,set of muscles of pelvis,Mistral-Small-3.1-24B-Instruct-2503,-1,0.3856479583752702,-0.0746885772036542,-0.1706687231197514,0.2510371114089604,0.0087870406971332,-0.4404738833275438,-0.4043135906411767,-0.1677328487814857,0.7047884754568376,0.1506167896463306,-0.0203522825660389,0.6684617685797359,-0.5080638792691515,-0.6741691827744746,-0.6220808603842709,-0.6065107102953037,0.108856315707122,-0.3225440153100143,-0.2640051398307237,-0.0648332313762391,0.5394880842435159,-0.0786538650658834,-0.128963324254706,0.4018063156526664,0.4225439329889769,-0.2436665475991538,-0.2614198377594439,0.2810298391292368,0.1502706213190834,-0.0520314383982025,-0.0850961051877134,0.0003749717951565,0.6301092349815475,0.1112179591127348,0.0030614197996037,0.54937182395914,-0.1680826378424208,-0.5803924054291948,-0.4760527931665538,-0.3643723228573977,related,8
UBERON:0004704,related,direct,concavities,Mistral-Small-3.1-24B-Instruct-2503,-1,-0.932202159207026,-0.9046084176495588,-0.7592940001664887,-1.028756392323088,-1.3388483675945078,-1.060816605234724,-0.8754629809324883,-1.3336598828505972,-1.410348489963353,-0.8151715425787577,-0.1129850538129143,-1.3725264234715489,-1.5589348625528572,-1.0099820962644352,-0.8640700221946056,-1.4359353123018948,-1.1436165033998094,-0.9786966448485196,-0.7533714013058778,-1.164836054080436,-2.034766980132832,-0.9470576579300524,-0.812588455825312,-1.7629352355805188,-2.068102906096239,-0.979117102028388,-0.8421342905524796,-1.812840557221351,-0.8644319673359894,-0.8512506782732747,-0.7615436431743742,-0.9191353862821002,-1.835177593431671,-1.1419102900109643,-1.0707944961552718,-1.6625680078166365,-1.803860796958468,-0.8899993147939619,-0.647262796915763,-1.5963823020541803,related,8
UBERON:0004704,related,direct,concavity,Mistral-Small-3.1-24B-Instruct-2503,-1,-0.8801384073690479,-0.9055941577422618,-0.7487397656348972,-0.9865878304775788,-1.0482138828024408,-0.9949376403928892,-0.8229015401093206,-1.1106487603345243,-1.368690101949547,-0.8665007732316253,-0.1178946177858685,-1.3398161592157316,-1.1890209078501257,-0.775725159255094,-0.6975868452187621,-1.1580418380753883,-0.153726609411003,-0.5548351500859074,-0.4908797360139627,-0.3279726942221044,-1.3898843638404492,-0.8447769081621109,-0.7385547109472098,-1.31564230978194,-2.137950528492094,-0.9975916085838342,-0.8612138752785939,-1.860319403170624,-1.5608279029747794,-1.0190963530397874,-0.8978278515945578,-1.4557270323107452,-1.7827899489729857,-1.1302026174440616,-1.0635243080033627,-1.6264109297803082,-2.2454839895815613,-0.983542570808216,-0.699119545860797,-1.8758855283674896,related,8
UBERON:0004704,related,direct,depression,Mistral-Small-3.1-24B-Instruct-2503,-1,-1.4072410499838734,-1.1008836046007688,-0.878549404629313,-1.394758031244528,-2.6122737906881603,-1.3474441498462997,-1.063327615485637,-2.2055225186561374,-0.1387406759273741,-0.3763049325778699,-0.0723030265351755,-0.2742588526724068,-1.0749949748274792,-0.7887022711232209,-0.7374587340149841,-1.0696867547770277,-0.8104918467504484,-0.8687338928854365,-0.6930372036701182,-0.904355125694162,-2.7113191149092684,-1.0234028320163218,-0.85801950057007,-2.2035088346067764,-2.8636923517282264,-1.1441765383379732,-0.9662587432794276,-2.3374790661369937,-1.3152762185091804,-1.0044558353329347,-0.8839576632307636,-1.2725941191173902,-2.54564275427726,-1.2430401630746053,-1.1114933979432495,-2.1309002619863766,-3.120276550259407,-1.0696858064487056,-0.7470254308560416,-2.393334581278234,related,8
UBERON:0004704,related,direct,depressions,Mistral-Small-3.1-24B-Instruct-2503,-1,-0.9401495551776464,-0.9445528325783904,-0.789071898645481,-1.0351536804085868,-2.7165023101286216,-1.356954263209943,-1.0726616976546808,-2.2711659227926413,-0.282084092942351,-0.5047490714252263,-0.0849618349474087,-0.4115720706258896,-1.2738497573723015,-0.8141802575831898,-0.7419302500177474,-1.222899674359864,-0.730915501050669,-0.8440642301947139,-0.6620179229724362,-0.8393943174353046,-2.6112547848008285,-1.0131484110654794,-0.8551630972931512,-2.13977197455649,-2.785179421261716,-1.1345427864107356,-0.9567821766049894,-2.2870978408250524,-1.7325102743492165,-1.0506207859862169,-0.9357932886859542,-1.5804698826445045,-1.911159765951257,-1.1874626492632203,-1.090074343741612,-1.7145720568977705,-2.5688470364195792,-0.9880937110536951,-0.7021253948375575,-2.0720626415231087,related,8
UBERON:0004704,related,direct,fossae,Mistral-Small-3.1-24B-Instruct-2503,-1,0.0642181668150175,-0.3979403368303889,-0.3999687728459419,-0.1167007865800051,0.0465284206308673,-0.4591825985136072,-0.4553379302979076,-0.1284625289192703,0.0214773804634755,-0.301336281441482,-0.0649265541717606,-0.1148366769431827,0.6513180642297307,0.3871400819402308,0.2300014505120288,0.5546821012233855,0.1832962639233741,-0.295600679299513,-0.2971990552287727,0.0143904484713194,0.5545588107426161,-0.0328785185861754,-0.1206792913984147,0.4202627293542496,-0.2554470582634949,-0.5335754572395142,-0.4889936325468581,-0.4112531497038106,0.3205590845227121,-0.407544540520452,-0.4102059175047667,0.181249628214899,0.5647172560294264,-0.1420153286919554,-0.25306532930786,0.4635102598186838,-0.2523081802548509,-0.5033598428575932,-0.4416514309554467,-0.4399736384060795,related,9
UBERON:0004704,related,direct,groove,Mistral-Small-3.1-24B-Instruct-2503,-1,-1.0917097543920178,-1.058490740999422,-0.8436602531682229,-1.1552412400712049,-3.527459349382927,-1.476579334100416,-1.1456375459630253,-2.7605146181380595,-0.1238761225656,-0.4492249302527609,-0.0792169152019861,-0.2597456234249707,-1.2271014961156956,-0.8301952094874768,-0.7487302787554516,-1.187246394948826,0.202065615434488,-0.3055935708006367,-0.3122893302631236,0.0347340839873203,-1.5234280839230312,-0.8783873044401275,-0.7475029075310204,-1.411049027593329,-1.3183465285843514,-0.930290301562599,-0.7913997716852392,-1.279907052562053,-1.4434512555396382,-1.0171191393626935,-0.9039067184656016,-1.3689187852956346,-0.9540275934905303,-0.996173418146676,-0.9638516019217376,-1.015236944457395,-1.7936226028999651,-0.9234680673369632,-0.6613829542322134,-1.589720866691834,related,9
UBERON:0004734,exact,direct,gastrula embryo,Mistral-Small-3.1-24B-Instruct-2503,-1,0.4092495899923343,-0.1332732709492073,-0.1807504893396181,0.2804083878624854,0.3367303639397737,-0.1332012793396135,-0.1667282426473476,0.194024728094436,-0.0752634450103883,-0.346705788699513,-0.0383420264409594,-0.2118982339278679,0.3011815899848581,-0.0567166086518348,-0.1091389711681191,0.1581714308404614,0.8227248092096686,0.5645210198650856,0.3677943227397857,0.8276842944514217,0.7907841199365352,0.292367007037455,0.1707147928564894,0.7352123932533942,-0.1089875522840577,-0.5492143361993946,-0.5123881944033276,-0.2746992383338317,0.7176318128893889,-0.0846997096112876,-0.1351189994293334,0.6553772464373637,0.9507796385171928,0.7117901481285581,0.6170937408648439,1.035767605076369,1.00211698764091,0.8100997959677492,0.4723693782576363,1.1336160735714582,exact,9
UBERON:0004734,related,direct,blastocystis trilaminaris,Mistral-Small-3.1-24B-Instruct-2503,-1,-1.5786408862744088,-1.0637186089774908,-0.8514942658957062,-1.5196753797048403,-0.8410769884841272,-0.8209994580149808,-0.7239623052203168,-0.9441504047446834,-0.9552816420110534,-0.6872002310454253,-0.076648465428249,-1.0055199502603305,-0.7523334349181128,-0.7632961734047613,-0.6898689459042272,-0.8114640026170452,-1.8880224681843112,-1.1781967527663666,-0.8595345651530125,-1.6934884967679125,-2.192335137457715,-0.9496281854385468,-0.7946346119212823,-1.867745229679818,-2.486266556283541,-1.0371230443248398,-0.8853384946752957,-2.092721419343321,-0.9157529096486628,-0.8493152980694146,-0.7597617829129314,-0.9606552257698764,-1.7341932992819702,-1.0176849609396628,-0.9896704989969412,-1.5926434606169868,-2.440833747854414,-1.037608204445051,-0.7238716337342415,-1.9951658560445185,related,9
UBERON:0004734,related,direct,tri-laminar disc,Mistral-Small-3.1-24B-Instruct-2503,-1,-1.2202092260279167,-1.0166406717759082,-0.8051043321590877,-1.2543915114029935,-0.5773159876530239,-0.7574181814125891,-0.6526435841046765,-0.7212920651860683,-1.1837433308667753,-0.6877244478946599,-0.0950972343393283,-1.192547417816877,-1.666510824779065,-0.9901280204624257,-0.8562716070611038,-1.5145325127931737,-1.6734606458328778,-1.1331111127893527,-0.8462523617414099,-1.547552593892749,-2.448731253339393,-0.9842612697349736,-0.8380636604573004,-2.035286085210921,-2.679617192937759,-1.111319036323733,-0.9470986927399708,-2.218933709356294,-1.401763528530834,-0.9276149726132416,-0.8249969334078183,-1.337770850733479,-1.950925535316979,-1.1189645833827473,-1.0103698721484935,-1.7415879608521032,-3.3982220270480226,-1.1525036430166455,-0.7840585123420175,-2.5499918683385325,exact,9
UBERON:0004734,related,direct,tri-laminar disk,Mistral-Small-3.1-24B-Instruct-2503,-1,-1.3488505285428294,-1.0534708658616598,-0.83963430478916,-1.3514119429789948,-0.6649161214939904,-0.7951077435248914,-0.6804553875184514,-0.7967861313050482,-1.1893417841019072,-0.697834651911799,-0.093694336592868,-1.1970568187740898,-2.3295159329266344,-1.2292889085873122,-1.047674773354964,-1.981288595687317,-1.7566910294563611,-1.1583008761968996,-0.8692856930317713,-1.604719153301549,-2.6088272979924163,-0.9990783233581644,-0.8519292871214237,-2.138220324726785,-2.519262614202652,-1.07876193124239,-0.92164539794772,-2.114391088189503,-1.388917775216192,-0.9234195096261988,-0.819707531368435,-1.3281382418719,-1.9280444548853704,-1.149396256807374,-0.9946050175787154,-1.726059699114718,-3.461300623751641,-1.1599659129501994,-0.7857350083771278,-2.5851164473082284,related,9
UBERON:0004734,related,direct,trilaminar blastocyst,Mistral-Small-3.1-24B-Instruct-2503,-1,-1.5830063573005242,-1.0849053353145914,-0.8587366623370142,-1.5228137763889469,-0.3927007595728157,-0.6335783837161274,-0.5704458354349443,-0.5567643027167221,-0.8852349743219704,-0.6531111746570619,-0.0782551839753938,-0.9469156409155608,-1.2383141001200704,-0.9315012167843918,-0.8152190942990454,-1.19581760869789,-2.6156125115481945,-1.3417451340684792,-0.9472007764667584,-2.157566703341011,-1.4416164922400558,-0.8354352909192035,-0.7060413969500112,-1.352796138472325,-2.6279496947112224,-1.0992010144903035,-0.9436879780635432,-2.185384615782387,-0.3354056942009444,-0.6907502937871012,-0.6255661578917597,-0.4669548344881188,-1.5399410974661123,-1.075125829788525,-0.8857335043263608,-1.4553702411730074,-1.6691305802112792,-0.9430914548390432,-0.6745098033770861,-1.507988290359802,related,8
UBERON:0004734,related,direct,trilaminar blastoderm,Mistral-Small-3.1-24B-Instruct-2503,-1,-0.3822063441207983,-0.6859425372804548,-0.6008458287823515,-0.5569072640452395,-0.3997728516502732,-0.6342182396201124,-0.5595537484218884,-0.5632128770247494,-1.3363924878436335,-0.7922689611513751,-0.0820318982907905,-1.3143431173790692,-1.1549858343173782,-0.9111976291778052,-0.7995706071418281,-1.131813727826393,-0.7869577680827599,-0.8544871772842264,-0.6740529111078338,-0.885262271523864,-1.2126257250415031,-0.7898558599581103,-0.6805672506715931,-1.1863274956566223,-2.359151451014806,-1.03465244712634,-0.8877963153470301,-2.0087047436668786,-0.4422630269234942,-0.7339920479345305,-0.6908221022573128,-0.5622864622640353,-1.0637376809900676,-0.9362284623947092,-0.823348046682414,-1.101046935200052,-1.1732719465056338,-0.8523520194406922,-0.6286909572166619,-1.1671558309700831,exact,8
UBERON:0004734,related,direct,trilaminar disc,Mistral-Small-3.1-24B-Instruct-2503,-1,-1.8013306618130085,-1.1353372596093094,-0.8955894345387826,-1.677229271152119,-0.211552852358518,-0.5466235746592968,-0.4727982364469791,-0.387165333256199,-1.3076678468479803,-0.7167896264830629,-0.1002944739357205,-1.2916033836598917,-0.7697736251775289,-0.6937001609103545,-0.6311709348759962,-0.8257621113007659,-1.619445278607076,-1.113465386662322,-0.8340688256906587,-1.510057987667211,-2.501065024247368,-0.9849021047052484,-0.8422319378339251,-2.069067450397657,-2.4566432511398912,-1.0701139853481003,-0.914068346269758,-2.073218834536848,-0.93680620150201,-0.8814071535099255,-0.7915517227128234,-0.9775843272050956,-2.06861436930001,-1.1125865161232018,-1.02484204126718,-1.8207650575189376,-3.098756785881816,-1.099757366712687,-0.7543416199308989,-2.381069938138874,related,9
UBERON:0004734,related,direct,trilaminar disk,Mistral-Small-3.1-24B-Instruct-2503,-1,-1.929953887843341,-1.167638838995597,-0.9151345262404053,-1.7660124395154122,-0.2801786260566712,-0.5831661688683848,-0.5119821259575869,-0.4524552109525361,-1.235287047113041,-0.7253077988612328,-0.0926795948060653,-1.233939470813129,-1.1417967518658887,-0.8553137372374889,-0.7642694394409422,-1.1216173587253928,-1.6173189785970672,-1.1130213944536689,-0.8258158590127758,-1.5085755263948404,-2.647547671157335,-1.0005148460660236,-0.8459975771057872,-2.1629392546258144,-2.2605736587454466,-1.0331823374289335,-0.8875180542087265,-1.9429344514692453,-0.8669548824754401,-0.8630095179218131,-0.7869093468594386,-0.9211849798236806,-1.9763437155846169,-1.1092745413169531,-1.008731985910486,-1.758785863974404,-3.090720415020109,-1.1005785813936857,-0.7559367262387071,-2.376484578178496,related,8
UBERON:0004734,related,direct,trilaminar germ,Mistral-Small-3.1-24B-Instruct-2503,-1,-1.599464996510786,-1.101177107180069,-0.878591183499545,-1.5346275281272972,-0.2186466879934774,-0.548594195757819,-0.4898856733863984,-0.3939764155159712,-1.25998420387788,-0.792917810662783,-0.0860225331580108,-1.2536746113202364,-0.7707151759338317,-0.722607577239457,-0.6579202707297579,-0.8265328398450997,-2.226994449861196,-1.269886265990208,-0.9170200683136076,-1.9151452150115549,-1.8517318887045624,-0.8973464737407918,-0.7695395089897257,-1.639190165674837,-1.9874714041329573,-0.9825781358298208,-0.8467143545162186,-1.7576314594919036,-0.8011547923506345,-0.8515344776849673,-0.7503320872623466,-0.8674345647959534,-1.6834098396731154,-1.0717435277638343,-0.9547073402938888,-1.557116978676865,-2.0487079741453744,-0.9806701372413128,-0.6985958662572165,-1.7531513149753897,related,8
UBERON:0004913,exact,direct,Vater's ampulla,Mistral-Small-3.1-24B-Instruct-2503,-1,-0.1502176077645052,-0.5075785915388102,-0.4595520046405242,-0.3362808244393151,0.0636794281660301,-0.3543249692950984,-0.3851953300204329,-0.1104364195051565,-1.2271978267549444,-0.7913901659715807,-0.1040671704918277,-1.2274618416299758,-0.5762843304353698,-0.7652656719540345,-0.6825062824814994,-0.6646759303423646,-0.2073789498058279,-0.5473248370550216,-0.4879084694763952,-0.3790139627876198,0.1458191676118758,-0.3666101429862298,-0.35377332212649,-0.033786637572467,-0.4110303660872829,-0.5882397196579425,-0.5488247824708086,-0.5506167798609667,-0.035592273080542,-0.4145548205779166,-0.4223714540528933,-0.1859275155554097,0.578614472375553,0.2353820423523445,0.1866687846525959,0.4814747004956295,0.0451727367718483,-0.4461727766205358,-0.4087483876784612,-0.1629055867280836,exact,9
UBERON:0004913,exact,direct,ampulla biliaropancreatica,Mistral-Small-3.1-24B-Instruct-2503,-1,0.856893568387906,0.8449143744306024,0.6133750258023104,0.9406776611561782,0.797292303719589,0.6045603748727125,0.4224952659617159,0.8200590300971112,0.6706197071865458,0.0256341295991114,-0.0100867662802887,0.6236816550189856,0.6375875593772701,0.0275738422942783,-0.0518922454366745,0.5379771323378992,0.8522509914624733,0.6511207995097453,0.3930260296177221,0.874003959681432,0.3988322803752351,-0.1799820958701397,-0.2294705948765759,0.2367763788754785,0.5766700093790736,-0.0154179620055863,-0.0678465715590534,0.4677009285193337,0.3226924678206009,-0.2171393093100679,-0.2596568438428938,0.1835864020043839,0.7395169293476272,0.4983604243844047,0.320446672995221,0.7014656616018632,0.6592662316746519,0.0724871723526454,-0.0794644060505335,0.544453507161857,exact,9
UBERON:0004913,exact,direct,ampulla of Vater,Mistral-Small-3.1-24B-Instruct-2503,-1,-0.1491260661956246,-0.5007446515284167,-0.478222577022498,-0.3352043915613051,-0.1199922848297253,-0.5113646012305636,-0.4617469016584121,-0.2978989966771495,-0.7328444384060877,-0.5776601042823335,-0.0696669309036647,-0.817144821858464,-0.5590612005938921,-0.8006767009341688,-0.7032500700347475,-0.6500624094949999,-0.3225664989252662,-0.6203989065864577,-0.5372958975275791,-0.4858849440990067,0.1814195185652616,-0.3439470854321865,-0.3390721770672302,0.0025898567206729,-0.3848552439975574,-0.6030861157355557,-0.5732005602634521,-0.5275455066561073,-0.5638140676569788,-0.6153847498955913,-0.5862719740164872,-0.668076743534938,0.7983063007805701,0.6155301884568054,0.4254057203625203,0.78835340464592,0.1080678912100674,-0.4291413601494038,-0.4032825625637511,-0.1003041402896953,exact,9
UBERON:0004913,exact,direct,ampulla of bile duct,Mistral-Small-3.1-24B-Instruct-2503,-1,0.4061293106540309,-0.0160419871575877,-0.0775505004532375,0.2765031253337536,0.2318472081073835,-0.229562722788717,-0.2373164070197848,0.0728605357309139,0.8116655531687506,0.5198942462932543,0.0307014267581543,0.8141649442154922,0.1052862009872493,-0.4210054569263203,-0.4671812113661446,-0.0424926452984584,-0.5759030442234446,-0.740328456296145,-0.5725265643944134,-0.709407940400186,0.1900558647868238,-0.3373842587903606,-0.3654598041372613,0.0114899847769592,-0.2412645349871889,-0.6718902420395202,-0.5869092214314744,-0.3982700667524841,-0.3690823592084435,-0.5067750889873269,-0.4848943214443875,-0.4972470570030164,0.7545758214428513,0.5312961379762139,0.4027315515251055,0.7233447437930705,0.102700334403629,-0.4310979323267752,-0.4144387584878181,-0.105710103674169,related,8
UBERON:0004913,exact,direct,biliaropancreatic ampulla,Mistral-Small-3.1-24B-Instruct-2503,-1,1.005751333157539,1.4296397600744013,1.1952468691475322,1.2383305569888532,0.9478811939763692,1.051608092555994,0.8605610210733784,1.0803891080282029,1.1114258357721165,0.9948413187830236,0.0731267613461289,1.2860637830238226,1.1741117667660894,1.0734803107063782,0.887416855116854,1.311215998190513,1.0900033135165632,1.401285643217204,1.0444759016772116,1.302727636298276,0.4314658720316723,-0.1556847259677115,-0.2050870112578829,0.273985955363333,0.6270276710133513,0.0516410934239498,-0.0163008878475423,0.5322957165192139,0.6540115370849922,0.0795083985206054,0.0019962245502914,0.5731607872519262,0.9948761350755504,1.1220230779813098,1.033935317178842,1.1149533696716334,0.7747951259526635,0.2523450266384542,0.0209676825282548,0.7151828664159037,exact,9
UBERON:0004913,exact,direct,papilla Vateri,Mistral-Small-3.1-24B-Instruct-2503,-1,-0.415720841781875,-0.6600758728776648,-0.5976173190984945,-0.5875535370800011,-1.1180984531688227,-0.9485334677035828,-0.8007459132557926,-1.1653360704600584,-1.09720033407405,-0.7380272464846794,-0.0996657003476947,-1.1224053066535895,-0.9888952979904676,-0.9726333729833364,-0.8247109046844902,-1.0020214604540891,-0.2737588380247905,-0.5980230514126094,-0.5041488407748259,-0.441036451834975,-1.0619812103753306,-0.7854935500905408,-0.6785752963652861,-1.0737593744513958,-1.7603602134941088,-0.9288990763787368,-0.8034917155774395,-1.5996441898238805,-0.9196755979301876,-0.7729655450198238,-0.6946890096695735,-0.9638139950140692,-0.6667512571964802,-0.7379625661822081,-0.5729999674680263,-0.7815947381476153,-0.8585773852272541,-0.7545916440922593,-0.5695828835726368,-0.9353062465996396,exact,9
UBERON:0004913,related,direct,ampulla Vaterii,Mistral-Small-3.1-24B-Instruct-2503,-1,-0.1300630227070018,-0.5000460905371654,-0.4835792962809251,-0.316342027934396,-0.2175602866740129,-0.5633186059302754,-0.5347753352194508,-0.3929342644428948,0.7232048350265605,0.242709947312277,-0.0106407566592942,0.6929397924566734,-0.4418620899897607,-0.7589322644219979,-0.6772365616598564,-0.5493242286087402,-0.085697974334686,-0.4881071013615289,-0.4377750180565121,-0.2620123155824733,-0.0481808775466364,-0.45954632022454,-0.4258878207738837,-0.2240578824997953,-0.4791145508920032,-0.6185701019994957,-0.5899202120311698,-0.6099645240785216,-0.8941844778191472,-0.7300731683870655,-0.6818608002751645,-0.9432498733398612,0.6629392639671192,0.3415620938936594,0.2294926870762421,0.5938261413718303,-0.2064950870087426,-0.5360923263954313,-0.4634859502522041,-0.3991040581938351,exact,9
UBERON:0004913,related,direct,ampulla hepatopancreatica,Mistral-Small-3.1-24B-Instruct-2503,-1,1.0388702339060722,1.6361224138334398,1.3849327821200528,1.315472803077828,1.1018162624215502,1.807353403307532,1.5756490663878715,1.4062278699473791,1.0987603311341714,0.9203081724661012,0.0974674144570089,1.263531361201983,1.0836860348447688,0.8003514721318805,0.6435936680119557,1.157070675604129,1.1311852500925257,1.5977821057448278,1.202103622203352,1.391480276933195,1.2380087274378329,2.381989439970723,2.309536239379755,1.6377390865911672,1.3105956100973928,3.7876270707566055,3.910333162725572,1.8909080991008893,0.6270962064516039,0.0674517778304741,-0.0196407859654281,0.5392170173307091,1.106855958269478,1.6483849361096268,1.5538067432785398,1.3383021164024764,1.1329714382687792,1.9038042756404727,1.5350190980563494,1.493618468234705,exact,9
UBERON:0004913,related,direct,papilla duodeni major,Mistral-Small-3.1-24B-Instruct-2503,-1,-0.0513350656144316,-0.4374561380939238,-0.424906410825592,-0.2371290720325754,-0.5717061498175618,-0.7260983339603563,-0.6468138164777649,-0.716403796579243,0.3122155595959405,-0.1102329311572647,-0.0398248731786133,0.1941429651956598,-1.099345467788547,-0.9872878834917844,-0.8688876357763529,-1.0886725707363467,-0.2770930665973958,-0.6024352991507339,-0.4892057982641705,-0.4441201600622629,-1.0159779964801765,-0.7730431278438522,-0.6767565749218797,-1.0388500794844344,-2.170385955963156,-1.018937464319896,-0.8743297132425454,-1.8822618241549525,-0.1408474911523519,-0.5572533639830362,-0.5167218474793492,-0.2870749085098538,-1.3174362265548192,-0.8718582111422308,-0.7458769990336911,-1.2932167493153768,-0.486367094593055,-0.6476259864958506,-0.5032342078941556,-0.640353219301694,exact,9
UBERON:0004938,exact,direct,biliary tract submucosa,Mistral-Small-3.1-24B-Instruct-2503,-1,0.87769125914682,0.8787199582682287,0.6872088265903161,0.9785655853916192,0.8771532842011678,0.8265357091849207,0.6002373626912603,0.9528565937750032,0.3776674700722486,-0.1198804293174003,0.0038745665455301,0.2679472491239254,0.7758276058908454,0.3929244202363406,0.2692826883861618,0.7116420595321516,0.7664967070141014,0.5004407115429192,0.2573632192680966,0.7425302600153697,1.198747940869381,1.8564209118056472,1.693602477236314,1.517502802261775,0.8441351758028393,0.3161438858710054,0.2115184324407407,0.8380421576059408,-0.2045097992508195,-0.5189364363758143,-0.4908780893054287,-0.34689420046199,0.9935464631411988,0.8472715024843898,0.7324639769137653,1.1125039118988371,0.981584870228087,0.6866258347951775,0.3644650175063837,1.088749342556748,exact,9
UBERON:0004938,exact,direct,biliary tree submucosa,Mistral-Small-3.1-24B-Instruct-2503,-1,0.9985123963325804,1.3841713434653249,1.180254108852776,1.2221367008321742,1.055224478028962,1.488786712844228,1.2647838950519257,1.2985543854824733,-0.4740909880780883,-0.6387343745251064,-0.0934494062131361,-0.5887432577926034,1.1451554974651432,1.2335611925629004,1.0614147761733872,1.260264204406871,0.6797765118904513,0.3392696117918038,0.1297657470892454,0.6180595242317317,1.2682212974708404,2.928455932134157,3.012006033437559,1.7472835443615902,1.2181364366052263,1.9056857060389487,1.7447941603523962,1.57636828622666,-0.2246154094971548,-0.5154560448049785,-0.4853888815874405,-0.3655856518571394,1.0924547533675892,1.2656094325215752,1.169996181021622,1.30739292046007,1.1723643102318932,2.354039456478673,2.10070378858823,1.6572240523603743,exact,9
UBERON:0004938,exact,direct,submucosa of biliary tract,Mistral-Small-3.1-24B-Instruct-2503,-1,1.2082698376528689,3.804716972325617,4.529630132436978,1.8612239644943336,1.1933597457265914,2.6191683265885635,2.662180676145129,1.655442802059168,1.3464977557934823,1.9589206666307264,0.2129913317846622,1.7805177172852409,1.165828659307967,1.3252500434656196,1.1705018748104583,1.296473494620166,1.2798533808736263,2.765743353225097,2.623602898928468,1.7831066409999707,1.2666122270202071,2.8749780404562704,2.874216042434583,1.7409221742596577,0.9982306723503152,0.6870084814191979,0.5176167980634857,1.0939240028897514,0.9400989704532958,0.4677130149026643,0.3682280978805919,0.9697950160786188,1.3114345638980824,3.913572658280953,4.0348974340705865,1.91935753592642,1.0294893601033528,0.91029756101906,0.5457097905201356,1.1968905819267135,exact,9
UBERON:0004941,exact,direct,right hepatic duct submucosa,Mistral-Small-3.1-24B-Instruct-2503,-1,0.9926013858748586,1.3666545720693768,1.1846079001506318,1.2090753165297543,1.03474748275165,1.4213460746639053,1.2347903125297912,1.2540843884045392,0.9316122309263823,0.7147303226243217,0.0512599992931155,0.9897909942743286,1.2672278192259716,1.7753883210495238,1.6278137277844962,1.487726979201507,0.7684803893405121,0.5035478366067289,0.259111833613916,0.7454707986212504,1.204614145478461,1.9055468773826505,1.8044730017194903,1.5342976406948785,1.2287688440188715,2.0985458062689504,1.877649709538576,1.6065521916541936,-0.2867562462997854,-0.5958885103181027,-0.5492347463283646,-0.4227736209387744,1.0236256439529077,1.14682153208363,0.96142832623739,1.1689428145813414,1.1809120489839269,2.724081632301758,2.596994617394546,1.7018154487136037,exact,9
UBERON:0004941,exact,direct,right hepatic ductal submucosa,Mistral-Small-3.1-24B-Instruct-2503,-1,0.9576199119651588,1.1983451450094027,0.9716382226552144,1.134507575446727,1.0152054604469154,1.3327928764388974,1.1199710815237385,1.2130325465767189,0.9165860394014989,0.6546588041711274,0.0372018213547979,0.9669766901166396,1.1761341145845423,1.3665868611747274,1.20784860142494,1.314836557191459,0.4479730759415993,0.0165952663962637,-0.0641193074028733,0.317143733122916,1.0050578442850275,0.7541167811065669,0.6062553481402818,1.0843350390156512,1.0748503028273615,1.0544561172978424,0.8655310265749715,1.2403840159172432,-0.467853851546051,-0.6453200813097253,-0.5801310382140303,-0.5847851593353778,0.8625580503051155,0.6548811103680307,0.509190136536058,0.888281006748252,1.002791415322703,0.833493533530682,0.4845118674960067,1.1351251867563246,exact,9
UBERON:0004997,exact,direct,antral mucosa,Mistral-Small-3.1-24B-Instruct-2503,-1,0.2572180116800643,-0.2185752388563979,-0.2394989560105541,0.097455400546548,0.4613139594244116,0.0054226653592145,-0.0725309825545572,0.3462206047826308,0.741422225714551,0.2780408734978757,0.0043689052424201,0.7173995337187177,-0.3132898325815718,-0.5465600397016083,-0.5327351608660928,-0.4360175057406197,-0.1013297368066407,-0.4814051812232368,-0.3934905438562722,-0.2772960460948069,-0.144837674864324,-0.5191492883769075,-0.4959414502353497,-0.3144573038428556,0.0147054647297891,-0.4305660881752491,-0.3924395966583027,-0.1546859913043245,-0.1851470853648028,-0.5411676960273794,-0.5065008413571886,-0.328803663620419,-0.204507251398975,-0.4868704401059637,-0.5252399509426275,-0.3717870062874542,0.3494433396723332,-0.2876820290496644,-0.3024231672960171,0.1570369218520787,exact,9
UBERON:0004997,exact,direct,antrum of stomach mucosa,Mistral-Small-3.1-24B-Instruct-2503,-1,0.4777914480239682,0.0334826138312978,-0.0797608555197256,0.3679980257459105,0.761797499209165,0.4880969964642765,0.3353615356513624,0.764171833154227,1.1920848185748831,1.2147082039702908,0.0956519314262512,1.4373263459702523,0.3387383664116672,-0.0774082007600878,-0.1238635346826919,0.198150251712286,0.8216508548346947,0.597532366694144,0.3334814923559358,0.8260212946395993,-0.0840968816491656,-0.4958602611331341,-0.4580834172265063,-0.2579605357823329,-0.4301892490860852,-0.6492879160572084,-0.5948522819643945,-0.5674127455422175,0.8989469108200899,0.4825721174869602,0.385010868051671,0.9079038278237334,0.101161450232171,-0.2435495718842968,-0.3072578435424715,-0.0696092432758183,0.7378130620456618,0.1304325527267353,-0.0478109832402944,0.6583908051784146,related,8
UBERON:0004997,exact,direct,antrum of stomach mucosa of organ,Mistral-Small-3.1-24B-Instruct-2503,-1,0.4397487909755542,-0.0294632565079418,-0.1119674026564843,0.3189482914101802,0.6873568769905327,0.3281143037069325,0.1746397324602784,0.6522268787797378,1.0677604405663663,0.7984304863506896,0.05687467979522,1.2095915736373706,0.2149774784184609,-0.260682767577215,-0.2993861589465532,0.0683201807125726,0.5451843143056891,0.1210043299867182,0.029140236504125,0.4384543496897396,-0.1687930867493125,-0.5320843049850386,-0.4888059736621632,-0.3364615671032828,-0.7174032856056176,-0.7608867220741058,-0.6751558773166506,-0.8108227580040845,-0.1689900670230823,-0.5028415596502086,-0.4584417555040981,-0.313639664743282,-0.1155865131052869,-0.39959965022608,-0.3574027227210873,-0.2869130951517107,0.5759385501392842,-0.0871448222528926,-0.1922879171842325,0.4317999650258185,related,8
UBERON:0004997,exact,direct,antrum of stomach mucous membrane,Mistral-Small-3.1-24B-Instruct-2503,-1,0.3865142391363055,-0.0703204460177708,-0.1622882183779569,0.252108398987372,0.7238612038135399,0.4072619862239595,0.2435696323166053,0.7062870745906362,0.9440556755164364,0.5043009365373079,0.0209929383095869,1.0088787546662836,-0.0982386569269164,-0.4813187579280315,-0.4445198391891171,-0.2390539352672679,0.8120695395456917,0.5886703892353093,0.3045209584534857,0.8112501796407952,-0.3689902018660068,-0.6110436840842917,-0.5535610289926369,-0.5147961272161401,-0.6076143114346095,-0.7202664443356032,-0.6492640553472544,-0.7195308708546146,0.0226229429549308,-0.3619482220964043,-0.3639834967727319,-0.1286904993807685,0.0761686220080491,-0.2536474320620708,-0.3175422818168342,-0.095499471263086,0.6646900337889063,0.0283861088201039,-0.1159689956187843,0.5520597626681251,exact,8
UBERON:0004997,exact,direct,antrum of stomach organ mucosa,Mistral-Small-3.1-24B-Instruct-2503,-1,0.3947286108791873,-0.0672189400744113,-0.137034840936247,0.2622921151026158,0.6884968606481267,0.3489406121518462,0.2135638315968492,0.6538922112718443,1.1094034344694,0.9032632034386016,0.0598435500920466,1.2824457290096565,0.2198535564108667,-0.1751761645744291,-0.2175728561729093,0.073334763765725,0.5530412521475507,0.130541826837812,0.0550541848902218,0.4485444380559051,-0.0109345665577174,-0.4633226350633009,-0.4374185464339518,-0.1884898954916432,-0.0853342478824633,-0.4581501065378964,-0.4416874923604026,-0.2521018567121958,0.0752112078085952,-0.4045111168897764,-0.4087152527002404,-0.0761341676543544,-0.0978782854247364,-0.3920448173805713,-0.3810190446950541,-0.2697343746188076,0.6450583573131374,0.0052034777062832,-0.1299431394780634,0.5246968248224644,related,8
UBERON:0004997,exact,direct,mucosa of antrum of stomach,Mistral-Small-3.1-24B-Instruct-2503,-1,0.6038672802273081,0.1967966012440077,0.0736544435167821,0.5393765367309051,0.7800597578437944,0.508490033656954,0.3399294831013158,0.7927069073404371,1.001107019744277,0.6449515020084959,0.036214021968686,1.098818584941741,0.4685540114214808,-0.0350104205820565,-0.0840907890027867,0.3406661343851877,0.9767562292436572,1.0058641104938897,0.713516500041647,1.0840448126408169,0.3742539289019372,-0.2311197543493759,-0.251886470009508,0.2091426487257267,0.2513424802106438,-0.1801678161342945,-0.2042287619674458,0.0894380537744836,0.8970559463345156,0.5771937535422854,0.463472567686457,0.9051062006640328,0.3673882219525744,-0.0162872247774706,-0.1294202640279878,0.2225699234223018,0.7388765627741822,0.1185736857224542,-0.0586546643352673,0.6599934959385396,exact,9
UBERON:0004997,exact,direct,mucosa of organ of antrum of stomach,Mistral-Small-3.1-24B-Instruct-2503,-1,0.4236210904829912,-0.0692214592485873,-0.1501136280838083,0.2984847066597468,0.6725285473299362,0.3040980065765632,0.1758977840490824,0.6306942099267232,0.8468318598170903,0.3561601510013665,0.0185514067387885,0.8641961677991926,0.1717242994386221,-0.3902856293043807,-0.3893284850177781,0.0241769042214353,0.7376533609433727,0.435701492187653,0.2597274192442139,0.7002657363222347,-0.0140123749143647,-0.4658271032833923,-0.4402875376665464,-0.1914452559080727,0.0608214983269403,-0.3197844910022663,-0.3231074651628997,-0.1087096116881683,0.7507840517162158,0.386284968665616,0.276349186944124,0.6994092766803542,0.1598035569239975,-0.2070030621666842,-0.2274671666527269,-0.0079146861869382,0.5790402982611359,-0.0889247318112763,-0.1957871635063443,0.4358618448455012,related,8
UBERON:0004997,exact,direct,mucosa of organ of pyloric antrum,Mistral-Small-3.1-24B-Instruct-2503,-1,1.086513590014787,1.9611253788790213,1.7964034068298629,1.4371582566659502,1.1938513054372568,2.593438341867502,2.5613610741526096,1.6569730611524205,1.063974643874678,0.7820239647257067,0.0635350074151904,1.2031162514339258,1.3924294969367392,2.604589790917917,2.7643422954823254,1.7695235006442425,1.168834157688443,1.849130657902715,1.5617506385832685,1.4783922984827609,0.979800648388572,0.6707573724735116,0.4826628827994887,1.0384202855592364,1.0727725044540848,1.3560140931177742,1.1366933412470972,1.236185339817826,1.325197871233494,2.375113856516996,2.2994982996673983,1.7001814837351257,0.8867280546601842,0.7425657047677926,0.983425212693577,0.927400851223972,1.050942558933162,1.0837315440093884,0.7124480476522329,1.2497778943293316,exact,9
UBERON:0004997,exact,direct,mucosa of organ of stomach pyloric antrum,Mistral-Small-3.1-24B-Instruct-2503,-1,0.9620319647015388,1.1949130752415045,0.96486700871577,1.14367118334208,1.0751959355943572,1.5957115301499265,1.404039071950874,1.3435184448004234,1.0814365685765157,0.8492332709613897,0.0598818597552322,1.2331829239252603,1.0947348196657938,1.0238483049517142,0.8534262780477713,1.175162193240584,1.1035433499624117,1.4914305941882786,1.1743486190665822,1.3312588929908946,1.0055221966887675,0.7477025430586153,0.5685924310227233,1.0851947014812822,0.9525036143513008,0.9512915415599476,0.7807484709807104,1.0134156939863532,1.1340472164902582,1.3496009085257283,1.147267552635322,1.2938400738754785,0.954106677862608,0.9665151621177296,0.9087079250889636,1.041601746476837,1.0107947614165178,0.8697609018602134,0.5232443948310042,1.153217295489125,exact,9
UBERON:0004997,exact,direct,mucosa of stomach pyloric antrum,Mistral-Small-3.1-24B-Instruct-2503,-1,1.1825567335869576,3.176237731588133,3.535396059724556,1.748143914953355,1.1979748158063466,2.618698465940501,2.592426808987634,1.6699173208414344,1.4177097576680318,2.7290023057390225,0.2886725866146404,1.9800146024245888,1.2724221159820344,1.7264962456400277,1.5710014059943014,1.4982461066848296,1.2397734900345585,2.348009882576038,2.007208095787067,1.6623714613033995,1.2760297197096495,3.0932554738035325,3.094684959536833,1.779227439996215,1.0363241861687005,1.2531759440687344,1.063067104386452,1.1647093617226305,1.3141668377779725,2.1593995552992435,1.9889898745468348,1.6728058170609492,1.220266965986294,2.3868492649685056,2.38374481003977,1.6157636803277222,1.1370092321555685,1.844074015501873,1.445809829266952,1.5082565435261794,exact,9
UBERON:0004997,exact,direct,mucous membrane of antrum of stomach,Mistral-Small-3.1-24B-Instruct-2503,-1,0.4783476475495125,0.0287592559846647,-0.0665853542750376,0.3687235560929889,0.7652391937394485,0.4954051454250405,0.2970722808644751,0.769515033143792,0.9198057176695342,0.5306123482263779,0.0214849145690651,0.9718438850300544,-0.029498489401521,-0.4581572587988968,-0.4235042975624543,-0.173872352023795,0.8934178019204784,0.7803993456137831,0.4729711063709538,0.9406412528587148,0.097324955973482,-0.411285738692844,-0.4088019515910286,-0.0825645096051827,-0.2122312169405033,-0.5242064589021109,-0.4890286543668127,-0.3715370893781546,0.7106955068725187,0.4478697674737232,0.3197699036156305,0.6462712797523809,0.3231902128056804,-0.0551655712999167,-0.1661676599658866,0.1717538810829623,0.6448426642978431,-0.0070558591559121,-0.1410465597125069,0.5243987370640378,exact,9
UBERON:0004997,exact,direct,mucous membrane of pyloric antrum,Mistral-Small-3.1-24B-Instruct-2503,-1,1.1130839365994438,2.21220051990876,2.159679485939995,1.5122125306598386,1.1829927281319874,2.466261321238924,2.408868581813695,1.6237725575459787,0.7221568809357334,0.2377224139226129,-0.0087708820531997,0.6915402739208271,1.0927145195871326,1.119693622503527,1.0367926637480622,1.17183994655282,1.2148261997748522,2.160766690062246,1.8758395124088367,1.5940679950288863,1.0871215781823187,1.069396967723924,0.8579964692286728,1.246621945376146,0.88127092895034,0.6114032582311523,0.4654668153704601,0.8960028124598437,1.118476695275105,1.3323902135335903,1.1377799200166636,1.2653849654072669,1.172413788774701,2.0315014326898004,1.7691206727573572,1.490017514477273,1.1177341199706328,1.624319302141239,1.2551373197744156,1.4413559229631925,exact,9
UBERON:0004997,exact,direct,mucous membrane of stomach pyloric antrum,Mistral-Small-3.1-24B-Instruct-2503,-1,1.030310323207946,1.5707835776339345,1.3451139565344663,1.2950221796588297,1.110844498118544,1.8342206796255272,1.626594332215698,1.4283018902732691,1.040127626877242,0.7708322042254195,0.0479451175247987,1.1628553378281306,0.8381689961145989,0.4388392506147581,0.3444695761533243,0.7944093138736181,1.134199669314032,1.647389000303635,1.2537644737437714,1.3982200611392144,1.072315163657501,0.9967560331116134,0.8041364646528022,1.2156152387548735,0.4742789107348968,0.0070757495514035,-0.0443855403091337,0.3420020294314611,1.0465931637049792,1.0928804364861082,0.8768045182419395,1.1401518026980024,1.0594324223657052,1.3281565488866065,1.1648648226430018,1.239194215715827,1.050965779473086,1.086217029890775,0.7071542095239578,1.249836930179438,exact,9
UBERON:0004997,exact,direct,organ mucosa of antrum of stomach,Mistral-Small-3.1-24B-Instruct-2503,-1,0.541174555456179,0.103613025073797,-0.0024451346038187,0.4523431096944593,0.6798390419842884,0.3146452975530661,0.1678165335666363,0.6412802301560832,0.9584988150958176,0.5374219386348275,0.0270229416054195,1.0312630027448526,0.3141192099899059,-0.1714567947990369,-0.2067685636042075,0.171884012842663,0.8529943321163788,0.6753813128410575,0.4008350753323245,0.8751854117181315,0.1806478797223557,-0.3636100143956022,-0.3641419662254989,0.0017961066650736,-0.0150629927335012,-0.3863839252744498,-0.3677349204904881,-0.183996114640431,0.0571192376968078,-0.3859927392405028,-0.3659272770896375,-0.0943093369774305,0.307162661855055,-0.0780299957438333,-0.172214396001622,0.1535753595496307,0.6112409949917813,-0.0446679778523249,-0.1676347491972559,0.4786066251151942,related,8
UBERON:0004997,exact,direct,organ mucosa of pyloric antrum,Mistral-Small-3.1-24B-Instruct-2503,-1,1.162562055893048,2.8231881308320816,2.9484977223790105,1.6723304458598782,1.2269535420668587,3.047754559877387,3.3310093801935925,1.767079989335289,1.141468597502651,1.0420976710322434,0.0849993264288392,1.3407552456869989,1.4776654371295392,3.6618277706068247,4.2961372926093,2.015157445491156,1.1726459394137023,1.869810326375298,1.5401778000877482,1.4875483167342003,1.0166594285835426,0.7909306547459956,0.608559516914351,1.1059906200538503,1.0441615959668016,1.2128178092536148,1.083457421494703,1.1797478135932105,0.5399358909772143,-0.0101991265040548,-0.0342911333131027,0.4323934078893161,1.0452213748479764,1.2153306155889343,2.0315189491410064,1.2108844801474592,1.0759515964433373,1.2541250431369309,0.8515134847579273,1.315951757311713,related,8
UBERON:0004997,exact,direct,organ mucosa of stomach pyloric antrum,Mistral-Small-3.1-24B-Instruct-2503,-1,1.0813485821707018,1.90748726927807,1.7209906080073127,1.4232364260581778,1.116650027971522,1.8563025100560269,1.743061188981401,1.4427321821418886,1.1581604318131022,1.0822274712707254,0.0886544464267691,1.3719523695254805,1.151607925549332,1.2836984839236198,1.08464634691553,1.2714782912415852,1.0884345189969835,1.424051839210832,1.0889084268791416,1.2994602846730847,1.035365870872776,0.8525456610658607,0.6793720466155005,1.141723980802282,0.7611635004165942,0.443347050756567,0.3629435993330429,0.7151992172195099,0.1211138941669969,-0.3747551536718899,-0.3379467658196852,-0.029561273778427,1.0782201148961863,1.4473767566556566,1.440873018302891,1.277559301672244,1.027091452347198,0.954487232862427,0.5743707761349036,1.1911711113800738,exact,8
UBERON:0004997,exact,direct,pyloric antrum mucosa,Mistral-Small-3.1-24B-Instruct-2503,-1,1.092354380282409,1.9978428996137705,1.901965242757189,1.4531475370790656,1.0331027379377646,1.3665498536482894,1.1478856732394014,1.2505789891987993,0.4665499868496008,-0.0105112653811031,-0.0254047708882041,0.3711688880978113,1.3001505605037742,1.942698064696912,1.8188273231686831,1.5558421920287255,0.7765707015737161,0.5040623942910831,0.3103885884037592,0.7575100233501926,1.2503785278342632,2.5371418806425097,2.4798543068977468,1.68030149867653,1.086314481960293,1.272590296528795,1.1430929152763656,1.2638111274852324,0.1077808594896984,-0.4054789102107391,-0.3949712872644364,-0.0431580959804417,1.0247415675494251,1.1719891726469105,1.018639219486248,1.171079741742397,1.1663765070034842,2.361140790847957,2.1334584475028784,1.6285715038669033,exact,9
UBERON:0004997,exact,direct,pyloric antrum mucosa of organ,Mistral-Small-3.1-24B-Instruct-2503,-1,1.1064422190150385,2.128003176234636,2.024865826782073,1.4928699056458896,1.054597797639535,1.453435482230901,1.2751710693984235,1.2971698175375674,1.155659273665366,1.099066742226005,0.0932870010815733,1.3672388359777972,1.286806668924019,1.949526359284475,1.8552976284587048,1.5278121283093158,0.8114904253153236,0.5687629441779221,0.4825840425400932,0.8103611166345241,1.071164741035623,1.000950133747902,0.7942388544313778,1.213241789559705,0.8981461093022187,0.6326436016224743,0.5571283163631263,0.923034805004575,0.110646875448191,-0.3306128370114873,-0.2869704740493434,-0.0402402136116111,0.3873418794964573,-0.1691171276711494,0.3872666841231669,0.2458546507166767,1.0197088686873526,0.9194762878224564,0.5744197592990301,1.17378453714915,related,8
UBERON:0004997,exact,direct,pyloric antrum mucous membrane,Mistral-Small-3.1-24B-Instruct-2503,-1,1.0282301369824105,1.5501479322642413,1.3339091052340863,1.2901089058685915,0.9629766587719878,1.071207507675669,0.864780992089525,1.1090663436171762,-0.9429201710608622,-0.7401157873853399,-0.1026987119830701,-0.9952232248618972,0.8417201864616636,0.4976268685783399,0.363677736453926,0.799218402114589,0.6085541050511333,0.219775252245349,0.0956280621602298,0.5211680129258395,0.9382131558364344,0.5539685656232786,0.4124522042774498,0.9661070128494016,0.6665274498610597,0.1628782833943688,0.1176493458594616,0.5844122657766162,-0.0520127263816124,-0.4315084637427989,-0.4119056811311806,-0.2019005479937113,0.9841901479386214,1.046943058024668,0.8575272606629961,1.0953811441979415,1.080314993901061,1.2787551849604266,0.9087514289811572,1.328083483398427,exact,9
UBERON:0004997,exact,direct,pyloric antrum organ mucosa,Mistral-Small-3.1-24B-Instruct-2503,-1,0.9946356856395367,1.3525570182853046,1.1144090333284424,1.2135543721396584,0.9556389846707584,1.0388110493899274,0.828109609436548,1.0950561755279733,-0.7230487808688767,-0.6873781810263562,-0.0996342062959833,-0.8086904044508993,1.2522297634423425,1.771999437700654,1.653739607237615,1.457797946204222,0.8312019178877829,0.6179281550017859,0.4279288614147143,0.84086364987845,0.9085695220818828,0.4826908361891728,0.3460766399388797,0.9167588218556056,1.0223826320522464,1.092322706466547,1.0128331234320322,1.13837284978215,-0.0097707595882021,-0.4587540809582077,-0.4258343171860075,-0.1606586096802865,0.7312400789949804,0.3245432520255537,0.6451448737177827,0.6895450503825914,1.0438520380643608,1.0428554956238465,0.6995501403967088,1.2319397901325493,exact,9
UBERON:0004997,exact,direct,stomach pyloric antrum mucosa,Mistral-Small-3.1-24B-Instruct-2503,-1,1.0433810120582363,1.636911305142667,1.4469852984844642,1.3264052902557266,0.917383524913232,0.9078586756300072,0.6476410377668844,1.024093851223921,0.7128076526109203,0.211461677868813,-0.0070846173199046,0.6790902014500596,1.0581343377217889,0.944499707707963,0.7481530613109809,1.115933832985446,0.827761806489476,0.6021976432691236,0.3983475435145199,0.8355039739122722,1.191022425120347,1.7614019675940973,1.583934229440775,1.4959056674569735,0.8057016141345105,0.5144063055262492,0.3861196494115673,0.7800747815804961,-0.191104429927911,-0.5644019926755097,-0.5303084012926688,-0.3343790688330115,0.8316567605017375,0.6458150552586107,0.520038372297045,0.8395213859749148,1.1289986618937773,1.7544870922314406,1.3771732456272892,1.47955972810063,exact,9
UBERON:0004997,exact,direct,stomach pyloric antrum mucosa of organ,Mistral-Small-3.1-24B-Instruct-2503,-1,1.045080896858181,1.6382855540079952,1.424205049821616,1.3305540121733432,0.9759738702686837,1.1013871969947435,0.937814684399269,1.1342230419166253,1.138855447199046,1.0452597656721752,0.0799128162939094,1.3359253670062226,0.9432307434243462,0.7029049899882489,0.5503951713989136,0.9415140735315618,0.7068392977901969,0.3683554777669199,0.2776938609956574,0.6560847510301223,1.0201388390191,0.7971827927211522,0.6013078949770232,1.112558994494694,0.7748029256879542,0.4524101489488334,0.3463018154820101,0.7348203565172352,-0.2643427698604074,-0.5471742641361351,-0.4966915873716659,-0.4022462062297868,0.4997949515186327,0.0595950195170178,0.2573816694308315,0.3814549481366639,0.9887342164646956,0.7766811359648781,0.4445936648980946,1.104143005644614,related,8
UBERON:0004997,exact,direct,stomach pyloric antrum mucous membrane,Mistral-Small-3.1-24B-Instruct-2503,-1,0.9932333675857584,1.3574272228868498,1.1689393648935282,1.210465004705617,0.9155865751968338,0.9204181317187556,0.6981440457266165,1.020841398279324,-0.8194805695689857,-0.7052903287922968,-0.1013814528520236,-0.8913161057160618,0.6111344471979082,0.0931943742663761,0.0175474002439446,0.5061017136087891,0.6241750631531184,0.2402526422909076,0.114894536933491,0.5420452502812562,1.0064143922163462,0.7460345816217552,0.5660368313616018,1.086848072002695,0.3179824809811911,-0.153535235093016,-0.1813875416545597,0.1623028201039709,-0.306992352156782,-0.5593062627552416,-0.5307397328107297,-0.4412126403166426,0.8235193112389825,0.6289832540573721,0.4447674499597679,0.8269019386840201,1.0536330454923593,1.1051487510113167,0.7127230862049637,1.2566458502103788,exact,9
UBERON:0004997,exact,direct,stomach pyloric antrum organ mucosa,Mistral-Small-3.1-24B-Instruct-2503,-1,0.9222497936369852,1.0333861791784185,0.8055193495815393,1.063286665978436,0.8846470459830351,0.8015832859931168,0.597317703798336,0.9658844201938738,0.7620295520999475,0.2821800116708541,0.000244720221866,0.7453739107612712,0.99284911677324,0.8505299007382736,0.6666793863865599,1.0148776718525776,0.7605564644048391,0.4691973802573199,0.3149727169217905,0.7337511505115871,0.8660095896473843,0.3846630331711222,0.2604087672622858,0.8486907280297288,0.7267432372938231,0.3905230860930295,0.2838732020730071,0.6665889421696257,-0.3685872578840996,-0.6261257925931887,-0.582020116965266,-0.4968033992934375,0.7149866267909921,0.3872164824540028,0.4104605716659535,0.6663461507251257,1.019355400468509,0.9178156749383676,0.5677758343335088,1.172960289244905,exact,8
UBERON:0004997,related,direct,gastric antrum mucosa,Mistral-Small-3.1-24B-Instruct-2503,-1,0.594785932473984,0.2046828741486816,0.0904151369881692,0.526528002302544,0.65564079215167,0.2942036934371161,0.1667075403043472,0.6064558263701646,0.9904527556787386,0.6605549655224043,0.061191832644793,1.0817045832498084,-0.0239622201002157,-0.3710901454703842,-0.3914054089033564,-0.1685714280862744,0.6117910942940125,0.2282815803219912,0.0529350319855134,0.5254777087757828,0.4503666501753784,-0.1655141576573361,-0.194533440850169,0.2958197260322865,0.094034469263041,-0.3226759920561334,-0.3475480942011725,-0.0751488844788621,0.0004269591999882,-0.4807273803850034,-0.4489897485217885,-0.1506273905941148,0.0197891022367726,-0.3084688738802654,-0.3270733110507879,-0.1530652204828349,0.7538352345932403,0.167466125654085,-0.0118524691312239,0.6827230712308933,exact,9
UBERON:0004998,exact,direct,mucosa of organ of pyloric part of stomach,Mistral-Small-3.1-24B-Instruct-2503,-1,0.5851532519409642,0.1587790457189205,0.0452170223176288,0.5129917014985445,0.6145609995857859,0.227836465824493,0.0615467157492685,0.5486950570964798,0.3337269051364429,-0.1205537703865846,-0.0214517796954546,0.2182047659426582,0.4136917860135609,-0.0724891279046992,-0.1277934719850807,0.2795771879310816,0.6274790394898089,0.2648215418429084,0.080120234094112,0.5464869770403082,0.3019541455481482,-0.2668891082286813,-0.296770712794778,0.1296724203881794,0.4939441959275,0.0878922055190575,0.0194477438043583,0.365604064705181,0.7547429073205456,0.5302811361025062,0.4327297712628934,0.704725284799164,0.4976789144618151,0.0343948614769825,-0.053999645875161,0.378829824591499,0.0561276714960059,-0.5038076809407085,-0.4285936971295611,-0.1521163274233544,exact,9
UBERON:0004998,exact,direct,mucosa of organ of pylorus,Mistral-Small-3.1-24B-Instruct-2503,-1,1.0239265431535118,1.501776541200528,1.2559955072539095,1.2800120191137976,1.1521595870388224,2.1877199702347543,2.103686912848437,1.5355289341617635,-0.589755793924393,-0.5799438314144816,-0.0823346221649091,-0.6921905218780107,1.3124943359691792,2.133113273009195,2.1318395365736458,1.582323587000951,1.0731463354900608,1.3685640268420916,1.055660599486135,1.2680176852641387,1.0696670999496876,1.008904161068611,0.7989351671314076,1.2101594479026647,0.9812458122962364,0.9796390516308936,0.7610474189731091,1.063492629515979,1.2486375138265988,1.9801770985279363,1.859303906026566,1.522092321745355,1.0873255081369586,1.3702884188194635,1.3140150084584816,1.296563219661517,1.046832007354611,1.0154083291080334,0.6526579030098366,1.2393914119608205,exact,9
UBERON:0004998,exact,direct,mucosa of organ of stomach pyloric region,Mistral-Small-3.1-24B-Instruct-2503,-1,0.6968728791405996,0.3844093069348664,0.2437857744504152,0.6762782404702348,0.8305956682560824,0.670732924741548,0.4701445789713327,0.8741694670224603,0.3370539573271155,-0.1432251729079557,-0.0231443632282486,0.2219430038881805,0.4502480367780612,0.0293141788058435,-0.0278195529619518,0.3201356192821845,0.7081228569425804,0.3888472922591027,0.1817639089194994,0.6579059233356223,0.2736297898350164,-0.2875872855407625,-0.3063284072903819,0.0992319203908561,0.4218010466789083,0.0351409598510664,-0.0188049983714237,0.2801656571676224,0.8936185844252252,0.7515617917174929,0.6197726318963174,0.9000307621827819,0.5650875625143694,0.1169582667928047,-0.0275339976884686,0.4639870410865526,0.1044656114498534,-0.4738951796394477,-0.4198784182352119,-0.103933538348555,exact,9
UBERON:0004998,exact,direct,mucosa of pyloric part of stomach,Mistral-Small-3.1-24B-Instruct-2503,-1,0.8202664391320021,0.6422797029568101,0.4486449746990525,0.8761997335240043,0.8205229652433778,0.6128845162541307,0.4431250976915384,0.8576229642164923,0.580519131394332,0.1139469965803489,0.0004616567027701,0.5092478170937638,0.6723852112085107,0.2835598897287801,0.1814485616220062,0.5805328254573265,0.8113002684038593,0.6010965455717585,0.3416535356038291,0.8100692775132274,0.4924527225811629,-0.1155923398246941,-0.1729160321981134,0.3452229114399955,0.600690679623353,0.2459310419833565,0.165564690956307,0.4982657843299928,0.8088037687094995,0.61415228511612,0.5194299782744487,0.7786319905351604,0.5296267847554569,0.0639011624269187,0.0857421188426258,0.4187885018550398,0.0097670895196888,-0.529392926395009,-0.4465750570208011,-0.1974595729902062,exact,9
UBERON:0004998,exact,direct,mucosa of stomach pyloric region,Mistral-Small-3.1-24B-Instruct-2503,-1,0.9644521278870632,1.1809100054683244,0.9674275158414306,1.1487259056262422,0.9197551257921772,0.9223012931827348,0.7352386532570645,1.028397025975687,0.6748534725017095,0.242174719584016,-0.0009288755801594,0.6291867112032968,0.5986534731664479,0.2291348510089656,0.1270211583183263,0.4911994534046836,0.8468747369656219,0.6632126111659794,0.3816257144422694,0.8654819219230286,0.4766000890041847,-0.1327045718128628,-0.1835418255969206,0.3264833186837073,0.5705283537871062,0.218053161287564,0.1213532352124843,0.4599557060401257,1.0844398232823724,1.2114631767376258,1.0359989765125857,1.2048997716616603,0.700940001071597,0.307233864976691,0.2183100023325039,0.6465147268341503,0.0144039733365178,-0.5229049515204169,-0.4465606658151463,-0.1929612149406104,exact,9
UBERON:0004998,exact,direct,mucous membrane of pyloric part of stomach,Mistral-Small-3.1-24B-Instruct-2503,-1,0.6861479617892923,0.3558910552047434,0.1973120617351217,0.6599592423182844,0.7524671833740214,0.473223270474344,0.2971402798983714,0.7497652569372801,0.4467889517039138,0.1305187826150644,-0.0208751511746237,0.3479030207332819,0.3324747399362889,-0.1480411391909195,-0.1448263949095153,0.1914458590815672,0.6786204443037087,0.3507685534617744,0.12263838710437,0.6164506910698144,0.3151963656122108,-0.2607485201397689,-0.2807877255983831,0.1440337946903898,0.0468538494114501,-0.3286114744588571,-0.3251870424360949,-0.1227099377272267,0.662779180379569,0.4606542869958724,0.3956073548382015,0.5843222023656449,0.4419470736004969,-0.0282885717401967,-0.0599889472775682,0.3107349452836984,-0.0199742940270029,-0.5392805175477723,-0.447049497055436,-0.2261243618260111,exact,9
UBERON:0004998,exact,direct,mucous membrane of pylorus,Mistral-Small-3.1-24B-Instruct-2503,-1,1.0223740512278363,1.4958479937323397,1.2946415526404695,1.2763917446707262,1.109575606227189,1.8496741506627563,1.694740641794749,1.4251729236969666,-0.976953086303588,-0.6369837037234365,-0.0907888185704771,-1.023525588180085,0.8833036384152099,0.6230801645179296,0.5561802169227879,0.8563448698671118,1.1451812309510894,1.7143555555452106,1.3186793647683532,1.4230814499441478,1.0517288737583692,0.9299926914752678,0.7844435193177746,1.1738715621836635,0.7579440545854732,0.3514490320723817,0.2338898099465536,0.7105983199054843,0.9083118036885546,0.833420506065709,0.6830871931145956,0.9218173665763888,1.1787676189642262,1.946567197025877,1.7657683136155804,1.50586190395024,1.026609497140775,0.9087604500379648,0.5692729909047487,1.190025907068493,exact,9
UBERON:0004998,exact,direct,mucous membrane of stomach pyloric region,Mistral-Small-3.1-24B-Instruct-2503,-1,0.8020703716538214,0.6405723207904483,0.4652423302105425,0.8451415708692643,0.8344271937101481,0.6873621143862483,0.5172878172824006,0.8805061908514895,0.3705704001534293,-0.0456101232782209,-0.0335435328144731,0.2598578712117751,0.3819141408273732,-0.04093948866163,-0.0923426531311191,0.2447790171700626,0.7520210121288894,0.4740266683733165,0.230095123537689,0.7212052352335276,0.2881011556557433,-0.2823050287442709,-0.282524286669409,0.1147378158779927,-0.1407359526242381,-0.4072458332121686,-0.3957739074051687,-0.3047830305332455,0.6860386789240205,0.4278939452099571,0.3086096430503519,0.6141889519634971,0.5545202450231944,0.1034429272501534,-0.0289971466989983,0.4504215757923691,-0.0042188996825516,-0.5250753432239946,-0.447064924114726,-0.2109795031335168,exact,9
UBERON:0004998,exact,direct,organ mucosa of pyloric part of stomach,Mistral-Small-3.1-24B-Instruct-2503,-1,0.7309039471110256,0.4346435786994355,0.2481126117177658,0.7290841944902899,0.7578557028563403,0.480189486889456,0.3107942993190846,0.7580715305651576,0.4240283740742359,0.0214308790304428,-0.0238103084763002,0.3213348926997776,0.5341947199978987,0.1225699950877139,0.0474882791045818,0.4155620400368117,0.7214748973509585,0.422938307273246,0.1869979278800045,0.6769481670554999,0.2903814644295548,-0.2746577731824436,-0.2979717863193727,0.1171899759064976,0.3796885260776761,-0.0370526915516825,-0.0582165122835503,0.2316760037243121,0.7834524304136244,0.5625366380228033,0.463437638660513,0.7436628095918087,0.6322274166705173,0.1949229592862224,0.101031420010577,0.5522115962942639,0.0541503135184754,-0.5018352997142398,-0.4280517805211143,-0.1540672679430568,exact,9
UBERON:0004998,exact,direct,organ mucosa of pylorus,Mistral-Small-3.1-24B-Instruct-2503,-1,1.1113506798279666,2.158518584969116,2.04667979861833,1.50712439933991,1.2010701665278516,2.6961224645790525,2.7803369516621985,1.6797638960426735,1.051123255349157,1.0315458743910806,0.0864979542082397,1.1813079773972623,1.4453758569953836,3.2933632900767456,3.738958796697832,1.9142787002003467,1.1252644553492084,1.600975725199142,1.3170885957337446,1.378344702371119,1.0723992110622729,1.0227116722422356,0.8388047387203851,1.2157888339645422,0.961493272619355,0.9322093083636732,0.7857841223911604,1.0288951394876469,0.4647366956515608,-0.1082301501616879,-0.1314939459114177,0.3436718004406157,1.1379474054570158,1.5371778041661694,2.397404951713604,1.4078035014572203,1.0644749735888863,1.1273455375563175,0.7463856284976862,1.2849121353301378,exact,9
UBERON:0004998,exact,direct,organ mucosa of stomach pyloric region,Mistral-Small-3.1-24B-Instruct-2503,-1,0.8519607738457352,0.7658811745262772,0.6091283188294018,0.931832268700844,0.8999211185724184,0.8577577145946143,0.6501766339856891,0.9927739072916284,0.4064136628229827,-0.0532604972040471,-0.0284196952726519,0.3009373297210576,0.4960883302109511,0.123806939797107,0.0546916536777713,0.3718340307573166,0.7899184202341065,0.5449482357545762,0.3125098839849028,0.7775388844545087,0.2510024030064238,-0.3034906228099081,-0.3100317364935027,0.0751774288990692,0.2123107768206516,-0.1631229774568064,-0.1771760028264394,0.047674875031127,-0.1063683025766664,-0.4855819119558828,-0.4516016618307316,-0.2542592709464935,0.7293928358345694,0.3536698633215744,0.179059366421723,0.6868945395977226,0.0983704777257955,-0.4725522593056384,-0.4206602588446729,-0.1100621000857402,exact,9
UBERON:0004998,exact,direct,pyloric part of stomach mucosa,Mistral-Small-3.1-24B-Instruct-2503,-1,0.8533658728971415,0.7735798914574223,0.58803510286576,0.9343465299514212,0.7837771296209757,0.5504888131310373,0.3714176595902408,0.7985715608406104,0.4758076202153184,0.0358514084168177,-0.0204085800481347,0.3821336703081001,0.4740161525423204,0.0221085348328243,-0.0635482907520695,0.3468213149216921,0.7244785122024953,0.4212290599753461,0.1853695156176391,0.6812567126646737,0.288519110849609,-0.2744868865872846,-0.2876618894287583,0.1151870881049876,0.2796227186663872,-0.1747136333125322,-0.1955596524625151,0.120111753007654,0.7623106752436867,0.5195574185165011,0.3680764404372522,0.7149227936132834,0.4354123794328044,-0.0273376138820809,-0.0917140041741018,0.3028779696645021,-0.0161661254794625,-0.5378734058268223,-0.4502627201641113,-0.222471975492636,exact,9
UBERON:0004998,exact,direct,pyloric part of stomach mucosa of organ,Mistral-Small-3.1-24B-Instruct-2503,-1,0.8030840452891259,0.6374960867123469,0.4605249079693043,0.846855787671385,0.6828186859176588,0.3243433868541452,0.1807043658568439,0.6456114781136556,0.4102498752274505,-0.1087204820095659,-0.0195998468768802,0.3053676283943785,0.4050044547205227,-0.0428692961798624,-0.1153034066185908,0.2700225972865226,0.6166011998044592,0.2401683467856493,0.0557259574281389,0.5318976970514113,0.1355482705047495,-0.3692719610217866,-0.3589409371309776,-0.0441905905113194,0.1701203795535451,-0.259938354740324,-0.267273493963885,0.0032416841807131,0.7460886534704384,0.5015455472745892,0.3838121991116034,0.6931205476900503,0.4075657606915149,-0.0629614316930805,-0.1334672562963615,0.2696819783343166,0.0429740096470422,-0.5067470644604462,-0.431993397275411,-0.1650654089687701,related,8
UBERON:0004998,exact,direct,pyloric part of stomach mucous membrane,Mistral-Small-3.1-24B-Instruct-2503,-1,0.7675206476258254,0.5476718184966533,0.3776897282114707,0.7877799060780463,0.7905688851177851,0.566787523928363,0.4223709715030924,0.8093368609018249,0.2616986305381901,-0.1295669888394577,-0.0423621752772714,0.1383499435494068,0.1791387556770325,-0.2750736319351484,-0.2996506774203081,0.0317013910665308,0.6243522548206192,0.2603552628570102,0.0581347855479513,0.5422832266312898,0.2376350625977008,-0.3100569163692087,-0.3144041004265255,0.0610735559568933,-0.1437666188935798,-0.4560643146047345,-0.4262149660092618,-0.3076402809926079,0.6114450418815479,0.3502758534554034,0.2380567955802867,0.5196945107594709,0.3199425248498957,-0.1336039082908122,-0.2013065096371322,0.1680598777044397,-0.0100039101956241,-0.5270142669541041,-0.4411587223902725,-0.2165507774221156,exact,9
UBERON:0004998,exact,direct,pyloric part of stomach organ mucosa,Mistral-Small-3.1-24B-Instruct-2503,-1,0.7384376696845226,0.4794253963920898,0.3146611439695476,0.7409952156841273,0.7044209102956884,0.384726435789013,0.2742185947420184,0.6773066203199718,0.339904561789384,-0.1512519375123991,-0.0343975617625439,0.225149515682409,0.4074441319085591,-0.0148140922705039,-0.069859964375809,0.2727026387078936,0.6476551199709591,0.2850458707257185,0.0989659573977234,0.5738127918849316,0.295664661475217,-0.2709203015631167,-0.2829327255128699,0.1228806762914668,0.4298602622688192,-0.025482678410249,-0.0718095653709845,0.289557492555431,0.7033755339853522,0.4227348783661891,0.2941667029537058,0.6367005029995597,0.4172709360575136,-0.0572371027247439,-0.1314071712748523,0.2811997379874156,0.094446206478635,-0.4758936915407633,-0.4142916080155209,-0.1139996591129262,exact,8
UBERON:0004998,exact,direct,pylorus mucosa,Mistral-Small-3.1-24B-Instruct-2503,-1,0.9558345114881618,1.149837950778473,0.9301455072613176,1.1308179713505186,0.9923723954031594,1.2010883975861208,0.9976958457358404,1.1666168802982255,-0.5425170407556129,-0.5406830289655555,-0.0819432929862571,-0.6502185791728842,0.924554537426556,0.6803971379526329,0.5146648173164737,0.9145889762770808,0.9197718211502212,0.8521376411992658,0.5147499163563956,0.9846757774984394,1.2366209944965991,2.329207605115453,2.3416156680777176,1.633129447285525,0.0751801614967422,-0.3492966815908478,-0.3485729644578534,-0.0942477959682163,-0.1938746513557309,-0.5762830798575997,-0.533193554647453,-0.3369688077786868,1.1713679231618213,1.7466110414310976,1.5045506904256736,1.4874315602519337,1.1820689478841415,2.7020006415340925,2.644224529297273,1.708255655230474,exact,9
UBERON:0004998,exact,direct,pylorus mucosa of organ,Mistral-Small-3.1-24B-Instruct-2503,-1,1.006288760949096,1.3997574557008454,1.2268017661398716,1.239541741087336,1.002104967052086,1.228058441311749,1.0319349646485176,1.1862075698403427,-0.7972645586078795,-0.6570297242329408,-0.0940347425856114,-0.8723977619281063,1.0664346461941632,1.1242900429430578,0.9573833893430598,1.12919231613811,0.6999223401356868,0.3642895370097363,0.2449458973369472,0.6462986012766384,1.0797797901772432,1.0583405762648768,0.8756813043741486,1.231138865682507,0.1412171277708067,-0.3152900917411426,-0.3225545582104853,-0.0267927272645605,-0.0547291855728303,-0.4423889865036934,-0.3993396402348204,-0.2045359015876598,0.7899987107004087,0.30574522588033,0.6618375149832315,0.7758279307200858,1.0311230540900076,0.9329561548808,0.5877787567479397,1.200808156833969,related,8
UBERON:0004998,exact,direct,pylorus mucous membrane,Mistral-Small-3.1-24B-Instruct-2503,-1,0.8265980754809167,0.7066677125029722,0.4868601734427261,0.8871532824029731,0.8323002078530979,0.6785200909418874,0.4978464356204332,0.8769855632972628,0.6460853431431247,0.3531548978098798,0.0022600804673072,0.5920145812643064,0.5683956604537878,0.0896368253432682,0.0394027529000742,0.4554234738440678,0.4788476435666046,0.0585214025252387,-0.0647362564742657,0.3549929184778769,0.8415190886288478,0.3535138260299498,0.2625038192858517,0.810854673986669,0.4394982132004348,-0.146894722214402,-0.1677242654292233,0.3008379926079422,-0.5082815872279461,-0.6353620660437899,-0.5752283249888015,-0.620078723640484,1.0578010721752802,1.201639394874357,0.9208722311790244,1.2359143195697773,1.005883359216587,0.806697112578094,0.4852867097480891,1.1420742171572011,exact,9
UBERON:0004998,exact,direct,pylorus organ mucosa,Mistral-Small-3.1-24B-Instruct-2503,-1,0.7866608637986175,0.6023730037305011,0.3853300458696165,0.819306495696262,0.8860083479937723,0.8117544797028415,0.6682499608104805,0.9682624825053556,-0.6308284360233113,-0.605078010918919,-0.0899298612036107,-0.7283856780174065,0.9677954299676436,0.8341650828017471,0.6603618944600304,0.977490504577786,0.5350692631401901,0.1215719353282404,-0.0012004315245994,0.4255302652043357,0.9472043266220336,0.5981678702910129,0.4579180820436583,0.9814209932852516,0.4848652445189931,0.0041796712231361,-0.0324252078706857,0.3546774457118495,-0.1194716258793927,-0.5131902601217184,-0.4609932197065192,-0.2667658988959535,0.9528048861462348,0.6256249156689849,0.9507531409877744,1.0393163908936478,1.0496107319655197,1.0177367944668303,0.6410584253762422,1.2463987334733695,exact,8
UBERON:0004998,exact,direct,stomach pyloric region mucosa,Mistral-Small-3.1-24B-Instruct-2503,-1,0.8440731693241106,0.744104753557819,0.5453625476589766,0.9177959882234484,0.7663877195089182,0.5003118244937964,0.3431731613805384,0.7713016318116593,0.1853503836044486,-0.1161063279430403,-0.045317708782427,0.0558155180738107,0.5315191431858386,0.1678095737728843,0.0679947968270377,0.4124685981049852,0.3604598400621837,-0.1029851401428155,-0.19789589951014,0.2129810466801173,0.4232877933338665,-0.1793959555354271,-0.2278405920373555,0.2646039698939741,0.4854960047394521,0.0788977048006087,0.0009586934224179,0.3554348889336004,-0.428824911511019,-0.6646898542624777,-0.6139360252498461,-0.5504220229789807,0.4641769007352269,-0.0073815078214174,-0.120490986761581,0.3376593361233235,0.089936777625389,-0.4768382482936161,-0.4191507467754359,-0.1185164454854586,exact,9
UBERON:0004998,exact,direct,stomach pyloric region mucosa of organ,Mistral-Small-3.1-24B-Instruct-2503,-1,0.8847403928836867,0.8749005066016686,0.7018566166589215,0.991634402275798,0.8279414011296138,0.6386708713389779,0.4769186516000975,0.8697936217412464,0.4670206617864652,0.1528978839739801,-0.0183629134814027,0.3717253440696108,0.4169992953253926,0.0524986378825832,-0.0579111236179253,0.2832232240659619,0.6516138411278047,0.2846360658635507,0.1322427369666183,0.5792158068217519,0.2807966375405666,-0.2864466045267674,-0.2999709204422644,0.106899059216371,0.2762422189974632,-0.1270216117702254,-0.1576120494400304,0.11642627533046,-0.5394133434537484,-0.6570821499567583,-0.6004869722179756,-0.6470540620556662,0.5197300222505301,0.0460127610997519,-0.0854272624506368,0.4063349684932159,0.1265540210495844,-0.4576083494892193,-0.4145085035731312,-0.0815916527285926,related,8
UBERON:0004998,exact,direct,stomach pyloric region mucous membrane,Mistral-Small-3.1-24B-Instruct-2503,-1,0.8250539265481244,0.6940330628361341,0.5154689639210522,0.8844748011067816,0.7276570077088526,0.4295934797317057,0.2609488162968519,0.7119980547867283,-1.4011659028876504,-0.7710895463905111,-0.1070987289266971,-1.3653301322998947,0.1594472802904323,-0.222414132850351,-0.2732799341469534,0.0117556087960263,0.4648689496999921,0.0299263636610792,-0.0683734165268129,0.3377814222112717,0.3201639095087296,-0.2611860017616298,-0.2702719769307604,0.1494430024112361,-0.1476103012454006,-0.4471120379541856,-0.4216700774596281,-0.3112604373734036,-0.4899413333325786,-0.6212943252202564,-0.5846368153736607,-0.6041049729939713,0.3740987759567457,-0.0972259455237848,-0.2051200196724504,0.2303763018241417,0.100872619905609,-0.4658943197494275,-0.412613930271284,-0.1075481235789704,exact,9
UBERON:0004998,exact,direct,stomach pyloric region organ mucosa,Mistral-Small-3.1-24B-Instruct-2503,-1,0.7077834280835573,0.4068051846595008,0.2567532753524066,0.6930351303285901,0.7708645626874119,0.5144733558805266,0.3580384001108705,0.7782825857355103,0.1488517166687627,-0.1407282033330973,-0.0469964236139907,0.0170720722179435,0.4348027546238868,0.0709022702386218,-0.0141181998301831,0.3029289158422858,0.3802858589563203,-0.0749645349833107,-0.1123450416142508,0.2361945306240547,0.1192868090538807,-0.3838908959823258,-0.3644996914145768,-0.0605817500775228,0.2517334944649555,-0.1442529740250361,-0.1724898783313391,0.0898597437561376,-0.510721904022072,-0.6789399022839067,-0.6218753497825182,-0.6221995343276077,0.4366855760538153,-0.0550411855319559,-0.168805241084636,0.3044067675618666,0.1683520249368293,-0.4288274104028114,-0.3956762762456239,-0.0387272199153444,exact,8
UBERON:0004998,related,direct,antropyloric mucosa,Mistral-Small-3.1-24B-Instruct-2503,-1,0.72137903023608,0.4398471184136765,0.3008534041236273,0.714142309451029,0.7358007465488984,0.4748321797400488,0.3292530294260037,0.7243100259571729,-1.22942112120324,-0.8220613552500626,-0.1085429809152016,-1.2292428715360324,0.4993557038228622,0.1427308078258937,0.036168551943987,0.3755560462047227,-0.3151179662682538,-0.5950379634051914,-0.4792332427398139,-0.4790806932724276,-0.7451384671951954,-0.7129533189847138,-0.631762933254898,-0.8276348788300865,0.2486176123675104,-0.1719456498719123,-0.1763657236082031,0.0865012703498797,-0.0650593549621038,-0.4048316615515563,-0.4211821425650529,-0.2145394436401655,-0.286957634489536,-0.5655808237585273,-0.6153497139476457,-0.4485408681269593,-0.1460509895625041,-0.5809983425487385,-0.4882823299385527,-0.3442530510455094,exact,8
UBERON:0005010,exact,direct,bladder neck mucosa,Mistral-Small-3.1-24B-Instruct-2503,-1,0.3249262656727888,-0.1625648927818955,-0.1733780863671288,0.1771695776226979,0.3160786436468224,-0.1614634363662617,-0.1835735500222415,0.1697007627875663,0.3678071572697938,-0.1254133701598073,-0.0116479986784357,0.2567141120531745,0.6504006768029721,0.157562662329161,0.0690091819940728,0.5535624970024151,0.4227124589527757,-0.0292791179254645,-0.088999090898268,0.286617193312647,1.14635788482156,1.417138036105852,1.2535998981509298,1.380684117289901,1.1483858542432883,1.471464585047858,1.2827609895925691,1.399495930638517,-0.1575225819558736,-0.5805191698651194,-0.5289555701569167,-0.302838596028583,0.6046982034877504,0.0987072691549775,-0.0385279499520508,0.5155979093374398,1.0717786074129905,1.1114461864809018,0.7320970219166897,1.3045241308074298,exact,9
UBERON:0005010,exact,direct,bladder neck mucosa of organ,Mistral-Small-3.1-24B-Instruct-2503,-1,0.5433625053397888,0.1130208668494565,0.0322370852558056,0.4553173422094689,0.4552047963220334,-0.0133144726912478,-0.1101537534064428,0.3385220769631973,0.7733553842479293,0.2812953634390108,0.0297929026723772,0.7608913505289993,0.9355193649161144,0.5968160164977028,0.4661325232301838,0.930353118477256,0.5536506186138338,0.1270507644601514,0.1409002886164937,0.4493288939778058,0.8706675652747432,0.4070818228382183,0.2873660998398156,0.855992627771967,0.7380679723444037,0.2311174350259689,0.1248990391848012,0.6824434929834962,-0.2037238931012192,-0.5787627076092877,-0.5322465634571119,-0.3461616553151824,0.2387238754920702,-0.3386891064173588,-0.0135113918418951,0.0773550213942943,1.0158052379201246,0.8000476468279138,0.4510300170784042,1.1647220677479215,related,8
UBERON:0005010,exact,direct,bladder neck mucous membrane,Mistral-Small-3.1-24B-Instruct-2503,-1,0.3717408844884428,-0.1089520784074557,-0.1459108789304292,0.2339079415530932,0.1396902458585418,-0.3316415573450101,-0.300706798935072,-0.0291174500208336,-0.918040209230602,-0.7054782506490711,-0.0980150664646979,-0.9744403733303444,0.5045700684288853,-0.1029810970421353,-0.1541004488622209,0.3815064545529782,0.4325055398931819,-0.0062829765507146,-0.0729081492877356,0.2984058428341538,0.8512518541624345,0.3664745817571053,0.2376997767952421,0.8257815842620804,0.6711311432348169,0.0684808126034038,-8.062914699923757e-05,0.5905749228527329,-0.541270584354545,-0.5452499967353854,-0.5489574391195428,-0.6486578709607108,0.6264361949822471,0.1911490425332762,0.0392673007385525,0.5444565685868058,0.8428416281700284,0.2528198410823841,0.0383147552708425,0.8261214745586509,exact,8
UBERON:0005010,exact,direct,bladder neck organ mucosa,Mistral-Small-3.1-24B-Instruct-2503,-1,0.2207049033268971,-0.2753418098325887,-0.2911226304325567,0.0555316151044342,0.2936493875280997,-0.1933990241819022,-0.2179233111532701,0.1435501378737513,0.2080424574411896,-0.2356694078981809,-0.026969906932132,0.0801307336852904,0.5878315779143624,0.1000714804344118,0.0154383198752086,0.4783474175062731,0.189830746880962,-0.2728758957027327,-0.275441706237455,0.0214556361802522,0.7934131683944003,0.2608570532950174,0.1671803275856772,0.7390476482812738,0.7400348678217755,0.2429402348319026,0.1352709464141596,0.6852107797163679,-0.2435597554328868,-0.6143634673658303,-0.5661323669685688,-0.3831121780049366,0.3836817072900701,-0.1868827518835497,-0.1165259389114871,0.241566969700128,0.97893411659276,0.6316719292351947,0.3172436231370221,1.083100929080021,exact,8
UBERON:0005010,exact,direct,mucosa of bladder neck,Mistral-Small-3.1-24B-Instruct-2503,-1,0.6237201270422037,0.2346991615657711,0.1359913766397517,0.5677677307762952,0.7815227886414149,0.5441110601728775,0.371833399790676,0.7950127257100257,0.7768433048961728,0.2729515127398425,0.0399505921401247,0.7656909728311431,1.141772221781012,1.1411102058828304,0.966897488037512,1.254415041051604,1.0644401741685918,1.3201034228118107,0.9907178974663816,1.2504229593377334,1.2360710734680915,2.3018131529015133,2.131393550763899,1.6313113424292611,1.256578968360724,2.5430160605692933,2.522734665028594,1.691134012263268,1.1223783674095946,1.284344322063921,1.1611988992322817,1.2724668740426202,1.0180846293490584,1.057287450713805,0.8729590487744464,1.158379247880533,1.079237560848586,1.1707072352495818,0.7954260807303354,1.3250700186333793,exact,9
UBERON:0005010,exact,direct,mucosa of neck of bladder,Mistral-Small-3.1-24B-Instruct-2503,-1,1.0093172673656847,1.3709307257630408,1.2161058717129023,1.2463905605219694,1.027063464841642,1.321747401739673,1.0972286776867866,1.2377884806222974,1.2923235708689926,1.62685203281643,0.1391948522236463,1.649608785897001,1.3069478279689144,1.8224509367285189,1.7054656843743463,1.5703566085414733,1.240566530790324,2.3605743673454573,2.2572304407805457,1.6646191340713965,1.2798567289142635,3.2079171038138297,3.207512769258075,1.7956025201655463,1.303326577640804,3.489139538449683,3.6048418156475273,1.8600509040953224,1.2317273354248448,1.7537346024470168,1.5590957572012332,1.4859650130365454,1.2779396989453349,3.2647652780468066,3.334536769195301,1.7938656938352613,1.1325503724781567,1.6754341085064093,1.2925942533363617,1.492112700721715,exact,9
UBERON:0005010,exact,direct,mucosa of organ of bladder neck,Mistral-Small-3.1-24B-Instruct-2503,-1,0.868509100229491,0.7976066748550419,0.5878676721751037,0.9617172532904452,0.9051752939316012,0.8740911536473982,0.6724648369127385,1.0021311949186398,1.1290159164461335,0.9507608079038034,0.0724493500412825,1.3178659095333478,1.1863212105011476,1.2756450620316313,1.17339588295089,1.3332034911481478,0.8637014627562095,0.6902562858290119,0.5691348589215367,0.8922896904103148,0.9870800663738166,0.6947936853790491,0.5261886253882678,1.0514879298407516,0.8972674484909136,0.5446681172668779,0.3995477105218643,0.9216160063807276,1.2709214721505266,2.076607027220077,1.9235759939968688,1.5712948206861173,0.7563987587722043,0.4221730674000277,0.3315562509243234,0.7260103274119758,1.0146922000397662,0.7948986681720804,0.4542944248553529,1.1621541650428624,exact,9
UBERON:0005010,exact,direct,mucosa of organ of neck of bladder,Mistral-Small-3.1-24B-Instruct-2503,-1,0.9539580333388568,1.081475644921712,0.872610119161004,1.1269515383965931,0.9640622835358272,1.0663319836139646,0.8533257718394451,1.1111507683142343,1.1610341274415297,1.0107766466442152,0.0705025182244283,1.3773852848967505,1.20590128884307,1.2564425159241737,1.1093152860701487,1.369135404367193,0.963086540358174,0.9648900502075236,0.8953566311971782,1.0596508314351063,1.039736716225914,0.873761955033789,0.6992672428805763,1.1502266610097138,0.9550384794389504,0.6918494363886861,0.5250918065148329,1.0177641930109602,0.9725562101851402,0.8288680817913492,0.7357340554365454,1.020056934802807,0.9609580627114392,0.9597987751057588,0.858479119798633,1.053685286593071,1.0220809758435916,0.826767550818407,0.493581771035599,1.17933515415593,exact,9
UBERON:0005010,exact,direct,mucosa of organ of neck of urinary bladder,Mistral-Small-3.1-24B-Instruct-2503,-1,1.1495017957838618,2.5476330141501555,2.474716534901729,1.6268302881790022,1.2316144289284927,3.107498863512744,3.262125687529441,1.7838937971134934,1.362027719593391,2.006507361471572,0.1934077495714699,1.820914069803232,1.4672686526582464,2.9642499413209684,3.180635627460466,1.981353867112428,1.1359802294850148,1.6575901732218514,1.5244921527045172,1.402217966906263,1.0936864030745026,1.108070464495519,0.8985533658740146,1.2606547329723177,0.9382925498885488,0.6423840213234504,0.4598889800550526,0.989267945705254,1.379341330967773,3.030711806214577,3.045105573510618,1.845786841284785,1.0924197243757705,1.5455139782149827,1.3883159547293826,1.3073186501999503,1.1106023181419666,1.4389337264826143,1.0756453275450897,1.418292477538019,exact,8
UBERON:0005010,exact,direct,mucosa of organ of urinary bladder neck,Mistral-Small-3.1-24B-Instruct-2503,-1,1.02663801584054,1.4765468648463296,1.2346955221651403,1.2863629545799664,1.1639508076497938,2.258100030141597,2.190119420663924,1.5683181939489008,1.1883286555464316,1.145814261857118,0.0978089124158959,1.4299501025484511,1.4398092811451586,2.8415398145731263,3.0061437999298826,1.897998336043608,0.822374747622655,0.5968443889213109,0.4468842288276568,0.8271420664190293,1.0608961257584906,0.9568974909977304,0.7730884907980216,1.1922734477649233,0.9425635345745916,0.6569821836299576,0.5060321481745527,0.9964846952133752,1.3086161312226177,2.3283060047681627,2.2287386863338,1.6592768151204864,0.8805222040891594,0.7403943285389526,0.5584972731344258,0.9172703698449084,1.0934191185981867,1.2810683560609983,0.9147852433073904,1.365734713313546,exact,9
UBERON:0005010,exact,direct,mucosa of organ of vesical neck,Mistral-Small-3.1-24B-Instruct-2503,-1,0.6338568633952479,0.2454990541386137,0.1529080655003769,0.5824293218062856,0.4754263047986992,0.0402624723579132,-0.0710177340638997,0.3641046536908342,-0.4359705515725361,-0.6003779956429199,-0.0913695690366327,-0.5541321984488118,0.3347280728032649,-0.1467421605660206,-0.2106180509210455,0.1938560358452505,0.6016025734127205,0.2098914884287037,0.1482231832611966,0.5119415638986455,0.5979702460698039,-0.0143025815498703,-0.0943945877483474,0.4743746589113767,0.7193058118372023,0.1782121978886198,0.0750190946926699,0.6562482514986572,0.9425954932220508,0.8440687500744098,0.6753552936047952,0.9736140449614092,0.3830940780803727,-0.0520526479449584,-0.1621723269072361,0.2408792910942653,0.6630702721262058,-0.040822438798623,-0.1663373511470233,0.5497844570255256,exact,9
UBERON:0005010,exact,direct,mucosa of urinary bladder neck,Mistral-Small-3.1-24B-Instruct-2503,-1,0.8823035437123958,0.8445333563950674,0.686772655023747,0.98710314079912,1.1449880958413563,2.0854762686906967,1.9562968789604955,1.5161044041207663,0.7321161008999004,0.2231670039632449,0.0384121805318161,0.7048734774469498,1.4524811045252213,2.9902073448703232,3.21626334089455,1.9354921647001264,0.9542723353370096,0.9356643316555844,0.6069498595725797,1.0441149643325771,1.2898610322171131,3.529994051252221,3.782690792137986,1.8410861940406105,1.3089027100099035,3.648487654238351,3.817265785565762,1.883570328250475,1.303244306290866,2.250622393045141,2.142777347521257,1.6463333629673906,1.1423996618049417,1.7668823735004238,1.528014465617209,1.418096016484646,1.1876294931779483,2.8552065851265063,2.900716702170336,1.7408874008093604,exact,9
UBERON:0005010,exact,direct,mucosa of vesical neck,Mistral-Small-3.1-24B-Instruct-2503,-1,0.4726479929114976,0.0075536403839441,-0.0437656898463846,0.3613003992458034,0.33777871403361,-0.1286744346531942,-0.1976959688737209,0.195265918950324,0.5057880357972251,0.0039150777184559,0.0012615084703882,0.4179363248241546,0.0136064332173861,-0.3735235359342219,-0.3791795954217647,-0.1323904037718073,0.7305008680235262,0.4201552490008733,0.2216806306142024,0.6899234878530847,0.8943510590854696,0.4499288245947859,0.3131887445863711,0.8936721474139794,1.0832785151848972,1.119269621264376,0.9617296100578686,1.2575633057517042,0.7860339952657319,0.4635220739538974,0.3231845662647345,0.7471981016806858,0.7053565135503198,0.3345614685623918,0.1605896888452815,0.6527287549444277,0.7573466962417514,0.0966911458434443,-0.0607920908111483,0.6881103685436252,exact,9
UBERON:0005010,exact,direct,mucous membrane of bladder neck,Mistral-Small-3.1-24B-Instruct-2503,-1,0.612480029880361,0.2167110044479008,0.0865380907198374,0.5516417331776342,0.6752433857951599,0.3269344704364163,0.179863942031869,0.6346187579218922,0.7883519421095763,0.2925643022829884,0.0298309588888575,0.7815985008042073,0.8919967033796652,0.5008575018083323,0.3848305462947625,0.8684838786812996,0.8448111023014365,0.6653665143901397,0.3756610408418867,0.8622214035895505,0.9757001998897,0.6616531940848892,0.4870218662110305,1.0311159391332356,0.7659156079598711,0.2209054546016294,0.1173312206455748,0.7220115437605521,0.906769804993288,0.7983234866418465,0.6530583131272464,0.9195196590372088,0.9273552512736986,0.8401195935330281,0.6216681504071679,0.9952908477497512,0.8598137788064988,0.2955186556501831,0.0638013540466757,0.8553019341632102,exact,9
UBERON:0005010,exact,direct,mucous membrane of neck of bladder,Mistral-Small-3.1-24B-Instruct-2503,-1,0.9281566325982652,1.0043350674137903,0.799522351303734,1.0749178490974372,0.9628617285394784,1.061698388648986,0.8634530614239846,1.1088458514996609,1.0739038453228391,0.7646051682606511,0.0509609290258343,1.220149933802748,1.0300180512834685,0.7631742858329309,0.6151005568012461,1.0717331620080075,1.0158075440616232,1.1471452962779138,0.873287109997475,1.1558894070322263,1.0056244987334897,0.7544834890538836,0.5860298180724189,1.0853841730222378,0.8248115693851195,0.3251939864362332,0.2072635226426312,0.8086542544396058,1.0179105217302014,1.0722136397071718,0.8856186910605613,1.0926615310557957,1.0878109098807354,1.506620439881104,1.366630576151895,1.297584176686914,0.8858796088892164,0.3553864491807996,0.10459440854959,0.9014786618616656,exact,9
UBERON:0005010,exact,direct,mucous membrane of neck of urinary bladder,Mistral-Small-3.1-24B-Instruct-2503,-1,1.136465869403918,2.3829576825294407,2.359764689438462,1.583947803479425,1.2014794113422602,2.6688684323118474,2.6598900635464098,1.6810743130717087,1.2117661891973233,1.2318169667434726,0.0983869395928376,1.4765791813729507,1.2455926292289263,1.4082646054531904,1.2762019868379704,1.444755626754051,1.180286789856173,1.9231394530829773,1.5837926306267571,1.506119165386181,1.080932114324116,1.0479997294519687,0.8626681975309667,1.2335546622186209,0.9122018281644568,0.494509920812884,0.3657489557100921,0.9459052320296288,1.1764744186261429,1.5934828749035248,1.3785017486662867,1.374176553984291,1.1999029688239604,2.3247457351518737,2.220841215098121,1.5603443641734842,0.979871710393692,0.6486736505561291,0.3337180617664086,1.085095236981827,exact,9
UBERON:0005010,exact,direct,mucous membrane of urinary bladder neck,Mistral-Small-3.1-24B-Instruct-2503,-1,0.8612951923831819,0.7786158189186068,0.602163949388193,0.9486152302112136,0.9675536776261148,1.0959978954304843,0.9089261288033346,1.1178749092522764,0.7867790488414121,0.2868394427031933,0.0438629566092103,0.7794179370496628,1.115689340956021,0.9543769848345728,0.8052193491233326,1.210006671056978,0.8928775834220005,0.7757044355044678,0.4744635545145433,0.9397502712644732,1.0403524300192433,0.8769323941036854,0.6694167761542651,1.1514292741057386,0.8376233002495422,0.3354669303931964,0.2197445842822596,0.8280821388785085,1.0328373623489469,1.096282082898691,0.9474875617006212,1.1172149300084273,1.0457275080358908,1.310964028898831,1.058823732347928,1.21188275384057,0.9525158503151954,0.5481732354995466,0.2577954882309853,1.028426994275368,related,8
UBERON:0005010,exact,direct,mucous membrane of vesical neck,Mistral-Small-3.1-24B-Instruct-2503,-1,0.2084358370427975,-0.2850640963290451,-0.2865793549303664,0.0416021606129767,0.0651750742999034,-0.381170969624271,-0.3855972199256201,-0.1088589991269727,0.6932398135554262,0.1775907427068275,0.0066148386916758,0.653235886067633,-0.0317587845837894,-0.4537173374922962,-0.4322701313968559,-0.1760343179962884,0.5961182752161734,0.2106328832963145,0.0543647272958263,0.5046899266787843,0.4907828033306949,-0.1193396226567084,-0.1722149538308394,0.3432412479879436,0.6247231740734456,-0.002060352689894,-0.0649283735040044,0.5292957634057663,0.624594796206794,0.3009499871595472,0.2009206907428908,0.5360864060165129,0.6749878073980666,0.3142065846915036,0.1374772127994504,0.6103838928899282,0.3299349900641607,-0.3542041068613392,-0.3465968338467592,0.1350744502420421,exact,9
UBERON:0005010,exact,direct,neck of bladder mucosa,Mistral-Small-3.1-24B-Instruct-2503,-1,0.6589039185293202,0.3027707865020202,0.1671383625509867,0.6191574506510178,0.6891926544881839,0.3526223710872228,0.1857883978462777,0.6549093596613721,0.946693071544508,0.517898765755121,0.0387927010329682,1.012947648171864,0.9771151033084118,0.7166984666629066,0.5730133937356214,0.9913138894955356,0.92267171405005,0.8458536163304767,0.6416624005649244,0.9895912806617824,0.8214028557084404,0.3056601686859521,0.1840612278595349,0.7804401845620274,0.9703328857929496,0.673372485576938,0.4878138327594134,1.0442764764297312,1.0894846760660628,1.2657942489827885,1.1467931622411915,1.2137235063733107,0.9252213422822794,0.7733606878442182,0.706810026749825,0.991653996371912,1.0921213484224328,1.2717209823240363,0.8914864704742224,1.3619192151537538,exact,8
UBERON:0005010,exact,direct,neck of bladder mucosa of organ,Mistral-Small-3.1-24B-Instruct-2503,-1,0.6862911831671199,0.3537728649774003,0.2312096094103286,0.6601761884531013,0.6577701076755954,0.2806202628972747,0.1168393054868835,0.6094956164770459,1.2908268784491517,1.5780300041139803,0.1426299731909516,1.6461822204930971,1.0146673747076786,0.7634005505740818,0.6593260648489203,1.0480427033949835,0.6026052189458954,0.1962732337118283,0.2301893453146475,0.5132699216793378,0.668998669812043,0.0761865581767842,-0.0151761845961298,0.5662310900651465,0.5236107205820544,-0.0785759455896262,-0.1574466497610915,0.4016794994540908,0.113964982941746,-0.401089182354178,-0.3786655587158891,-0.0368587587213086,0.6458937276215924,0.1673347429173152,0.4876472539026306,0.5706266411513844,1.0108210780284317,0.777477661217171,0.4456096617208834,1.1532773565914438,related,8
UBERON:0005010,exact,direct,neck of bladder mucous membrane,Mistral-Small-3.1-24B-Instruct-2503,-1,0.64281862825058,0.2732720509065611,0.1540648910939754,0.595487396429497,0.5557299219865645,0.1246915272171415,0.0196134386147012,0.4687004685588194,0.6291741427541676,0.0958240854149371,-0.0093432425055103,0.5704136521021279,0.835204687991885,0.3519257654493508,0.2507566112291127,0.7904030898769963,0.7389304374737744,0.4494905649095861,0.2494626572307074,0.7021180112946368,0.6378707056465198,0.034814186266987,-0.0570991524242718,0.5254375669205537,0.7234499921091772,0.1314400510431262,0.0445619527164614,0.6620032219463573,0.8138398240362915,0.6092609513309005,0.4599857167766859,0.7856467549647828,0.8858759208183847,0.7542141301536995,0.5485849817822279,0.9260062145406248,0.8527294500816773,0.2794512773759436,0.0452637036867517,0.8430406960035698,exact,8
UBERON:0005010,exact,direct,neck of bladder organ mucosa,Mistral-Small-3.1-24B-Instruct-2503,-1,0.608427421087364,0.2109155605498485,0.0891876980432763,0.5458607566219941,0.5921356262451886,0.18697787558916,0.0689140237644475,0.5178404992249804,0.9672734582360528,0.5480049328064452,0.0392555280083121,1.0449858712379536,0.9246733063344846,0.6080289869163118,0.4758750284534264,0.9147590752724976,0.416244963088999,-0.0497236352296015,0.0158660592419765,0.2788631733342402,0.936048459782309,0.5587786035939358,0.4053103668645695,0.9624449482061858,0.9711234766575068,0.7348423071213043,0.5599488860125492,1.0456600623772023,1.0292049901450728,1.0057451765407828,0.8597608406857205,1.1112083295089683,0.7949692531517779,0.4424376889283697,0.6342634311792299,0.7833118547953051,1.030059037349489,0.8641503683796417,0.5009212891785754,1.1982547209145953,exact,8
UBERON:0005010,exact,direct,neck of urinary bladder mucosa,Mistral-Small-3.1-24B-Instruct-2503,-1,0.8764272957250206,0.832040621500473,0.6474092618893956,0.9762347139963224,1.0709551653258829,1.5642675818497038,1.4134258646351232,1.3338303160528926,0.9115005949078554,0.4699134965746172,0.0505622091004903,0.9593122498994734,1.3505728764949572,2.084719107440348,2.0861459572501526,1.6677621510397715,0.95718951522879,0.942420024425691,0.6455444461723053,1.0492403453758925,0.9065569480273448,0.4787861013351219,0.3482126715650643,0.9134688758617934,0.89997029884736,0.4709576993942745,0.3274848211503815,0.925984415150197,1.1789147354202685,1.6062309967918191,1.4299570024704702,1.3789320328234618,1.0244313107647431,1.1742741507481296,1.0366365148733043,1.1704852962227672,1.193646193078263,3.0635253718722804,3.3127883025032983,1.7801061829189142,related,8
UBERON:0005010,exact,direct,neck of urinary bladder mucosa of organ,Mistral-Small-3.1-24B-Instruct-2503,-1,0.8559605436838055,0.7650856843386307,0.5929854502348576,0.9390005493611848,0.9640366572002002,1.0595068318130931,0.859438139207443,1.1111015303353036,1.1996298571171775,1.2095493684397156,0.1315542935059841,1.4522526959915574,1.3312594138739364,1.939424613568596,1.8865630038876329,1.6236791892422142,0.7369273072814185,0.4269420133258202,0.3461211349915429,0.699213435673716,0.7361753645247353,0.1677655212352912,0.0649180890356379,0.6574424046609473,0.4511833826627063,-0.1649154047078322,-0.2093198986095042,0.3145871777172849,1.0839891979901266,1.1590684159735625,0.9879192255141428,1.204113901578138,0.8361733558142287,0.5756201801927588,0.8150220338374048,0.8465644218032938,1.0915496071283035,1.262239565856068,0.8714789089727037,1.3602445926346276,related,8
UBERON:0005010,exact,direct,neck of urinary bladder mucous membrane,Mistral-Small-3.1-24B-Instruct-2503,-1,0.8387447778693965,0.716906487704454,0.5181238697018252,0.9083872350029156,0.8729148435995686,0.7732289689661753,0.6671053723476982,0.9455346724079584,0.8004798074287971,0.3107582519425346,0.0192148482366188,0.7984817235251805,1.0433299981224706,0.7026877599617193,0.5816095790550133,1.0925265232560255,0.8865570269898098,0.7717209195835876,0.4575875304248497,0.929359486117183,0.7944875300164846,0.257775010710094,0.1350784706923224,0.7406174662377362,0.7756147185767285,0.1937023864879987,0.0978567039244942,0.7359948541270144,0.8566976128125975,0.7217388184903795,0.5650640347425886,0.8463056908749755,0.9710764372054246,1.028485019993595,0.8529491224800047,1.0717053604065894,0.9520375071927604,0.5473888989085423,0.2574030326135453,1.0274626063972103,related,8
UBERON:0005010,exact,direct,neck of urinary bladder organ mucosa,Mistral-Small-3.1-24B-Instruct-2503,-1,0.8141843973201756,0.6463940167534865,0.4551953857040775,0.8657500812607983,1.0202717093448326,1.313945406657709,1.161371529155484,1.223552505102428,1.0427007524928391,0.7104866807158063,0.0527241137786208,1.1671567937016558,1.2394277038115165,1.496965932839731,1.4189001203601042,1.4327479679283246,0.6016004125387265,0.199051877996373,0.1506401198357385,0.5119387019312788,0.9919787750655222,0.7139972875089039,0.5269590172977612,1.0603558649423126,0.9853806147498076,0.7607692881745736,0.6174216806722613,1.070841022443286,1.0825258876593409,1.2015816781788922,1.0455036652470435,1.2015645350578954,0.8877274532431001,0.7123573505183628,0.8117535111037604,0.9290379806742358,1.116433253722889,1.4508504027138474,1.0526720557460407,1.437088250033009,exact,9
UBERON:0005010,exact,direct,organ mucosa of bladder neck,Mistral-Small-3.1-24B-Instruct-2503,-1,0.5374049131718027,0.0861894843014938,-0.0061913345775006,0.4472289903521089,0.6353703606706251,0.248144683908264,0.1059027718360033,0.5777475941777319,0.8168195014553309,0.3354750515116966,0.0483192638575131,0.8214278625901323,1.066740578519069,0.9266174526913032,0.7613279059602307,1.1296828880183047,0.8088411937987882,0.5685585236903792,0.4155424099625068,0.8062993540024058,1.0736998541587432,1.0158307816035643,0.8271315620473554,1.2184786599673068,0.8382153260026816,0.4137875305490291,0.2784728026049715,0.828985245293512,0.2210534932816844,-0.3429827047615645,-0.3380364331566969,0.0742579614632315,0.7326698337631005,0.2797767323840249,0.4715853666096334,0.6915990099084457,1.018489532335342,0.8101318525946294,0.4521648722085477,1.1709442781562514,exact,9
UBERON:0005010,exact,direct,organ mucosa of neck of bladder,Mistral-Small-3.1-24B-Instruct-2503,-1,0.9386840991180044,1.0336956869719882,0.8286306975475805,1.095901108348997,0.9203072568415978,0.90819839919432,0.6649981288999617,1.0294005883148674,1.1866672461413266,1.0313252032020797,0.0805413423723688,1.4266988453897658,1.2306474051319272,1.444946708569372,1.301721884061125,1.4158183804746285,1.0807807033105494,1.3807846615841384,1.2885434547259758,1.2836299186951796,1.1686407153210876,1.5761006298379523,1.4039714475027776,1.4362996597612308,0.9191805559817652,0.594810607909179,0.4299860089715533,0.9573852984833848,0.2475963982397022,-0.3228793286514838,-0.3130527262699135,0.1024263513024806,1.0277805113090643,1.1143394087713574,1.6950011497443624,1.17691549227397,1.0495147537338334,0.9764541071650478,0.616561080730127,1.2461557335531643,exact,8
UBERON:0005010,exact,direct,organ mucosa of neck of urinary bladder,Mistral-Small-3.1-24B-Instruct-2503,-1,1.1842023889331617,3.128984354514935,3.394301795823947,1.754782789190172,1.2263097774536809,3.0188640714665174,3.1643814778440835,1.7647868588434337,1.352911712046779,2.0471885045607308,0.2065900643554646,1.7970250765000129,1.506379254039128,3.842324256573867,4.586608731996591,2.116911734797436,1.1914649910266766,1.984835815860996,1.728577546681202,1.5338353314723958,1.2034466091316294,1.894733882627485,1.6933528558682052,1.5309265586071965,0.9040741137270754,0.552947481214343,0.3921509248331661,0.9326401252356789,1.3335691402200325,2.4932905812518285,2.404358271461088,1.7214160531941447,1.2089175726369572,2.320985217475248,3.181801404215283,1.5844938177492662,1.1324533622224742,1.6792190422946611,1.3100002448296375,1.491766322692765,exact,9
UBERON:0005010,exact,direct,organ mucosa of urinary bladder neck,Mistral-Small-3.1-24B-Instruct-2503,-1,0.8273072298759856,0.6689281042902496,0.4663214449130374,0.8883849394848118,1.0307552102831965,1.3604362959194962,1.2277803346728748,1.2455921922128903,0.9383194449898922,0.5214269441116144,0.0680672956185299,1.0000572821079372,1.371877151741636,2.238093732990776,2.2138912211331285,1.7183982392386157,0.693186895896665,0.3466842332946128,0.196387587364308,0.6368140888283723,1.1188017452063432,1.2425714678971935,1.0446378956166835,1.3161201463354633,0.8475719423821856,0.4272272623097425,0.2982226204017386,0.8433224359976357,0.6909378849212799,0.1829213139330889,0.0972627918703194,0.6205284727133917,0.9192528310027624,0.7628989874074659,0.7986552190793564,0.9815250184541318,1.0968733029148854,1.2926655700765506,0.913551820538972,1.3759893719878469,exact,9
UBERON:0005010,exact,direct,organ mucosa of vesical neck,Mistral-Small-3.1-24B-Instruct-2503,-1,0.3285603343228137,-0.1727805779388866,-0.1973246316312253,0.1815246653240718,0.2761528127397833,-0.1927097375017947,-0.2716846265412508,0.1233378983242546,0.851400062188783,0.371477258069267,0.0262410775487457,0.8707790650910929,0.1990325477550698,-0.2424724938887826,-0.2910129601801819,0.0519768758756008,0.5830795615369124,0.1725023788306203,0.1344447851619674,0.487545028306758,0.6825778401051912,0.0895766344722902,-0.0178399527276668,0.5843064839769629,0.7482204800945192,0.2221995694085456,0.1311189718496482,0.6967715070171849,0.1260634411676201,-0.3249766709277348,-0.320273223760097,-0.0244991311033377,0.4429507614477171,-0.0690964828294303,-0.052027352007471,0.3119440247277801,0.6564183614559697,-0.0496661057793306,-0.1762483780082391,0.5404740515194291,exact,8
UBERON:0005010,exact,direct,urinary bladder neck mucosa,Mistral-Small-3.1-24B-Instruct-2503,-1,0.7300960673001725,0.4391408668582909,0.2716944982672949,0.7278118183366061,0.7310163873428793,0.4232344865409007,0.29734979442433,0.7170670137599366,0.5327877666808369,0.0118668934049259,-0.0086848063681116,0.450576181164942,1.005331728996534,0.7552763546306616,0.6314171805952858,1.0337807072096878,0.5013704332051426,0.0691705013988859,-0.0510826022238504,0.3829930431417782,1.1748628854092016,1.630518121689939,1.5107998878047315,1.4524612885259602,1.1983659567540077,1.8524548694528613,1.67455747741241,1.5228356321894525,-0.0471545751832125,-0.5325529804244247,-0.4972890065098665,-0.1971824488159102,0.6599189070194657,0.1679583309178342,0.1045487169239803,0.5896962916181453,1.1581523077743925,2.035697660770246,1.724387968260077,1.5919187786776472,exact,9
UBERON:0005010,exact,direct,urinary bladder neck mucosa of organ,Mistral-Small-3.1-24B-Instruct-2503,-1,0.8531621648209109,0.7548288044821485,0.5939094552362298,0.9339817558339406,0.7923068166066783,0.5568246168141004,0.4169350771991049,0.812102161433431,0.8840667501004634,0.4118027144085789,0.0280807389793935,0.91844326286204,1.2213031589136565,1.3939182779868344,1.2892954207315717,1.398016223079578,0.5856272319757339,0.1711566756382903,0.1549010795262134,0.4908845405946527,0.9238334435204588,0.5249195423133424,0.3667703888162365,0.9419563930527188,0.7657651551341766,0.2812257553785428,0.2001861613729809,0.7217954756218196,-0.1277353703927272,-0.5471917148478157,-0.5122569225444847,-0.2746308507272398,0.3273650967285908,-0.2517432223610098,0.1097718674163735,0.1765103864986759,1.071449907770066,1.109165635390888,0.720582576143557,1.3036310252829644,exact,8
UBERON:0005010,exact,direct,urinary bladder neck mucous membrane,Mistral-Small-3.1-24B-Instruct-2503,-1,0.7164225972140736,0.4123996299460744,0.2430600655583389,0.7064178166260436,0.5822694870287508,0.1600181431033848,0.0790537131749887,0.5044097115983264,-0.8233206305011467,-0.6901217242664753,-0.0977375692892053,-0.8945792342912501,0.7354031746594988,0.1352668055443056,0.0784841746508419,0.6595382020776622,0.4972712552386928,0.0710257482728999,-0.017200214613082,0.3778718772110506,0.8973638352872934,0.4618811378162962,0.3189384030012824,0.8985339648252135,0.7686938885947823,0.2141326153170799,0.1101582961756336,0.7260060774319962,-0.3143108588011321,-0.5566102447526491,-0.5260784983233698,-0.4478595162744417,0.7030388810711973,0.315114031259245,0.1809613352914768,0.6494654306619727,0.9265129736962716,0.4615573453235162,0.1956148706642938,0.9771954997382448,exact,8
UBERON:0005010,exact,direct,vesical neck mucosa,Mistral-Small-3.1-24B-Instruct-2503,-1,-0.0031118715003367,-0.4439030384182356,-0.3962742671083396,-0.1875041421214422,-0.0804516255127181,-0.4748029063527323,-0.446664232252163,-0.2585333305356279,-0.5060968837848661,-0.6611199081622554,-0.0953097906568313,-0.6176001553153798,-0.5859386044581298,-0.7008672296472053,-0.6311712721290034,-0.6728468459975705,0.2438828489646604,-0.2219160648850636,-0.2426398880818726,0.0806219729982613,0.7766173784199817,0.2329934979385636,0.1170924939813967,0.7146953457547961,0.8650762520295835,0.4002233313799228,0.2918090744248787,0.8704770220113212,-0.314338717414644,-0.5432863671272403,-0.5184822273191949,-0.447884796407982,0.2541666567425344,-0.2825967176602021,-0.3193927162376508,0.0943612254712326,0.7086398077091111,0.0199006596984483,-0.12011267821256,0.6150830038687182,exact,9
UBERON:0005010,exact,direct,vesical neck mucosa of organ,Mistral-Small-3.1-24B-Instruct-2503,-1,0.2092701363311139,-0.2717596592501102,-0.2674604515222687,0.0425469117065799,0.1140250824501775,-0.3419663963046963,-0.3770033326438723,-0.0568431235349928,0.7315442096847079,0.2275385130055571,0.0035820255978004,0.7041058409197363,0.0536561280668202,-0.3592249526692259,-0.3907522524972016,-0.0934065926923931,0.4527961466960095,-0.0004087227174352,0.0450722175289521,0.3230167007248022,0.5156539896531981,-0.0931988795534273,-0.1587282588509997,0.3729458637483333,0.4388972173601268,-0.1634238966713702,-0.1979853943272699,0.3001330008741781,-0.0234552037938355,-0.3845421771808884,-0.3579967878648747,-0.1740734008234444,0.0219108583126627,-0.4648926828114549,-0.3057486969135319,-0.1509192228191916,0.6270139337441754,-0.0855392503607312,-0.2036817176384672,0.499944643841601,related,8
UBERON:0005010,exact,direct,vesical neck mucous membrane,Mistral-Small-3.1-24B-Instruct-2503,-1,-0.0668356511419434,-0.4916235033893084,-0.4579768113039593,-0.2528976398020846,-0.3151950723020559,-0.6270821015281705,-0.5542016941763672,-0.485269188841675,-0.4911091775369132,-0.6308338645552827,-0.0927677618663625,-0.6041097292166616,-0.4725319079485455,-0.7279140768070286,-0.6595813106563139,-0.575910886999451,0.319355694950002,-0.1293925556682026,-0.1524609128033632,0.1655279266090085,0.2148353976045758,-0.32586093849528,-0.3274736914952643,0.0371951856830288,0.495924546535625,-0.1536139923238469,-0.1960136784464027,0.3679944009618009,-0.352279216532288,-0.5142297215964448,-0.5274818023819339,-0.4821618455702177,0.4564969729982702,-0.0231309152896497,-0.1278785912214155,0.3283228226808862,0.2935840088310942,-0.377143048666769,-0.3615616619018641,0.0947522152764267,exact,8
UBERON:0005010,exact,direct,vesical neck organ mucosa,Mistral-Small-3.1-24B-Instruct-2503,-1,-0.1043582616339735,-0.5154003708660555,-0.4640348471701465,-0.2907153980141903,-0.0813943640415457,-0.4839295214327965,-0.4677753507831366,-0.2594778894007087,-0.1917984029680997,-0.5032854178119353,-0.0809963253237059,-0.3256308763415339,-0.484193786063257,-0.6504020389341816,-0.5790303158516064,-0.5859775911535481,0.1692441003409686,-0.2908174528883366,-0.2664731206954701,-0.000740938190033,0.3732362327246991,-0.2171254431348872,-0.2620640540486584,0.2080054568057353,0.5636568592845883,-0.0335339510556266,-0.0555240883800174,0.4513229180020895,-0.2393584810162424,-0.5004913561346681,-0.4833576322809177,-0.3792324033831839,0.1360617641219806,-0.3863771842185265,-0.332816117859431,-0.0330561361880308,0.603890404075831,-0.1142575393672011,-0.219127889278356,0.4687543259978619,exact,8
UBERON:0005019,exact,direct,mucosa of oral roof,Mistral-Small-3.1-24B-Instruct-2503,-1,0.482583106936532,0.0211468858526479,-0.0903024719336298,0.3742566321908663,0.7381436148697165,0.4087003245926283,0.2720126619505678,0.7278672158291155,0.973254070271108,0.5778976531357949,0.0254254393170065,1.054394031682053,0.5492660848660771,0.1369811984566877,0.0668571323295881,0.4330542420211735,0.487419830700451,0.0394861887300174,-0.0793908171302593,0.3656102404139209,0.041970802763705,-0.4361086964233725,-0.402402464755199,-0.1372154271770624,0.6880952089959135,0.2144433114356359,0.1442922627594004,0.6134501629923991,0.5914337599230688,0.0532486268324457,-0.0221862783215791,0.4949565230865012,0.1450820869540498,-0.2829879857227609,-0.3482337443294903,-0.0235307655853174,-0.2899868603595735,-0.6388009628917959,-0.5110139279386334,-0.4731545997414809,exact,9
UBERON:0005019,exact,direct,mucosa of organ of oral roof,Mistral-Small-3.1-24B-Instruct-2503,-1,0.4161770550829882,-0.0536905691040645,-0.1223376869822203,0.2891032473114626,0.6424991413087124,0.2377397682263831,0.1140827773906896,0.5877969623201763,0.8341155546135965,0.2985452419827147,0.0066967725178328,0.8459745931045402,0.2595309721661384,-0.1920935932253754,-0.2247905668347249,0.1144364813372389,0.1887373446400428,-0.2730294139066817,-0.3002309917681943,0.0202721461560097,-0.3189165835668993,-0.5880087720417823,-0.5467669590134322,-0.4710678538015118,0.3559887403152981,-0.171591450245996,-0.1974762076901429,0.2048036018149746,0.9098019951376412,0.8084977370331964,0.6652042841796205,0.9240404238504756,-0.1270731629123631,-0.4687058640260146,-0.4820307852086695,-0.2980058979661918,-0.329065997027714,-0.6480009454244391,-0.5190127683324621,-0.507174353568913,related,8
UBERON:0005019,exact,direct,mucosa of organ of palate,Mistral-Small-3.1-24B-Instruct-2503,-1,1.0369103258279355,1.5851875814007628,1.3486360963213284,1.310756682746714,1.1065516986231902,1.7579541088579922,1.5920621759834204,1.4177515987792098,0.904517056555982,0.4771396573044361,0.0194175505835837,0.9488329515761283,1.2641144356464094,1.6457761295421731,1.526993551198567,1.4814605721758056,0.758903395799497,0.4682165363311684,0.2629098996463117,0.7313150859195933,0.6267908998065888,0.0232120460760061,-0.0606560733064509,0.5111240598470639,0.9457609629190254,0.7006654844418742,0.5439995274146461,1.0019100949157032,1.247968907102312,1.9510614737594565,1.844205422950348,1.5206448484651072,0.8727043050170791,0.6003508335519661,0.8966682919861226,0.9045939149410454,1.021921012124115,0.906636717675939,0.5214643605127754,1.178959792674867,exact,9
UBERON:0005019,exact,direct,mucosa of organ of roof of mouth,Mistral-Small-3.1-24B-Instruct-2503,-1,0.2729271720296553,-0.2344880268364743,-0.2810068261608665,0.1157156216494385,0.6520235960501221,0.2557803492654001,0.127919080195347,0.6013025948370954,0.616895800002147,0.098934537389888,-0.0250099151812041,0.554842850724203,0.1409242452290742,-0.331741310719613,-0.3600596342156349,-0.0068968811015203,0.5554009265489019,0.1483667599688517,0.0191716121286384,0.4515836415452076,-0.2293555169199549,-0.5528768028134206,-0.5082350595779946,-0.3914270011973165,0.4510039809193308,-0.0883311850279404,-0.1276166931907646,0.3143754789967625,0.7231370659174348,0.4822189321954007,0.3814504573517108,0.6626303527848931,-0.007774425060429,-0.3876666790314736,-0.423317254073361,-0.1808031921807454,-0.1556586169590698,-0.5852891545511787,-0.4847685767329881,-0.353044877173407,exact,9
UBERON:0005019,exact,direct,mucosa of roof of mouth,Mistral-Small-3.1-24B-Instruct-2503,-1,0.4963135874739992,0.0259615003224386,-0.0900995305950803,0.3922941353987835,0.8605381000472991,0.6947197406900605,0.5045951574660629,0.9243413482424742,0.724596077787611,0.2520403889872166,-0.0068639500273953,0.6947990171044967,0.443982362562891,0.0066833911003979,-0.0521387622194813,0.3131427904233177,0.7531079317478268,0.4681083070652001,0.2766117901216388,0.7227984007745807,0.1141793129177417,-0.3967777583503949,-0.3695877951532372,-0.0657097815358222,0.6858702196468219,0.1957279003587056,0.1529120224295229,0.6104347261422884,0.9219625243094104,0.8259143930483854,0.6877348290100185,0.9422761360743128,0.2231381187647939,-0.2162982935107425,-0.3060358298905277,0.0603008435041346,-0.1029417991875491,-0.571715998410995,-0.4722595559811653,-0.3044499744742516,exact,9
UBERON:0005019,exact,direct,mucous membrane of oral roof,Mistral-Small-3.1-24B-Instruct-2503,-1,0.4015705602927888,-0.0734677046637818,-0.1743661788694442,0.2708097840518481,0.4310345024919172,-0.069460397314936,-0.1492895117012199,0.3083141561795099,0.8801216243622814,0.4805966335911365,0.0177837640182499,0.9126305235647584,-0.0454884703403333,-0.4214772088711336,-0.4042189870642775,-0.1891389575857635,0.5232903389993794,0.0955462957603721,-0.0128447833858934,0.4105721920682336,-0.1492777357272743,-0.526038146543469,-0.4813693397401254,-0.318547291890771,0.0503733854314901,-0.4281997569558533,-0.4070694702279521,-0.1191883946159291,0.8676289417566025,0.6793038509124364,0.5361021870610553,0.8620648983538425,0.1077447560619797,-0.2977846279169277,-0.3700691366427103,-0.0627502594459574,-0.2177116398160442,-0.6036240260623279,-0.496052816054892,-0.4091649504228866,exact,9
UBERON:0005019,exact,direct,mucous membrane of palate,Mistral-Small-3.1-24B-Instruct-2503,-1,0.9779344043862565,1.2640567978452573,1.0430119840212362,1.1772628444138555,1.056634703044078,1.4437017937619403,1.2821391597923435,1.301675756828485,-0.5774174141403604,-0.5643859541553454,-0.0788744153610255,-0.6812636861488798,0.8356977837337678,0.3913186237756205,0.3112970033720039,0.7910689935740087,0.9471068771731996,0.9169709853847636,0.6450590849622264,1.0315932970810708,1.0565614093802544,0.9319107698687302,0.7703046124195881,1.1835358053942724,0.8548960185554918,0.4146311515837121,0.2640403952330877,0.8546307300150479,0.9610574452711812,0.9158018743870028,0.7452490597556741,1.0020966350767115,1.1088554703126938,1.506479214575451,1.3341375754049043,1.342654520322252,1.0010018857125582,0.8100925637846452,0.4804284523855345,1.1311260537706485,exact,9
UBERON:0005019,exact,direct,mucous membrane of roof of mouth,Mistral-Small-3.1-24B-Instruct-2503,-1,0.3595656768742788,-0.1351418577702425,-0.2196723071901549,0.2190169649719011,0.618446107377981,0.1913445948062829,0.066708986945469,0.5540877955225753,0.6053833142610506,0.1311434979939079,-0.0231797965352116,0.5403273478853436,-0.0980875337302762,-0.4552283875805366,-0.4477134502165446,-0.2389118969496286,0.4049760052107513,-0.0347689008942197,-0.0852342729955309,0.2654113931863243,-0.0977855797820165,-0.5035895841123678,-0.4579902077466425,-0.2707831427221177,0.1135488938987148,-0.4065675864349997,-0.3979536100489763,-0.0552479391313809,0.7536134116042978,0.5427235717019518,0.433787530227631,0.703207292089088,0.083505408600657,-0.3131059312916862,-0.3952399030417215,-0.0879235020057399,-0.1032735949024636,-0.5663058549794179,-0.4698611075755434,-0.3047585826783581,exact,9
UBERON:0005019,exact,direct,oral roof mucosa,Mistral-Small-3.1-24B-Instruct-2503,-1,0.3332136386033983,-0.1515759646843174,-0.225503763993457,0.1871130772622985,0.1219381842695794,-0.3901471110105499,-0.3849737713195345,-0.0483245935623581,0.4985389490345289,0.0448552386887201,-0.0065885920353073,0.4092376729204546,0.3267001137232096,-0.1096480042145021,-0.1575114891518642,0.1852780745754603,0.2367238734228321,-0.2160163930157036,-0.2362791982412971,0.072709710611288,-0.1507776586432037,-0.5196832406855754,-0.4651862627918002,-0.3199277576690768,0.4776312769486096,-0.0588591241873164,-0.0859715454936354,0.3460084023813501,-0.2574758660035143,-0.6002614374522791,-0.542931172592314,-0.395934865909262,-0.0876197949634753,-0.4846880670492444,-0.5078353832165131,-0.2597389458631243,-0.1920152743241178,-0.5877861124217917,-0.4809614761923962,-0.3860625419918106,exact,9
UBERON:0005019,exact,direct,oral roof mucosa of organ,Mistral-Small-3.1-24B-Instruct-2503,-1,0.3534878065588938,-0.1177683426612973,-0.1994501183672209,0.2116194254967993,0.4652984663366149,-0.0538813144120983,-0.1114333790005393,0.3512557655800912,0.8907943613607465,0.5023934255134039,0.0160933622897735,0.9283924921248023,0.3456449831816933,-0.0959183166537239,-0.1347705480516627,0.2055602864523573,0.4198298530448979,-0.0447923728879443,-0.1152209820136162,0.2831581114005234,-0.566392075240287,-0.6657410166224967,-0.5979156013743608,-0.6821656981840534,0.1163027106595293,-0.3418035309142481,-0.3322287318270888,-0.0524284696912413,-0.1330446356309784,-0.4828675649482551,-0.4529947869404957,-0.2796748034509352,-0.6966409955014131,-0.8128651872193298,-0.6600239676641116,-0.8065617365794183,-0.2100282211611829,-0.5941416007241663,-0.4875451237873161,-0.4022770511460368,related,8
UBERON:0005019,exact,direct,oral roof mucous membrane,Mistral-Small-3.1-24B-Instruct-2503,-1,0.3267297426343661,-0.1481033110601397,-0.2059434831161913,0.1793298619274301,-0.0289364784572243,-0.5085625809125288,-0.4764399478508778,-0.2064586961415885,0.1893393825583319,-0.1682764253907388,-0.0323448442950124,0.060077012070194,-0.2317545677406429,-0.5825500116715242,-0.5342501813632904,-0.3625050636993923,0.238067937047045,-0.2105098559413697,-0.235755007677979,0.0741933963525994,-0.2550660363751803,-0.5652549547483853,-0.5113962836441629,-0.4144844614457129,0.031330705834647,-0.4401536200672066,-0.4187813281702258,-0.1381924605933619,-0.5799495811040585,-0.66270327147584,-0.604591284028245,-0.6819214569395642,-0.1319100232929131,-0.4482011335586042,-0.4983739950507873,-0.3026651917447776,-0.1653761549112759,-0.5709124661491319,-0.4781606155058582,-0.3619086915986969,exact,8
UBERON:0005019,exact,direct,oral roof organ mucosa,Mistral-Small-3.1-24B-Instruct-2503,-1,-0.0227422385050147,-0.4475427413819419,-0.4538255141681286,-0.2078106842889012,0.1087080060853645,-0.4103273194005639,-0.3767008940949644,-0.0625522431090695,0.1343058213999761,-0.2214868794371829,-0.027871764931516,0.0017538429281888,0.1386664073345561,-0.2542638451266529,-0.2662911449877015,-0.0091633305977005,0.1116503257812494,-0.3286114711113582,-0.3056971362898988,-0.0619002984730148,-0.557705148453862,-0.6604458896111343,-0.5895562960212143,-0.6749568236863299,0.219039157659704,-0.2717621852264116,-0.260403289186342,0.054828105974468,-0.2989324153949298,-0.6063547437770141,-0.5460242540807926,-0.4338790832176189,-0.6443305578002062,-0.7751933915279375,-0.7089651614416831,-0.7627585789049359,-0.1725580099037782,-0.5721553106242079,-0.4742139566705404,-0.3684412997193607,related,8
UBERON:0005019,exact,direct,organ mucosa of oral roof,Mistral-Small-3.1-24B-Instruct-2503,-1,0.3249665901383907,-0.1695253000287583,-0.2144433343500915,0.1772178582888204,0.5620223522164578,0.103381235643664,0.0118213480265803,0.4771128309009382,0.957550153019472,0.5770639147478878,0.0285759095628043,1.0297850350171631,0.3757975420690513,-0.0452589645443521,-0.0715531016705845,0.23812838721745,0.2558389647729719,-0.2170208288981716,-0.2516367569144329,0.0938892972490741,-0.2445448985787331,-0.5610550769955445,-0.5200242944715056,-0.4050684340753057,0.3534396046344257,-0.1703255640793885,-0.2003758134238864,0.2019304522733237,-0.0260944408633888,-0.4375823702777574,-0.4189498331956177,-0.1766545922599478,-0.0712619706614142,-0.4771170830810218,-0.4486682530614831,-0.2437332686443898,-0.2617837085798488,-0.6153203810306779,-0.5007373408749208,-0.4483540452636584,related,8
UBERON:0005019,exact,direct,organ mucosa of palate,Mistral-Small-3.1-24B-Instruct-2503,-1,1.1123497532257254,2.1686466762619823,2.092833673860708,1.5100537196800554,1.1483327209185072,2.0653011129866785,1.926838230669199,1.5251169051316558,1.1022263151745644,0.9508399446494517,0.0730225564371472,1.2696679051063509,1.4008665944272105,2.608093247621189,2.7052143531586914,1.7912374117608425,0.9509661981263252,0.8966254856754229,0.6447357432589919,1.038325584579316,0.7841272612346009,0.2396001035094687,0.1296128720170415,0.7255404479744264,0.9138319376417646,0.6269680142894191,0.471602840552389,0.948579235984766,0.3161383624312104,-0.2279231903717498,-0.2266978913857024,0.1764134071098608,1.0121182627016936,0.9186320473534264,1.8330747443270337,1.1470910413274715,1.032371803125922,0.9570365889725264,0.5551406380294927,1.2038142257376838,exact,9
UBERON:0005019,exact,direct,organ mucosa of roof of mouth,Mistral-Small-3.1-24B-Instruct-2503,-1,0.4502428855237607,-0.0275043058339813,-0.1083541734288339,0.3323675416150841,0.7351492163794697,0.4003154311157575,0.2459494632337457,0.7233220159170366,0.6559179465461893,0.1704827802283491,-0.0180444427976167,0.6046582758508449,0.3059413563570856,-0.1350064605491153,-0.1825858929207361,0.1632091461133987,0.7137713815626646,0.3922239149496295,0.1877140695655708,0.6659397886417772,-0.1435678364727701,-0.5188444355439776,-0.4829007525786254,-0.3132866081196908,0.3963900129234686,-0.1454508964204448,-0.1854670060734216,0.2507909334318635,0.8844120457809337,0.7586635440599063,0.6492216123837825,0.8864999261431228,0.0803749605358582,-0.3645210894828257,-0.349837057773853,-0.0911584495214869,-0.1491331292284199,-0.576933356787758,-0.4795141982837122,-0.3470765614001309,exact,9
UBERON:0005019,exact,direct,palate mucosa,Mistral-Small-3.1-24B-Instruct-2503,-1,0.947280858034698,1.1191807742360331,0.9074282861196896,1.1132864706696406,0.9185506880177032,0.8763447021495883,0.6540781281932327,1.026210107554513,0.7898159220440261,0.3588988144457136,0.0209325039205885,0.783629930438555,1.031074275468116,0.7682146614567035,0.6146175336856305,1.0733744119292097,0.2120747837742854,-0.269287440232139,-0.3190933803858867,0.0456459585729276,1.2400155969173865,2.364884474377975,2.266484544759884,1.644461190411554,1.0403117976464564,1.006710168602822,0.8671666399447249,1.1723392791751028,-0.0694316910406636,-0.5327622629154066,-0.4937662192700738,-0.2187649010667917,1.123655576794888,1.4905762061678889,1.2802862637199934,1.3753582746336028,1.1917751335723847,3.037906416792867,3.302902222367898,1.7673904101896978,exact,9
UBERON:0005019,exact,direct,palate mucosa of organ,Mistral-Small-3.1-24B-Instruct-2503,-1,0.9848973271966636,1.2992455479581788,1.065569217868946,1.1922618917424768,0.889561866534065,0.7749463832359003,0.5977516256900663,0.9744869599546852,0.9027767523331688,0.5210443594881579,0.0207124120701222,0.9462296662744072,1.0638663709471972,0.9026420663062644,0.7192525186632276,1.1250793396358396,0.7163946825912729,0.3674034782601501,0.1930686430823299,0.6696817646829026,0.837986055188436,0.3377917865755817,0.2015057469824676,0.8054708523077962,0.8127680041673319,0.407608185763874,0.2690752730075895,0.7905883455576056,-0.1034734505094509,-0.4723927895711508,-0.4235005815136068,-0.2514903016969385,0.6011009404911605,-0.0385654036188394,0.5195876103430277,0.5108597079454876,1.008616674771644,0.8422244735905737,0.4645432855820355,1.1482595042750103,related,8
UBERON:0005019,exact,direct,palate mucous membrane,Mistral-Small-3.1-24B-Instruct-2503,-1,0.8170682918601226,0.6877399612221886,0.4879680825560555,0.8706962327906164,0.7629584498686356,0.4756162614019855,0.3165623561735226,0.7659724347965944,0.6738397703073506,0.2237175114355369,-0.0038916723664549,0.6278675192355149,0.3427654514863628,-0.2989206034959237,-0.3333216464286733,0.2024686395202045,0.1474927427182569,-0.3040871273030868,-0.3161597643459632,-0.0239986482337136,0.8419522560226723,0.33662968847844,0.1799879014721281,0.811516017328605,0.71312582950915,0.1760633245510465,0.0773247227085245,0.6476982319782981,-0.327005589105683,-0.5781765864712436,-0.5530814384076105,-0.4593622031524527,0.92225102675151,0.7782559638275399,0.6131732300103255,0.9866052456403068,0.9795290784268132,0.706494099860334,0.4091973818279862,1.084365989241216,exact,9
UBERON:0005019,exact,direct,palate organ mucosa,Mistral-Small-3.1-24B-Instruct-2503,-1,0.7911174124970409,0.6143274560073363,0.4270403197573464,0.8267355789152562,0.7858839250317742,0.5229554916867134,0.3764934377116138,0.8019039395468341,0.7341673661603151,0.2945205574649465,0.0216236991514348,0.7076288635031304,1.0233366858905484,0.7630694559499508,0.6357688126551185,1.061384750890692,0.2982115429195795,-0.1817821162523724,-0.1992247485907919,0.1414587597044768,0.7335079052619744,0.1641330664021788,0.0774308733928529,0.6537313536160054,0.813037922244865,0.4295741649206298,0.3270427045553887,0.7909911896003391,-0.1329493298479112,-0.5312047543514892,-0.4719940017151193,-0.2795843227167037,0.814913617289668,0.3115789077279838,0.7249722478652174,0.8136522196745609,1.025284894341109,0.8950404977229603,0.5235178945267137,1.1868858530284565,exact,8
UBERON:0005019,exact,direct,roof of mouth mucosa,Mistral-Small-3.1-24B-Instruct-2503,-1,0.4606799696205988,0.00456900978247,-0.0943380462981667,0.3457969795653092,0.6362944618644513,0.2292767543201186,0.1356351097489533,0.579047463104848,0.8384524604709348,0.4289157421972351,0.011598412445001,0.852172209797242,0.420306395089266,-0.0268045000756899,-0.0876321345241826,0.286873436758834,0.2809785728181365,-0.1838072713529297,-0.2589441996195409,0.1220070226025352,-0.3384596968538621,-0.5965784052552774,-0.5207040483180635,-0.4882002150604264,0.6002670468702457,0.0690866560582494,0.0363440118099866,0.4977229043684258,0.8550055686024506,0.6900560705670555,0.5556322199122606,0.843877107093548,-0.0696856660295619,-0.4715352783896719,-0.4937458303075285,-0.2421864838574249,-0.0558613804735873,-0.5412400917786331,-0.453285698714762,-0.2602917365436256,exact,9
UBERON:0005019,exact,direct,roof of mouth mucosa of organ,Mistral-Small-3.1-24B-Instruct-2503,-1,0.4064240964025694,-0.0607791444122931,-0.1525766934271163,0.276871778803664,0.5604739003000803,0.092217863543377,0.0211495922212464,0.4750396242240507,0.9214120931286282,0.5134839016361891,0.0189654290659572,0.9742765452470232,0.2575819334322346,-0.2364416086129748,-0.2863391311237482,0.1124049066761577,0.3518768485583678,-0.1195601709914062,-0.172043190432739,0.202998203203564,-0.5513681262560598,-0.6636857754399202,-0.5861690864468896,-0.669689427761965,0.0574401831955464,-0.3894495084806625,-0.3705901140785226,-0.1121049158777614,-0.3746159595976068,-0.5559191396462948,-0.5126056808895093,-0.5022022995538611,-0.5401321749317717,-0.7366340103802437,-0.6132792956050245,-0.6739530751124607,-0.1406989131160151,-0.5722944018899451,-0.4751412989723815,-0.3393431252924868,related,8
UBERON:0005019,exact,direct,roof of mouth mucous membrane,Mistral-Small-3.1-24B-Instruct-2503,-1,0.3463969578576114,-0.1238244238837992,-0.1906876752158573,0.2030188722871375,0.4631699273683145,-0.0141936164462929,-0.0938681334101699,0.3485645776221399,0.6234752429462463,0.1455336908294301,-0.0197056301947658,0.5631749584745115,-0.1495410914806459,-0.5378833404116615,-0.4964964832771287,-0.2869631111390557,0.4026292960533636,-0.047193597971421,-0.1427341080010964,0.2626194297265136,-0.347183132920188,-0.6022209560451706,-0.5296909185956814,-0.4958201999140945,0.1465139642439693,-0.3825600978996202,-0.3638270247305246,-0.0213125593684767,-0.2050606178021873,-0.4153452812638614,-0.4240539693289828,-0.3474075333800577,-0.1492894073767959,-0.4959041486569641,-0.5256861262209128,-0.3193498788554031,-0.0921875931307349,-0.551043709103351,-0.4646549716530552,-0.2944279520149226,exact,9
UBERON:0005019,exact,direct,roof of mouth organ mucosa,Mistral-Small-3.1-24B-Instruct-2503,-1,0.2419496394544673,-0.2328550369801761,-0.2791221693312218,0.0798376037001832,0.6017082274353521,0.1807522336833789,0.0921338122457139,0.5309549420648735,0.7888884268699924,0.3290309020354647,-0.001303735132753,0.7823427230239715,0.2733786077346942,-0.15046805494029,-0.1938038985303679,0.1289087094136751,-0.0263560527138926,-0.4496319595398297,-0.4091156695129387,-0.2032705065515313,-0.3159171180400394,-0.5861881457378345,-0.5213974627823662,-0.4684308081240837,0.2459612433718476,-0.2668179586710333,-0.2487972151667568,0.0836414275939502,0.6441266167643044,0.3144267457112704,0.1954119319704982,0.5606390968532816,-0.3542004309889884,-0.6472673567898631,-0.5726996307749971,-0.5098538691100696,-0.088867055921599,-0.5433504581402029,-0.457402055754994,-0.291325850719757,exact,8
UBERON:0005028,exact,direct,antrum of highmore mucosa,Mistral-Small-3.1-24B-Instruct-2503,-1,-0.2140345508266406,-0.5617576939466734,-0.5017381391486867,-0.3985534968521027,0.1657498995244385,-0.3068899209187941,-0.3238547649688363,-0.0006735813256854,0.4953169616498776,-0.0533235629095655,-0.0268233421153925,0.4053800359639926,-0.4925522503457205,-0.6693129706202878,-0.6158543565358541,-0.5931784966565542,-0.3045966707918994,-0.5906719025738909,-0.457907747731674,-0.4694450953076336,-1.1674036576142297,-0.8190518751777185,-0.7016461805757659,-1.1528067576277174,-1.0255343422090326,-0.8557122837021578,-0.7494879352328314,-1.0571572241890583,-0.3572106798715088,-0.5515456137207786,-0.5195982296921698,-0.4865951244801478,-0.0065984517636503,-0.4091443761324538,-0.4135981568814063,-0.1796250478067331,-0.6867887347973137,-0.7368519867178276,-0.5574680750792037,-0.8023391023328345,related,8
UBERON:0005028,exact,direct,antrum of highmore mucosa of organ,Mistral-Small-3.1-24B-Instruct-2503,-1,-0.2773356188288337,-0.6151761524173908,-0.5393542098138105,-0.4590952395569458,0.1458428960759236,-0.3295663781832422,-0.3376662835007725,-0.0224287874302296,0.6939725732281897,0.2343059770038086,-0.0056053011009406,0.6541991746183742,-0.559937223676855,-0.7142909411857754,-0.6571791915011014,-0.6508068421723556,-0.5340317888434245,-0.7222084974399468,-0.4867203213818037,-0.6734615106547179,-1.1799624695951465,-0.8206232188921976,-0.7009555767254042,-1.1621386251584491,-1.4164988533100464,-0.9550680367511104,-0.8278102156015655,-1.3524781348902777,-0.2561914372963318,-0.4758575424661501,-0.4356545123391775,-0.3947531828475171,-0.2923928472405442,-0.5865034324991455,-0.466614045853734,-0.4535384696505608,-0.666371172048116,-0.7282935996985302,-0.5552647908342665,-0.7861932264917937,related,8
UBERON:0005028,exact,direct,antrum of highmore mucous membrane,Mistral-Small-3.1-24B-Instruct-2503,-1,-0.0765684475895611,-0.4720071494425305,-0.4170536073095546,-0.2627545937140582,0.1589907593638817,-0.3107266002846819,-0.3247105784027889,-0.0080799316024756,0.592143224438528,0.05181662978065,-0.0131699570538482,0.5237321977395435,-0.6731956638255077,-0.7831037630788313,-0.7178799941849205,-0.7460460478946669,-0.4462700524547091,-0.6682963796763185,-0.4895095635174913,-0.5968795012069754,-1.5368749080765385,-0.8859836916867546,-0.7546999446227416,-1.420566478882472,-1.3298816529521635,-0.930822442244633,-0.8056516717848028,-1.2884867120601755,-0.3833650304831757,-0.5453175449826781,-0.5197460403639551,-0.5100243020180089,-0.089306905589857,-0.4331902001200551,-0.4497865051052096,-0.2613850153692429,-0.4384466083458416,-0.6602307699761819,-0.5161156795506042,-0.6003884015300243,related,8
UBERON:0005028,exact,direct,antrum of highmore organ mucosa,Mistral-Small-3.1-24B-Instruct-2503,-1,-0.2632401323527281,-0.593735174844392,-0.5254812418567689,-0.445715906663545,0.0445637348994554,-0.4033453975342004,-0.4062381486733515,-0.1305201652777312,0.67142443432717,0.0981277123612852,-0.0124602471454491,0.6247270915204421,-0.6179976090917207,-0.722310535921943,-0.670609187004037,-0.6998756596600714,-0.4918169544983724,-0.6962772053074486,-0.5065526667911638,-0.6368382829836456,-1.1085198937090313,-0.8042199677227345,-0.6838511006461006,-1.108814562181743,-0.8704770076783228,-0.8048491403417813,-0.7053319558004788,-0.9348973455597316,-0.3241024283291745,-0.5150010397282343,-0.480709337244698,-0.4567346603859942,-0.5076552953739255,-0.7347658702661186,-0.5236693672444027,-0.6458297436794701,-0.6056737127107066,-0.7097459718493482,-0.5434745790915962,-0.7377341477654051,related,8
UBERON:0005028,exact,direct,maxillary sinus mucosa,Mistral-Small-3.1-24B-Instruct-2503,-1,1.0725703631587995,1.8201979502340315,1.7076557014325533,1.400018668504998,0.9802216295377836,1.1139618137112692,0.8607430611481331,1.1425424034590947,0.9669894368923032,0.7230960315421345,0.0884921402969865,1.0445401902353209,1.1471766166397208,0.8515295395445148,0.663045865686721,1.2637684837606686,0.7656042660546161,0.4833401779593212,0.3059098691590862,0.7412087881194658,1.2570144697612542,2.633922137730853,2.6744857376389195,1.7043541454911473,1.110337598591982,1.2651837148574587,1.04110152936005,1.3144346420026618,-0.109953755010415,-0.537374600585931,-0.4863428180950074,-0.257685819546806,1.1078603609940822,1.47426311676504,1.263278593689601,1.3404865273363784,1.1958872331869308,3.2868597292590245,3.775901530291861,1.7960727641272287,exact,9
UBERON:0005028,exact,direct,maxillary sinus mucosa of organ,Mistral-Small-3.1-24B-Instruct-2503,-1,1.0859740764750094,1.935840536484764,1.854509208365891,1.4356946700383468,0.9406281644382718,0.9614516466718896,0.7644325183576623,1.0668074679224957,1.2050516629311967,1.392848128117866,0.1139410722933687,1.4630711345119345,1.2382977609943613,1.3511409756920476,1.1792482473469392,1.4305580641877875,0.4032235364016892,-0.0483131623731885,-0.0284449266935421,0.2633261172097596,1.00459273127129,0.733097230363379,0.5794891438292976,1.0834745510861026,0.7781218579404016,0.3147640964332001,0.2013258454521787,0.7396269795457211,0.0133005711281423,-0.4396204841577327,-0.4029871355082488,-0.1379214309133884,0.6723348974258199,0.1180145275052591,0.7002424793601549,0.6067265842482475,1.0403023915279743,1.0461283149822371,0.6670344910393178,1.2231466956106185,exact,9
UBERON:0005028,exact,direct,maxillary sinus mucous membrane,Mistral-Small-3.1-24B-Instruct-2503,-1,0.9999550388519608,1.362866686751789,1.1690605390381303,1.2253463088094738,0.8611267292110976,0.7184573891613275,0.5359505744213199,0.9253430685348236,-0.842692964349832,-0.6149752353458466,-0.0837770991468714,-0.9110102717940805,0.8494717006698161,0.1800944525454391,0.0613965996640743,0.8097527358055978,0.5388767231174619,0.13151988404447,0.0136441124749093,0.430386448653957,0.8132810621504818,0.266451034961925,0.1814659856608877,0.7683213282237455,0.864046322930114,0.4453409145861464,0.3261469478235658,0.8688669742643906,-0.6042545107766163,-0.6534135008876569,-0.6081572904926268,-0.7026915157317877,1.0571812734833002,1.293452012639714,1.1057295506504794,1.234670271894187,1.021939588556054,0.939592545323918,0.5829175032996267,1.179003375171782,exact,9
UBERON:0005028,exact,direct,maxillary sinus organ mucosa,Mistral-Small-3.1-24B-Instruct-2503,-1,1.0052041718742848,1.3987995342791395,1.2169289615482373,1.2370987216193483,0.8620873285193017,0.7121025908546535,0.5433010395995356,0.9269791204205438,0.8103254958260182,0.4527315689743441,0.064714893485029,0.8122803610878575,1.1558774630153854,0.9416224986793535,0.7674397162737845,1.2789417091613258,0.4598967786400021,0.0186911380599634,-0.0227035126828786,0.3316894611090229,0.9746950537774278,0.6394820703325684,0.4984259687937283,1.0293315331919135,1.0291538246709682,0.9649868317884952,0.8032057278153698,1.151099247596022,-0.1298042390066936,-0.5449593722485286,-0.4701107011731577,-0.2765971782149884,0.8688761366254377,0.5337726130925552,0.8895415369570717,0.8984208533834128,1.0584887183964724,1.1395520113240771,0.7616606251424897,1.2691854549003008,exact,9
UBERON:0005028,exact,direct,mucosa of antrum of highmore,Mistral-Small-3.1-24B-Instruct-2503,-1,-0.1512639581219354,-0.5299818847515522,-0.4776292813694254,-0.3373123265895071,0.361206620686165,-0.1153615279173976,-0.1707913971520446,0.2231690522383521,-0.7941249297158601,-0.6909962729230901,-0.0955367124652645,-0.8697186177171765,-0.4012947265209413,-0.6588172015535521,-0.6177965485674846,-0.5139026962388398,-0.6773323086236493,-0.7970343406724772,-0.6078379879587498,-0.7949931908504422,-0.6456533416001835,-0.6990607752430251,-0.6149044678937396,-0.7473282738097146,-0.0941563286129552,-0.4436800831174861,-0.4143295828267326,-0.2605488107014093,0.5124316194792313,0.1999727797241715,0.0909529345875904,0.3995948203924144,0.1785269104899132,-0.2859617897886334,-0.2786390337317595,0.0120747537467013,-0.8173531866821319,-0.7750126301915476,-0.5771194956723877,-0.9038487248615384,exact,9
UBERON:0005028,exact,direct,mucosa of organ of antrum of highmore,Mistral-Small-3.1-24B-Instruct-2503,-1,-0.1897606130330749,-0.5564631161139008,-0.4898743081032056,-0.3750178943989829,0.2555826307874638,-0.2227024532830936,-0.2391943171435794,0.0997788613228611,0.6583144247406737,0.113193994907505,0.0041957393146791,0.6077494523768071,-0.7184113966218767,-0.8342165063683353,-0.75547470334635,-0.7835322064939982,-1.0323941580591984,-0.9387649433088876,-0.673485925436478,-1.0797938504307538,-0.8911352744689814,-0.7544947737327221,-0.6460507824168068,-0.9427525339429148,-0.2458820912229342,-0.5254023365201698,-0.4941866237360391,-0.4025025055958595,0.633389320619672,0.3418639408655558,0.2176619755331661,0.5471109306646323,-0.1587479500452939,-0.512646644684561,-0.4368028341646997,-0.3283934697344575,-0.7459314499838101,-0.7504938096540629,-0.5667466168973595,-0.8486851015307223,exact,9
UBERON:0005028,exact,direct,mucosa of organ of maxillary sinus,Mistral-Small-3.1-24B-Instruct-2503,-1,1.1302774544328311,2.3621407725249903,2.267839252303028,1.5643619627735563,1.166504899100629,2.272478387145548,2.1622350087007245,1.5755690503323,1.1761546078948937,1.2298930051020989,0.1103534868847972,1.4062846621922422,1.423595277473115,2.589144838110048,2.6413996672050954,1.852127652920199,0.8872722762817945,0.7637625722197341,0.6249046434385243,0.930532234738794,0.8933432508382046,0.4322418072056096,0.2972201850974631,0.8920493587389604,1.093465680089983,1.2237427178217786,1.0273813427417833,1.2786566583989254,1.2333064789381274,1.79210558972781,1.733489756765063,1.4892972952666477,0.8184865744552,0.5315488014770322,0.745700639658956,0.8191414819381848,1.053922528223412,1.1184054241382562,0.7143148522654132,1.2573881638935496,exact,9
UBERON:0005028,exact,direct,mucous membrane of antrum of highmore,Mistral-Small-3.1-24B-Instruct-2503,-1,-0.0667348399779385,-0.470354178717102,-0.4160314388021872,-0.252795365643022,0.3469816747462431,-0.1274614167534424,-0.1667676447908848,0.2061888036937762,0.7858211502986031,0.3394343806742365,0.0157490675807357,0.7780909744022669,-0.7142888868728798,-0.81129429076179,-0.731885733732212,-0.7801266203167644,-0.66932194872822,-0.7901668011100313,-0.5979614519837335,-0.7883083558793049,-1.1140198646041053,-0.8084803033707456,-0.6983928311952182,-1.1129405064020408,-0.6564670370807075,-0.7104282243462652,-0.6180455416723013,-0.7604041703133481,0.235032652293418,-0.0275716364460655,-0.0639736059824702,0.0890606735986629,0.1087277124650622,-0.320795909949955,-0.3410466372787568,-0.0617247173020954,-0.5577000772276671,-0.6968195671020423,-0.537846892374272,-0.6989272779261504,exact,8
UBERON:0005028,exact,direct,mucous membrane of maxillary sinus,Mistral-Small-3.1-24B-Instruct-2503,-1,1.1556742200185892,2.6874244294135945,2.677758705265981,1.6479897841877904,1.1598078833900771,2.200367813139779,2.0605832818334697,1.556671634368507,1.19843181044632,1.3703837494343611,0.1200146580274538,1.4498726889160063,1.1628049667312883,1.0482616478275375,0.907530258943574,1.2911259608874015,1.0703436819199577,1.3573919920984097,1.0321518699444172,1.2623296839803158,0.9689748862879516,0.6099936100578766,0.4828192971055838,1.0192218407000886,0.9799382182257697,0.7557233493913831,0.5995082647659421,1.0611765909428,1.170047387614175,1.4310966333646633,1.2570827573394696,1.3617256178883586,1.2027667676245049,2.2506304737244607,2.102322685185515,1.567953429003606,1.0329719250799585,1.0046131853751024,0.6280584062833326,1.2052624835077592,exact,9
UBERON:0005028,exact,direct,organ mucosa of antrum of highmore,Mistral-Small-3.1-24B-Instruct-2503,-1,-0.1477995303272015,-0.5278906378292962,-0.4627980892633262,-0.3338956929896158,0.2869904230431762,-0.1905078550049778,-0.2416963395891171,0.1358385526896619,0.8190158562097749,0.3151341550148747,0.0206981912304842,0.824530081777625,-0.5101619934599037,-0.7100695976861999,-0.6584748092926345,-0.6083109413715927,-0.8487047424587766,-0.8696959118730232,-0.6406389616684817,-0.9351498242126876,-0.9688137114231736,-0.7761013846821212,-0.6653527852453542,-1.0027847111297334,-0.2946035274113801,-0.5546765039830698,-0.5153818519482954,-0.446846902706974,0.6930370558867858,0.4146942731991601,0.2680000594237144,0.6232500482420099,-0.0290041387348591,-0.449577835188946,-0.3577601085705951,-0.2019927326626935,-0.7364497295148325,-0.7434331263798285,-0.5617551815094566,-0.8412964661012675,exact,8
UBERON:0005028,exact,direct,organ mucosa of maxillary sinus,Mistral-Small-3.1-24B-Instruct-2503,-1,1.1798452608999292,3.096059861676658,3.311362377735407,1.7373513361412471,1.1983910496213808,2.610673240545061,2.646945886878539,1.6712348066320746,1.249319737573684,1.5677202928294776,0.1416127201020942,1.5545454578206852,1.5105210125421684,3.860845614614737,4.556466662478105,2.132834745834737,0.9874936121194028,1.0488175082287048,0.8623306631800179,1.103471420160043,1.054651897980437,0.911217965274937,0.700044218759754,1.179707532114221,1.0637249483506686,1.0922968186503246,0.9466841353400192,1.2180655838986094,0.1715184347194087,-0.3589715716004173,-0.3286095860342226,0.0223702609194186,1.1586645520470749,1.815635494409504,2.326684734383993,1.4564981945202051,1.0645575355086163,1.1941792555148782,0.7786752156225882,1.2851311744844238,exact,9
UBERON:0005043,exact,direct,mucosa of organ of nasolacrimal duct,Mistral-Small-3.1-24B-Instruct-2503,-1,1.0643886681380432,1.7945297735049166,1.6312591077335448,1.378852154074875,1.1609719402720484,2.2393752053306213,2.1681922747683315,1.5599299002719578,-0.5450713085855139,-0.4905846924445739,-0.0777833549003748,-0.652497659387546,1.449230931927562,3.184731814290412,3.5328887547387526,1.9257262734880816,1.2266872371274316,2.270883877425028,2.1646877696320805,1.6259830334978354,1.1372864696811784,1.3636926189657177,1.18796437830606,1.3589562153751162,0.964338421176797,0.727589631648145,0.5718783554243688,1.033828234853061,1.2975235155688063,2.1079334930951035,1.987069455561228,1.6327052149981496,0.9423505192817412,0.9910832601211574,1.0031344828442832,1.0210830433132263,1.1332253161719483,1.857853085715782,1.4651013948714828,1.4945282037435923,exact,9
UBERON:0005043,exact,direct,mucous membrane of nasolacrimal duct,Mistral-Small-3.1-24B-Instruct-2503,-1,1.1268206743815734,2.351009830616992,2.3242512251898946,1.5536190235546046,1.1541755254414885,2.166373780386693,2.0100838552433253,1.541057885222992,-0.797255322141416,-0.5526084821858575,-0.0805203104319137,-0.872389882187497,1.2347170831942935,1.5875187932956991,1.490704654621126,1.423640497353255,1.2715923595949032,2.7001133852825467,2.510046221169377,1.7569074210331046,1.0001602765083188,0.7353862748516767,0.5616800184110751,1.0753032582741704,0.935300210355292,0.5727541992072174,0.4107571179011763,0.9842321121758476,1.1580588975995325,1.4057557082911405,1.2105327769501788,1.3387774442533893,1.2295546529600014,2.6922751010088346,2.727555138229916,1.6421347281783505,1.1122979335684189,1.6141976916866234,1.2076749981699346,1.4237034982535242,exact,9
UBERON:0005043,exact,direct,nasolacrimal duct mucosa,Mistral-Small-3.1-24B-Instruct-2503,-1,1.0378503030261057,1.603116227971225,1.425765962321479,1.313016009413401,1.0076177354344154,1.2416099945259116,1.0585447840200242,1.1974305680032444,0.1391876787786552,-0.2374801141513086,-0.0574283365378101,0.0068872735285379,1.337050831553309,2.2149735650760984,2.1973081481227257,1.63672875613311,1.028001356009265,1.2016158876873495,0.8202713808218828,1.1790300821951143,1.224251954710167,2.150157183886897,2.035189979311351,1.5933380682567069,1.2891346765460945,3.108964240562268,3.253867110774082,1.804066355210597,0.2278070076941078,-0.2180164512736658,-0.2373425139872495,0.0814003778503808,1.1749594671393386,1.9346068166156865,1.7356816419071237,1.4963377008517298,1.192540895377879,3.245200991904879,3.656158553830612,1.772531935433394,exact,9
UBERON:0005043,exact,direct,nasolacrimal duct mucosa of organ,Mistral-Small-3.1-24B-Instruct-2503,-1,1.0667351348864331,1.8170033219405377,1.6157107531335533,1.3848776432488237,1.0413287916740672,1.3968218774451124,1.21326219431361,1.2682075337754146,-1.0212973617943986,-0.636510774017493,-0.0895446572258834,-1.060189554866659,1.3766602623474906,2.4863504467044395,2.536279770946128,1.7300851907539287,0.8568450095735288,0.7022760155175857,0.5375084290223446,0.8813180211697823,1.0668003608674674,0.9938919387203452,0.8167107282914123,1.204282609177815,0.8688400190593553,0.4739058060775699,0.3363221669497326,0.876374138844208,0.2662792642065062,-0.1799149742901336,-0.2141067282342821,0.1224118231467927,0.7537165388272111,0.4120246299534815,0.8660373392148801,0.7220895510590175,1.106153262692523,1.5544305584386118,1.1755838429671668,1.404297786950233,related,8
UBERON:0005043,exact,direct,nasolacrimal duct mucous membrane,Mistral-Small-3.1-24B-Instruct-2503,-1,0.9681619787224436,1.227823125370164,1.0029892150245685,1.1565136827053033,0.9638316465151832,1.06993433497362,0.8230414593101546,1.11070768718565,-0.8398308143044843,-0.5775160119669381,-0.0834319030883169,-0.9085859007142478,1.0638078055891498,0.9413900039228292,0.787572814643255,1.124985660674762,0.9372403265170004,0.9278723931613808,0.5781744019946317,1.0145058047778936,0.8493229472076693,0.3618955258093694,0.2461281882004353,0.8228119881220634,0.8812118079212731,0.4372353805260104,0.311505783769778,0.8959088985637333,0.1338648304461773,-0.2679729105169492,-0.2770084938562668,-0.0165039871405875,1.0969470428490222,1.5769589142737608,1.3614862061905142,1.31695376622012,1.1045974865176134,1.524896198603658,1.0847992562652429,1.399470965058839,exact,9
UBERON:0005043,exact,direct,nasolacrimal duct organ mucosa,Mistral-Small-3.1-24B-Instruct-2503,-1,0.9760558404887304,1.268517182245949,1.049107444434779,1.1732472587212852,0.9668454588960566,1.07649291292518,0.8846726595380296,1.1165083852559616,-0.8028784059537835,-0.5820144248733635,-0.0868350361620857,-0.8771847942216627,1.3154393953378496,2.080384938038824,2.08327450860619,1.5887240282024946,0.7236789888247481,0.427552130516764,0.2401670313513657,0.68010893081507,1.035403140762675,0.8689788996862334,0.6954692046614571,1.1417962292927757,0.9937484828845714,0.8188433976645457,0.6612088730869307,1.0858295624128511,0.0578235229962942,-0.3570102876593254,-0.3661599626746523,-0.0936036838694662,0.9233111899120712,0.7523120233385355,1.1406350404942114,0.9884054339575112,1.10694585712193,1.560955875898393,1.1918302803956211,1.4067699358536436,exact,9
UBERON:0005043,exact,direct,nasolacrimal ductal mucosa,Mistral-Small-3.1-24B-Instruct-2503,-1,1.0060044039416616,1.4167586487778645,1.2491282746445334,1.2389007386094848,1.019086685460985,1.308927338351035,1.0594039355219107,1.2210843276144,-0.0049042768726267,-0.3530020317815255,-0.0729877870105061,-0.1415590062473046,1.2763165075182168,1.8144664122137333,1.710997330085103,1.5061865806671513,0.9178875390275304,0.8644338418123622,0.5868424982619017,0.9814894326513636,1.0864339867441846,1.0788358690819329,0.8942357607868006,1.245162587734729,1.0900150506486483,1.1655540301814151,1.037270141338153,1.2714704727290218,-0.0876937453191555,-0.4269400390482647,-0.4207650529020208,-0.2363585819053949,1.0458361693982678,1.1462497552225752,1.042136060983786,1.2120971667876936,0.9429943969223477,0.6445953443998966,0.3219816733776359,1.0093902556758498,exact,9
UBERON:0005043,exact,direct,organ mucosa of nasolacrimal duct,Mistral-Small-3.1-24B-Instruct-2503,-1,1.164788939743446,2.860921517253957,3.005597447429302,1.680376775240259,1.2182250568411397,2.909644911324765,3.00481010972718,1.7365555195003812,-0.6747124276020285,-0.5359851947372639,-0.0809004719802404,-0.7667622702510791,1.488427538379702,3.78568557919628,4.403168003446748,2.051712805816521,1.2371890847378406,2.357166285438992,2.162626481252031,1.6550813048233637,1.173528775472822,1.6269993003622856,1.451143492642945,1.4489709338904626,0.9722622699967064,0.7494372531830249,0.5528282371313926,1.0476553423459969,0.5265564252773959,0.0066556776819367,-0.043489581437008,0.4163867600564135,1.1259081554320614,1.7355597992758218,2.486197952308004,1.3804138475206431,1.1362537905900398,1.8998190469882503,1.5071584875019712,1.5054898844788476,exact,9
UBERON:0005185,exact,direct,kidney medulla collecting duct,Mistral-Small-3.1-24B-Instruct-2503,-1,1.114580113323158,2.1345916310767765,2.0144238258065923,1.5166282493894452,1.1692430342346047,2.301342870720819,2.156670634332008,1.583404093580448,0.6061618714133619,-0.047740065903138,-0.0389033314727791,0.5413064573544639,1.139329677757267,1.091432286931009,0.9010938497595138,1.2502052691547767,1.288954982135981,2.8678290542446465,2.7544413652882693,1.81290409516454,1.2998022048901343,4.01136791366614,4.492065155006806,1.8911207584481136,1.1464108041412178,1.3113129784366306,1.220499531140434,1.3949144893507168,1.3749484674897832,2.126437287327732,1.989725808330578,1.833159430907347,1.3051736677684849,3.606267099325444,3.900890478024038,1.894119492788607,1.1998280168180373,3.5895569076695595,4.3717248944835525,1.8265342859710585,exact,9
UBERON:0005185,exact,direct,medullary collecting duct,Mistral-Small-3.1-24B-Instruct-2503,-1,0.8130998082453642,0.6426480266766523,0.4826662905633095,0.8638939420846842,0.8933289378712503,0.8731007560941152,0.677124219815097,0.9811123353381834,0.6764128959229477,0.1243009281471437,-0.0203618431234227,0.6312174412722703,1.1559094077561385,1.1382081606664864,0.9796862542866078,1.2789976815694828,1.0812928304471066,1.3931764590731823,0.989143353702552,1.2846835070189206,1.125938168511976,1.3335082424777025,1.1347924140957684,1.3324403793198911,0.7234340905910144,0.0742904405159527,-0.0031497508563589,0.6619811064756099,1.016268818523418,0.5155884706449285,0.3917633597832692,1.089981790956812,1.0186558163789223,1.0041751616272374,0.8747579783905309,1.1594645787610949,0.983447157529994,0.714876539628543,0.3889189301137294,1.0927365300419618,exact,9
UBERON:0005454,exact,direct,internal oblique,Mistral-Small-3.1-24B-Instruct-2503,-1,0.2350458128436491,-0.2803193591814448,-0.2736624637395853,0.071912743852723,-0.508159826462952,-0.8098621916720802,-0.7134456240687385,-0.6605603752232484,0.1838994886641553,-0.0588078739479423,-0.0357240406094392,0.0542668552435995,-0.02574989693852,-0.5747363760066102,-0.553536155489753,-0.1702839665085521,0.3562396531520748,-0.1169399941728398,-0.1715220646198724,0.2080675899549665,0.4762445038301497,-0.1254133924936634,-0.1851645350305703,0.3260648179498295,0.4008497771712904,-0.1740238574559154,-0.2044601299439853,0.2559205912257578,-0.2875905384623275,-0.7185357909037684,-0.6553971299954755,-0.423535578646727,0.4531492022087172,-0.1458024555062788,-0.1416122757903427,0.3242644657320317,0.3825248688840967,-0.258236340309087,-0.2868536355458045,0.19482297015958,related,8
UBERON:0005454,exact,direct,obliquus internus abdominis,Mistral-Small-3.1-24B-Instruct-2503,-1,-0.9975562987078842,-0.8839185151053731,-0.7476052201430972,-1.0810603150756128,-0.8969105613706017,-0.8939839738216477,-0.7501557134041412,-0.9897116658556916,-0.0602041561473441,-0.376984109790897,-0.0621240996937685,-0.1969537106143123,-0.2147374405222275,-0.6850758022069329,-0.6322432907444017,-0.346989164296476,-0.0556423779533731,-0.450805699277221,-0.4172338642256932,-0.2324055514841086,-0.0899923697431661,-0.4929523301612811,-0.4728721757370649,-0.2634895898412933,0.6528439896163257,0.1167845098402882,0.0528119256056994,0.5662061768095623,-0.0527966775407907,-0.5293749912428356,-0.5051288699907631,-0.2026612980392165,0.2004221750089031,-0.2116643245561927,-0.2944913472290599,0.0356370689807188,0.2111082631049391,-0.3604517449325292,-0.3582545899605631,0.0059564708519701,exact,9
UBERON:0005454,exact,direct,obliquus internus abdominis muscle,Mistral-Small-3.1-24B-Instruct-2503,-1,-0.8132011849686093,-0.8244303638474586,-0.7138417882497121,-0.9316898343221816,-0.784373673297581,-0.856056462157563,-0.7185142742296965,-0.8973317142443683,0.1077890807418465,-0.246364277961385,-0.0491813554233084,-0.025996653418971,0.0590629802132793,-0.5460838054524249,-0.5283105147450672,-0.0881100221032221,0.137302060962971,-0.2966219897652894,-0.2929138180134329,-0.0348276972395964,0.2566126623511984,-0.3069771764870626,-0.3353964364281457,0.0811201926818511,1.0491648659508042,1.041326888653425,0.9709887732816684,1.1894394224964564,0.3587214750532407,-0.2743425327452467,-0.3003735735621686,0.2233383284200289,0.5679670886173632,0.1548229812826164,0.0313635000335807,0.4676980494979111,0.3951176256908956,-0.2242624991719023,-0.2735893457475004,0.2093931776589787,exact,9
UBERON:0005454,related,direct,abdominal internal oblique,Mistral-Small-3.1-24B-Instruct-2503,-1,0.9873619863442316,1.27741521534853,1.061985748562641,1.1976154662507807,0.5867238100941177,0.0802324817497456,-0.010120857724674,0.5104627122904684,1.0120984148357297,0.9314892450217512,0.0783390484024888,1.1166364811408338,1.215516246261826,1.1811341913603173,1.0384015174116592,1.387098800906182,0.7143872306509294,0.3763432107216523,0.1540781408650968,0.6668176370901989,0.9343397494219462,0.5608669972162539,0.4188782295433829,0.959560998208309,0.8171600850301528,0.2966749177536404,0.1800323263331147,0.7971549576850491,-0.1926762422271116,-0.6806188109705817,-0.6355924893529863,-0.3358486997506028,0.9972380899524844,0.9302347401356744,0.7204842546799429,1.1193144668826327,0.9811173633576168,0.7584089221352558,0.424233723649723,1.0877508627424102,exact,9
UBERON:0005454,related,direct,internal abdominal oblique,Mistral-Small-3.1-24B-Instruct-2503,-1,0.8730233546286897,0.8169391722655664,0.6223797922474863,0.9699760816721156,0.5366957670606215,0.0411002227654092,-0.0524393961090285,0.443452596557717,0.8710437172398309,0.6301340209408218,0.037378853352068,0.8993148298178318,1.1063278937234984,0.7627449719922759,0.6100340705266885,1.19435159981465,0.6257136054367832,0.2362533663420331,0.0555735269065598,0.5441124601232731,0.8884768680714114,0.4515028557684611,0.3083734214109087,0.8842381914495647,0.8033967094633698,0.2731907252792594,0.1734841765602643,0.7766590293402831,-0.1680506941253636,-0.6709707286873164,-0.6223949063029321,-0.312756086744211,0.9344882978118492,0.7052488697005916,0.5506127211938509,1.00750789221406,0.9446673078208744,0.620661175583936,0.3045443090961456,1.012711010956851,exact,9
UBERON:0005454,related,direct,internal abdominal oblique muscle,Mistral-Small-3.1-24B-Instruct-2503,-1,1.1815910321607312,3.1413528628422465,3.3242667924677263,1.7442795983581627,1.1912599393164185,2.445328420055248,2.398522140978484,1.6489359576643912,1.4096932744833344,3.0490430497552525,0.3210051312312267,1.9554738837282208,1.4926229476652897,3.3031105502579434,3.62830745854928,2.066443791556223,1.352832578269994,3.960975016370177,4.337018132047294,2.062198580239333,1.3103499640365095,4.549717090827828,5.32090005045731,1.9517368281736376,1.3594279491817434,7.003798491367753,9.768629235400592,2.1790790486497684,1.43734882927092,2.9854725438894976,2.966526784202619,2.03175640851865,1.2997584715842303,3.652474515176292,3.894110159723782,1.8730308291465765,1.208879383280423,4.528491233470672,7.206642278187953,1.9162304419052147,exact,9
UBERON:0005454,related,direct,internal oblique abdominal,Mistral-Small-3.1-24B-Instruct-2503,-1,0.8381962260873285,0.7329926598623018,0.5675857435607987,0.9074219158946206,0.571443525059734,0.0495398032609232,-0.0348575603208993,0.4897705011475626,0.240250015999085,-0.0318736502298227,-0.0153526027374855,0.1149523575062473,1.0890203970025956,0.752397818649234,0.6028147940831176,1.1657816915484551,0.3513928127837317,-0.1259366541111737,-0.2227855793945018,0.2024364060306363,0.8000989302762561,0.2786740727632302,0.1639042886446333,0.7488407947244782,0.7885194121627186,0.2452487832033576,0.1442442839484703,0.7547685247996967,-0.278808721487192,-0.727828368838706,-0.6638970698164756,-0.4155075269387485,0.8907764052861161,0.6169386863013924,0.4964490747393755,0.934042390052684,0.9649770240624248,0.6869343210741534,0.3581924247422053,1.0538614754210445,exact,9
UBERON:0005454,related,direct,internal oblique abdominis,Mistral-Small-3.1-24B-Instruct-2503,-1,0.0785896673056745,-0.3661882316913003,-0.3536580383798924,-0.1013465361335795,0.138005896707778,-0.3481006967918885,-0.3397844927207603,-0.0309456734464629,0.6954200044935592,0.4183390991237536,0.0098825908537233,0.6561030777181693,0.9343185703021604,0.4338842824977358,0.3373848320218817,0.928620727749294,0.5982618622181335,0.2155117223996271,0.0803482565861095,0.5075214330704996,0.8059084694404899,0.2880534725572005,0.1479870292601154,0.7573977157741476,0.7118247591384426,0.1439290984659693,0.086778116562512,0.6459030425347784,0.4850783709913395,-0.2093548630188533,-0.2418231083990842,0.3673788933777855,0.8754730251255435,0.6571452451217986,0.4792333060003098,0.9090725119839502,0.906118631486998,0.5386344240208047,0.2575238457259603,0.9385817125471444,exact,9
UBERON:0005454,related,direct,internal oblique abdominis muscle,Mistral-Small-3.1-24B-Instruct-2503,-1,0.2107127788504943,-0.2498593927949271,-0.2876598808862346,0.0441813850073251,0.3985581696961169,-0.1027626599228077,-0.137088384989039,0.2683332737704421,1.0178966066581323,0.9144346573826448,0.068777973167461,1.126103905181294,1.176904883842203,1.0136730562781802,0.8930866251207057,1.316218657676536,0.7179440292449074,0.4090745515778946,0.2623652445535728,0.6718950725909626,1.0830587798783444,1.0680452990990357,0.82565494099671,1.2380270280523888,1.2100865988337193,2.009097859123064,2.010290381424717,1.5541882950659354,0.4481060808801372,-0.2046779979818291,-0.239865953638425,0.3244438098394997,1.110097212328806,1.5442064246469545,1.3527539446349937,1.3453651657062742,0.9760594137501653,0.7693646588620349,0.4360503274757719,1.0770104588705425,exact,9
UBERON:0005454,related,direct,internal oblique muscle,Mistral-Small-3.1-24B-Instruct-2503,-1,0.8277389797576894,0.7166527665262239,0.5293729531499166,0.8891352829396179,0.8383930632873499,0.6108141947455707,0.4711112117191423,0.8870903012119121,0.9195343964671716,0.7117027542857484,0.0389483803731689,0.9714332852333942,0.6442165026315184,0.03811787694718,-0.0422760928788275,0.5460282192268847,1.068528547765072,1.335403384596571,0.9358689299431346,1.2586580764328492,0.7410923278563915,0.1736787071025326,0.0651843321599757,0.6643035410242956,0.9715051130934148,0.739703326544579,0.5999489012501782,1.0463284224871432,1.0672671874164794,0.6399327685053894,0.5684087645785392,1.1752116995499695,0.8043584527140221,0.4588002588376869,0.3157355716249326,0.7975323783083619,0.7903745602056906,0.2586133939372984,0.0530178184992428,0.739799929184108,related,8
UBERON:0005454,related,direct,musculus obliquus internus abdominis,Mistral-Small-3.1-24B-Instruct-2503,-1,-1.0668552833436653,-0.909682194374044,-0.7758175561019081,-1.1357893137014583,-0.865207677977365,-0.886890538104465,-0.7498480240942098,-0.9639059053527456,-0.0649813335727713,-0.3348289208295966,-0.0670910822446125,-0.2017008688916175,-0.4109436764202426,-0.8490376721697838,-0.7673699086677498,-0.5223544801158628,-0.3261557106291529,-0.6162754725344552,-0.5173570158242279,-0.4891586219549591,0.2702055236243094,-0.296836111745042,-0.3240447506457333,0.0955768955500606,1.0282723097410182,0.9593531743461094,0.9205584928912212,1.1494355970380636,0.1436001939995903,-0.4290471113663074,-0.4387962610295555,-0.0064986565967555,0.1696867367586271,-0.2196297528538491,-0.242647605748282,0.0026187183993468,0.3233553210736882,-0.2700018443008193,-0.3012152748770807,0.1277187961640884,exact,9
UBERON:0005454,related,direct,obliqui internus,Mistral-Small-3.1-24B-Instruct-2503,-1,-1.1900388780141749,-0.9609070077718876,-0.7878038143526263,-1.2313197468664197,-0.655941468135126,-0.8146144941219025,-0.6988115728486826,-0.7891225996945928,0.0695116243064164,-0.2781079915680972,-0.0555376899393832,-0.0656696876552176,-0.8094727469745945,-0.8755307618659598,-0.8091466163182197,-0.8581544703271752,-0.7644911611680636,-0.8278010313468938,-0.6374954241806159,-0.8669430791328948,-0.4716968911072758,-0.6272772139638763,-0.5585929204628161,-0.602829517600387,0.2165475120829588,-0.2939566540280344,-0.3072523275153993,0.0521769310121546,-0.3887309904436618,-0.6766213199643732,-0.6206912116292733,-0.5148140563483589,-0.40008483588488,-0.5971281876062313,-0.6294000193365835,-0.5510681713099638,-1.0174249707515353,-0.808426724497562,-0.6113432561943263,-1.054078706883256,undefined,-1
UBERON:0005454,related,direct,obliquus internus,Mistral-Small-3.1-24B-Instruct-2503,-1,-1.2055797880072887,-0.957137475820868,-0.7785254164411932,-1.243219664040285,-0.8502923740867613,-0.8949530927439194,-0.7698469806845883,-0.951706627147374,-1.3546880036437934,-0.7216613431082216,-0.1013224454081122,-1.3287849932101303,-1.1872274973404042,-1.0353596755070609,-0.9062705668476048,-1.156662796587292,-0.938832635870825,-0.888546870646708,-0.6844192041756638,-1.0068010003217285,-0.4926771769853384,-0.634978522495365,-0.5634530597386279,-0.6205527060620777,0.2351070301663928,-0.2706443206871151,-0.2823431991144838,0.0719875125575216,-0.680894045295598,-0.7766297753620406,-0.6993940507378069,-0.7675409351438368,-0.4690683588145185,-0.6396144672219642,-0.6466963818978835,-0.6121278127234452,-1.4693271223809978,-0.9055675254188156,-0.6656466348386847,-1.3737888959616884,exact,9
UBERON:0005454,related,direct,obliquus internus abdominis,Mistral-Small-3.1-24B-Instruct-2503,-1,-0.9975562987078842,-0.8839185151053731,-0.7476052201430972,-1.0810603150756128,-0.8969105613706017,-0.8939839738216477,-0.7501557134041412,-0.9897116658556916,-0.0602041561473441,-0.376984109790897,-0.0621240996937685,-0.1969537106143123,-0.2147374405222275,-0.6850758022069329,-0.6322432907444017,-0.346989164296476,-0.0556423779533731,-0.450805699277221,-0.4172338642256932,-0.2324055514841086,-0.0899923697431661,-0.4929523301612811,-0.4728721757370649,-0.2634895898412933,0.6528439896163257,0.1167845098402882,0.0528119256056994,0.5662061768095623,-0.0527966775407907,-0.5293749912428356,-0.5051288699907631,-0.2026612980392165,0.2004221750089031,-0.2116643245561927,-0.2944913472290599,0.0356370689807188,0.2111082631049391,-0.3604517449325292,-0.3582545899605631,0.0059564708519701,exact,9
UBERON:0005454,related,direct,obliquus internus abdominis muscle,Mistral-Small-3.1-24B-Instruct-2503,-1,-0.8132011849686093,-0.8244303638474586,-0.7138417882497121,-0.9316898343221816,-0.784373673297581,-0.856056462157563,-0.7185142742296965,-0.8973317142443683,0.1077890807418465,-0.246364277961385,-0.0491813554233084,-0.025996653418971,0.0590629802132793,-0.5460838054524249,-0.5283105147450672,-0.0881100221032221,0.137302060962971,-0.2966219897652894,-0.2929138180134329,-0.0348276972395964,0.2566126623511984,-0.3069771764870626,-0.3353964364281457,0.0811201926818511,1.0491648659508042,1.041326888653425,0.9709887732816684,1.1894394224964564,0.3587214750532407,-0.2743425327452467,-0.3003735735621686,0.2233383284200289,0.5679670886173632,0.1548229812826164,0.0313635000335807,0.4676980494979111,0.3951176256908956,-0.2242624991719023,-0.2735893457475004,0.2093931776589787,exact,9
UBERON:0005969,exact,direct,reticulum trabeculare,Mistral-Small-3.1-24B-Instruct-2503,-1,0.3734518932788984,-0.0832728909170457,-0.1624447030544836,0.2360084103050253,0.0299862327057545,-0.3943945192066266,-0.3988821642695447,-0.1457411261098487,-1.5526404892125787,-0.80072415163224,-0.1057789801651732,-1.483072928242089,-0.4864426139026909,-0.6331952008042733,-0.5774180394697102,-0.5879161452806668,-1.2266135126319504,-0.9976414428354252,-0.7696512474761131,-1.2271425514872676,-0.1415963353581205,-0.5095273515768306,-0.482342449420949,-0.3114681688532305,-0.6242844029753113,-0.6512181829425846,-0.6005788357081532,-0.7335245631146632,-0.425832309922709,-0.6842035839109556,-0.6124908123627002,-0.5477751257777563,-0.5569375124762543,-0.7389453207406754,-0.6033273932768111,-0.6884208398610963,-0.868004924436409,-0.7567073317619442,-0.5763744760095784,-0.942462155686049,related,10
UBERON:0005969,exact,direct,trabecular meshwork of the eye,Mistral-Small-3.1-24B-Instruct-2503,-1,0.8419908973503543,0.7861519828163454,0.5839181874155334,0.9141122064312348,0.8167706484630686,0.6278934813337896,0.4616901468938237,0.8514998137521761,-1.4431610370746013,-0.7325161561184028,-0.0986680838242638,-1.3981780460969642,1.0790110448999248,1.1234791460311035,0.933040014563525,1.1494720562700966,0.654142063700681,0.3041522724299301,0.148756099924449,0.5826736622518244,1.251776909315468,2.585176527115066,2.5324770765767592,1.6852937309622138,1.1681326856828804,1.9910934602725867,1.8483273807499143,1.4464346971069688,0.2121260295201179,-0.3246742717894798,-0.3183569032067538,0.0648419023399529,1.0193556813379172,1.101985492056751,0.8898489341315352,1.1607955357717397,1.1694921874492905,2.51067648431873,2.3377507057434155,1.643248922353564,exact,9
UBERON:0005969,related,direct,Hueck's ligament,Mistral-Small-3.1-24B-Instruct-2503,-1,-1.1843155848963245,-0.954523937537814,-0.7827906564321926,-1.2269289566470278,-0.2340737420409982,-0.5882403617755795,-0.5280927908335925,-0.4087384050936992,-1.5751378275480497,-0.8550445962163412,-0.117373072423617,-1.5003908933580856,-0.9305859074169102,-0.7335146095405917,-0.6593399662882213,-0.9557050215750432,-1.817366210331398,-1.146255144963189,-0.8412048322472898,-1.6459440182798537,-1.5460961633865131,-0.8763077283618768,-0.7416782653471847,-1.4270840190882463,-1.7683990425222724,-0.8673081540864577,-0.7499194352152657,-1.6053026670213628,-0.202765459046887,-0.5721287859404511,-0.5361183631546278,-0.3452680999808781,-2.332680781565784,-1.1112848706942902,-1.0035115837324922,-1.994461246585492,-2.381863380675354,-1.017571398759605,-0.7174697276181333,-1.9594127270850408,related,8
UBERON:0005969,related,direct,cribiform ligament,Mistral-Small-3.1-24B-Instruct-2503,-1,-0.8475270386875736,-0.8329419751064473,-0.7059737132621199,-0.9599398565466052,-0.3888063331131198,-0.6637860653485367,-0.6069460740548609,-0.5532079901061738,-1.1869830214788148,-0.8036597483781409,-0.1135444303108739,-1.1951573076819184,-1.3177954819497515,-0.941238300871282,-0.8380282945890755,-1.2562212982288077,-0.9346729534325456,-0.8812653372054099,-0.6900017789625319,-1.0035235647213392,-1.3213260210665063,-0.8311156695892828,-0.7153753490500633,-1.266006039110927,-1.4677563777798464,-0.8133649569359721,-0.7180206592428426,-1.3899977571653952,-0.4970834020913529,-0.6895777383284596,-0.6477524290669151,-0.6103327960921909,-2.0398834472346383,-1.0655284613351077,-0.9964174775118722,-1.8015409196873435,-2.351555415954516,-1.0137742371482907,-0.7160603013947033,-1.9409533600230973,related,8
UBERON:0005969,related,direct,iridis,Mistral-Small-3.1-24B-Instruct-2503,-1,-1.7153526439049689,-1.0991089791652515,-0.8942244631385903,-1.6169989152200923,-0.987946177296851,-0.9177639318974576,-0.7882095795939322,-1.0629046411945184,-1.966947965220177,-0.9042532321107344,-0.1175432607303332,-1.7957398025879217,-1.5437516910920426,-0.9078260650410724,-0.793445025813253,-1.4247674334214502,-2.0322067854280457,-1.2146435509458973,-0.8741575115941198,-1.7890322380020376,-1.10122450291383,-0.7930671219984543,-0.6956642263370595,-1.1033362779468787,-1.9231000199536408,-0.920318652722896,-0.8115312370930757,-1.713234973565888,-5.3800744644179215,-1.381821480764865,-1.0077864035527215,-3.881116035333157,-0.967627420844888,-0.935946290395418,-0.766520657272106,-1.0259696692237328,-1.7623445356223009,-0.9107239185970823,-0.6651849487138134,-1.5693142433036975,related,8
UBERON:0005969,related,direct,ligamentum peactin-tum iridis,Mistral-Small-3.1-24B-Instruct-2503,-1,-0.5700780293603269,-0.7295018899875035,-0.6326924413672781,-0.7252017576051005,-0.1321407210282261,-0.5118983037604309,-0.4724158075078752,-0.3098921069855311,-1.6111458072028673,-0.8794029505372487,-0.1130119261121504,-1.528021801956858,-1.3917049638057488,-0.9176463381266348,-0.8127089550930027,-1.3118526574483689,-1.7950292558563363,-1.1526238086674283,-0.8436113612502062,-1.6308107532107026,-0.7930150635152653,-0.7178741993240828,-0.6381474164000217,-0.8657296082239216,-1.1980168865275609,-0.7633976622514478,-0.6480628876607284,-1.1895590454604572,-0.9071323793833332,-0.8175246358962813,-0.7422720968153099,-0.953706187820378,-1.7762874242875757,-1.1370500467002322,-0.8164988896782258,-1.6219054206181296,-1.900694060525648,-0.9331578459612808,-0.6698888902906187,-1.658953253549425,related,9
UBERON:0005969,related,direct,ligamentum pectinatum,Mistral-Small-3.1-24B-Instruct-2503,-1,-0.5489327138979477,-0.7077891784064089,-0.6063885469560109,-0.7066687300408124,-0.7831529278549805,-0.8428606238373535,-0.7144303827234789,-0.8963175338608225,-1.4174755783981785,-0.7399945344093725,-0.1028109839404541,-1.3781064823141598,-1.5691493981826734,-0.9757549782960204,-0.8683492210180924,-1.443437938226184,-1.8871926925706493,-1.1613109188112891,-0.8630037602099183,-1.6929329676617977,-2.028940897701143,-0.9517927170202232,-0.8079138353902142,-1.7590305317170032,-1.7628253565405825,-0.8861091123249869,-0.764927868428143,-1.6013799285798898,-0.8746751396514887,-0.8027832439454922,-0.712126524047368,-0.9274513385031864,-2.3336044031459893,-1.0824249947927866,-1.029007713306724,-1.9950597278439288,-2.930899114855014,-1.0815229485182551,-0.7445055241893882,-2.284685504664062,related,8
UBERON:0005969,related,direct,ligamentum pectinatum anguli iridocornealis,Mistral-Small-3.1-24B-Instruct-2503,-1,-0.2491682843564581,-0.5352724448046968,-0.5087643283469024,-0.4323015729586997,-0.1863730362158187,-0.5289089659526491,-0.510916385156908,-0.3628699668313667,-1.873426625587964,-0.8711315835212814,-0.1096167350547082,-1.726249418002374,-1.1493443111907706,-0.8582774615301569,-0.7859089732447586,-1.127454561285147,-1.4687048696658145,-1.0589324338937014,-0.7831473935637623,-1.4036991997783326,-0.9694868512713468,-0.7704040397712274,-0.670329880878364,-1.0033014484542873,-1.276449697806405,-0.7762286309962331,-0.6691705729714431,-1.248627167619497,-0.6770695952827733,-0.7295477519515436,-0.6496722621026061,-0.7643274502874237,-1.7581867289231763,-0.9963412376953594,-0.9486223639354864,-1.6093429901412724,-2.1716984019189733,-0.977211689052872,-0.6936788499459083,-1.83018166138258,related,8
UBERON:0005969,related,direct,ligamentum pectinatum iridis,Mistral-Small-3.1-24B-Instruct-2503,-1,-0.4568135579784924,-0.6633370710134505,-0.5880154606481202,-0.6247469534130186,-0.4720150448943494,-0.6964601454943145,-0.6293272343171521,-0.6283994802837912,-2.063771918892212,-0.8803936720012235,-0.1154973108719385,-1.867082672617964,-1.7055649085416908,-1.0451940590828752,-0.9218231201674486,-1.5428438628281242,-2.085578212203662,-1.2123115729789278,-0.8892943982245356,-1.823915859085765,-0.6596017880473294,-0.6911837194500409,-0.6017738979762142,-0.758684639629364,-1.2653785715839598,-0.7698465870973912,-0.6629654339450521,-1.2403302850944682,-0.7464438966464017,-0.7517436008518135,-0.6740776907319449,-0.8222623917906807,-1.7762002092467204,-1.0211564410694014,-0.9239766474110672,-1.6218449638819132,-2.309001454489744,-1.0021806723016713,-0.7033173442457089,-1.914937077906688,related,8
UBERON:0005969,related,direct,pectinate ligament,Mistral-Small-3.1-24B-Instruct-2503,-1,-0.6194198797701728,-0.7371642509478175,-0.6267121473276669,-0.7680716042900655,-0.069817472783092,-0.4786516084993841,-0.4720857351014011,-0.2478580006838714,-2.0538596509659004,-0.9035564209849128,-0.1179162486629698,-1.8598061128399663,-1.0477559401159968,-0.7651704513312169,-0.70714988994148,-1.0483708549597148,-2.001513731218529,-1.2062740638831633,-0.8655492761096003,-1.7688550416747415,-1.926818927395788,-0.930364827530584,-0.7857855420067913,-1.6902283128390077,-1.8617629716247803,-0.9081895271429058,-0.7758909877104896,-1.670655245881148,-0.5817511047778313,-0.750934410733835,-0.6919319767050337,-0.6834644283804469,-2.3031999531245333,-1.115877284107684,-1.0410188300551504,-1.9753265051126108,-2.8494017278776576,-1.0735800075419992,-0.7439840228469716,-2.2374104883498016,related,9
UBERON:0005969,related,direct,pectinate ligament of iris,Mistral-Small-3.1-24B-Instruct-2503,-1,-0.1595130923351638,-0.5016996185728246,-0.4872232529530696,-0.3454319359898156,-0.0256392232732027,-0.4586443532927393,-0.4575724064302295,-0.2030942260079888,-1.524094035049116,-0.8820080479057782,-0.1097760216696985,-1.461037024852834,-0.795842990919894,-0.6788707647889294,-0.6378654482244994,-0.8470572580276505,-1.0469714140221245,-0.93175336193109,-0.7159513394500071,-1.0910443867134942,-0.9760695504984822,-0.7655681371239703,-0.6615380886994446,-1.0083515835678682,-1.412520619650694,-0.8417576248004505,-0.7185702182762601,-1.3495554898282718,-0.7158707789336549,-0.6923735291674965,-0.6487495459974622,-0.796822824837932,-1.484836918947999,-0.9545483497468192,-0.8745957680119245,-1.4157239099595966,-1.7051869185933095,-0.9459281699771432,-0.6740255450940659,-1.5318022102856628,related,8
UBERON:0005969,related,direct,reticulum trabeculare sclerae,Mistral-Small-3.1-24B-Instruct-2503,-1,0.5355826644762384,0.144702169935088,0.0344596668275882,0.4447614310580225,-0.0829164130666711,-0.4855947237160235,-0.4658998197736544,-0.2610022512678954,-1.164223598407445,-0.789762432437311,-0.1122330308208868,-1.17679851637945,-0.5730288337142515,-0.671104824453979,-0.6195166424796217,-0.6619173148030926,-0.1912004862134136,-0.5279562402351791,-0.4566654670387362,-0.3637108066422533,0.2267176469923291,-0.3161224922682136,-0.3280860518791631,0.0496120007549234,-0.5800626886957119,-0.6528921281833486,-0.5890718267985241,-0.696294981741673,-0.705511284688053,-0.7717824960179879,-0.6975886794223023,-0.7881700528793616,-0.4607300290068425,-0.6968140660527835,-0.5741411607134149,-0.6048031489228168,-0.3482363587769923,-0.615772488485313,-0.4995625653975704,-0.5237207412797068,related,8
UBERON:0005969,related,direct,scleral trabeculae,Mistral-Small-3.1-24B-Instruct-2503,-1,0.7422775321589988,0.5337757823811432,0.3519374200849052,0.7470982959387164,-0.0502956409246089,-0.4542873717392165,-0.4382547792388346,-0.2281607339302465,-1.4224282486864102,-0.8052461587605619,-0.1049533845164859,-1.381981362768814,0.0582975350790775,-0.255812455188337,-0.2930851312100426,-0.0888603481689545,0.3168814942269735,-0.1350973882242643,-0.1819480874706149,0.1626997267405612,-0.3758330297124364,-0.6122652802230895,-0.5559205987108053,-0.5207294187383312,-0.6057856368458839,-0.6542443554356502,-0.5893699374838597,-0.7179928227084741,0.4012728190809153,-0.2611690493108699,-0.2749100925589577,0.271012072337939,0.0699913665323866,-0.4108388179671518,-0.4643176820817552,-0.1018626677186547,-0.3031327820285626,-0.6328682958166936,-0.5207894778043171,-0.4846426322357901,related,10
UBERON:0005969,related,direct,scleral trabecular,Mistral-Small-3.1-24B-Instruct-2503,-1,0.8259674842688308,0.7305141779935796,0.5175802202453179,0.8860588979831457,-0.0080028684723748,-0.4390817347578661,-0.4250840191065472,-0.1850324440576015,-1.797763993862746,-0.8845403269400111,-0.1165827246139004,-1.6695879307545474,0.0580845701407228,-0.304342249253323,-0.3271844326302545,-0.0890690776409396,-0.4257849669924295,-0.6814164079860237,-0.5253251963338187,-0.5787527762182599,0.3318339487070588,-0.2485900908647706,-0.2862206069264026,0.1621982118686111,-0.4063275940234342,-0.5483988180801259,-0.5119930115822021,-0.5464823262375008,0.4231564931159607,-0.2672065008921,-0.2670952130449864,0.2958500130895589,0.1279600587284285,-0.4180684970749559,-0.4115403268118107,-0.0415838954347812,0.1453884589879617,-0.4716329574228276,-0.4124451001474336,-0.0623735751252004,related,8
UBERON:0005969,related,direct,scleral trabecule,Mistral-Small-3.1-24B-Instruct-2503,-1,0.844628673600248,0.8020797850854049,0.5656953748856063,0.9187802579534724,0.1848982081272659,-0.2780533461777397,-0.3095518645673968,0.0204199820654431,-1.4330074664619334,-0.8259701490332048,-0.106616191273984,-1.3902508456375666,0.2066304814788319,-0.1394824890648716,-0.2016681091315245,0.059754272500973,-0.0552447771384934,-0.4462400855124256,-0.3821125789719998,-0.232011914860904,-0.2060759070181324,-0.5444380008887276,-0.5114744346954118,-0.3704090421617327,-0.6151532619687315,-0.6907441036467822,-0.604402518926629,-0.7258654617695615,0.6382748416839783,-0.0510378105391078,-0.0907660521898411,0.5532569355151647,0.2034897138639046,-0.3467848508908051,-0.3814714866626964,0.03895451825372,-0.0578717632190097,-0.5327296900315086,-0.4590916837457897,-0.262192551789507,related,8
UBERON:0005969,related,direct,scribiform ligament,Mistral-Small-3.1-24B-Instruct-2503,-1,-1.0500093902137433,-0.8964881985513968,-0.7459365742444707,-1.1225526845373102,-0.2656166549754717,-0.5790667414787982,-0.5269712162146629,-0.4387113598430256,-1.1684061783042905,-0.7949433510060117,-0.1125069976207739,-1.180176559407133,-0.9520830797519833,-0.8013970129561139,-0.7368446595668279,-0.9728281776592131,-1.1217657455733778,-0.9514268060626286,-0.7167851515593978,-1.148271402452375,-1.7398341784007365,-0.9001017278171208,-0.7628745307777403,-1.5623794245645617,-1.761612763847858,-0.873575837828984,-0.7698119008888359,-1.6005261864696936,-0.441213685814544,-0.680316335167322,-0.6117595686384789,-0.5613612540901469,-2.0970493321283805,-1.0981162486240306,-1.0045354967958453,-1.8397258988813328,-2.339086502027312,-1.010325563530709,-0.7182030168680372,-1.9333422083170388,related,8
UBERON:0005969,related,direct,trabecular mesh,Mistral-Small-3.1-24B-Instruct-2503,-1,0.588477934604905,0.2038547446969464,0.0590538308691159,0.5176530928244525,0.5520405062118856,0.141001423013792,0.0340244486548473,0.4637834291880138,-2.3458969006211663,-0.9116727387198886,-0.1181663785538783,-2.071786496483672,0.7316390193740795,0.3551262452224252,0.240597387295551,0.6547451371516282,-0.1464509466735035,-0.506455121969439,-0.4409628531720676,-0.3209858794036034,0.4856285296796828,-0.1120509417141196,-0.1378713061061302,0.3371361586473261,0.5227328752332191,0.1673976721402333,0.0611892981564601,0.4006036597806537,0.5611177234508008,-0.1520206036748354,-0.1737624540972209,0.4579400390922467,0.8246752679690075,0.4039227411338702,0.3087349829487902,0.8286891641242784,-0.3785412274258405,-0.6323051502614854,-0.5155912390235092,-0.5496924293784021,related,8
UBERON:0005969,related,direct,trabecular meshwork,Mistral-Small-3.1-24B-Instruct-2503,-1,0.883809453927807,0.9258386090668946,0.7115354016007454,0.9899016542139376,0.8199972370852094,0.659300960637349,0.4824869358943035,0.8567637437303122,-0.1455437183304417,-0.4254217848172464,-0.0763078719935009,-0.2808831885812034,1.0813516114820343,1.075008112402303,0.9219405177603398,1.153272228186516,1.0607947797408634,1.3124190932757909,0.9414649094669236,1.2431201568927346,1.1910752875152035,1.7881756504496775,1.6347293547898678,1.4960515294856658,0.8985452781812293,0.8278227822279728,0.6485206825767303,0.9236797715998536,0.9470626463360724,0.380199357698827,0.2779292436807836,0.980466738420218,1.036473420299234,1.1464349575351154,1.179487719155608,1.1937431579227813,1.055994832408632,1.169101553726241,0.7650237705644828,1.2627214674084042,exact,9
UBERON:0006052,exact,direct,autopod digit 5,Mistral-Small-3.1-24B-Instruct-2503,-1,-0.4853771846128182,-0.7573223879036889,-0.6331425944827919,-0.6503596129362217,-0.8474827958352799,-0.9443558902760982,-0.7755039397084382,-0.9494044313612162,-1.589895391839956,-0.817367854962043,-0.0911315679309848,-1.511728074911749,0.7191813895762466,0.5617054719067854,0.431414214643107,0.6389511300717523,-0.6925189310528583,-0.8299268896407421,-0.656008464436441,-0.8076328200215772,0.3006470372666955,-0.2202607985649396,-0.2592391336975972,0.1282593887630733,0.6144793345267026,-0.0585361092859963,-0.1133982232006297,0.5160128045128406,0.3658684312880698,-0.274143624610157,-0.3054285273622973,0.2312897030189207,0.4147967454312819,-0.2599096041996233,-0.304015803969163,0.2782582496307335,0.1108058508731094,-0.3890493735634708,-0.3744345090363595,-0.0975418894097755,exact,9
UBERON:0006052,exact,direct,fifth digit,Mistral-Small-3.1-24B-Instruct-2503,-1,-0.366520822251043,-0.7215611069879208,-0.6173691645051926,-0.5424651184488083,-1.1160895037667822,-1.0523067352014528,-0.870942377575579,-1.1637738351030515,0.2369441307107244,-0.1065893768779463,-0.0314245701276738,0.1113610468853332,0.3552284054076546,0.1210833928102491,0.004341282182361,0.2158727643455999,0.4007493356786608,-0.1031306536992621,-0.1865816142337643,0.2603850710036528,0.8374479236148964,0.3865490065884123,0.2640094321847944,0.8046524187756166,0.502773615820221,-0.2368415192948597,-0.2416733410386618,0.3762808377329491,0.3761062273799089,-0.321252487384458,-0.3447217237238599,0.2427187154827396,0.2453922517305819,-0.3130572863780261,-0.1871882526316146,0.084685125520435,0.4603451543614836,-0.1519901247935637,-0.2154480489495023,0.2866291175330247,exact,9
UBERON:0006052,exact,direct,limb digit 5,Mistral-Small-3.1-24B-Instruct-2503,-1,0.3108940468927139,-0.2649753483126013,-0.2819130307718253,0.1604286570009527,-0.6543883568849981,-0.916722611798968,-0.7746229916089418,-0.7877947763784355,-2.424864455502822,-0.9806763927298012,-0.1195446136020819,-2.128311876682327,0.6669320801427554,0.412138580940233,0.3297574276984791,0.5738155503005502,0.5498366760145802,0.0745304749502958,-0.0875138085620625,0.4444235827443213,0.6992112398450506,0.1614915168037811,0.0623145577813454,0.6066900956380862,0.917194497136351,0.3744065149155371,0.2460931001936835,0.954109607872036,0.3763159001026567,-0.3185951410027419,-0.3471372833345671,0.2429532672649754,0.962064692901964,0.6935144384953639,0.6271047791338549,1.0556458735123837,0.5758539241715611,-0.0316827736598354,-0.1494912802942845,0.4316892763693824,exact,9
UBERON:0006052,related,direct,digiti minimi,Mistral-Small-3.1-24B-Instruct-2503,-1,-1.3679399915089157,-1.071883950524428,-0.8499847141486135,-1.3656290534006406,-1.388256719239203,-1.103804838240963,-0.9074727954304416,-1.370476743621716,-1.6160488314838584,-0.8342086022748153,-0.0981465241647814,-1.531775963750823,-0.0768238037314766,-0.3050787311978115,-0.306518204595211,-0.2188718781542298,-0.8479419539389259,-0.8867212367777924,-0.6813635977867565,-0.934537584564222,-1.254922866721715,-0.8097498833915501,-0.7072551980056617,-1.2174790166698497,-0.2902791299335598,-0.6839679475139975,-0.6156710416394956,-0.4429337950591933,-1.5216381649775468,-1.0009033730017387,-0.8876346079586499,-1.4268865821334995,-0.1704683647569577,-0.5658349031921549,-0.6040216595182599,-0.3395641103312776,-1.365577750000446,-0.8412216578482687,-0.6191259107772825,-1.302503293070635,related,8
UBERON:0006075,exact,direct,axial skeleton sacral region,Mistral-Small-3.1-24B-Instruct-2503,-1,0.4723295686831235,-0.0026168755206671,-0.1076485252566685,0.3608864507463403,0.4111686564915308,-0.052782994914494,-0.0914991453309543,0.2837770001487176,0.8210378726597222,0.3264395447431333,-0.002952388460492,0.8273898483642462,-0.3695805612683017,-0.5581306163289227,-0.5420176998971061,-0.4860032966400809,0.1726345116374155,-0.2753468725238994,-0.3072850014964251,0.0029021629106155,0.9021750738292365,0.4924579959197043,0.3100564225996909,0.9063312905165182,0.0126908646979289,-0.491855034946915,-0.4627441150633573,-0.1566785161536809,-0.1704465348873913,-0.5482663980051504,-0.5259042682882951,-0.315009201064906,0.1427301403604924,-0.2327807333441432,-0.1039854421340448,-0.0260175325196577,0.5599416621796229,-0.0644792314800285,-0.15722251141874,0.4110000047267525,related,8
UBERON:0006075,exact,direct,sacral skeleton,Mistral-Small-3.1-24B-Instruct-2503,-1,0.2555980805619167,-0.2284387676190105,-0.2496670758424112,0.0955801758851106,-0.0831998558698195,-0.4604853304112171,-0.3885900652606974,-0.2612860394580261,0.6846356601919946,0.2242687105499668,-0.0095618691908791,0.6419527781535207,-0.2942773877099563,-0.5315098074681454,-0.5017159885701447,-0.4189957594785222,-0.2553222611087389,-0.5896861810589394,-0.490240931407301,-0.4239312616225066,0.4967109976546066,-0.0952474378184322,-0.1621153172653689,0.3502843643907428,-0.3183934217766808,-0.6593639330404095,-0.5985042637491913,-0.468296597214227,-0.144351811483592,-0.5209617804702191,-0.4991691063384715,-0.2903934079717453,0.2602230979402908,-0.1801710494826127,-0.0780070335393834,0.1010607855051813,0.559787890604126,-0.0820649160934164,-0.194777922357118,0.4108012537164749,related,8
UBERON:0006075,exact,direct,sacral vertebrae series,Mistral-Small-3.1-24B-Instruct-2503,-1,0.760459694649041,0.5023924709391109,0.3353905723152934,0.7763004199155903,0.4881812309403749,0.056815909105922,-0.0173174234005598,0.3803912056563657,0.5783400950145069,0.0296512117732572,-0.0305276459097241,0.5065413428162723,0.4019676566091765,0.0374661714355812,-0.0614665255369514,0.2666900671567556,-0.2070893926906437,-0.5537475639424637,-0.478895434855855,-0.3787407280155015,0.4227797058552454,-0.1567280155711776,-0.1753389720910814,0.2640223642760144,-0.0581410208990816,-0.4644131628441228,-0.4391607290165596,-0.2259222941201765,0.0324790271668957,-0.3729374005637957,-0.3449636219538373,-0.1189034140393567,-0.7385706987086847,-0.8282458174565207,-0.4561495229426278,-0.8413147624883113,0.4561453327072247,-0.1873767427497761,-0.2445086431701675,0.2815626364803302,exact,9
UBERON:0006274,exact,direct,parietal bone primordium,Mistral-Small-3.1-24B-Instruct-2503,-1,0.647768108778517,0.3072057458846023,0.1720859416043502,0.6027385732546646,1.0094760330451933,1.288229195475197,1.0888746846395685,1.2012348595869158,0.5233788861767811,0.0492510494846764,-0.025752093188104,0.4391581363719662,1.0650499645468994,0.9886432439764372,0.8277690505387044,1.126973629338195,0.9025453336707598,0.7856164598247253,0.5407570843469952,0.9557649143986156,0.6385191256697601,0.0706327438510616,-0.0124237287295295,0.5262785179125915,0.8184322064831794,0.5006479287695673,0.3589803955030523,0.7990615384922097,0.7708662020774883,0.1130956878480787,0.0427971267347154,0.7265080199167049,0.4651941712527443,-0.043393202720047,-0.1489118513414288,0.3388988187958059,0.8379106175141617,0.3724683666302102,0.1311821413896457,0.8177659813588339,exact,9
UBERON:0006440,exact,direct,baubellum,Mistral-Small-3.1-24B-Instruct-2503,-1,-0.357279567134125,-0.642744718192434,-0.5705709875279387,-0.5339263061362909,-0.4963057048463504,-0.7231147283428868,-0.6408382636033684,-0.6500452548051465,-1.0177744195441478,-0.708010339759738,-0.0999044677467972,-1.0572854579616633,-1.2649957400602052,-0.8498898350268993,-0.7654773928436494,-1.2161635579927812,-1.2203491389236014,-0.9815305695780204,-0.7546165996395849,-1.2224729963024237,-2.5309933162936464,-0.996646013414202,-0.8459422178473756,-2.088327034150689,-2.031566721729724,-1.0381341932301855,-0.8873545971933371,-1.7878781180153818,-1.3817556678055931,-0.9211050711908144,-0.8362735387862578,-1.3227604464401737,-2.367982856545435,-1.1525328773072756,-1.0720928321662762,-2.0172931346951573,-2.510832323461392,-1.0071384183654295,-0.7156207740476194,-2.0373325140137286,related,9
UBERON:0006440,exact,direct,clitoral bone,Mistral-Small-3.1-24B-Instruct-2503,-1,0.4202706835909939,-0.014818116224445,-0.132281047458499,0.294257370556571,-1.0339438966362653,-0.937983490450755,-0.8036481229336161,-1.0993937059928856,-0.9795208239804148,-0.6940382787936945,-0.094735979433385,-1.025655133924848,0.3316535962797481,-0.0540256838099559,-0.0956067417763767,0.1905680389430124,0.0343709891369979,-0.3792267638267035,-0.3769469448904222,-0.141918952124502,0.8386048114217568,0.3709619861032648,0.2189688422082918,0.8064124273745938,0.6973935198088205,0.1387872406042021,0.0677801219604665,0.6261022346531958,0.3122156741496856,-0.3043174561108153,-0.3409964994136527,0.1721287316686006,0.6703868565542563,0.1400523120461999,0.0558743100539593,0.6040451806183753,-0.2474922402746077,-0.5621821043252823,-0.4731702951107341,-0.4357048889216324,exact,9
UBERON:0006440,exact,direct,clitoris bone,Mistral-Small-3.1-24B-Instruct-2503,-1,0.4532574869522106,-0.0012721010120152,-0.0643159608713127,0.3362378590400915,-0.6225387044786244,-0.7959608118122848,-0.7082947791965738,-0.760459269685892,-1.0739563813661204,-0.673756266418312,-0.0935381090064419,-1.1034237745706748,0.9623971783283104,0.8432171873524749,0.7064888146242031,0.9695280546918542,0.3898153132694693,-0.0798527556384772,-0.1506897008054459,0.2474300369491396,0.844457705355873,0.3848775376144833,0.2547433413247419,0.8153466772459752,0.9951474087516656,0.8030040778306498,0.6306292449088713,1.088350897756435,0.625468188177774,-0.0502771117989337,-0.1404185832556269,0.5371790334566646,0.6679569883258364,0.1503905255502722,0.0530529577355849,0.60070548564251,0.6255649720529161,0.0298348912038543,-0.1134019275527265,0.4979730410306108,exact,9
UBERON:0006440,exact,direct,os clitoridis,Mistral-Small-3.1-24B-Instruct-2503,-1,0.7503980452319452,0.5318472443932655,0.3609399840050756,0.7600779081835599,-0.0072030161785589,-0.4428912848429023,-0.4324599530403583,-0.184210643360528,0.2027126314390353,-0.3017512467318793,-0.062270315815123,0.0744036690362345,0.959957501140274,0.8346631211997402,0.7511439715718446,0.9659400791877012,0.5226528811711755,0.0923661968093564,-0.0478863680449359,0.4097654697749523,1.1813174218516849,1.7409986671468731,1.575563596706163,1.469549080757503,1.0895669540214443,1.1661382797879687,0.9795422213539772,1.270540423393013,0.7565796208219124,0.111651501259421,0.060842032082794,0.7071959540371205,1.1738521220714295,1.7899701337083491,1.8243692416499504,1.493583949069534,0.6874915719703041,0.1248074973506043,-0.0508097237542483,0.5844398817315137,exact,9
UBERON:0006645,exact,direct,epididymis adventitia,Mistral-Small-3.1-24B-Instruct-2503,-1,1.030730949099139,1.5325139111197688,1.3449123331627086,1.2960183119269109,0.95784440264594,1.0793617461669207,0.8621945501363065,1.099252858573029,-0.6360682064774474,-0.5527667675116754,-0.0860059869881239,-0.7329837489026161,1.180098948369565,1.4658885540550088,1.317384316927521,1.321959178834943,0.9372143960290736,0.8931576981831568,0.5563674410388526,1.014461128152146,1.2513574329016066,2.571862959935575,2.54355453377924,1.6837920561501551,1.1291058750677077,1.3521654093752289,1.18687075292801,1.3555805693106076,1.1339084121703038,0.90352180430188,0.7174481603213392,1.2935841002613688,1.0231002090756234,1.0615730130184753,0.9199655481533686,1.167937747994085,1.1770863360284436,2.5651521531706,2.4241520767321045,1.681248965305866,exact,9
UBERON:0006652,exact,direct,muscular coat of vagina,Mistral-Small-3.1-24B-Instruct-2503,-1,0.8644133859732644,0.8230512903066595,0.6333313007771892,0.9542642403478776,0.98631060219391,1.2202982329343093,0.999552378992466,1.154554518809841,0.8097613016662119,0.3939759081637855,0.0243166474866088,0.8114873785998389,0.8918742485401112,0.7605729306331508,0.6234687584316816,0.8683123933325669,0.8548526837511425,0.6710138955987219,0.4242076030415974,0.8781424284050371,0.8728318810238695,0.4116614197387642,0.2855466551882409,0.8593973144639356,0.4968443882016595,0.0552192065820849,-0.0180005472515002,0.3691055285047916,1.3487017435806818,2.680240270642546,2.5841580837483096,1.7608938700512065,1.2043394978694368,2.2432713759661613,2.237301113678843,1.5721567306300448,0.3819314550860383,-0.3243361086193852,-0.3165638417016291,0.1941389615852172,exact,9
UBERON:0006652,exact,direct,tunica muscularis vaginae,Mistral-Small-3.1-24B-Instruct-2503,-1,0.6053495519628835,0.2236716822761429,0.0947734230226533,0.5414818332706844,0.1272063376300134,-0.3242668014891255,-0.3440915815450454,-0.0426386882156918,0.1678711405279921,-0.1100592329464019,-0.0460838031278221,0.0372057998761019,-0.380592486773073,-0.5145966123777025,-0.4624697235308331,-0.4957116873095425,0.3528254722416949,-0.1063422006568763,-0.2009974107732445,0.2040995903310762,1.0571212183387353,0.9384515040926632,0.7328110283190059,1.1846605300882287,0.6652663371513767,0.3066587377546413,0.1885460837000039,0.5827274099757268,-0.4802655969870332,-0.6373381650562047,-0.5817599749222362,-0.5956528112734325,0.9083252153100212,0.8058699429737975,0.6238064819742085,0.9631418611424316,0.6021483475695307,-0.1015024103989252,-0.1947545014688677,0.466427750377043,exact,9
UBERON:0006652,exact,direct,vaginal muscularis,Mistral-Small-3.1-24B-Instruct-2503,-1,0.7082005777277155,0.4467428143645832,0.3026395958881981,0.6936789801222943,0.0241395454046479,-0.3775408818069159,-0.3723618589684606,-0.1518232055535829,0.3788735986512616,0.0583824161764514,-0.0304454100157984,0.2693241744086983,-0.0236849561323962,-0.2616314351168987,-0.299616350149016,-0.1683057446779702,0.358573397065499,-0.0996121419744723,-0.1777537586638601,0.2107835157585002,0.8882387971420574,0.4356596135800469,0.2871199590657678,0.8838571023929502,0.0316214182051623,-0.3302874516034418,-0.3391424495355404,-0.1379032446139123,-0.1751634380278095,-0.5703640530246711,-0.5233786966627278,-0.3194410437004814,0.7598366041121488,0.2605434428906299,0.3321806300917675,0.7310474783893365,0.5206473485081864,-0.1867918150890587,-0.2468414541827467,0.3609185587319822,exact,9
UBERON:0006660,exact,direct,muscular layer,Mistral-Small-3.1-24B-Instruct-2503,-1,0.660861740859236,0.200092042522051,0.0791579084300497,0.6220592852802154,0.0349616245955394,-0.4823716298765361,-0.464688666252488,-0.1405552315632362,-0.8511285522003065,-0.705961137046147,-0.1016619304181516,-0.918149148466724,0.7731544863665356,0.8329675705729612,0.6557447609075379,0.7081601414685345,-0.2271941643299949,-0.5898550353605675,-0.4957976749148295,-0.3976559895052399,-0.2974221253302321,-0.574858877470845,-0.5130768798626151,-0.4521253568400641,-0.4331554938203056,-0.7008008998424878,-0.6428674431616154,-0.5700063753071369,0.3693263205967899,-0.3628339405144513,-0.3687036808338279,0.2351447847529735,0.5529189196829,-0.0195226691773181,-0.032772136390494,0.4483731575970104,-0.7942776461296306,-0.7581527032248359,-0.5686778555295123,-0.8861194783891396,exact,9
UBERON:0006660,exact,direct,muscularis layer,Mistral-Small-3.1-24B-Instruct-2503,-1,0.0628283632505638,-0.4594869632117961,-0.4568412582691048,-0.1181809985675107,-0.376316988995216,-0.6987657190398499,-0.6140681061311465,-0.5417776778028678,-1.2147655428952004,-0.7720929936686551,-0.1073415902622528,-1.2174931420101385,0.0784808775636854,-0.0839684384759279,-0.1366943661980866,-0.0690207626804972,-0.6296353369560442,-0.7960891158386816,-0.629870599687454,-0.7550036145717075,-0.5109869611606483,-0.6488422881540536,-0.5698421658647561,-0.6359510452406762,-0.4732468906899184,-0.7057708558222568,-0.6425827320167957,-0.6048865167577423,0.2501012297177505,-0.4346396571259047,-0.4095749833778302,0.1050981358056453,0.4548627632983091,-0.1173330949977981,-0.2169409493778223,0.3263408705018791,-1.1523781046819943,-0.8268492081269718,-0.6099009592097795,-1.1521807950214142,exact,9
UBERON:0006660,exact,direct,tunica muscularis,Mistral-Small-3.1-24B-Instruct-2503,-1,-0.5312580834749648,-0.7876419959645762,-0.6754419697463372,-0.6911015026554009,-0.9986913774808612,-0.9411895687092549,-0.7915028905821673,-1.071457555868879,-1.871407880386556,-0.8976125429142768,-0.1164588075516088,-1.7247428598746033,-0.5199338077467172,-0.4785079501314202,-0.463775231655766,-0.6166857441953971,-1.8448957450138284,-1.1804803830561068,-0.8131943541004794,-1.6645268761433178,-0.4666932182358551,-0.646036240300022,-0.5713148078703544,-0.5985900178115374,-0.0655270722200994,-0.4663255485623305,-0.4462214994940695,-0.233054549914873,-0.3917001321469092,-0.7267902921111287,-0.6763162421266675,-0.5174618892990827,0.1209399628169593,-0.3798205085858115,-0.3060473600326203,-0.0489522801954768,-0.8798102469337843,-0.7462154242194509,-0.5569538026846812,-0.9514032301816556,exact,9
UBERON:0006660,related,direct,muscularis,Mistral-Small-3.1-24B-Instruct-2503,-1,0.2218054831380678,-0.3373012140498237,-0.3743459334454166,0.0567849474209288,0.2087920481548593,-0.3118921383737825,-0.3109155874006216,0.0469779828372717,-1.2577801520680496,-0.786061267760997,-0.1114724988989704,-1.251915919913563,0.2956944664385577,0.1257990440102077,0.0310099319129889,0.1523741502034555,-0.0130645167773439,-0.454824115101923,-0.378138904447067,-0.18995211818235,-0.8866735362210899,-0.7583117775133942,-0.6652291789343076,-0.9392796411517886,-0.717018795051065,-0.7602544522626198,-0.6676508701862839,-0.8105065380526025,-0.2665445778230625,-0.7118950605939521,-0.6597989148163291,-0.4042676525816286,0.5159218704256424,-0.0712310208465186,-0.1662848768148829,0.4015611760897495,-0.9260294416225638,-0.7737565076741155,-0.5884684743110928,-0.9862016611954092,exact,9
UBERON:0006660,related,direct,muscularis externa,Mistral-Small-3.1-24B-Instruct-2503,-1,-0.6706973045289125,-0.8377315785278294,-0.7113819967051495,-0.8120834753799889,-1.074028144890817,-0.9751847795785322,-0.8066036262428737,-1.130932266854958,-1.4205467034972603,-0.8295438145011934,-0.1134309495946843,-1.3805095402566414,-0.2546663187239412,-0.3472084169342466,-0.3465069442977237,-0.3832994576449487,-1.0897523973535812,-0.9714479714794372,-0.6977460987601992,-1.1238780900160206,-1.2603962162668612,-0.827790098398831,-0.7022825021179657,-1.2214961967409697,-1.185140326396782,-0.8633801846368759,-0.7555173723320646,-1.179796090826891,-0.3677187533891743,-0.7085246173931419,-0.671304633804235,-0.4960250164529557,0.2022208065071981,-0.327461997138759,-0.3673556110138627,0.0375817413961475,-1.402671272499083,-0.8675590044823958,-0.6357736225427364,-1.3281228407853334,exact,9
UBERON:0006660,related,direct,muscularis propria,Mistral-Small-3.1-24B-Instruct-2503,-1,-1.0066918759149488,-0.9667210353774384,-0.7968368843851319,-1.0883175259950626,-0.2374401106756505,-0.6335884859728659,-0.5769915836066016,-0.4119505928877642,-1.2844816220554474,-0.8113756501441332,-0.1120140876279739,-1.273188891391947,-0.1594673053477667,-0.2289021159627333,-0.2773697546250486,-0.2961629517010966,-0.945488127772072,-0.921629024198448,-0.6891416289634281,-1.0120390854393702,-0.9985710563724164,-0.7779395699497732,-0.6727959847132855,-1.0255723478503291,-1.0490641040464388,-0.8252649045684445,-0.7199524650872344,-1.0754329529130455,-0.4778125727551651,-0.7560026553987806,-0.6894374715573259,-0.5935072346584869,-0.3608323484809131,-0.625486141777821,-0.5712562982247141,-0.5158413901374952,-1.5522497344976909,-0.8876728411684425,-0.6495094442875865,-1.4299586112450575,exact,9
UBERON:0006660,related,direct,transverse muscular fibers,Mistral-Small-3.1-24B-Instruct-2503,-1,0.001840390025228,-0.5045091617383927,-0.4940313334288733,-0.1823579110356107,-0.565917704188335,-0.8188142379847257,-0.6958183023021871,-0.7113529371373066,-1.3204676651024143,-0.825840357283032,-0.1066092820739841,-1.3017462535856803,-0.5460330704900436,-0.4938647965655687,-0.476046386467003,-0.6389767121810961,-0.6929489449776467,-0.8202456311793177,-0.6030998311316346,-0.8079900712293504,-1.770638503012138,-0.9143884510901712,-0.7712416644291956,-1.5836173664735904,-1.2423568428652942,-0.8537507573969921,-0.7470938914802469,-1.2230348781302032,-0.0375013212275189,-0.5899039393444454,-0.5476546953827095,-0.1877883453189997,-0.679925017629938,-0.7803858475702068,-0.7932664631935444,-0.7926189337816985,-1.3325529821084967,-0.8809650342300512,-0.6428982607013013,-1.2795658882184742,related,9
UBERON:0006660,related,direct,tunica externa,Mistral-Small-3.1-24B-Instruct-2503,-1,-0.8238955113460116,-0.8975389036700718,-0.743533444144958,-0.9405136442642704,-1.201619340311328,-0.9916286077569793,-0.8202600616890218,-1.2297860688504685,-0.9757812096210436,-0.7243750947867226,-0.1031345587877166,-1.0225534259310816,-0.4189933415420917,-0.3794929448699031,-0.3864593646824234,-0.5293925416834129,-2.154536023097361,-1.2505510794075676,-0.8732381427770822,-1.868615316911288,-1.3759492280682672,-0.852228014637545,-0.7299134569614493,-1.3055905359527455,-1.23809972104124,-0.8582197720223972,-0.734274154050826,-1.219830304064531,-0.6011856645618524,-0.7753149950165938,-0.7172980130655351,-0.7000745300537025,-1.591137756202954,-0.9746154148951404,-0.9064255493105954,-1.4919184976508515,-2.0235750937556043,-0.9604201463013138,-0.6890206577951216,-1.7372746038535636,related,8
UBERON:0006660,related,direct,tunica muscularis,Mistral-Small-3.1-24B-Instruct-2503,-1,-0.5312580834749648,-0.7876419959645762,-0.6754419697463372,-0.6911015026554009,-0.9986913774808612,-0.9411895687092549,-0.7915028905821673,-1.071457555868879,-1.871407880386556,-0.8976125429142768,-0.1164588075516088,-1.7247428598746033,-0.5199338077467172,-0.4785079501314202,-0.463775231655766,-0.6166857441953971,-1.8448957450138284,-1.1804803830561068,-0.8131943541004794,-1.6645268761433178,-0.4666932182358551,-0.646036240300022,-0.5713148078703544,-0.5985900178115374,-0.0655270722200994,-0.4663255485623305,-0.4462214994940695,-0.233054549914873,-0.3917001321469092,-0.7267902921111287,-0.6763162421266675,-0.5174618892990827,0.1209399628169593,-0.3798205085858115,-0.3060473600326203,-0.0489522801954768,-0.8798102469337843,-0.7462154242194509,-0.5569538026846812,-0.9514032301816556,exact,9
UBERON:0006722,exact,direct,malleus handle,Mistral-Small-3.1-24B-Instruct-2503,-1,0.1618075450682008,-0.3166247493203843,-0.3391964884927494,-0.0106454776250873,-0.3823088921982096,-0.6614933393425645,-0.5657050878585436,-0.54726632577048,-0.6949260496044225,-0.6363012029007726,-0.0884510979946684,-0.7843389706996097,0.1906683498011891,-0.2019231361295036,-0.2681360384362279,0.0434367397343579,0.2313670667919259,-0.2414470711480956,-0.2850213610773658,0.0668046765723255,0.0135236085359066,-0.42359896902114,-0.4044369093336296,-0.1648982324615039,-0.4777731151290361,-0.620605926383526,-0.5590790083148129,-0.6088042136493147,0.497387968182778,-0.1111907856385295,-0.1326010202971738,0.3818281735476262,0.0573652021751187,-0.3508771202094979,-0.41109361147551,-0.1148254221548955,0.0916592256757534,-0.4466321983638651,-0.3865284007063964,-0.1167921826746402,exact,9
UBERON:0006722,related,direct,handle of malleus,Mistral-Small-3.1-24B-Instruct-2503,-1,0.6042663533868861,0.207582345581232,0.0653578425818699,0.5399431210197577,0.4139611505192608,-0.0504176283148934,-0.1157210113748165,0.2872106285115631,-0.6451357225751265,-0.5761306624802227,-0.0892793370041322,-0.7409305363733534,0.442872078047738,0.0566439477065172,-0.0514708659457022,0.311905453917821,0.5298399480749246,0.1019587008159787,-0.0514786687152238,0.4188774440258516,0.2221749037796574,-0.3097654666588507,-0.3288050705003647,0.0448578406978875,-0.5676130231679196,-0.6434717423925449,-0.5571107899683763,-0.6857507261238552,-0.1937759243394254,-0.4647615077987881,-0.4502171759757901,-0.3368765442217468,0.1134744982952206,-0.2245610052738948,-0.3197436900275194,-0.0567670474260675,0.166735875358117,-0.4126812705305886,-0.372657698331451,-0.0403993041955157,exact,9
UBERON:0006722,related,direct,malleal manubrium,Mistral-Small-3.1-24B-Instruct-2503,-1,0.7144696416300063,0.442442775601818,0.294446032483055,0.7033835720787944,0.7320437704348389,0.4134743901955812,0.2391710020728263,0.7186199858346143,-0.8164771785573017,-0.6724226020863665,-0.0895083447660555,-0.888762529143927,0.8065215871791744,0.418030975455421,0.2716109491717999,0.7520100214985092,0.3178063482963676,-0.1556161043237039,-0.2550518585268553,0.1637565383827597,1.159345680841313,1.5619543772990063,1.4070315488662688,1.4126890685112834,0.767727565567964,0.4025775679048868,0.3125345098869252,0.7246157355237627,0.8777860944935387,0.4790341416208693,0.3488501014240738,0.8768177825812531,0.8603476494336019,0.4781799526054335,0.5930395271372512,0.8847475871626094,0.8527609268135743,0.3619984581680757,0.1141101868547158,0.8430949141121188,exact,9
UBERON:0006722,related,direct,malleus handle,Mistral-Small-3.1-24B-Instruct-2503,-1,0.1618075450682008,-0.3166247493203843,-0.3391964884927494,-0.0106454776250873,-0.3823088921982096,-0.6614933393425645,-0.5657050878585436,-0.54726632577048,-0.6949260496044225,-0.6363012029007726,-0.0884510979946684,-0.7843389706996097,0.1906683498011891,-0.2019231361295036,-0.2681360384362279,0.0434367397343579,0.2313670667919259,-0.2414470711480956,-0.2850213610773658,0.0668046765723255,0.0135236085359066,-0.42359896902114,-0.4044369093336296,-0.1648982324615039,-0.4777731151290361,-0.620605926383526,-0.5590790083148129,-0.6088042136493147,0.497387968182778,-0.1111907856385295,-0.1326010202971738,0.3818281735476262,0.0573652021751187,-0.3508771202094979,-0.41109361147551,-0.1148254221548955,0.0916592256757534,-0.4466321983638651,-0.3865284007063964,-0.1167921826746402,exact,9
UBERON:0006722,related,direct,malleus manubrium,Mistral-Small-3.1-24B-Instruct-2503,-1,0.5231064138688735,0.076358984378037,-0.0295194234890085,0.4279466989472164,0.9307775563343352,0.9357205968507932,0.7423709788964107,1.048558226309622,-0.7867492263920615,-0.6274329642331661,-0.0810491824874439,-0.86341924621116,1.1706367523392824,1.134627450102907,0.9216828792951391,1.305014243419615,0.9488226111243652,0.8996109204817531,0.6006367584218867,1.0345828549046785,1.121446386169166,1.3105078765635794,1.1156391313662273,1.3221374261779433,0.364305234314459,-0.0888306683632068,-0.1035829909617247,0.2142002698951758,0.9497004171628092,0.582893492511987,0.4574221702348096,0.9845247359956956,1.025131890601122,1.2207558715806432,0.9989678220624214,1.171827945845488,1.1537207967328913,2.114303791527628,1.772258930999261,1.5732533915718607,exact,9
UBERON:0006722,related,direct,manubrium mallei,Mistral-Small-3.1-24B-Instruct-2503,-1,0.2841846504266712,-0.1938032151078889,-0.2345646863937135,0.1288865275384767,0.608455719261533,0.1993274613672291,0.0535620430250348,0.5402491496592136,-0.6785020728214101,-0.6210847998948822,-0.083541864729914,-0.7700622976514895,1.0597057732380717,0.9584651996506888,0.7373554309217901,1.1184364172676815,-0.1831123348542034,-0.5294289792493774,-0.4719002887079058,-0.356032038858439,0.9897383983166024,0.7485131616848398,0.5449013732896962,1.0562927057449187,0.1017858477705689,-0.245413966055643,-0.2345802962908575,-0.067260392325037,0.3749390980980398,-0.176995746104026,-0.2080860307819952,0.2414134540357198,1.046098529398218,1.3014363307381376,1.0671865944080765,1.2126149987890191,0.6622193683409898,0.0329477594556719,-0.1135958155142156,0.5485904708033484,exact,9
UBERON:0006810,exact,direct,olecranon process of ulna,Mistral-Small-3.1-24B-Instruct-2503,-1,-0.525926911022623,-0.7159517642298148,-0.6361041596068067,-0.686392203339381,0.532598659582784,0.1830585932555415,0.0339820619178074,0.4380563583516675,0.637295305892117,0.0577235701700699,-0.0125650778714276,0.5807642716181108,0.4296342593892017,-0.1243125032836072,-0.1344135361026355,0.2971941821680202,-0.8811048871234833,-0.8685070926001687,-0.6755942575209536,-0.961063810916148,-0.528363476868491,-0.6398074462863574,-0.5700955658866914,-0.6505060975498516,-0.5886446157288215,-0.7924176495226879,-0.6909197058784458,-0.7035471559268761,0.4192372260676742,-0.1268113965588965,-0.1685727706733551,0.2913852375944915,-0.9718866602991176,-0.8487753789849686,-0.6598196453025034,-1.0293253033270604,0.4717531476201589,-0.1840929925481827,-0.2431464260388734,0.3004595059084803,exact,9
UBERON:0006810,related,direct,olecranon process,Mistral-Small-3.1-24B-Instruct-2503,-1,1.0564739488895485,1.7131503159499235,1.5308802664744905,1.3587839573452485,0.8674261484416165,0.8844531815783142,0.6987945264863554,0.936101986132015,0.8864955559275698,0.3676506671488222,0.046372922100783,0.9220297646815486,0.8939203501401498,0.4736606022890435,0.3367609415651421,0.8711795960443036,0.4642703876036787,-3.0202213649510247e-05,-0.0866477040667925,0.3370472270667577,0.0758228916368354,-0.3844237074106033,-0.3869129701859259,-0.1039196330616929,0.2192405768897666,-0.4131035164841347,-0.3854132065983215,0.055042534583826,0.7554325301918677,0.2040972857660725,0.1274154337952144,0.7056526154776889,0.6329780379237803,-0.012628565190355,-0.1370730257640154,0.5532188493516914,0.968644321334426,0.7429507267368454,0.4087749098391705,1.0614648511018614,exact,9
UBERON:0006810,related,direct,ulnar process,Mistral-Small-3.1-24B-Instruct-2503,-1,-1.566642272009605,-1.0636473313277237,-0.8567734447754677,-1.5110386969148597,-0.9488543671311308,-0.8844836086257368,-0.7416277633331709,-1.031636675658219,-0.5306832029521438,-0.6024503044346452,-0.0771140448382482,-0.6396451337991764,-1.0563380175837327,-0.921164547674998,-0.8011887027068688,-1.0550957205797395,-1.4534166861588915,-1.078396004777674,-0.8087728983799719,-1.392765118378383,-1.5145388348771551,-0.8618811298958547,-0.7333684439001412,-1.404748633925276,-2.1268942844597243,-1.0648671665293237,-0.9032713787405467,-1.8528247827509288,-0.9333898557397547,-0.8334704378503441,-0.7633437194437299,-0.974841248814031,-1.32270987701703,-0.9527280121631412,-0.8988205344122397,-1.2971255332197795,-1.3490442095625406,-0.8754974810253183,-0.6351546394706358,-1.291035147061893,related,8
UBERON:0006858,exact,direct,adrenal gland - interrenal gland,Mistral-Small-3.1-24B-Instruct-2503,-1,1.029452385439794,1.4591753095677862,1.244611759337666,1.29299315873721,1.0051832335498396,1.2434843060900191,1.0671126901725678,1.1924628765937844,1.0316881904990745,1.0020385433528392,0.1001497874226932,1.1488175834723524,1.1744856840520852,0.9360616527638866,0.7637477718704208,1.3118847816846642,0.9905663749387448,1.069757710915868,0.7678568943301091,1.1090751645756665,1.131544244501762,1.369108880361527,1.1398390444601183,1.3454501135957395,0.7449537374401447,0.2322787436438153,0.1044459791650214,0.6921492307164605,0.8108628623713565,0.1414179582665467,0.030997266754152,0.7814973392415031,0.9825180497373048,0.8719085337713999,0.6685615152460879,1.0923415962577654,1.1080790194702224,1.5591067625220971,1.1381143865187031,1.4103199555184731,related,8
UBERON:0006858,exact,direct,adrenal gland/interrenal tissue,Mistral-Small-3.1-24B-Instruct-2503,-1,1.1402730551562683,2.422217507105867,2.3199635121964794,1.596234712826056,1.1578804723286686,2.1888861887019,2.071881886775069,1.5513005361880308,0.8246477916358365,0.4647307395850378,0.0672608922361151,0.8325044900386683,1.2216332545681063,1.1711027408114634,0.9945440569892232,1.398641420783537,1.1417108673168677,1.6965815506854307,1.286390126083936,1.4151715410353194,0.9752347065709632,0.7078133293805011,0.5444888013809533,1.030289265329337,0.9934594014389958,0.8172181720346908,0.626547174641654,1.085309102616936,1.240480805038863,1.2318689562073044,1.0759152971162305,1.5045424724051368,1.1382905466013646,1.559549251027984,1.2620321851954868,1.4085935418961104,1.1025220862604037,1.5066939245624713,1.100465081990283,1.3930840334879533,exact,9
UBERON:0006858,related,direct,adrenal - interrenal gland,Mistral-Small-3.1-24B-Instruct-2503,-1,1.1470892803418131,2.528163670751645,2.5045193265549845,1.6187162304588991,1.1387748742852195,2.025593758744292,1.931293105054136,1.4995710260380382,0.9984257505005042,0.8595519874234188,0.1025159377650499,1.094497238508579,1.4380052223885191,2.546692467616264,2.6325629807550093,1.8927830568015225,0.9289296051364174,0.8902408954886956,0.558962986076661,1.0002478784172568,1.1591102720469515,1.5523816297726354,1.367258708754562,1.4120990130098223,0.7564900850016615,0.2120039901623776,0.0914313846301228,0.7085242144941861,0.2500054351870778,-0.329751199155036,-0.3254679812589196,0.1049959128406294,1.1112109912931716,1.359557510421521,1.2071702744708803,1.3478015371141676,1.1169064367253407,1.6512429606511498,1.2537899135398307,1.4386373528301577,exact,9
UBERON:0006858,related,direct,suprarenal gland - interrenal gland,Mistral-Small-3.1-24B-Instruct-2503,-1,0.9012275373196326,0.9080567185970724,0.6821213896168553,1.0226768698889035,0.9394516826663,0.9940694139585952,0.8199345758309711,1.0646161441686453,0.9421683575357472,0.8588853679214321,0.0682122099469274,1.0059720892087192,0.9399543597573508,0.3795277580800034,0.2575206427605332,0.936764460143042,0.4554605043305021,0.0321794071165291,-0.0884536807203509,0.3262672587648571,0.9176356129522788,0.5466196238363717,0.3785922115553047,0.9316720104221644,0.5813703350555127,-0.0055739373576083,-0.1037115658521501,0.4736474190432672,0.6879262221763565,0.0173380109144513,-0.0568081464103999,0.6166293797742204,0.8596842432211942,0.5343572005621046,0.3472952382663592,0.883688511170624,0.7005280990956511,0.0949445409162828,-0.0633473241144794,0.6032574753897124,exact,9
UBERON:0006946,exact,direct,efferent ductule,Mistral-Small-3.1-24B-Instruct-2503,-1,0.9184627701174356,0.937257597065826,0.7423555657419694,1.055881819870684,0.522365209555691,0.0303117364765327,-0.0338043733655147,0.4246361687654775,-1.2832839602373591,-0.6133735128269223,-0.0874036200198804,-1.2722362552043651,0.8022500019733292,0.4176382088359625,0.257750242251145,0.7463486979157112,0.9286378871472394,0.8532300782736947,0.6147796932612759,0.9997496063417136,1.0751914103646951,1.0823954072645845,0.8984059948734535,1.2215712614483312,0.940615802465262,0.7094632994387642,0.5458968121384278,0.9931893146840434,1.2806309320808495,1.425455343499341,1.213669594202084,1.5933512804856014,1.0554469809495706,1.059039624625833,1.082220756893275,1.2311952923943674,0.9229132739960492,0.5569661099958321,0.3026347178184035,0.970284959321022,exact,9
UBERON:0006946,exact,direct,seminal duct,Mistral-Small-3.1-24B-Instruct-2503,-1,-0.8352795251350889,-0.8988911971770495,-0.7594933000235372,-0.9498841369574786,-1.1018808654949868,-0.988453378789792,-0.8085028997551078,-1.1527082170987066,-2.2869291820285538,-0.8222873267115363,-0.1077189611554981,-2.0293668894629806,0.3829851087385223,-0.0697360894538118,-0.1494066452730779,0.2459450418216664,-0.3024703707818906,-0.6112212035051378,-0.5062489020178172,-0.4674943032445158,-0.8569222761518305,-0.7333531858633566,-0.6474151999616474,-0.9160514112947664,-0.5734284937719315,-0.7431073847347898,-0.6567608997476729,-0.6906796427456153,0.3698052932501533,-0.3646195336199931,-0.379633707307131,0.2356791879025513,-0.2149558992443961,-0.6034065283432606,-0.6529739456115213,-0.3816139546678657,-0.1952656339014832,-0.6071827828793929,-0.4973164657382984,-0.3889953393987981,related,8
UBERON:0006946,related,direct,ductuli efferentes testis,Mistral-Small-3.1-24B-Instruct-2503,-1,-0.3696890737984245,-0.6780180759704351,-0.5810336893273635,-0.5453873878473731,-0.50552497322711,-0.7571404643979783,-0.6375446312344261,-0.6582258566287466,-1.8484991344406945,-0.8141366317108448,-0.106811314021593,-1.70762657564265,-0.1670025782338975,-0.4807881698321897,-0.4570809220953313,-0.3031320163470781,-0.3368347499070628,-0.6375896716194297,-0.5297422495604445,-0.4988794521090218,0.4436938186634875,-0.1297562872568787,-0.1695482083328579,0.2880871270781058,0.0260905440031416,-0.3643782435750209,-0.3714515351998728,-0.1434008739532413,0.1650307990043625,-0.4323797058987608,-0.4129845377451729,0.015638090482318,0.1121233800393472,-0.4101670728969172,-0.3584093770838149,-0.0581790758089627,0.2345171474083497,-0.3602455457616988,-0.3402887306101727,0.030798811413609,exact,9
UBERON:0006946,related,direct,vasa efferentia,Mistral-Small-3.1-24B-Instruct-2503,-1,0.3102203502173983,-0.2019618465764062,-0.2277841422656613,0.1596278961231737,0.6305611516846039,0.1844190997050508,0.0673462738289949,0.5709962912509041,-1.9450590791129831,-0.7834430333550848,-0.1033200910880164,-1.779527823527034,-0.2745773118162302,-0.4905364393328008,-0.46641797474179,-0.4012823964688319,-0.4102720525901399,-0.6718280810271348,-0.5601973522125939,-0.5649604029711828,0.1116552286395917,-0.356957980654998,-0.3436161000290633,-0.068240485492067,0.0947023330258799,-0.3082824168355836,-0.3145981650202504,-0.0744700521172391,-0.1009212105136719,-0.5896579023156681,-0.5583622930079206,-0.2490472516663639,-0.0412843024382419,-0.5098352601300591,-0.5407514845450617,-0.2141818563559328,-0.5946429242227972,-0.703905405652238,-0.5409674052632697,-0.7288515040577493,exact,9
UBERON:0007241,exact,direct,tunica externa (adventitia)(venae),Mistral-Small-3.1-24B-Instruct-2503,-1,0.6227829308416616,0.2185514702310459,0.1147575417864054,0.5664179122853189,0.2732205386995418,-0.2133572509393229,-0.2516914072661606,0.1199662305072277,-0.4190439570728067,-0.4913277732782969,-0.0743230584464307,-0.5386777490741718,0.1949649174324951,-0.228192147611799,-0.2812253147202466,0.0478208661080494,0.5359206474937912,0.1240188199581387,-0.0273974743721453,0.4266152535213807,0.1026990459138975,-0.3980946500374004,-0.3812889262750182,-0.0772014548586431,0.0341399740434138,-0.3900602287173509,-0.3819525142588661,-0.1353964830730472,-0.21279016118274,-0.4781301750371471,-0.4495990159775009,-0.3546035510730816,0.0644653643536027,-0.3589209100424296,-0.1475710775935002,-0.1075431340543075,0.8549328213144683,0.3520405909670791,0.1049519154299715,0.8468415386791435,exact,8
UBERON:0007241,exact,direct,venous adventitia,Mistral-Small-3.1-24B-Instruct-2503,-1,0.6773996385018879,0.3152059783806954,0.1518423797269685,0.646757024682052,0.5195463126367087,0.067260286666566,-0.0298943110880088,0.4209538838623489,0.2332476198615156,-0.1661915499423612,-0.053463920409836,0.1073500661651982,0.0788420988629717,-0.3088866057492641,-0.3358222071324912,-0.0686646467745507,0.2993179104044621,-0.1450234293810279,-0.1559844077826824,0.142712595611067,0.8723812196000925,0.4158506153245554,0.2996421220717787,0.8586877530633386,0.7399268190445152,0.2317358541944887,0.1259777577799534,0.6850586565647973,0.2684449048463563,-0.3459139560488464,-0.3325008803154518,0.1247370869205371,0.5913914758608574,0.021498827334899,0.0826408945846737,0.4981225512724768,0.9435888427444028,0.6353044024115223,0.3169312394381071,1.0105690886914274,exact,9
UBERON:0007567,related,direct,regenerating tissue,Mistral-Small-3.1-24B-Instruct-2503,-1,0.3290922001191153,-0.1650621230014641,-0.2077182264897939,0.1821627364818328,0.486044926415824,0.0127731100161924,-0.0704141097662738,0.377655151688909,0.3014227485334511,-0.0299985394512422,-0.0333646766687008,0.1821400091108574,0.0305912061470899,-0.258051983196483,-0.2800457154281025,-0.1159107257616839,0.1597729896256551,-0.2923108725077139,-0.330311235923366,-0.0108922422743723,0.8181660798622246,0.3172172582062675,0.2018020274259315,0.775599629102316,0.4887921040427426,-0.1513371945173737,-0.2152770302260906,0.3593970600694612,0.7883315977590596,0.0937499938645716,0.0188984777413533,0.7503493531794736,0.0328313252315633,-0.5114107115573486,-0.4762361450894777,-0.1398491616585744,0.3598476895942921,-0.1685445248073019,-0.2369459844454485,0.1688459333562879,related,8
UBERON:0007567,related,direct,regenerating tissues,Mistral-Small-3.1-24B-Instruct-2503,-1,0.2698312264205945,-0.2255290175550016,-0.2532647333347343,0.1121060252357237,0.146089840764694,-0.3235964741025776,-0.3475149833521168,-0.0221599850594942,0.0453336339273749,-0.2730382198069817,-0.049513454100529,-0.0905019987806922,0.1633842648142855,-0.0950140070559434,-0.1314338894308317,0.015733740165377,0.0202410340908116,-0.3983664860987775,-0.3966775375204801,-0.1563102898353087,0.8165980823514799,0.3151000417013503,0.2018985050154822,0.7732598871354235,0.4847698354100161,-0.1574809295195262,-0.212402520445551,0.3545628962429136,0.7548137757233392,0.0573180862202144,-0.0252444118456131,0.704820563243522,0.0007354753194212,-0.5340518861952025,-0.4666057577236154,-0.1722670533276222,0.362827142872544,-0.1638594839130422,-0.2340948554670792,0.1722401501809346,exact,8
UBERON:0007567,related,direct,regenerative tissue,Mistral-Small-3.1-24B-Instruct-2503,-1,0.1425115930282563,-0.3436304094362797,-0.3470471681160521,-0.031958417841488,0.0254247449641288,-0.4309660151770844,-0.4126049769271728,-0.1504873681439684,0.6163877943466598,0.0697604930479378,0.0118915256712139,0.5542006283723301,-0.0744160712841934,-0.4500693859602155,-0.4441877559493472,-0.21659582605477,-0.6846274192270941,-0.8000192584540735,-0.6532989529812658,-0.8010703472460253,0.313724585266205,-0.2604202968691033,-0.2340536495113177,0.1424334599534982,0.4032366358206549,-0.2145766471249798,-0.2590983054821297,0.25867043551862,0.351163482082209,-0.3531284831412019,-0.3877245226042853,0.2149536872037956,-0.3715748109311828,-0.7108935599609273,-0.6888054164534081,-0.5255179289299432,-0.0307083756158831,-0.4076004223843349,-0.3814422904003113,-0.236391475600196,related,8
UBERON:0007617,exact,direct,articular cavity (synovial joint),Mistral-Small-3.1-24B-Instruct-2503,-1,1.0204058001568166,1.4310672546956753,1.2113699837488006,1.271818533020972,0.7821618939208426,0.53945745942943,0.3855911253323765,0.7960209306681958,1.368853853162617,2.428689377096889,0.2422758498124365,1.8391491888074096,0.5758420614329514,0.1308111601543415,0.0718762685860269,0.4641825093194021,0.5672900552634021,0.143699018008488,-0.028818435301893,0.466959525433491,0.916258528551016,0.5329407266483329,0.3809121100527675,0.9293968815139626,0.991829699692923,0.7234959393605614,0.5733930272595569,1.082378588753582,0.1533575511952497,-0.4131484842983868,-0.3899649884300047,0.0035609919789415,0.6332346789046578,0.1453061691041524,0.1867624662512036,0.5535633447995866,1.1419541751353894,1.9464834561170847,1.6051791170764764,1.526703367890968,exact,9
UBERON:0007617,exact,direct,cavitas articularis (junctura synovialis),Mistral-Small-3.1-24B-Instruct-2503,-1,0.2305280821974158,-0.2202584172496342,-0.2579177305046654,0.0667406047655663,-0.0059550912890811,-0.4175030351991207,-0.3739038628445474,-0.1829280112817176,0.052593881420381,-0.2454468925366138,-0.060147221788952,-0.0830633872943726,-0.3854366200247256,-0.6087789823050906,-0.5800861483529792,-0.4999752756195774,-1.384467518761168,-1.041396814067759,-0.7792811652692793,-1.343102070757828,-0.2447856316430798,-0.5346545112265463,-0.487283903924141,-0.4052841806606108,0.9130022045786528,0.5188936729208091,0.4098065739014001,0.9472175855338494,-1.2046760566239196,-0.8459775213702119,-0.7605569756053078,-1.1880997346051014,-0.0570888116450405,-0.4516450368924359,-0.3700661859601695,-0.2297973536203857,-0.2698236915255436,-0.5946579280123341,-0.4896102448810052,-0.4554457256505934,related,8
UBERON:0007617,exact,direct,cavity of synovial joint,Mistral-Small-3.1-24B-Instruct-2503,-1,1.0660405807289095,1.7577836347936804,1.6065106071361843,1.3830903942965105,1.0554388073814798,1.4932618611347994,1.3130231459453972,1.2990282727028786,1.394136370989574,2.6127705513886794,0.2866206075689715,1.909568263822775,1.4515350487413765,3.287578195965335,3.634014179967741,1.932638481567709,1.231579455849647,2.272044310577254,1.9957280208792707,1.6394356592933894,1.1568615285880546,1.5163944368526738,1.3193744268817102,1.4064815615252235,1.283079459975935,2.91595123436476,2.896542180844304,1.781611917262528,0.0960167046259676,-0.4439087794162189,-0.4471271634012086,-0.0551076525162467,1.176525763487814,1.9201171865350355,1.7946567477479158,1.5002448078566406,1.191848407276145,3.222889054486803,3.675081829248152,1.7678787795404762,exact,9
UBERON:0007617,related,direct,joint cavity,Mistral-Small-3.1-24B-Instruct-2503,-1,-0.8310816092160436,-0.8809950124074141,-0.7169092545857861,-0.9464313909922094,-0.5175017906324716,-0.729313053523799,-0.6141986552964774,-0.6688250814729283,-0.7773576642626245,-0.6645807981652166,-0.095239502120427,-0.8553870658330298,-0.2665509909280084,-0.3901241929395574,-0.4160413054656006,-0.3940430391246196,-0.089913839496807,-0.4923844966071085,-0.4310221561971435,-0.2661419508972785,0.1102857503383083,-0.378798462375112,-0.359105027848928,-0.0696125823757802,0.4679729394552467,-0.1757751233040008,-0.2189500567152926,0.3344845954236448,0.5702993359672132,-0.2155614690583743,-0.2371655491954791,0.4690937118638373,0.5338509952178674,-0.0560018542115344,-0.145926029370878,0.4241250026827655,0.5418404772908466,-0.0774883082335587,-0.1697294672635952,0.3877557585864404,exact,9
UBERON:0007617,related,direct,synovial cavity,Mistral-Small-3.1-24B-Instruct-2503,-1,0.8767478057016155,0.8287131233384524,0.6818541217785636,0.9768254105070284,0.950767651234732,1.0439797591443662,0.8377039240480498,1.0858291558141056,0.8334759293110058,0.481464647466654,0.0111043320205339,0.8450620056823132,1.0725770464738626,1.1253276982795393,0.9443557112479856,1.139067954570086,0.4712997107058723,0.0190329647369108,-0.086796612678508,0.3456837998877006,1.1058470357215004,1.204891057377624,1.0241130004988652,1.287144150076355,0.5187950069661261,-0.1616296111315396,-0.1776756153216595,0.3957839824828421,0.6233108562472169,-0.1635554130005087,-0.1971822235465563,0.534481063364621,1.0678207935902653,1.1734463734069145,0.9455715893934176,1.2561869097481726,1.118863670234937,1.6712023260957214,1.3161258107584934,1.4450845093638702,related,8
UBERON:0007779,related,direct,plasma ultrafiltrate,Mistral-Small-3.1-24B-Instruct-2503,-1,-0.4837509962500081,-0.7326282910642464,-0.6382172905720731,-0.6489066181774831,-0.2749166851412378,-0.5904619600525504,-0.5204441054428782,-0.4474956104730544,-0.8778835167226381,-0.707283472659184,-0.0912626703372296,-0.9407282308736268,-1.2178117197758886,-0.946440379863902,-0.8316584602108827,-1.180135488472581,-0.6433720129353386,-0.7936938872153103,-0.6260456949732931,-0.7665665311498185,-2.070320173266346,-0.9413884716833676,-0.7872578699967328,-1.7867168686891302,-2.1816782763805582,-1.043049974411403,-0.8813567537897617,-1.8898856638979296,-0.6074944186532956,-0.7703532117361711,-0.7151370088123082,-0.7054526526886539,-0.8952446559540441,-0.865442967356222,-0.8432159727414815,-0.9685234924120308,-1.2611369215421564,-0.8552442818724539,-0.6238643206990312,-1.2295384713231607,exact,9
UBERON:0007827,related,direct,nose,Mistral-Small-3.1-24B-Instruct-2503,-1,-0.5772801179667183,-0.8789044373970901,-0.7349679516657427,-0.7314917484109956,-0.2283823658649044,-0.6806086557361667,-0.5934717678043455,-0.4033003405554142,0.0963654959904603,-0.4756193870120274,-0.0808938336944287,-0.0378837446811916,0.7138679143642969,0.4941593102421984,0.3817832044167001,0.6322463722139275,-0.2921284278470309,-0.6343261877053826,-0.5481176558986408,-0.4579891668759662,0.2499082655243931,-0.3003653697751558,-0.3042718502311001,0.0740200654169803,0.2466034200668851,-0.4011789452423079,-0.3664568744227949,0.084332512818971,0.1893274199676273,-0.5445776632916574,-0.5335650663787646,0.0409252937633793,0.6398451500750607,-0.0088397978324965,-0.0697448410892691,0.562456303729032,0.214306505470475,-0.3741054948191151,-0.352087379886724,0.0093344062412166,related,10
UBERON:0008585,related,direct,levator palati,Mistral-Small-3.1-24B-Instruct-2503,-1,0.8710836087833541,0.8917998348618505,0.7496207176935359,0.9664215899423542,0.4509042312704291,-0.0250700438429452,-0.08878174101775,0.3331181734763086,1.0838461317651569,0.7568618508487582,0.0468929637140636,1.2373724526424892,0.9164110858222392,0.5633014797103,0.4287862905636586,0.9029597780508534,0.5608960291154185,0.1361077749071552,0.0428399568201658,0.4586771855507938,0.872079637735911,0.4301983172285615,0.2991930400609933,0.8582130998240189,0.9464353503816236,0.950446517214698,0.8166160676291225,1.0030568972570395,0.11548352175195,-0.4392036934984535,-0.4136852706073002,-0.0353100445282609,0.8211988192503237,0.561864280489987,0.5329637781668509,0.823319588729371,0.4798736284375902,-0.1113807284782311,-0.2048023776476339,0.3103661114851844,exact,9
UBERON:0008585,related,direct,levator veli,Mistral-Small-3.1-24B-Instruct-2503,-1,0.5497866098598251,0.1909877122108989,0.0741288644331346,0.4640754656454463,0.9172220013432186,0.887915175864185,0.7151144153772828,1.0238012132298309,1.1485837555016278,0.9365959987168838,0.076206049396626,1.3539795594463089,0.7720478877830079,0.3476300459983496,0.2599709960665157,0.7067202687011487,1.0200104439797806,1.1245027186234806,0.8023792785553227,1.1638253565893668,0.7087108784142699,0.1345833675068798,0.0479357205859904,0.6195974819857932,0.1336084551955093,-0.2056127463843398,-0.244162898406383,-0.0346462185362786,0.3446211066353499,-0.3087161696382982,-0.3060502493813562,0.207715510899304,0.934853600155104,0.7339252723363622,0.8644657993512351,1.0081360762048346,0.8457189110726144,0.43085090882043,0.1844817192251913,0.8310219539896115,related,9
UBERON:0008585,related,direct,levator veli palatini muscle,Mistral-Small-3.1-24B-Instruct-2503,-1,1.159093456601873,2.82881484670896,2.870508953084736,1.65997242948041,0.973745932180375,1.087552930372403,0.8782923796672153,1.1298790776696892,1.371818374044601,2.085840361742235,0.1988335412395336,1.847165483871932,1.3071370391256834,1.735578049557177,1.621068169224769,1.570762996504072,1.076063515381841,1.3482474993730322,1.016134736982464,1.2739627075807554,1.1604630169282806,1.540802805328069,1.351886345869097,1.4154948953953237,0.9909848805741184,1.1513356489016968,0.9803931629722769,1.080861832739449,0.4360897322519825,-0.1564151319822267,-0.1949117254189646,0.3106350096534926,1.2426347644561473,2.8664257541030165,2.7853448637412552,1.680596422274111,0.9144248766238215,0.5910669083858294,0.2922583470178452,0.9541528428604266,exact,9
UBERON:0008585,related,direct,levator velum palatini muscle,Mistral-Small-3.1-24B-Instruct-2503,-1,1.0977627254189202,2.124990446874384,2.0140308156322093,1.4681970685409491,0.7170764373173559,0.4021162129235645,0.2713503851903251,0.6961221538611349,1.2726252667247029,1.4177985872888228,0.129554651579183,1.605219603282641,1.0440233628159985,0.7330960107667331,0.636062788522259,1.0936160767783651,0.9031935958689332,0.7827424310768973,0.5059312741872244,0.9568440892558466,1.106549459054594,1.1997438849796,1.0097769077871177,1.2886946942004442,0.5163873540237794,0.1851846343068602,0.1193077379194799,0.3928422845519154,0.1809297586103933,-0.345299135382394,-0.3527025794474403,0.0321620982298443,1.197406616998823,2.358043559279429,2.260638987277391,1.5537578853617025,0.5968855411987497,-0.01072625110931,-0.1426657632130684,0.4594183533125079,exact,9
UBERON:0008585,related,direct,musculus levator veli palatini,Mistral-Small-3.1-24B-Instruct-2503,-1,0.8995603292418136,1.0006989707076428,0.7724997673989158,1.0195065913608294,0.7351600881582206,0.4435011967163043,0.2912428006100184,0.7233384980623906,1.272513659421603,1.4263516113398385,0.118484346079848,1.604972331202326,1.1155877730623438,0.888210355643605,0.7221811409410099,1.2098360382540638,1.0570175719995063,1.270919730413687,0.9248139554185284,1.2355924604673112,1.0905005880981484,1.1147989131583076,0.9326239511854328,1.2538221471813054,1.0092716264613744,1.2242437282052503,1.0724817876205286,1.1140655878952068,0.5335865708345169,-0.1290668831169366,-0.1626967410839481,0.4247849831298211,1.1274673030066962,1.8156249577949723,1.667685256468732,1.3839256207693866,0.9864869842120484,0.8825228189397052,0.5232173503459984,1.0992788982573136,exact,9
UBERON:0008594,exact,direct,"musculus quadratus labii superioris, zygomatic head",Mistral-Small-3.1-24B-Instruct-2503,-1,0.3757316160842229,-0.0860420011101366,-0.1519281668534515,0.2388100607459331,0.3487436794595133,-0.1206550162440308,-0.1362088827414768,0.2082856836065181,-0.0710531557141526,-0.2416694315564411,-0.0510810690554346,-0.2077259586847783,0.1645428759885268,-0.2894035415214291,-0.315846799754405,0.0169053784801083,0.6838454376209864,0.3394348639121781,0.1192962960750307,0.6237319751435592,-0.4584482058582309,-0.6262126726831059,-0.5603453741953511,-0.5915934857929913,-0.6217071338392277,-0.6325325242943962,-0.5491119818073035,-0.7313642507862751,-0.4704999310820808,-0.640465715083334,-0.5989786328461683,-0.5871044645488879,-0.385932408312644,-0.5024804413799846,-0.5415056719355615,-0.5384085727750013,0.3220358783940051,-0.2435141224602524,-0.2798877430260381,0.1262468340073856,related,8
UBERON:0008594,exact,direct,musculus zygomaticus minor,Mistral-Small-3.1-24B-Instruct-2503,-1,0.6531764539150281,0.2957545780146335,0.1500447978433246,0.610694528654205,0.7929894090011096,0.5613143814339392,0.4164175863136777,0.8131894546129209,0.5386009677612429,0.0767544001218803,-0.0101922858890741,0.4576544729205205,0.8158637856576532,0.3245417070937412,0.1458811509238292,0.7644418808905894,0.5806939566476342,0.1610980116688163,-0.0088981669720289,0.4844225235620562,1.1895780267342668,1.7898875653977802,1.596747671897933,1.4919300794289414,1.2220098833371982,2.217922039822299,2.037703101368152,1.5872428242497651,0.8610567527058096,0.2282866007265396,0.1392878151679976,0.8525755694721355,1.0917205742941596,1.5119780461676882,1.5704913856929223,1.3058371785990144,1.026442309253322,1.048792895099275,0.6917248923497671,1.1896289788243692,exact,9
UBERON:0008594,exact,direct,"square muscle of the upper lip, zygomatic head",Mistral-Small-3.1-24B-Instruct-2503,-1,0.3339005450174455,-0.1406743271394348,-0.2145272013029323,0.1879391556870011,0.3422594399902291,-0.1284258979332279,-0.1868970390614205,0.2005779514170999,-0.0548885696976541,-0.2494330550938682,-0.0502575988057496,-0.1916645030159871,0.0904552407706366,-0.3321297542453741,-0.3366848569434481,-0.057195803818892,0.1434713562155879,-0.2940573635397243,-0.3120895866092506,-0.0282770257308651,-0.4470592120541389,-0.615376811702224,-0.5541477486632226,-0.581906936023096,-0.5365459417213312,-0.6213431412864131,-0.5548383000246179,-0.6593145496089137,-0.6095403161298049,-0.68080641662245,-0.6172992007616735,-0.7071953120395295,-0.295583345005604,-0.4904547382174263,-0.534852801250398,-0.456468610724535,0.0989329308039553,-0.4164398737086816,-0.3924472837806604,-0.109497215359167,related,8
UBERON:0008594,related,direct,auriculolabialis superior,Mistral-Small-3.1-24B-Instruct-2503,-1,-1.1336131313971158,-0.931669987180902,-0.775955232256019,-1.1878311074229233,-0.8081160849782869,-0.8410006478082926,-0.7007524586976335,-0.917003918147642,-0.401956109262737,-0.4851542884720737,-0.0666390605212371,-0.5230212568066436,-1.029530646420377,-0.9966497439854384,-0.8763612211852033,-1.034061993866224,-0.3259698754656766,-0.6278397710441499,-0.5475714873819351,-0.4889892046475876,-1.4318396113265888,-0.85339590273345,-0.7359585675954848,-1.3457937226805694,-2.054720555368512,-0.9789824022371796,-0.8319662897774759,-1.8037076881448388,0.5283584376987741,-0.1493333104548617,-0.1841276663022742,0.4185368542331421,-1.5703055143540614,-0.9456602701759974,-0.9060022566674568,-1.477079585553012,-0.7449009740231816,-0.7075762357850716,-0.5459698831287695,-0.8478828584248095,related,9
UBERON:0008785,exact,direct,free upper limb segment,Mistral-Small-3.1-24B-Instruct-2503,-1,0.4644078969405593,-0.0203990218313391,-0.0923541528973967,0.3506141152568963,0.9064364202667052,0.7937400739094883,0.6135799136701698,1.0043855624312674,0.728244097187887,0.2137398147056827,-0.005634491443207,0.6996809535547747,1.1274683497868272,1.1722083690013114,1.0102464374184768,1.2299141835086578,0.9368275995841634,0.8442870580684219,0.5600088784918087,1.0137948442586338,0.7615671883908256,0.2289740246436638,0.1229034636608041,0.6931670377696577,0.2345296827377116,-0.4285553589077973,-0.4124678575116067,0.0713690462217563,1.2794525616040546,1.4127678541435231,1.2399728689218013,1.590653277412046,0.4485396728362983,-0.0912546316563623,-0.145680350673282,0.3186879010249808,0.5793220408122141,-0.0103920845094961,-0.1410741934081839,0.4362312705709212,exact,9
UBERON:0008785,exact,direct,free upper limb subdivision,Mistral-Small-3.1-24B-Instruct-2503,-1,0.3681443593063922,-0.1337928530966108,-0.1596840033111213,0.2294990777703095,0.4691245559013051,-0.0463801472101718,-0.1058158857084922,0.3561012550644991,-0.4051272960818396,-0.5429082294398455,-0.08251586062982,-0.525931008817493,0.6883956695452417,0.2478168991741283,0.1395394283886543,0.6003616895743579,0.5033886895154558,0.0442977039145639,-0.0779062275886911,0.3855186412323175,0.606548025321525,0.0157292335311172,-0.0607087617039412,0.4852409612215577,-0.3754737560127217,-0.6870360009041018,-0.6062786954900362,-0.5192409168620477,0.7100875048513106,0.0106761832238436,-0.061237828188935,0.6454748115220016,0.1974733057996555,-0.3464259901218745,-0.3068525625393991,0.0324517774754203,0.2451320302256198,-0.2884530431321142,-0.3065664110985518,0.0421554120921655,related,8
UBERON:0008785,exact,direct,segment of free upper limb,Mistral-Small-3.1-24B-Instruct-2503,-1,-0.0733410998425905,-0.5279901845501032,-0.4721861667561161,-0.2594898148142289,0.1209729256276249,-0.3876743009494757,-0.3970289716487841,-0.0493651185391134,-0.5967835903447368,-0.5927737327251441,-0.083483214266499,-0.6984031358269075,0.7422110903715566,0.3631240888727435,0.2811234673887533,0.6682318775307914,0.4637928344510243,-0.0014505757709657,-0.1346320240058393,0.3364616245308985,0.7617444105203447,0.226265387649835,0.108895518837639,0.6934189762907446,0.2652799570147481,-0.4119472986576806,-0.3975805784294544,0.1045105183822409,0.3142092756324092,-0.3147555240763274,-0.3139086670765578,0.1743055180100456,0.280655723331494,-0.2359802562191285,-0.2601909727981639,0.123790042075472,0.4254384907116916,-0.1899328792381162,-0.2523299275171846,0.2449178280768112,exact,9
UBERON:0008785,exact,direct,subdivision of free upper limb,Mistral-Small-3.1-24B-Instruct-2503,-1,-0.0948980029538724,-0.529848326981249,-0.4846505235511788,-0.2812271231281353,0.1020063310410624,-0.3866225133403485,-0.3900422190694524,-0.0697312870457824,-0.4283516212985344,-0.571730534709353,-0.086528296631638,-0.5471825424704162,0.4113217319784481,-0.0419473420690391,-0.0804148699041432,0.2769673921123596,0.1762518147032231,-0.288587759137596,-0.3211509460075704,0.0067944489886015,0.605825065518487,0.0157208740808715,-0.0478684000555106,0.4843228212670378,-0.2067880049539955,-0.6272511856441216,-0.5576872240017622,-0.3665015773324434,-0.074909574202803,-0.5087211345422136,-0.4717420298396718,-0.2240515706110755,-0.0181987670747921,-0.4768015952711958,-0.4298982474120612,-0.191226522970083,0.0543402059338541,-0.4229423939285124,-0.3824615184982499,-0.153879979427626,related,8
UBERON:0009472,exact,direct,arm pit,Mistral-Small-3.1-24B-Instruct-2503,-1,-1.227151291356116,-1.0449226606964566,-0.8404800934782398,-1.2596827107541553,-0.8424965321667441,-0.8750741711489333,-0.7346382047415486,-0.9453153169310716,0.6652460079686904,0.2945410236372639,-0.0054226427499639,0.6167117008847043,-1.402443311274326,-0.9540606131107624,-0.8296674502567493,-1.319893702147986,-1.5298489601975296,-1.113294271816267,-0.7810289863542814,-1.4471542971000235,-0.9823978256813082,-0.7534872959982476,-0.6498517598250576,-1.013201263021634,-1.6051560957188191,-0.982233778049774,-0.8334357631390964,-1.4893661590731018,-1.1241397374465032,-0.915050784859341,-0.8069155626854393,-1.1257165328128156,-1.4430652036426046,-1.022443801646577,-0.9171586809425084,-1.3854509160176824,-1.064790228088565,-0.7670478938490747,-0.5759142674882551,-1.0887890458774006,exact,9
UBERON:0009472,exact,direct,armpit,Mistral-Small-3.1-24B-Instruct-2503,-1,-0.9250320520733534,-0.9424214188718526,-0.7774696382823043,-1.0229758756423026,-0.749036509579045,-0.8467728421045636,-0.7169073946169113,-0.8678652598295603,0.5478520586298822,0.0954713115488228,-0.0202043665302097,0.4689566813612072,-1.5044801373635197,-1.0239421196274938,-0.8844322944264623,-1.3957929277698005,-0.8560387487941117,-0.8799313267315675,-0.6696276612042728,-0.9410312610959296,-0.4772390758572352,-0.6209569571189317,-0.5597114162312979,-0.6075195843724135,-0.995656205043542,-0.8199651392002205,-0.6842314468108388,-1.03384863865474,-0.7380872900880273,-0.8571588030219528,-0.7701585860935347,-0.8153231730273565,-1.152651270509915,-1.0138924206226712,-0.8211120706239086,-1.1693501371114328,-0.8913972963558736,-0.7320257561754205,-0.5649015852941834,-0.9601578935597512,exact,9
UBERON:0009472,exact,direct,axillary region,Mistral-Small-3.1-24B-Instruct-2503,-1,0.5303300552068797,0.0955239434238708,-0.0393296432399001,0.4376654111250209,-0.1145152380061492,-0.5051962102647137,-0.4946573123981778,-0.2924765526283682,-1.2965983266443584,-0.817904532179278,-0.1098473393541781,-1.2828186308063754,-0.4012799827944399,-0.7648038408998918,-0.6548118181752814,-0.5138897688702256,0.1027259161863956,-0.3433582908554744,-0.3153024981273802,-0.0712576864107043,0.520976738418753,-0.0776217867843364,-0.1455157347810522,0.3793570064259491,0.2772937578523848,-0.2788303967533188,-0.2671511817032046,0.117572124831607,0.1878372285185407,-0.4940704608443741,-0.4631818925854587,0.0393684360762627,0.6251022337835912,0.1227076311355609,0.0307257704058775,0.542674295929772,0.1833174049118654,-0.3395849496499765,-0.3595037810056819,-0.0231861458161377,exact,9
UBERON:0009472,exact,direct,regio axillaris,Mistral-Small-3.1-24B-Instruct-2503,-1,-0.3320997193633291,-0.6211374909656784,-0.553923740825113,-0.5105453346856169,0.0487649008310515,-0.3973822170095251,-0.371723004841886,-0.1261184252738526,0.2682696067213646,-0.1277104586019961,-0.0445719299306129,0.1455521133072957,-0.4681841468224427,-0.7647100974279483,-0.6689432454715598,-0.5721518724856574,-0.6691728484226401,-0.7947364029138912,-0.6461304180875893,-0.7881838101809514,0.8156701381539981,0.3277968861368259,0.2084707613025498,0.7718768057875173,0.0923370841319675,-0.410667748262471,-0.3795188434469599,-0.0768734319713677,-0.0311779047079115,-0.5576789567567304,-0.5137096597947988,-0.1816207900173089,0.354516854652574,-0.2213800284149421,-0.2052875454296591,0.2076648615380585,-0.0396142266947448,-0.4511594480367772,-0.4160494179309837,-0.2448789732771857,exact,9
UBERON:0009472,related,direct,armpits,Mistral-Small-3.1-24B-Instruct-2503,-1,-1.0564209802444549,-0.9470130998343976,-0.7781176363451293,-1.127595617360072,-1.2721080709540098,-0.999354021939187,-0.8236929218821553,-1.2834456084573886,-1.044677167529894,-0.7746458095633607,-0.1011446595706145,-1.0794250507298837,-1.912719794784908,-1.1364025280031105,-0.9609746520448158,-1.6911681071955558,-0.907558306556946,-0.900893960255513,-0.6721602517822315,-0.982090760658845,-0.4101875014892033,-0.6023315678779064,-0.5390839769774056,-0.5503678642166657,-1.1293700326186171,-0.8371563851774306,-0.6925012414743993,-1.1372905658497934,-1.1958717572589324,-0.9564475810543944,-0.8312447469384956,-1.1813159558008777,-1.5314247631898057,-1.079740425936391,-0.9159626568683068,-1.4492640432061017,-0.7802906249033934,-0.7090577473921498,-0.5556251815064565,-0.8753300226706728,exact,9
UBERON:0009472,related,direct,axillae,Mistral-Small-3.1-24B-Instruct-2503,-1,0.9014583601227334,0.9138356088672016,0.7163439694723887,1.023116357066307,0.9644435723477336,1.0763966478123437,0.8757062654493069,1.1118835690425803,0.7820299656681444,0.4034866781014273,0.0080154837899012,0.7728465707200576,0.9228221495626324,0.4657523646790508,0.3826880709158365,0.912109492480736,0.7480579692240559,0.4338107730445106,0.2074497737544388,0.715407262804518,1.2287254824130265,2.2509911191969127,2.09175965033628,1.6074721849970517,0.9794195840949204,0.7291105997539535,0.6237964756659263,1.0602590084947758,0.711498030440705,-0.0425303905897816,-0.0876510542687295,0.6473229883391087,1.057583034573142,1.0713083599045454,1.1775260159137948,1.2354765484022388,0.9446389271609672,0.7117993814440228,0.3731259811075846,1.0126545908847893,related,9
UBERON:0009472,related,direct,axillary region,Mistral-Small-3.1-24B-Instruct-2503,-1,0.5303300552068797,0.0955239434238708,-0.0393296432399001,0.4376654111250209,-0.1145152380061492,-0.5051962102647137,-0.4946573123981778,-0.2924765526283682,-1.2965983266443584,-0.817904532179278,-0.1098473393541781,-1.2828186308063754,-0.4012799827944399,-0.7648038408998918,-0.6548118181752814,-0.5138897688702256,0.1027259161863956,-0.3433582908554744,-0.3153024981273802,-0.0712576864107043,0.520976738418753,-0.0776217867843364,-0.1455157347810522,0.3793570064259491,0.2772937578523848,-0.2788303967533188,-0.2671511817032046,0.117572124831607,0.1878372285185407,-0.4940704608443741,-0.4631818925854587,0.0393684360762627,0.6251022337835912,0.1227076311355609,0.0307257704058775,0.542674295929772,0.1833174049118654,-0.3395849496499765,-0.3595037810056819,-0.0231861458161377,exact,9
UBERON:0009472,related,direct,oxter,Mistral-Small-3.1-24B-Instruct-2503,-1,-1.110338962250716,-0.9801140935196504,-0.7933471915368336,-1.169761371362383,-0.7622697939857601,-0.8421538607649278,-0.7037754976924147,-0.8789265714290803,-0.3987702980384007,-0.4198482946910289,-0.0683198559746566,-0.5200961484647625,-1.1352370222166055,-0.910382514457634,-0.8057652422643423,-1.1165392271409242,-1.5522248104044818,-1.1091397585576086,-0.8112164267924056,-1.4629486995555063,-2.583927018337492,-1.0063212660192844,-0.8473217762805838,-2.1222887862891784,-1.1658224282163514,-0.8612258006641196,-0.741143582366677,-1.1651137846459487,-0.8813343257760559,-0.8934926027715733,-0.806888193136497,-0.93284980513725,-2.565196080486069,-1.2674836545819257,-1.0886592709839682,-2.1432762621387385,-2.7888069549279124,-1.0390774417318314,-0.7260395675828729,-2.202047680948076,exact,8
UBERON:0009472,related,direct,underarm,Mistral-Small-3.1-24B-Instruct-2503,-1,-0.7953861141654264,-0.8904201322209347,-0.7405197992415117,-0.916945083367008,-0.8116711566298298,-0.9093360692806038,-0.7599266534239366,-0.9199409677440042,-0.9444284090637824,-0.7800370968747348,-0.1015041030738934,-0.9964805697308402,-1.2925968151668903,-0.9279022508117722,-0.8067057582463523,-1.2371372433961223,-1.3004635422478643,-1.0385137097824466,-0.7698666174337151,-1.2817954287445965,-1.0589965767434304,-0.7756928371623129,-0.6800113626373284,-1.0715023593009478,-1.394605724649707,-0.9499505842730952,-0.8165621104973175,-1.3363748470459542,-1.1198553759369283,-0.9449418216926831,-0.8323459574095374,-1.1223768280922906,-0.8388601320410791,-0.8174911769327954,-0.8253311146441182,-0.9232081793501083,-1.2977608731223298,-0.8310906299848595,-0.6125448838385437,-1.2552675207713029,exact,9
UBERON:0009680,exact,direct,arcus dentalis superior,Mistral-Small-3.1-24B-Instruct-2503,-1,-0.0795197813219804,-0.499563337275888,-0.4550708444253845,-0.2657369257651851,-0.7507325070641847,-0.889662939026819,-0.7544399819507034,-0.8692846834578383,0.1337054510798547,-0.2494999538423197,-0.0552250126072134,0.0011230638456332,-1.3412912483216917,-0.9492636413218606,-0.8320169585369874,-1.273961450822709,-0.9389644491844537,-0.8931727342956614,-0.7168197307233143,-1.0069048109846173,-1.4633775442809995,-0.854305921115769,-0.7344162235886069,-1.3683501051664249,-0.7104906102483702,-0.6241707023133533,-0.5701301951995688,-0.8051338622887695,-1.2800658635157076,-0.8526314651853294,-0.7842737190437222,-1.2458377440590844,-0.7087088406217301,-0.6995408765985375,-0.7110696524676828,-0.8165961428901766,-0.8728714335924868,-0.7300603798643827,-0.5608014489270977,-0.9461505763583488,related,8
UBERON:0009680,exact,direct,set of all upper teeth,Mistral-Small-3.1-24B-Instruct-2503,-1,0.8345468619503512,0.6767780673386432,0.4699504734041676,0.9010154245424606,0.9141103429535872,0.7758592326214444,0.5729937625601838,1.0181745905660893,0.3217429747529434,-0.083936772842963,-0.0314190545328747,0.2047770313208929,0.674568920922563,0.2617910535250998,0.174657569375595,0.5832279083793556,0.8498524213292317,0.6742248361954236,0.3916243623358889,0.8701969714708666,0.2350813145296313,-0.3051816035813777,-0.3064693143009753,0.0583879358592846,0.5526342530791014,0.1585321040068119,0.0699220709905242,0.4375463333823977,1.151865976690586,1.5480610541646085,1.3537818257319014,1.3270596964037795,0.6207715065909556,0.1945891706704824,0.1329260000087483,0.5368984549715053,0.8696381312423553,0.5083341849324506,0.2332867120262784,0.8725050530283139,exact,9
UBERON:0009680,exact,direct,upper dental arcade,Mistral-Small-3.1-24B-Instruct-2503,-1,0.4058811066157569,-0.0897676656795335,-0.1690398434261475,0.2761927733669304,-0.3126860210774742,-0.6934748126012854,-0.6135649543972894,-0.4829288376608028,0.6118815532708258,0.1430668225972956,-0.0117401305760779,0.5485107361525097,-0.4519766959177336,-0.4901401626611526,-0.4522306691235769,-0.5581103434042808,-0.1496403966885167,-0.526458197214203,-0.419759412975528,-0.3240506597816048,-0.7003617369217129,-0.6907842823080934,-0.6180172517761117,-0.7916867630055408,-0.4580735805126976,-0.5176415718989655,-0.4828373256448446,-0.5917235191837108,-0.5770703689602181,-0.667225385001328,-0.627157685991856,-0.6794543077125517,0.0229595834350787,-0.4130179923021252,-0.4508859170308685,-0.1498579383550257,0.1034201711412739,-0.3698245197985746,-0.3525474822754589,-0.1049858224264793,exact,8
UBERON:0009680,exact,direct,upper jaw teeth,Mistral-Small-3.1-24B-Instruct-2503,-1,0.5570658711503856,0.1150347183969798,0.0174187278780315,0.4740457415218504,0.5589363201624536,0.0170196495702003,-0.0509217406931559,0.4729829662305913,-0.4340001053936762,-0.4647182904280312,-0.0593452774730664,-0.5523358808933763,1.1170396205747812,1.1278795874091323,0.9587043022082712,1.212276771701177,0.3130610690057382,-0.1587800501064886,-0.2341573873365623,0.1583388355995758,1.234751034816674,2.31153475257051,2.127882579827634,1.6269666772572875,1.1398919971569266,1.7710957099390303,1.5932645260988356,1.37993022902789,-0.1099166101923991,-0.5500107407372706,-0.5124079964470748,-0.257650337878994,1.004389008425237,1.09878864843229,0.913773940519597,1.132597121067242,0.9366531254750952,0.6872496514218178,0.3468442634083271,0.9968928646004638,exact,9
UBERON:0009680,related,direct,maxillary dental arcade,Mistral-Small-3.1-24B-Instruct-2503,-1,-0.3209903290899893,-0.6586437059184164,-0.5798195973834818,-0.5001752914184715,-0.3487352863041938,-0.6978203535058132,-0.6119576824696576,-0.5163963244061396,0.440274933730597,-0.0619797825498165,-0.0394753372482377,0.3402745262247926,-1.28270582242419,-0.9141247717552734,-0.7868052381231357,-1.2296297094220368,-0.269091350197942,-0.6003605786382358,-0.489522221579389,-0.4367146688151355,-0.611589422842628,-0.6717248992811197,-0.61356570433459,-0.7194567391844062,-0.3994785247388382,-0.4963566597166023,-0.4699948049218549,-0.5404526326638923,-0.9480122066002908,-0.796010356662477,-0.7263932748116123,-0.986571059242548,-0.1597216130423836,-0.4983451933506518,-0.5204350425771909,-0.3293229559080931,-0.1554093831638852,-0.5093374537023106,-0.4296357804092181,-0.3528171627066674,exact,9
UBERON:0009914,exact,direct,kidney lobule,Mistral-Small-3.1-24B-Instruct-2503,-1,0.9526447072091654,1.1026355287972278,0.8670358707985668,1.1242523511418785,0.9729988856690636,1.1077916624338064,0.8849599558673231,1.128425485854902,0.9463728740404432,0.4861660530157892,0.0130126606537334,1.0124532187019422,0.6108539068464217,0.2433415799395497,0.1699031527224613,0.5057657972426411,0.4170336820967766,-0.0555147408126061,-0.1140219352825157,0.2798074595251585,1.1176250815395363,1.279103195699275,1.0930661786074265,1.3134543256604392,1.0849180024806084,0.8695023755544952,0.8239459781874505,1.2609332754678346,1.295074890065388,1.4656712996912968,1.2853354573433289,1.626919916217034,1.2279454639684824,1.9870086823053603,1.9112039956125764,1.6375123688458142,1.0984739721336485,1.441221951690592,1.049245337609278,1.380791599311518,exact,9
UBERON:0009914,exact,direct,lobulus renalis,Mistral-Small-3.1-24B-Instruct-2503,-1,0.7178742779757441,0.4357851538665201,0.2716949154809862,0.7086766762460972,0.5524023811331654,0.1323551663508164,0.0363099274327038,0.4642652163960575,-0.8095232738686652,-0.6301599438773999,-0.0868908685585106,-0.8828453154603109,0.4094357636301339,-0.0202293759593141,-0.1264051680627818,0.27489233527576,0.0365750806107875,-0.3921841778509352,-0.3452398146492733,-0.139667596915563,0.3338278878166476,-0.2342367563659796,-0.2897009699530183,0.1643843045795802,1.0861367111418574,0.8724382068054282,0.7409354183842631,1.2634443997371456,0.2723983842270259,-0.3560242713562894,-0.3734194338656445,0.1289866368404999,1.0554534148460273,0.9740032468072084,0.7701718369346898,1.2312081674717048,-0.2822296519889536,-0.6059021934221788,-0.4984851264393324,-0.4663543953438153,exact,9
UBERON:0009914,related,direct,cortical lobule,Mistral-Small-3.1-24B-Instruct-2503,-1,-0.0650293931827384,-0.49464375652552,-0.4479997529617996,-0.2510646165933695,-0.2297747301006441,-0.5805461891073065,-0.5315011114757137,-0.4046315896840347,-1.3207651562930898,-0.7795970097122179,-0.0979225552827598,-1.3019818015780007,0.4340250230509338,0.0221202286965567,-0.0636785840083075,0.3020652414123609,-0.2062466518330183,-0.5565689388632947,-0.4846662493622361,-0.3779453569865971,-0.2455283673060642,-0.5256520774316626,-0.4831332913449248,-0.4059497366713507,-0.3223255818064846,-0.7086167555522157,-0.6504731042753986,-0.4718294405617217,-0.177114518468857,-0.6414189863466832,-0.5967001390387395,-0.3212726420201354,0.3247543645220037,-0.3461204817705351,-0.4261623276829566,0.1735349001339284,-0.8451997741710231,-0.7837305564790624,-0.5996754043515021,-0.9251279013373273,exact,9
UBERON:0009914,related,direct,cortical lobule of kidney,Mistral-Small-3.1-24B-Instruct-2503,-1,0.31494456993749,-0.1659950074059186,-0.1913040946732432,0.1652488684929635,0.2668147313483891,-0.2189007786473723,-0.2642974909270603,0.1126160330752797,-0.4768596189004941,-0.5403193020646165,-0.079851802529659,-0.5912467106347908,0.0394079545949743,-0.2859883180217254,-0.3330131229381447,-0.1073255086680099,0.1986968128779802,-0.2481937858214931,-0.265478552767801,0.0310714047724949,0.285864201651814,-0.262486129555097,-0.2910377709027094,0.1123346296407364,0.3312492399038119,-0.3685434593575259,-0.3589804966386,0.1770574590994155,0.8147928818669635,0.1640377329042468,0.046548088384936,0.7869768735182705,0.3870466351368405,-0.2392685419763566,-0.3323475345633215,0.2455085117061424,0.7720581983136182,0.1862584595032187,0.0070014231042258,0.7109022739491022,exact,9
UBERON:0009914,related,direct,lobuli corticales renis,Mistral-Small-3.1-24B-Instruct-2503,-1,-0.4595723076251919,-0.7072506048971654,-0.6192593459953657,-0.6272291844136029,0.1149460774215034,-0.3600518441750125,-0.3784550558516746,-0.0558530187038469,-0.5982595007150352,-0.6442192809415989,-0.0916427466070732,-0.6997068237387101,0.2136976410485409,-0.2738180534473954,-0.3329219726082442,0.0670052911352747,-0.921839522782706,-0.8975732905070004,-0.6707935029448329,-0.9933943392776836,-0.2316624470436942,-0.5375278585402022,-0.4988625582971855,-0.3935024759815379,0.0520642468628045,-0.5337274993150519,-0.4666649112078505,-0.1174950823001027,-1.3274079115722266,-0.9297590510249678,-0.8257810282197645,-1.2817828185623028,0.127656235840203,-0.4516514902147471,-0.501333942525606,-0.0419031920139734,-0.9025741162393052,-0.7683798417647665,-0.5902181926851405,-0.968582977477678,related,9
UBERON:0009914,related,direct,lobulus corticalis renalis,Mistral-Small-3.1-24B-Instruct-2503,-1,0.2735313437642777,-0.2044392295516788,-0.2710261719022089,0.1164206606581038,0.2081878878785595,-0.2872145807422218,-0.313737101046859,0.0463031569758067,-1.2476935458372411,-0.7480087963652229,-0.1033153208235439,-1.2438611371573385,0.0386412808168974,-0.4034904063352156,-0.4188261075041781,-0.1080728882756003,-0.1241982662842045,-0.5026438078566688,-0.4392199052908528,-0.2995173456906904,-0.2963842729880487,-0.5578377949329878,-0.5142400040423496,-0.4512080505393734,0.3649832913581715,-0.3479030461788867,-0.3628155944021322,0.2149679626264279,0.0758387597340223,-0.4702401403836631,-0.4619580967317021,-0.0755019234844891,0.1422869163823752,-0.4255501227966368,-0.4764711151059728,-0.0264859151081293,-0.2788136525601301,-0.6028899761744878,-0.4958610347470077,-0.463354772405313,related,8
UBERON:0009914,related,direct,renal cortical lobule,Mistral-Small-3.1-24B-Instruct-2503,-1,0.7925996842326164,0.6008593935998812,0.4214766214277878,0.8292141396060468,0.6767421381515333,0.32076957926365,0.1710252528259528,0.6367887228832186,0.9678726739978664,0.5572476977740479,0.017393335379495,1.0459264798225474,1.003291770615871,0.8848352517056907,0.7833918248956067,1.0306785967165408,0.8935733848480399,0.7730011325062498,0.5315475980157578,0.940897940250876,0.6342673157812989,0.0615107488122884,-0.0459916384542752,0.5207709031100879,0.573404489918404,-0.1920976936167195,-0.2283632802069223,0.4635793222559393,1.2219123060117396,1.1487490636755768,0.9829682817555248,1.4654367418518142,0.7399001036254834,0.1636405150652471,0.0061206213257558,0.7020193031980682,0.9960254660008402,0.8169025606650188,0.4926477960084763,1.1200908082484942,exact,9
UBERON:0009914,related,direct,renculus,Mistral-Small-3.1-24B-Instruct-2503,-1,-0.7512447293194194,-0.8333009383192034,-0.6929749116365944,-0.8801607070731307,-1.0106573231074718,-0.9415030067974988,-0.7942327930297456,-1.0809612661615726,-0.5580581652858315,-0.6555598275548452,-0.0895670311697962,-0.6640682461265266,-0.1157169351464613,-0.3792436615483907,-0.3783059050234723,-0.2554450197642339,-0.8966761451236085,-0.8896258299139245,-0.6599060896454184,-0.9734549741060698,-0.8586089288222531,-0.7197834052944889,-0.6450160461898296,-0.9173715761238024,-1.035695412315082,-0.9004163525077523,-0.7715513922521788,-1.0650580001815164,-0.6822517861436016,-0.77114851833791,-0.7056019942068519,-0.7686812131107341,0.0153468541722237,-0.5935911871533849,-0.6268710110869581,-0.1575531731244524,-1.931150636702,-0.9565230890540468,-0.6892503426458277,-1.6784755843882078,exact,9
UBERON:0009914,related,direct,reniculus,Mistral-Small-3.1-24B-Instruct-2503,-1,-0.8612310997475775,-0.8702390057554514,-0.728842619573177,-0.971160365542877,-0.7114310268796972,-0.7930978090584637,-0.6871918115983001,-0.8362553774280862,0.0487022502171328,-0.3220609631601723,-0.0672904851290662,-0.0870525444752232,-0.6160280929598981,-0.6491353912919101,-0.6234927311367615,-0.6982197482133732,-0.8487393164426792,-0.8814708530870649,-0.6811018681228465,-0.9351775720882872,-0.4995580353316648,-0.6243127059698907,-0.5692027714238748,-0.6263469091017582,-0.4659872360517333,-0.7428367745188184,-0.6427168972457498,-0.598594414847937,-0.4039515683732963,-0.6850242147935554,-0.635325182075703,-0.5283689626885177,-0.0494031648890114,-0.6231398212330366,-0.6557748268883823,-0.2222136485653368,-1.4642573044975853,-0.881257775985088,-0.6537750714040597,-1.37033197795054,exact,8
UBERON:0009914,related,direct,renunculus,Mistral-Small-3.1-24B-Instruct-2503,-1,-0.2116936460735062,-0.5650143025343864,-0.4910489070400562,-0.3962916946340097,-0.7561544184383814,-0.8243851733466745,-0.7163297362539944,-0.8738188849441387,-0.0040414369638369,-0.4172923786013616,-0.0767210185381616,-0.1406881010483786,-0.6528304820473815,-0.6726869284282873,-0.6344182323253237,-0.7290647251252592,-0.3265317027040935,-0.6254646914000505,-0.5295812002976683,-0.489501369563239,-0.6676912556803758,-0.6844722403268142,-0.6097058796163596,-0.7652560312205363,-1.2351852581738572,-0.9457337997119656,-0.8092342356714746,-1.2176352740039933,-0.6907941167920555,-0.7766976062441847,-0.6950339125111795,-0.7758486452045605,0.0544520768350742,-0.5514027061862463,-0.6129857806218015,-0.1178079870810768,-1.953681784596282,-0.9756338655486289,-0.7008060914124706,-1.6928705272399267,exact,8
UBERON:0009984,exact,direct,condylus medialis femoris,Mistral-Small-3.1-24B-Instruct-2503,-1,0.5064899530432385,0.0219047091618639,-0.0821677627299471,0.4057635406172256,0.5000283635563509,-0.0032453569224255,-0.0517411758242222,0.3956254081192522,-0.1293121679320835,-0.2680093962891474,-0.0605266775055149,-0.2650594497289699,0.2227969775877036,-0.3435627049422094,-0.3880229594899935,0.0763656085256781,0.159362423566812,-0.2766718495055639,-0.3208787174462674,-0.0113314429932138,0.7861596111490854,0.2777080259224306,0.1691347923253786,0.7284874069434043,1.132511654073198,1.3429899602919684,1.1507599828154016,1.3632111300377658,-0.5217407187874566,-0.5928042561374256,-0.5523625094934664,-0.6317622662644354,0.0561627784151298,-0.2542642414192811,-0.3074151662242135,-0.1160568793341681,-0.1513870696370455,-0.5375672487915922,-0.4619284425857932,-0.3491395232536936,exact,9
UBERON:0009984,related,direct,c. medialis femoris,Mistral-Small-3.1-24B-Instruct-2503,-1,-0.0541035487528282,-0.5089800287428209,-0.4923068018380196,-0.2399518039968411,0.0108076384335496,-0.4797519193787424,-0.4553551233888302,-0.1656439326564031,0.1254557471169562,-0.1709690104357446,-0.0499224434471825,-0.0075327978011481,-0.4061359929368853,-0.6326874431415118,-0.596111311177037,-0.5181454053861542,-0.6179320434050204,-0.7602110703319485,-0.6451348495893738,-0.745122543560663,-0.3263188400668106,-0.5688777104858027,-0.5088355939689371,-0.4775670425515608,-0.2305106236655305,-0.5654994401604555,-0.5158526425356554,-0.3883926942770225,-0.2896740695044582,-0.3331916352141727,-0.3132652732138256,-0.42543780154106,0.0067704701956558,-0.2833839868014305,-0.3199619204661902,-0.1661985711132832,-0.8215555883963823,-0.7623768177795691,-0.5706504145157165,-0.9070680724581014,related,9
UBERON:0009984,related,direct,medial condyle of the femur,Mistral-Small-3.1-24B-Instruct-2503,-1,1.191462183240328,3.208577207130349,3.5149302376563347,1.7849311027114645,1.232516010009192,3.0242815241297163,3.2304128705958304,1.7871903788613746,0.8498848968360151,0.3711627199829614,0.0591731455534879,0.8685934817161475,1.4730346783641997,3.5635510083753696,4.0328514874912536,1.999929353608607,1.226676432757462,2.2557262819704142,2.0210079691133496,1.6259535161736884,1.3246623623676677,5.940431718224333,8.112819266047428,2.0560943160377185,1.3580995608182946,6.690104499418988,8.92316341268451,2.1672230765685745,0.8725853312237024,0.6687319322322373,0.6220466526795859,0.8692504997274584,1.2683081559498943,3.418122140286518,3.4397103044299966,1.7613877970993168,1.1559174598097042,2.148002092759942,1.8401058856196395,1.582419273013451,exact,9
UBERON:0009984,related,direct,medial femoral condyle,Mistral-Small-3.1-24B-Instruct-2503,-1,1.0083779854169217,1.3299883614290815,1.1274852263118225,1.2442621152227802,0.9427831062978242,0.9202974234440352,0.7038890177344858,1.0708296883376365,0.8695797373053811,0.6906056653682549,0.0487626380655402,0.897175135326337,0.9596732748571624,0.6454823804217195,0.4894527913556671,0.9655224991427664,0.5802704253448276,0.1985022860171969,0.0988936142326223,0.4838686263844197,1.1857034794047818,1.7700682933328171,1.6287192918458278,1.4813584449913872,1.1531220602684025,1.443209480707428,1.2998999523344266,1.4105633813673928,0.2608131109868982,-0.3171768796914128,-0.3284838094520899,0.1165507922809989,1.03275391326997,1.3381026934002656,1.0893998335577164,1.1865182976634776,1.0441342966274374,1.0414989504418537,0.6511489950365746,1.2326428386138903,exact,9
UBERON:0010273,exact,direct,hyoid bone zone,Mistral-Small-3.1-24B-Instruct-2503,-1,0.8916650769767127,0.9324205224010668,0.7356531921468988,1.0045896470508475,0.8156143571373483,0.624498726398509,0.4826419737293314,0.849617339953169,-0.3414587933385075,-0.5302556037297806,-0.0854238595537028,-0.4671367860536963,1.17823591470692,1.535455246350231,1.482562151655858,1.31860827602965,0.9002980247170921,0.7774718003964826,0.4444994941390267,0.9520289961657932,1.2456304199221488,2.5655350308118887,2.512441709718841,1.6636357768248842,1.2020094430694706,1.84139209992822,1.6645017865291272,1.5324680790205256,0.3925955940933509,-0.1963976816869742,-0.2372869919547222,0.2612245061410276,1.0317573741965902,0.9819943386503116,0.7429897738597566,1.1845888980861412,1.1714752215588022,2.417786121774111,2.204541378116077,1.652849714098939,exact,9
UBERON:0010948,exact,direct,cleido-occipitalis,Mistral-Small-3.1-24B-Instruct-2503,-1,0.6272054123191455,0.3320417390033246,0.2044669938237465,0.5727959511046121,0.5574763955873334,0.173961131819551,0.0608880873631345,0.471032012056958,0.878250470197903,0.3366851035861762,0.0050768894791992,0.9098790921577206,0.364565689310633,-0.4588903610824731,-0.4600037121573567,0.2259548791612997,0.1093641210956912,-0.3351497582515974,-0.3541578800230006,-0.064300405929416,-0.1071985088114712,-0.4496607667936178,-0.4094520307061453,-0.2795695822450194,0.7178498035972158,0.1628589777585003,0.0522842216174728,0.6542304215015701,0.1685771516296733,-0.2677940682235146,-0.2658648505791405,0.0193163251781264,-0.2144340387540322,-0.6596094951470963,-0.6339183291046865,-0.3811238511078792,-0.3317585476349046,-0.550934751085713,-0.475821779116337,-0.5095039222677796,exact,9
UBERON:0010948,exact,direct,cleido-occipitalis muscle,Mistral-Small-3.1-24B-Instruct-2503,-1,0.5971852381773006,0.2893234541987694,0.1650897469809816,0.5299143229763811,0.8566188238076012,0.7835903987356722,0.6264910611830368,0.9176871435723132,0.9676467654222822,0.499557631845657,0.0201159449722309,1.045571811068284,0.8003853301188505,0.0856261221155712,-0.0142720652006867,0.74388183797407,0.6294562391942378,0.2373198808802955,0.0916686569033984,0.5491494405090375,0.5977770511303282,0.0465009196208014,-0.0318557899393433,0.4741306017540666,1.20318615541352,1.8595753651739488,1.7927428229928128,1.5356005049106556,0.3176231776566368,-0.1718727513072271,-0.1858723360331628,0.1780368838182035,0.4495576582311997,-0.097475384353821,-0.2261053507556379,0.3199183212341486,0.4605025380209687,-0.1033507964334571,-0.2029170979887896,0.2868192392852535,exact,9
UBERON:0010948,exact,direct,cleidooccipital,Mistral-Small-3.1-24B-Instruct-2503,-1,0.9462206026891292,1.2278941929589795,1.026894522393469,1.1111297851074966,1.0350068523304214,1.4567342852912324,1.24446929272814,1.254638047291569,1.2015406511167948,1.1063031836883883,0.0906020495719185,1.4560564716776518,1.3061098928460804,1.4158213621973978,1.3583629259766443,1.5685584424390373,0.3506840461137288,-0.1313509154076055,-0.2123353116473126,0.2016140012733341,0.60449742076709,0.0469836049638489,-0.0259694813700448,0.4826378534912222,0.6952806565493387,0.108330646341463,0.0443191693914635,0.6232200942419693,0.8454173180782848,0.23570822252472,0.145913847106166,0.830168732077016,0.3277211056658527,-0.2667399166237695,-0.3449779271707602,0.1769164046100822,0.6421041886228029,0.1177979510321255,-0.042943683771763,0.5206188829984043,related,9
UBERON:0010952,exact,direct,frontal belly of occipitofrontalis,Mistral-Small-3.1-24B-Instruct-2503,-1,-0.5858163901850089,-0.7649967914810492,-0.6604876743840191,-0.7389324007300556,-0.5676602950109786,-0.7419544185243895,-0.6398519547659746,-0.7128742255964494,0.236333754218601,-0.0937623949178765,-0.033933260473906,0.1106984042358195,-0.0284058154485781,-0.348074098981263,-0.3701628945942242,-0.1728267464906281,0.0637588754541922,-0.3570830868343959,-0.379201277247565,-0.1117545274974679,0.2523619933777341,-0.3047952407511773,-0.3144622802651347,0.0766163202325694,0.1439611589819825,-0.1714718207389611,-0.1852334302175108,-0.023955048670646,0.2356123069535087,-0.3442879729605405,-0.3397703941898581,0.0896760329959417,0.0019050147197434,-0.2791472874665409,-0.3575099058778384,-0.1710919923620174,0.1844485032121647,-0.3848273209761463,-0.3673253533420534,-0.0220072620406968,exact,9
UBERON:0010952,exact,direct,frontal part of occipitofrontalis,Mistral-Small-3.1-24B-Instruct-2503,-1,-1.0055141234196088,-0.9324940479163958,-0.7755792799572822,-1.0873826640283415,-0.7962627399173104,-0.852099903668986,-0.714364656117139,-0.9071951058787632,-0.1515077816964165,-0.3138643110849544,-0.0629998226171893,-0.2866814105813783,-0.4626044654375497,-0.6469911088780008,-0.617482765664677,-0.5673229835022788,-0.2716541467547209,-0.5850396014298381,-0.4992376554894265,-0.4390883698404214,-0.6692231242162185,-0.686474670865539,-0.6209535429136119,-0.7664992136460944,-0.7158286275762623,-0.6464818078952135,-0.5891270541263913,-0.8095275470514797,-0.6040883365907556,-0.666061926600127,-0.6145534968463536,-0.7025498499258589,-0.7590004645903516,-0.620576874148201,-0.6666669160243591,-0.8581357262712002,-0.8040215006937506,-0.744304078180907,-0.576937915461509,-0.8936165295109046,related,8
UBERON:0010952,exact,direct,frontalis,Mistral-Small-3.1-24B-Instruct-2503,-1,-0.2596964461256041,-0.6380024213095256,-0.5389523695083045,-0.4423432396778654,-0.4624960260423152,-0.7225588140340125,-0.6181232831631883,-0.6198802102904691,0.1476444335314417,-0.0595658975510221,-0.0347598843780745,0.0157980722123638,-0.1595258707058142,-0.4050033993702635,-0.4096145493537628,-0.2962171654904307,-0.0127079725683485,-0.4383664204631831,-0.4109421954339319,-0.1895940200399241,0.2273976323304837,-0.3097617767390477,-0.3197817226176216,0.0503243870952917,0.0110375145402293,-0.3396239983632454,-0.3251420926869714,-0.1583127698142652,0.0275177502237411,-0.5584609726849681,-0.5284742837040327,-0.1238335320363204,0.2135551874314695,-0.2859814546837294,-0.3494464911623027,0.0498686809564117,-0.5339155361894856,-0.6734826488875955,-0.5396422292847955,-0.6795152308960132,related,8
UBERON:0010952,exact,direct,frontalis muscke,Mistral-Small-3.1-24B-Instruct-2503,-1,0.3732502709508886,-0.141872118893991,-0.1940829268591497,0.2357607939103606,0.2019234136511685,-0.2753561770572472,-0.2877838062223512,0.0393161329551331,-1.7441411105302906,-0.8016720924171545,-0.1047138428541988,-1.6291815270962542,0.03449624593019,-0.2465799638528162,-0.2889552576763737,-0.1121108375808959,-0.9337653863551028,-0.9052647434639044,-0.718039455601538,-1.0028081156036657,0.0625460638178668,-0.398255550855187,-0.3657974465441156,-0.1170249715568781,0.2339804687642415,-0.0637240550975871,-0.1243703282480684,0.0707808492294777,0.1747822912287562,-0.417707622531696,-0.4164487448061716,0.0257626103903764,-0.3546229235229678,-0.7178288473872348,-0.46178904419898,-0.5102356222705534,-0.4509913760367975,-0.6391047496202329,-0.5144208848258999,-0.6108999140232912,related,9
UBERON:0010952,exact,direct,orbito-temporo-auricularis,Mistral-Small-3.1-24B-Instruct-2503,-1,-0.995503227209219,-0.9264696889012128,-0.7653978202262239,-1.0794275754157412,-0.8774935645215021,-0.8734731962252884,-0.7279050832028922,-0.9739263754710136,-0.5998112270808873,-0.5689840687267831,-0.0774340372359504,-0.701077097836922,-0.6254034648230052,-0.792046459530423,-0.7253940936547246,-0.7060969744424251,-0.5244504735544216,-0.7200130105073251,-0.5723939162772788,-0.6651833811390246,-2.158696399689006,-0.96244491232343,-0.8116203370838223,-1.84549483751294,-2.0897265244102803,-0.9513265394067968,-0.8146191427291064,-1.8275728779179885,-1.0930983995277137,-0.8044807828509093,-0.7320067794780426,-1.1014702315542535,-1.4453485220072924,-0.876156369555132,-0.8863294325977826,-1.3871106619687998,-1.6857239780409887,-0.920107711906188,-0.6694654732393658,-1.5189623101035012,related,8
UBERON:0010952,exact,direct,venter frontalis (musculus occipitofrontalis),Mistral-Small-3.1-24B-Instruct-2503,-1,-0.7996535550251648,-0.8364516065478884,-0.7079824684639843,-0.920482286759252,-0.8464313395189432,-0.8572825022455097,-0.7260627381090481,-0.9485425112602948,0.1240071612932788,-0.1570210447069762,-0.0445796259466896,-0.0090504610388886,-0.4281926077830978,-0.6769514755306354,-0.6425219901106118,-0.5374215111576759,-0.3645220283910489,-0.6372964238440413,-0.5262311988638897,-0.5239488041140695,-0.4175003863143572,-0.6103869690970563,-0.5594774536642557,-0.5566451302605487,-0.1041498211814424,-0.357124473765067,-0.3450233733231471,-0.2700904379120397,-0.600760454145091,-0.6597567112860109,-0.6045482382458064,-0.6997118026623506,-0.6492868027038942,-0.7188946574728868,-0.6155872518635902,-0.7669305098172705,-0.6639846165559244,-0.7117009806757021,-0.5607022752137232,-0.7843009709147934,exact,8
UBERON:0010952,exact,direct,venter frontalis musculus occipitofrontalis,Mistral-Small-3.1-24B-Instruct-2503,-1,-0.7143172523197217,-0.8054233301410741,-0.685362347860054,-0.8491066291339037,-0.5269237400313728,-0.7305951328067689,-0.6186835134502647,-0.6771410560053692,0.1548134709181217,-0.21464073305349,-0.0443897318985549,0.0233702776070113,-0.3945658535648497,-0.7141453365604037,-0.663238104731335,-0.5079986709343474,-0.2695343293666939,-0.5862398864232359,-0.511399406186001,-0.4371250886931923,-0.4291765103926699,-0.6148603366845311,-0.5635367673581034,-0.5666450208155612,-0.1569677330873746,-0.3667961990074915,-0.3387467561422081,-0.3200570118090499,0.2844562764016459,-0.3269360303652011,-0.3274070357058347,0.1419850826819223,-0.3630634807965643,-0.585004667540128,-0.5667357788524612,-0.5178533826815388,-0.6241737748741779,-0.6942218999436368,-0.5519562224159499,-0.7525783882172306,exact,9
UBERON:0010952,related,direct,frontal belly of occipitofrontalis muscle,Mistral-Small-3.1-24B-Instruct-2503,-1,-0.2488915750924998,-0.6005342257586971,-0.544283345198231,-0.4320372121636556,-0.149049443208369,-0.5206899824174459,-0.4499523042840557,-0.326507078097581,0.1419509216622907,-0.2436716018278841,-0.0368440575417495,0.0097963228113494,0.4134882406782488,0.0249620301052219,-0.0766962448400903,0.2793529602728938,0.3353850582368364,-0.1209764835239309,-0.2164566690001511,0.1839272920201012,0.451509086392278,-0.1512428527518638,-0.2024493733468704,0.2971462905598758,0.4671256739490323,0.1550469392193077,0.088990212422779,0.3334764140662488,0.692034634547961,0.0382948359876141,-0.0262074261941252,0.6219500129540325,0.3757451385722359,0.0252913580006114,-0.1008969438108982,0.2322952746071946,0.7592327200955807,0.194264514038706,0.0019866300570816,0.6910122031564477,exact,9
UBERON:0010952,related,direct,venter frontalis musculi occipitofrontalis,Mistral-Small-3.1-24B-Instruct-2503,-1,-0.8129467236856727,-0.842785071335672,-0.702927426360675,-0.9314796307955804,-0.5835594948785383,-0.7495299123360731,-0.6290643242336506,-0.7267247312403832,0.1203144989717631,-0.2599774499634486,-0.0412753995827355,-0.0129161988901695,-0.3872529652201161,-0.6941687874292205,-0.6548000646344907,-0.501572824846229,-0.0348180352740494,-0.4387694432225009,-0.4167873558809491,-0.2117182932061801,-0.4247003205548177,-0.6146898965823123,-0.5640433815168485,-0.562814722755233,-0.0985708346936982,-0.3302594391137017,-0.3102548935815942,-0.2647672208893717,0.2965581558607583,-0.3202380811109155,-0.3280598453382472,0.1550884825424492,-0.3679646801416797,-0.5813752867993893,-0.5702779176685668,-0.522269053833184,-0.5370766256911431,-0.6673487609326584,-0.5366715969149505,-0.6821019075605697,exact,9
UBERON:0011132,exact,direct,carpal joint,Mistral-Small-3.1-24B-Instruct-2503,-1,0.8737505855083388,0.8340898084846504,0.6414848973158898,0.9713109367159648,0.9338892147239668,0.944072907546279,0.7565700710684372,1.054298864886058,-0.9719399941305747,-0.6500599271213423,-0.0886226529205375,-1.0193656535317248,0.906538932285624,0.3816058913920162,0.3036917509794029,0.8889498689115994,0.8487222842304161,0.6628918489824045,0.4197303556845215,0.8684059988373419,0.0466983742058751,-0.3973083068618193,-0.3844498418565364,-0.1325889247233617,0.7261014683300205,0.2427148070908235,0.1336511732349795,0.6656944346471555,1.1466813420917306,0.8206924138913412,0.6485366682232919,1.317319176238458,0.0336584383649208,-0.4049149195431445,-0.4535249261969609,-0.1390090158316971,0.3772538063213426,-0.2298574260000501,-0.2595633558681493,0.1887552600114258,undefined,-1
UBERON:0011132,related,direct,intercarpal,Mistral-Small-3.1-24B-Instruct-2503,-1,0.6682793567817757,0.3308842137634784,0.1749900091447801,0.633095378009037,0.5756462441025801,0.1270414110380122,-0.00427903380535,0.4954414859437589,-0.2933837551020198,-0.4411606597457958,-0.0779611279932958,-0.4222031469503237,0.9312789053551056,0.4129177420216805,0.2946599962175839,0.9242420302865376,0.7497520944352825,0.454528558007653,0.2191586456144093,0.71788369609901,0.7539751596964293,0.2561191568151355,0.1443258970205458,0.682408578960694,0.3013107585155496,-0.2086398030716827,-0.2511568161332996,0.1438812503850386,-0.0520469387139954,-0.5770068228835894,-0.5237985468022593,-0.2019337512892932,1.0254249903285866,1.1517799769800474,0.8959221153191641,1.1723900432385803,0.9298298988214194,0.6010216842803444,0.3101896083582723,0.9836007249865596,exact,9
UBERON:0011132,related,direct,intercarpal articulation,Mistral-Small-3.1-24B-Instruct-2503,-1,0.6132218609975556,0.2388059537916557,0.0962839640647322,0.5527018344757643,0.6885698568768827,0.3676839593708322,0.2353182776805756,0.6539988958962012,-1.252677004347018,-0.7641777788063974,-0.0995209438542329,-1.247842037565717,0.6417026972630162,-0.008971397472627,-0.0848434430037453,0.5429720756147547,0.6376524342531434,0.2681349063867715,0.0817640848106979,0.5602217316937279,0.9644861463851332,0.7017533742865704,0.6038081737618342,1.0113415069129683,1.2663836813674318,2.737382104844116,2.760552340441449,1.723293719582375,1.1731372499759742,0.9183664179366172,0.7355420059536312,1.3676983407932657,1.1698738294291358,2.0156304849113016,1.8129563632573344,1.4837479531272522,1.065527122053444,1.2267820764189288,0.8493613337012262,1.2877079704505332,exact,9
UBERON:0011132,related,direct,midcarpal articulation,Mistral-Small-3.1-24B-Instruct-2503,-1,0.4206009270592858,-0.0292993674888288,-0.11449137909505,0.2946736915246082,0.4825302356567844,0.0395365985202605,-0.0371579379576804,0.3731609883990965,-1.7386178960115588,-0.7667912462002271,-0.1008311611453901,-1.6250075245941653,0.4674596992767044,-0.1743169656420874,-0.2321400874773573,0.3394346063406136,-0.1203562323230301,-0.4918076533139621,-0.4155356232116295,-0.2957953829383569,-0.7772822260129619,-0.7064740753006026,-0.620089315439959,-0.8532494035094482,0.5845681711311815,0.0295753945497496,-0.0077396787709733,0.4777025399151846,0.8658005369645287,0.208319418957413,0.1111067806222328,0.8594205162914103,-0.5654681443002424,-0.6351511712632482,-0.6528419363754012,-0.6957430970719303,-0.5187901924949728,-0.6777329310009208,-0.5407662738794263,-0.6671095444884247,exact,9
UBERON:0011215,exact,direct,cell part cluster of neuraxis,Mistral-Small-3.1-24B-Instruct-2503,-1,0.064592906245353,-0.4100773206879857,-0.3990952422049887,-0.1163015309938064,0.3321145173043934,-0.1651046076259538,-0.2298632088452046,0.1885672552645425,0.8546447558868234,0.3972741421967886,0.0223758470347046,0.8754668008010307,-0.4215501494462232,-0.831110792910376,-0.742889644540028,-0.5316255997434828,0.1667007516501349,-0.2842763648487028,-0.2791162772165382,-0.0034706521732394,0.289490409816973,-0.2232427012753131,-0.2456781795703866,0.1162314800012318,0.0417486466187113,-0.4423256472034033,-0.4256539667490052,-0.1278106523078142,0.1344752762054128,-0.3373017775814265,-0.3350967052467529,-0.0158775356842735,0.4548563294018525,-0.306633402957251,-0.3396740214849586,0.3263330708261397,0.3057484756792944,-0.2020462645828505,-0.2389997182104396,0.1081606004916945,exact,9
UBERON:0011215,exact,direct,neuraxis layer,Mistral-Small-3.1-24B-Instruct-2503,-1,-0.2420586639211885,-0.5967419175092386,-0.5417135043015231,-0.4255020683963823,-0.9482812690798336,-0.8964923964694218,-0.7680672445211744,-1.0311764854461924,-0.6262309848411511,-0.6685056160318766,-0.0930073656044243,-0.7243476704673262,-1.7770085021403157,-1.1957679349373025,-1.0212541622655782,-1.59434164701,-0.1956605301368466,-0.5508262289089301,-0.4976871867222488,-0.3679370306113574,-1.3104089857661338,-0.8104282170434058,-0.7049913912834428,-1.258058980968972,-2.167749565798005,-1.060554527370033,-0.9234714045090394,-1.8804807690838008,-0.0999505577692029,-0.5606008426931957,-0.513378932338157,-0.248117683140882,-0.5823456844605152,-0.8354623556374012,-0.8283700432710653,-0.7101871653328085,-1.062142570525228,-0.7693454114958405,-0.5876870022273739,-1.086856912642484,related,8
UBERON:0012072,related,direct,"dermatocranium, palatal series",Mistral-Small-3.1-24B-Instruct-2503,-1,0.8241577500625912,0.7624269261342045,0.5583946599618962,0.8829224171035127,0.847523804326852,0.7845206653179567,0.6270477202452444,0.90234825244205,0.7930567672143735,0.3198345095675792,0.0052297289137061,0.7881333459776227,0.9547402696985424,0.7800738948977033,0.5954203542337021,0.9582890546444202,0.7773291683455791,0.4965520432399932,0.2662228761081124,0.7586425572685761,0.7675824725595011,0.301251228999242,0.1979178807736533,0.7017390476524672,0.6198389616100467,-0.022517804728944,-0.1070862212862387,0.5229519172038644,0.7233877934390424,0.5100489536033952,0.3941988456727853,0.662961231739673,0.3322555729129453,-0.4260009662684213,-0.4160111038309273,0.182093524839169,0.8334404055727874,0.3465755036018104,0.1010185639049462,0.810237273558021,exact,8
UBERON:0012072,related,direct,palatal series,Mistral-Small-3.1-24B-Instruct-2503,-1,0.1906311949807186,-0.2517395731085299,-0.2940520151314282,0.0215245541103088,-0.1473052992744754,-0.5249909300319354,-0.4805687392550896,-0.3247973705089161,-0.6152215016695409,-0.6534172657956873,-0.0925523730113188,-0.7146641584089217,-0.5898125185963934,-0.6514660583339156,-0.5992312198489663,-0.6761214209161135,-0.3568854996965662,-0.6572480316689884,-0.5615538645644818,-0.5170534241846755,-1.1103274833691257,-0.7671171203158358,-0.6683857085295446,-1.1101709614386677,-0.9583879392446844,-0.8287133835480571,-0.7213467053949368,-1.0046113183972991,-0.3689068988180788,-0.5890050301003709,-0.5455407575959761,-0.4970898335687017,-0.1349904299408277,-0.7544923822520442,-0.6770124503723239,-0.3056289156982363,-0.2756510150224777,-0.5967561054619294,-0.4909073377572997,-0.4605748601602124,related,8
UBERON:0012314,related,direct,embryonic facial process,Mistral-Small-3.1-24B-Instruct-2503,-1,1.1951998440519855,3.367091176381704,3.767330332922802,1.801048910575935,0.8280990419215019,0.7494729480268378,0.5451557089294717,0.8700531941702634,-2.2840345119242,-0.9048498502777552,-0.112790182270518,-2.0272797888813003,0.7634993932478588,0.4323495929590769,0.323768438516465,0.6956275067973464,0.7567814175374761,0.4635118183533648,0.2309257519380478,0.7281924489571725,0.528074370614491,-0.0443250818206583,-0.1043672820903007,0.3879362637845041,0.2508821516463916,-0.1671864154729851,-0.1773893573403733,0.0889416973663266,0.5506350648086197,-0.1558914137188229,-0.1831501313684344,0.4452654066798637,0.4150891302813624,-0.2631930967327827,-0.3421397086067238,0.278605670529521,0.6726164940949725,0.1680074102041356,-0.0264175287666036,0.5632411492480951,related,8
UBERON:0012314,related,direct,facial primordium,Mistral-Small-3.1-24B-Instruct-2503,-1,0.1037764675705397,-0.3714617346331117,-0.3641054682775552,-0.0742231117038836,-0.2118223171604152,-0.5386046324724271,-0.5161581938477325,-0.3874243248908487,-0.0863591352023236,-0.3018061083672511,-0.0645151924976921,-0.2228718924496395,-0.0685243143550191,-0.2973426120677634,-0.3300678909737263,-0.2110203315774718,0.5889917127842539,0.1854304342486201,0.0059505036728338,0.4953024996907381,-0.0894945504995171,-0.4667371843108299,-0.4428898196231002,-0.2630230983717083,-1.2164459306158129,-0.7704460256376205,-0.6821636733956492,-1.203499265632205,0.2568664740727052,-0.3734056649111579,-0.3773932511648086,0.1123261538643387,-0.12544038296717,-0.5873359399315767,-0.4756749352102939,-0.2964314959657893,0.037004266838574,-0.4187888117124886,-0.3936989343244187,-0.1709200705732383,exact,8
UBERON:0012314,related,direct,primordium of face,Mistral-Small-3.1-24B-Instruct-2503,-1,-0.0156395705638144,-0.466903217168738,-0.4522316083697644,-0.2004803361976855,-0.2357495490798863,-0.5429035868650105,-0.4933310907478119,-0.4103378628414139,-0.4382900592131588,-0.5572550370879296,-0.0856924968134067,-0.5562458058398843,-1.348339978233274,-0.851426575225808,-0.749377609746647,-1.2792734116887163,-0.0432087089924072,-0.4465585946263136,-0.425169096478216,-0.22007110441621,-0.2548785460106891,-0.5361058810184433,-0.488859904372711,-0.4143168981541758,-1.629069124917073,-0.8591008023917093,-0.7473612579105313,-1.5064886452236954,-0.6033302890546671,-0.6509095520787075,-0.5928445523094411,-0.7019035447730154,-0.1541126850870488,-0.6173022670297192,-0.6493903954311356,-0.323964779772064,-0.224642712977367,-0.5520003475064529,-0.4748218813596919,-0.4153640040214019,related,8
UBERON:0012367,exact,direct,intestinal muscularis propria,Mistral-Small-3.1-24B-Instruct-2503,-1,0.4459392916948619,-0.0505973208566549,-0.1026985107520322,0.326854311066613,0.0245449074409313,-0.4218363570555235,-0.3997411930268847,-0.1514019390404644,-0.201709131483334,-0.3642800198271022,-0.0605826484683669,-0.3351537872044872,-0.1137306275483454,-0.4405250637168007,-0.4501230304455048,-0.2535858901673695,0.4661481871043876,0.0354849448246963,-0.1008497534871646,0.3393512965182048,0.5162366169116169,-0.118863047483882,-0.161354851410249,0.373646684132067,-0.3243120483831337,-0.60597747398017,-0.549522768458993,-0.4736128417580997,-0.4427933180754322,-0.604815053888876,-0.5683249473482992,-0.5627539418524055,0.3427971548182942,-0.0736831445723446,-0.1846645436546191,0.1941701991602953,0.3904054041223131,-0.2472138049399861,-0.2883596745136204,0.2039286389174854,exact,9
UBERON:0012367,exact,direct,muscularis externa of intestine,Mistral-Small-3.1-24B-Instruct-2503,-1,0.5505472127110068,0.0988434109181206,-0.00307877254827,0.4651149369566471,0.5854859804277658,0.1752174850425759,0.034395086909574,0.5087788645198897,0.2676195903940024,-0.0929079031144995,-0.0410312457224596,0.1448389369173398,0.8391285669810702,0.6153737329763492,0.4554978784645606,0.7957077372779242,0.8600733553204324,0.6891098474987052,0.4109556082186156,0.8864756507195968,0.3514972383736955,-0.2577325694594365,-0.2736515665088344,0.183843808285361,-0.0735585620860341,-0.4634784666262123,-0.4353595260165745,-0.2407917647220855,0.0576891174047892,-0.3693569529936785,-0.3608780495895778,-0.0937383621231919,0.8666828928111416,0.6955776858898323,0.5950175993938036,0.8948941572242141,0.1578800774430915,-0.422421072411663,-0.3919605269184548,-0.0495402878634515,exact,9
UBERON:0012367,related,direct,smooth muscle of intestine,Mistral-Small-3.1-24B-Instruct-2503,-1,0.9148481684508049,0.9329688258296074,0.7784805692082823,1.0488514175535104,0.8446280284009885,0.7122153375090278,0.527079340287888,0.897494129750889,0.6670274914378197,0.1576844221545235,-0.0153567963235422,0.6190202349053135,1.2696044260284185,1.7998963461045558,1.6818498016802146,1.4925298396305229,0.846066570091899,0.6608393600746675,0.411005684839157,0.8642043310397775,0.5077428850646677,-0.1224463380601658,-0.160234958566281,0.3634526322473812,-0.1988478468846883,-0.5381733326004067,-0.5046184369823736,-0.359142602641457,0.3421152976620907,-0.2659152323792383,-0.2516577897074546,0.2049480247652896,0.5613323116159022,0.1548217984857775,0.011681064458511,0.4591568097147919,0.5206999817320143,-0.1608666362841646,-0.2358131144244042,0.3609847192674263,related,8
UBERON:0013501,exact,direct,sphincter cloacae,Mistral-Small-3.1-24B-Instruct-2503,-1,0.7564501913192737,0.5318762420237568,0.3282639224338731,0.7698169890465455,0.9447105173592332,1.041260610771591,0.8212269095112837,1.0744364998943,-0.0957453093929903,-0.4294078416881627,-0.0718134494843926,-0.2321303016769309,1.1388619739888035,0.9750385664160556,0.7966183754382443,1.2494004085501047,0.6433441763531059,0.2460431501542104,0.0702303726167555,0.5679446772352619,1.1249961530295325,1.3448403706084944,1.1207111916686765,1.3302708709604874,0.8040450021269314,0.5053368042777667,0.3804369736093972,0.7776190980129757,0.8410684418847877,0.2551572810558504,0.1963344058913263,0.8239808141141839,0.8673048361352739,0.4366334224615518,0.8900870499887247,0.8958934954050551,0.4787296298373332,-0.1825330867242585,-0.2416382907830958,0.3089673369289637,exact,9
UBERON:0013757,exact,direct,blood in capillary,Mistral-Small-3.1-24B-Instruct-2503,-1,0.8593019123335126,0.7678524094271456,0.5654809352736113,0.9450154279073149,0.7631362811067753,0.511014196619862,0.3866517395790027,0.7662484043203385,-1.2001111191454688,-0.8157687922784554,-0.1081966167663227,-1.2057218468875035,0.9286795044633032,0.5657757461840809,0.4220972235576287,0.9205050513968372,0.0091254982661316,-0.4109257304678398,-0.3744653233697446,-0.1675813483651433,1.0443327021384414,0.9505498713693196,0.7595196460936869,1.1592329120754887,1.161009213277167,1.7557628374949548,1.554178732207887,1.429256412121451,0.2848331008054654,-0.4123136965820102,-0.4283522523782772,0.1423922181948889,0.9147741241916264,0.5093551079388419,0.5712067249563075,0.9739656174738016,1.1580083404268633,2.185486554557344,1.8917003225630449,1.591301334697376,exact,9
UBERON:0013757,exact,direct,portion of blood in capillary,Mistral-Small-3.1-24B-Instruct-2503,-1,0.5461733986920081,0.1146765312069441,-0.0193860116649042,0.4591448174647944,0.3799837357002118,-0.0812773378337415,-0.1577281093027381,0.2457672516464372,-1.329639861153345,-0.8081716011479079,-0.1105351611432684,-1.3090046594518796,0.6204021079479629,0.1585001308137427,0.0717562713315733,0.5172236096145668,-0.5190396450736676,-0.7199918775452179,-0.5879300455430451,-0.6604997172066824,0.8096487691053392,0.3320965931424423,0.2058814504598609,0.7629304431737659,0.7125305419061313,0.3018443272965047,0.2404937176282307,0.6468766586914891,-0.4841115518944988,-0.696957682418674,-0.6318671575651512,-0.5990144884641726,0.4352786973619852,-0.279468041822614,0.0465234805668567,0.3027175068935204,0.7838949975428905,0.3209017188367927,0.0866355726257252,0.7295090751072523,exact,8
UBERON:0013757,exact,direct,portion of capillary blood,Mistral-Small-3.1-24B-Instruct-2503,-1,0.7018529506424416,0.3867127384712034,0.2328962084962239,0.6839071270749236,0.7521751984589974,0.4736622111572991,0.3192738782486269,0.7493162477444321,-0.5970872391797213,-0.6401246358027213,-0.0985504459121077,-0.6986713812257455,0.902165779186102,0.5035419693057092,0.3877221215754685,0.8827740748230308,0.0993441483859243,-0.3398724573984593,-0.3391457845435858,-0.0747953710644299,0.963979580126508,0.6818309936645467,0.5105666034953156,1.0104550723256378,0.7402843993375614,0.3292347758555748,0.2449754229401564,0.6855621452417573,-0.2537105544509517,-0.6234041327940683,-0.5575564219843681,-0.3924697063550779,0.4637779991549214,-0.2668020050847907,0.2805679079465401,0.3371734770863812,0.821931273962443,0.4185419188747482,0.1507714651572373,0.7910493603075435,related,8
UBERON:0013767,exact,direct,processus frontalis (maxilla),Mistral-Small-3.1-24B-Instruct-2503,-1,0.5696019132067465,0.1798714215200129,0.0384971495120225,0.4913336174146842,0.6016919197672258,0.1978492782979177,0.0735766405096592,0.5309325299426838,0.809090503289307,0.5380042341144213,0.0397539205222508,0.8105449236302753,0.4932382859686235,0.0447314760910503,-0.0206293262461721,0.3685915260078493,0.682270160479425,0.3263006475422542,0.0952948869041478,0.6215340513620413,1.0768160733202865,1.0145971650066852,0.8611799494241422,1.2249495969966924,1.025259991377249,0.9815762017767612,0.8649231940534736,1.1437661020919268,0.7189255278010755,0.5009162441778768,0.3860867626709862,0.6570796360618993,0.6941043435252152,0.4313985500130231,0.4782912544281915,0.6369349478286199,0.7181695172939316,0.1196459120557221,-0.0447528750778112,0.6290935970898941,exact,9
UBERON:0013767,related,direct,frontal appendage of maxilla,Mistral-Small-3.1-24B-Instruct-2503,-1,0.6691664950250188,0.3582110601684349,0.1857765185986585,0.6344197583356852,0.7435833870232895,0.45771482034513,0.2877848428119772,0.7361529371480516,1.001691995953626,0.8417459683175449,0.0582252952093036,1.0997626799347162,0.7897149676113635,0.565725559303894,0.4312151469376721,0.729817256280622,0.9186676145393324,0.8308573099099632,0.536099541192523,0.982807823755062,0.5604710322565712,-0.0544864681143831,-0.1187899589008696,0.4275483241175499,0.0119838587365353,-0.4111118985394036,-0.4075493741785336,-0.1573774640457647,1.1993829963898646,1.6767815998178826,1.559828241821493,1.419448978688477,0.7431442171943476,0.4634692547412269,0.781425476732691,0.706713036875764,0.2819515503531534,-0.3277910760773098,-0.335817714510203,0.0820081059823451,exact,9
UBERON:0013767,related,direct,frontal process of the maxilla,Mistral-Small-3.1-24B-Instruct-2503,-1,1.068503849377664,1.7975153517136733,1.5876459170685893,1.389443170219071,1.1985463607463938,2.6221111195638365,2.6771151493361987,1.6717269254034317,1.2364375608266185,1.6128589308986985,0.1451001855554569,1.527316229119123,1.454798736421662,3.322237794423549,3.774549716149962,1.9425221237857704,1.1268462151127516,1.597483300190953,1.2265238324743464,1.3818407960785328,1.3141963687960707,4.788867418468351,5.821359678910033,1.9765635182503083,1.3583474614091406,6.897776833370397,9.410237981923972,2.1693965082403217,0.9128488477101588,0.8195035514045756,0.7526958827293605,0.9285935272157956,1.2239807539964855,2.830149670077072,2.755371906502043,1.6262202278911977,1.1920011468276452,3.1652088720216183,3.47549693019048,1.7688992164018338,exact,9
UBERON:0013767,related,direct,nasal process of maxilla,Mistral-Small-3.1-24B-Instruct-2503,-1,1.158431579166475,2.754102797498913,2.852158876230872,1.6576377403866716,0.9861715987370236,1.157253011016181,0.9333840376009233,1.1542791417803735,-0.0703227051580049,-0.3388977649765214,-0.0601189340937913,-0.2070016364661548,1.1213656756590902,1.2811890564474588,1.1064570862477447,1.2195705338117653,0.8867018055474019,0.7571421215824222,0.5112299051429581,0.9295968068423148,0.2457454470056904,-0.3232375439514037,-0.3189556341429296,0.069621502782626,0.2952722589260231,-0.283054358419088,-0.305484867309343,0.1372413247336845,1.0367747130586358,0.7483365010509466,0.5828924475296616,1.1237492785001766,0.0272345501917576,-0.2148762282213222,-0.3244808117761134,-0.1455278121628903,0.2092820966429139,-0.3917683124040624,-0.3568621448863376,0.0040299646818943,exact,9
UBERON:0013767,related,direct,processus frontalis maxillae,Mistral-Small-3.1-24B-Instruct-2503,-1,0.4385188947746944,-0.0098924948630613,-0.1192413168801453,0.3173809793394218,0.5851046916158593,0.1561929005483152,0.0594884641560442,0.5082604613739982,0.4657525719115934,0.1121597140964673,-0.020218278647319,0.370226390012955,0.3526072984740584,-0.1142193097953227,-0.1664654501982376,0.2130487118118871,0.6701671052395275,0.3128394108078854,0.1147377766775067,0.6047243647559237,1.063533160621334,0.9521001538348444,0.754815867438294,1.1976215964794947,1.1655892582392973,1.6777888445491929,1.5117882377358176,1.4402680881715784,-0.7076593304141061,-0.693613396108426,-0.6507243263623381,-0.789965583935701,0.8173799442646751,0.7752469153874962,0.6495675808900706,0.8174395410838409,0.7485099907706635,0.1916178900074705,-0.0008845503101484,0.6745909367474651,exact,9
UBERON:0014454,related,direct,abdominal fat,Mistral-Small-3.1-24B-Instruct-2503,-1,-0.7286498188435905,-0.8307557788232605,-0.6710998138312144,-0.8611905255635317,-1.1953393349714356,-0.9935859224623445,-0.8312679375044237,-1.2249733420366022,0.8058196396029534,0.4503740800849834,0.0205511485904544,0.8059550456415182,0.2840661712564329,-0.2728190529371754,-0.32075246050003,0.1401245908790489,0.5731870803927862,0.1880657987265452,0.0465639507337815,0.4746254403380253,0.6201024757897402,0.021580595339401,-0.049499018192015,0.5025342563939315,0.1961523879798051,-0.3429991001098917,-0.3409868799983082,0.0305725469274271,0.695783817429543,-0.082229607248473,-0.1383027141303366,0.6268160284284854,0.4910362738091295,-0.068928988966097,-0.1268253159465364,0.3706084477242658,0.5826348378413753,-0.0686061383328973,-0.187760717296819,0.4405809836278729,related,10
UBERON:0014454,related,direct,intra-abdominal adipose tissue,Mistral-Small-3.1-24B-Instruct-2503,-1,0.886513278871359,0.8769184604824439,0.7095649771038421,0.994940069006188,0.7612601227166207,0.5329329422651994,0.3789940123990668,0.7633389832389268,0.8513565738258511,0.491885734151997,0.0367728549881065,0.8707163039388369,1.038437947759688,0.7219053682689074,0.5645453884406532,1.084857619089915,0.9458686963746884,0.9398993717929682,0.6795129968527941,1.0294392157317018,0.7551335687232855,0.1974337482961253,0.1096684468707092,0.6840458140859957,0.6208737834843355,0.0051942855898438,-0.0455300965066618,0.5242943733260128,0.1535281241095597,-0.4076971842113679,-0.3901523593109897,0.003737133842344,0.8408865424073363,0.5685075251594931,0.4013504808812913,0.853943985374128,0.5235844888025767,-0.1655544633925946,-0.2286533640895366,0.3646142550848355,exact,9
UBERON:0014454,related,direct,intra-abdominal fat,Mistral-Small-3.1-24B-Instruct-2503,-1,0.0736269770390057,-0.3710586278069963,-0.3372551161627453,-0.1066584971545326,-0.1749514560823778,-0.5280528582605621,-0.4877677695614795,-0.3517873523222397,0.3827190475221929,-0.0451202528218348,-0.0317343083874823,0.27371837275098,0.3438036555608419,-0.3641242755420845,-0.35533007117216,0.2035829527889651,0.4880594494026487,0.0797735592027159,0.0156858146529042,0.3664043922343466,0.4008710954747021,-0.1980558694312892,-0.2065519415342453,0.2390834802714782,0.0187640214424257,-0.4529823371011675,-0.442764484424649,-0.1506679125819607,-0.0973870765784979,-0.5232527791973554,-0.4957363406517312,-0.2456615308130661,0.5394484851350573,0.0451879031775929,-0.0488111201849131,0.4312159577282879,0.0321480779224625,-0.5290786419920738,-0.4538275935358402,-0.1756725135823822,related,8
UBERON:0014454,related,direct,organ fat,Mistral-Small-3.1-24B-Instruct-2503,-1,-1.299265340840558,-1.038266644311658,-0.8496622690323844,-1.3142689399457024,-1.7041510054033508,-1.1239698369253852,-0.8992495288841348,-1.5992516693055414,-0.6009730975914299,-0.5519204602598644,-0.0845313789899785,-0.7021028474690237,-1.4233544204809654,-0.9566461909757878,-0.8311979728145765,-1.3355225932380996,-0.3482225558549756,-0.6193421511154555,-0.4893637701430989,-0.5092136998078921,-0.619457552966275,-0.6686415102710445,-0.5959641350176414,-0.7259121098421747,-1.1680111294855329,-0.8246719935145729,-0.7221856412334483,-1.1667794354091268,0.2814929996696642,-0.4249224420488872,-0.4221879589719158,0.1387853905843762,-0.7298034424705728,-0.8356698397845647,-0.7007913136206796,-0.8340738629815116,-0.2968647842850703,-0.6116951743661859,-0.4921123882896482,-0.47917075089419,related,8
UBERON:0014454,related,direct,visceral adipose tissue,Mistral-Small-3.1-24B-Instruct-2503,-1,1.1667655338073488,2.8458205076227583,2.984959912596344,1.6875952132820995,1.22441886450665,3.063580943237803,3.214058616581714,1.7580909126279731,1.3068502234993138,1.9760514577698345,0.1988212871091437,1.6833562786679692,0.9672810377319252,0.6572501148991758,0.488324180563671,0.9767303775692504,1.1950887767144658,2.0279521775481824,1.679412330497562,1.5429670825206383,1.059280970427874,0.973559011058476,0.7959301211417646,1.1890099963829348,1.036470561682045,0.9126993442155188,0.7321784447763943,1.1649886580980648,1.1374440123482945,0.7735753812375334,0.6621447422441374,1.30011746564086,1.0201148811197889,1.042144092459549,0.8143841078084697,1.162240731659722,1.1128712228985431,1.597084009857222,1.2383871297848872,1.4255429447931656,related,8
UBERON:0014454,related,direct,visceral fat,Mistral-Small-3.1-24B-Instruct-2503,-1,0.6362603405950061,0.2975671761514162,0.1925880281748184,0.5859224732586588,0.7344145947581593,0.5099212894505601,0.3990312850450176,0.7222086327257479,0.8015785620851731,0.4516126518044451,0.0194797719082685,0.800017474770072,0.1382568593761816,-0.3502628688086426,-0.3666973769048234,-0.0095742750039778,0.650289225369537,0.3071079387774241,0.1508241541930225,0.5774063838597102,0.3519083480775798,-0.2259381637357862,-0.2606746294333696,0.1842984581861854,0.1180881657373508,-0.3734549766338365,-0.3362067576554865,-0.0505989654721983,0.5881630609472447,-0.2018887052226972,-0.2596514522791607,0.4909365836650341,0.5332712296593948,-0.0161112563998756,-0.1224691636844183,0.4233918277372234,0.5903017441122905,-0.1002860623668873,-0.2087144465822582,0.4506898579774476,related,9
UBERON:0014872,exact,direct,distal end of distal phalanx of second toe,Mistral-Small-3.1-24B-Instruct-2503,-1,0.8681837235070476,0.7592576658512067,0.5883231787039153,0.9611237756737894,0.8636062713219268,0.654408483626106,0.4703420776562967,0.9295694666794172,-0.732057799345621,-0.5412688250342444,-0.0793155304735388,-0.8164664131557353,0.9508307248879002,0.4236730610068551,0.3238958592818046,0.9525750650387288,1.0897504912592757,1.4215844947251095,1.0433361900493168,1.3022005523932425,0.4331464398221115,-0.1740719320622269,-0.2162571507768633,0.275918748593126,0.1063071794348674,-0.4776541584856923,-0.463480613318048,-0.0626491220129101,0.938127851360424,0.8305228743823642,0.6990723062480174,0.9667850880854654,0.5738012029486769,0.5711758884558416,0.3652925988550318,0.475236075418135,0.4699677461060004,-0.169511566925527,-0.2229794738149138,0.2982883381807413,exact,9
UBERON:0014872,exact,direct,distal epiphysis of distal phalanx of second toe,Mistral-Small-3.1-24B-Instruct-2503,-1,1.122343963450349,2.229567431645512,2.1517250295806973,1.5399058869356237,1.1652445493211503,2.236456966288189,2.128382058710582,1.5719841608608225,-0.1921624736878656,-0.3544197769584808,-0.058464380696111,-0.3259811000687766,1.2637499379634562,1.4254681146299917,1.3114967042420151,1.4807288029580368,1.1135568400501967,1.5326117965282515,1.1501028157869062,1.3527564401680476,0.568377953490113,-0.04680499847169,-0.0860590136748923,0.4373325241589266,0.2928760224582549,-0.329418803083802,-0.3526014615911054,0.1346111393449445,0.4816620252290846,-0.014970188387798,-0.0879574644615884,0.3633826088171328,0.7962217183286511,1.007923236909112,0.787136944561055,0.7852024365037025,0.7119618929542418,0.1152350350643307,-0.0519205609286862,0.619952516278571,exact,9
UBERON:0014872,exact,direct,head of distal phalanx of second toe,Mistral-Small-3.1-24B-Instruct-2503,-1,0.7929911096487182,0.5709484651203611,0.4106773622208797,0.829869294501155,0.7142381265077471,0.3544433085371625,0.2089401303922395,0.6918860239395559,-0.6295872858422912,-0.5211453848699118,-0.0795472438148429,-0.7272958894422662,0.8514064052251769,0.3731705983676127,0.2562298969990357,0.8123900105268204,0.991413437544358,1.0518272569362015,0.7020826902087819,1.110623467675132,0.0366206720382245,-0.4375732575471541,-0.395264510055328,-0.1424421702789201,-0.3097572664893235,-0.675879856071204,-0.6084635274738055,-0.4605250580438867,0.981408406815464,0.9292941239600524,0.7618364525355728,1.034002661366528,0.1416828449928445,0.0898369224296916,-0.0243474774701239,-0.0271241486495432,0.3337023936638346,-0.2916469383461211,-0.3207430302466302,0.1392978094768205,related,8
UBERON:0014872,related,direct,ungual tuberosity of distal phalanx of second toe,Mistral-Small-3.1-24B-Instruct-2503,-1,0.7569723236238785,0.5103807297175018,0.3008976239796351,0.7706598606147594,0.8606662317254347,0.719078417637825,0.5117333658239781,0.9245593486204448,-0.4988909005323323,-0.4907994692614535,-0.0722121683283304,-0.6111190037832644,0.797611871344739,0.3358932674721527,0.2092314929950881,0.7402177024532147,1.0609676496603764,1.3025804970171373,0.9500870623121188,1.2434656231620969,-0.2997883830338104,-0.5750390458817725,-0.5119642494513975,-0.4542158478200779,-1.1068579679436323,-0.9497588894749776,-0.8171808102353985,-1.120029160476638,1.0122239433405251,0.98393618246003,0.8589911488683315,1.0833965483502417,-1.3575258353755204,-0.6282556928107956,-0.5616059670638394,-1.322848145769152,0.0321841987623444,-0.460477252070279,-0.4082200629446282,-0.1756371978085107,related,8
UBERON:0015789,exact,direct,cranial/facial muscle,Mistral-Small-3.1-24B-Instruct-2503,-1,1.0085629217591652,1.4122147344131046,1.1850410040815722,1.24468087993613,1.066706629501158,1.4742546507047083,1.2480076131453564,1.3242019939042258,1.3631283985136136,2.1919878283509915,0.2212986852812909,1.823833793728094,1.161796659657771,0.6529423433812118,0.5136820346804009,1.2893467241861754,1.0254601681924251,1.175388790508371,0.8509660783594837,1.1741781099268085,1.201765661036191,1.9005333573426504,1.7277039948581498,1.5260981816237866,1.0212532165314503,1.3110760619005897,1.1124159250965608,1.136261778532739,1.0545030549519514,0.557724062854351,0.4334118128498851,1.1534805633274423,1.210403802718418,1.9252824238120296,1.8300444443247288,1.5885321653964162,1.0169528486043695,1.0098166940195854,0.6564165545071041,1.1673771478708552,exact,9
UBERON:0015789,related,direct,cranial-facial muscle,Mistral-Small-3.1-24B-Instruct-2503,-1,0.916922097431678,1.0050322576175184,0.7635963218648137,1.0528807899316823,0.8995398297605119,0.791972873744453,0.5815196574286249,0.9920970391690036,1.2418305026829393,1.349247031705545,0.1192018492683386,1.5386509891258355,0.9441211006858522,0.1518334070757677,0.0247095773525987,0.9428067306488682,0.7028330374054853,0.3801245814420756,0.169645579183637,0.6504109481660507,0.9457709570809236,0.5839676150934594,0.3910497719639176,0.9789683352424702,0.4533582210698998,0.1832076740458518,0.0926731328370694,0.3171550640428497,-0.0965698905821474,-0.5492711950380338,-0.5331557885289165,-0.2448782005852373,0.9798730034162828,0.7082495812056332,0.55949378222931,1.0875459101084808,0.9655657937524984,0.723219560703492,0.4008913066748737,1.0550784541834033,exact,9
UBERON:0015789,related,direct,cranio-facial muscle,Mistral-Small-3.1-24B-Instruct-2503,-1,0.8375107101720952,0.736780776837473,0.5469461629168605,0.9062164324252856,0.6856220517241398,0.2896908611254635,0.1509392585336062,0.649695326111053,0.9068627341849178,0.4966736861847979,0.0179215509601061,0.9523469388227078,-0.0377193455699706,-0.749212850494784,-0.6980229732942185,-0.1817293645570905,0.7088056931246564,0.3928338552106424,0.1699044376009124,0.6588754281505702,0.697002428411045,0.1189732174530108,0.0156041419029532,0.6037019645519767,0.236249493086707,-0.0148860010584174,-0.0892406365186707,0.0732117624200721,0.158341310528256,-0.4145664915428448,-0.39279230430898,0.0087115152018921,0.6315647253354936,0.0215762277827957,0.0381352201895305,0.5513227368427855,0.8147519990299323,0.3391377342199946,0.1113532454852816,0.779218695067241,exact,9
UBERON:0015789,related,direct,craniofacial muscle,Mistral-Small-3.1-24B-Instruct-2503,-1,0.5232760547241645,0.109835187192766,0.0051445697811869,0.4281744067146596,0.5550100549221302,0.0988008309304613,-0.0432886976683261,0.4677401846661133,0.8015854894350206,0.3368381697093532,-0.000545062563595,0.800027160547079,-0.6781212971208768,-1.019298102437298,-0.8946880505296928,-0.750144053305957,-0.1104356598169831,-0.485244927586348,-0.4529412927974988,-0.2861637441502065,0.4588364228073927,-0.1493132539918717,-0.1959471360072753,0.3056734392326244,0.1007114759664905,-0.1334284281822591,-0.2028403127622461,-0.0683550534185261,0.679286142006808,-0.0694400344791397,-0.120017831206491,0.6054792367397549,0.3196744458308733,-0.351582365111609,-0.4203528106328271,0.1677551967291205,0.522742357221332,-0.0142784125376425,-0.1466509522860248,0.3635538643992042,exact,9
UBERON:0016526,exact,direct,cerebral hemisphere lobe,Mistral-Small-3.1-24B-Instruct-2503,-1,0.5411488312281226,0.0461506353189002,-0.0532166044749773,0.4523081669376276,0.7004597000522371,0.2311741388360073,0.1593685586011682,0.6714553621499915,0.2400341135955029,-0.2643438733374509,-0.0619030946834582,0.1147176934171085,1.1969293217189616,1.0395103336749616,0.9057007251612388,1.3525651903213975,0.3753093661483425,-0.0822482129370102,-0.1453507544694973,0.2303473341217395,1.263413861978887,2.8166002868975,2.8036573724830927,1.7284827036656112,1.250126621567729,2.402730991166796,2.3111287457642304,1.6706934717185662,-0.6999165908482057,-0.8036572002731459,-0.7183154053171317,-0.783490111509735,0.9084445998331592,0.6694748098502918,0.4770089625986657,0.9633415871502872,1.1676567327712954,2.39596550204938,2.1674923313957484,1.6345446425188372,exact,9
UBERON:0016526,exact,direct,cerebral lobe,Mistral-Small-3.1-24B-Instruct-2503,-1,0.2651090924487236,-0.3001757543524878,-0.3255131782235043,0.1066107754839681,0.566357085715565,0.015572817944023,-0.0171411289441318,0.482927323239214,0.6502136587994977,0.1194617606837759,-0.0082857600786496,0.5973155167264922,0.3632068091847467,-0.1826703282258536,-0.2157112458964253,0.224485468853235,0.5566066942375045,0.1534204105050582,-0.0122623110608772,0.4531382292752093,0.6790090579948763,0.093616978549187,0.0029562634326721,0.5795390534898889,0.7602958483486325,0.2625341735613918,0.1892955471001416,0.7139581273582112,-0.3856469930531283,-0.6939208286525735,-0.6669640467289456,-0.5120619293671288,0.7690449396962258,0.278443318394623,0.15820182462854,0.7446058580172533,0.8326395549514076,0.357032779806454,0.1061319373876922,0.8088930404701926,exact,9
UBERON:0016526,exact,direct,lobe of cerebral cortex,Mistral-Small-3.1-24B-Instruct-2503,-1,0.9749663846680708,1.1252959927363035,0.8918485842718157,1.1709244034100834,1.094188933072172,1.554335063875924,1.357264311711729,1.3879100452646806,0.9354869286077812,0.468230360689442,0.0283929964280402,0.995715414954588,0.5344445442525071,0.015808100038655,-0.0520522258534411,0.4158510630596446,1.20030080478778,2.0558079795690083,1.709189614454378,1.5562327363255963,-0.042521558856995,-0.4616042991649153,-0.43931672033955,-0.2186808723954043,0.6051406583215361,0.0550254543792249,0.0184767968919366,0.503976847445621,1.2900236835628265,2.0613931193204875,1.8539453844568323,1.615073780988407,0.666355662985542,0.2113768764116058,0.069589318271489,0.5985075451138177,0.7683537481777385,0.2167670063318217,0.0236644833121255,0.7051288937251309,related,8
UBERON:0016526,exact,direct,lobe parts of cerebral cortex,Mistral-Small-3.1-24B-Instruct-2503,-1,0.7030174933990498,0.3330015095705383,0.1915193038064919,0.685695827885616,0.7398520372448572,0.3317167773925801,0.1626220561570243,0.7304654391759734,0.6636219292822082,0.1111546749934745,-0.0104939897968903,0.614608980397674,0.3953714771915981,-0.1249325686967101,-0.171836032390216,0.2594646918203644,0.849992878138836,0.6790289695691573,0.3901092070311893,0.8704196826249626,-0.2614791195727762,-0.5516581106244738,-0.5093876655307763,-0.4202108668131161,0.4603964776475099,-0.1164308692075077,-0.1224473671894142,0.3254846683560617,1.0261830637004343,0.9746509214927624,0.7719876196302708,1.106226821252056,0.5864116400034954,0.0930437287272652,0.0433445917643043,0.4916188708128232,0.6299154692106821,0.0253293597098687,-0.1022237903543703,0.5038998166731264,related,8
UBERON:0016526,exact,direct,lobi cerebri,Mistral-Small-3.1-24B-Instruct-2503,-1,-0.5825626229605749,-0.7818078691648982,-0.6735581649107336,-0.7360981062331423,-1.1048364362039802,-1.0115581895864545,-0.8379285195289179,-1.1550123809420083,-0.0046087099457978,-0.3434896131540172,-0.0564156805748966,-0.1412606997639465,-1.8723467618223373,-1.2534795491090402,-1.0629013019358733,-1.662495073518497,0.0910204617613778,-0.3256628875050394,-0.3295788885759866,-0.0834838832481357,0.1384743371668086,-0.3801709585300041,-0.37896848860326,-0.041230684424364,0.6055557287187096,0.0746281327895185,-0.0131095157934479,0.504510336742004,-0.5310191033297527,-0.6206988246108548,-0.5752483202235127,-0.6397976295751503,0.1702271840609765,-0.3418454263853396,-0.4198817287766564,0.0031958841962843,-0.1216234975744262,-0.5182831807634076,-0.4463387098350134,-0.3217710390903331,related,9
UBERON:0016526,related,direct,cerebral cortical segment,Mistral-Small-3.1-24B-Instruct-2503,-1,0.1073236300446982,-0.4078534310747213,-0.3911082350586624,-0.0703808691213147,0.3689915908274312,-0.1844036109085916,-0.2596039407943219,0.2325125299884105,-0.5972080829492842,-0.6422978923536983,-0.0957817002458755,-0.698778131229729,-0.6093758054720225,-0.725941518460531,-0.6671551627324678,-0.6926222942365808,0.0692366910287575,-0.3502249050273213,-0.3428348313111061,-0.106096553960274,-1.3101355464718758,-0.8332051582395118,-0.7196492061887918,-1.2578597759328063,-1.0093205019202336,-0.8828844375188409,-0.7735097096201988,-1.0445227552585798,-0.5377770164706254,-0.697461138953062,-0.6383360228003545,-0.6456405154709923,-0.3980023980651131,-0.6778156964416132,-0.6707141128214055,-0.549208288963039,0.1287429439464226,-0.3989685436449056,-0.3634117397074801,-0.0793661528134566,related,8
UBERON:0016526,related,direct,lobes of the brain,Mistral-Small-3.1-24B-Instruct-2503,-1,0.430459563649558,-0.098643290807259,-0.1716292711671041,0.3071383549171522,0.6133068622513076,0.1234966739981796,-0.0076248225242315,0.5469572742402846,0.5734205220644355,0.0182216616105325,-0.0253447299523219,0.5004410392381468,-0.003300116052268,-0.4420138865570215,-0.4525658983437092,-0.1487180621728402,0.5107075697328336,0.0990010342324676,-0.036541355113464,0.3947005078477871,0.4943816295359282,-0.1183693418485144,-0.1687023008834781,0.3475141719584678,0.6400249195896739,0.0941658462863165,0.0247524930715065,0.5492976339173283,0.3257099955367901,0.0091340337776122,-0.0560407828648433,0.1868948219853951,0.5027273785480469,0.0265428355630672,-0.1037661067989456,0.3850978375711987,0.6746733179202429,0.0877451625146567,-0.0722488935229263,0.5661554690768671,related,8
UBERON:0016526,related,direct,regional organ part of cerebral cortex,Mistral-Small-3.1-24B-Instruct-2503,-1,0.4908795181094317,-0.0172487529383472,-0.0725272700319314,0.385136986175168,0.2858085053818288,-0.2811731758424271,-0.3185431756705191,0.134472263458665,0.576213783464077,-0.007957655836029,-0.0250284854907419,0.5039029956360185,-0.2851936139932118,-0.5961236236422802,-0.5428000801917721,-0.4108377524839778,0.5891429739638276,0.1970280325351322,0.0818695236176913,0.4955013317331581,-1.128491610729831,-0.792529223503858,-0.6924096079823209,-1.123780063577375,-1.169769674301848,-0.8894950032318507,-0.7648746274006135,-1.16811732648458,0.7332429001557963,0.4181248059255834,0.3055869160105464,0.6760049887053459,-0.3243707423843164,-0.6587520815947099,-0.5834388863309568,-0.4827918734283632,0.2416019921451694,-0.3208059582362,-0.3108667016392047,0.0383722593629508,related,8
UBERON:0016526,related,direct,segment of cerebral cortex,Mistral-Small-3.1-24B-Instruct-2503,-1,0.4472672180620988,-0.0752341909004727,-0.1590758811000207,0.3285539895132588,0.8074783838535531,0.4904992130732153,0.3343647306072667,0.8364296149855344,0.6127713328734672,0.0511511327623496,-0.0181704147058773,0.5496332513951773,-0.0825050530100465,-0.4543799697353661,-0.4309004543791948,-0.2242368390735852,0.7310367647740162,0.4369249300999126,0.2212647898938932,0.6906965192304119,-1.3308541825106486,-0.8407423715233285,-0.7282827370504438,-1.272932254763464,-0.8373553685388496,-0.830854512657735,-0.7277627817887473,-0.9083486599626592,1.078465861300678,1.1124643183669474,0.9256415989441196,1.1945117184695653,-0.0558720903373704,-0.4970467332420132,-0.5096832432839142,-0.2285980289187727,0.2063459883725203,-0.360266547704967,-0.3364253792697443,0.0009359654870158,related,8
UBERON:0018413,exact,direct,canalis nervi facialis,Mistral-Small-3.1-24B-Instruct-2503,-1,-0.5362541457131662,-0.742051587563673,-0.6334117212107324,-0.6955089638040689,-0.2339564821416135,-0.6129019534177956,-0.5483929338706763,-0.4086264575608101,-1.2302524031849464,-0.7457935422451347,-0.104250675458578,-1.2299086606429614,0.1704657585625376,-0.3237729055194076,-0.3144325207418746,0.0229014054652804,-0.4560609725211214,-0.6851634221651732,-0.5818149405037283,-0.6055089524419356,0.980558976556514,0.6877400422145967,0.5267295757937146,1.0397755616943505,1.0860323319457117,1.363252426264425,1.191559076509515,1.2632291250121546,0.0860403885030564,-0.5309343065024907,-0.52772463345683,-0.0652068536028485,0.8240390270971941,0.4279753905116883,0.3070305284140482,0.8277052512735558,0.5375157807329961,-0.0442391132585233,-0.1551011994996768,0.3822468132917702,exact,9
UBERON:0018413,exact,direct,facial canal,Mistral-Small-3.1-24B-Instruct-2503,-1,0.3714669562221123,-0.1441395650732562,-0.2099256393618777,0.2335718415824476,0.6096019153641273,0.1157520829207575,0.0149061446855944,0.5418321274603456,-1.759821936615768,-0.8403579355401225,-0.1012165975612305,-1.6410194268735028,1.234169517573947,1.7400642333102652,1.5898052254986963,1.4225855766873532,0.91756124705445,0.8272350564461177,0.5030238196841444,0.9809382764318678,0.7887373184320899,0.2551236186413705,0.1606800430062834,0.7322325959684597,0.503821892825263,0.0368841346321377,-0.0458159091015965,0.3775517844284519,1.183975228127334,0.8536226240851849,0.6961086364296752,1.3888433919627714,1.0319253703818445,0.8965686905812615,0.7027439122503519,1.1849139700952502,0.7485915206663967,0.2342252227814622,0.0221499864771883,0.6747150995405523,exact,9
UBERON:0018413,related,direct,fallopian canal,Mistral-Small-3.1-24B-Instruct-2503,-1,-0.9833718203076915,-0.9095567700466228,-0.7621648994482028,-1.0697663106426931,-0.1689347030993822,-0.5735346728271149,-0.5223559191316859,-0.3459333197997483,0.2645792535164647,-0.2638559133281121,-0.0620152874693289,0.1415052840755213,-0.0133385460599833,-0.2659966328866221,-0.2784643967559473,-0.1583773627764399,-0.5039005618723247,-0.695109455240489,-0.5782736939991405,-0.6473612471733765,-2.4996451555337207,-1.0140272493166187,-0.8438055802562495,-2.068152673373763,-1.568792993261538,-0.9332321768257628,-0.8115043968630125,-1.4632335928303282,-0.154737209352284,-0.6334475814306065,-0.6016394627947993,-0.3002102358283465,-0.5158749555358475,-0.7290715047221666,-0.7260903547995899,-0.6529681972262982,-1.880080413217092,-0.9441168396423234,-0.6817418196627891,-1.6456978744722286,related,8
UBERON:0018415,exact,direct,ethmoidal foramen,Mistral-Small-3.1-24B-Instruct-2503,-1,1.188020698676023,3.254297565729745,3.630503016331219,1.7704580565249546,1.2102195449023552,2.765779984832052,2.781200356193331,1.7095618134633308,1.189924255127985,1.2346912024127374,0.0979063579694706,1.43307912050744,1.3859049884118764,2.55783833992671,2.6748544874183526,1.7530313546055754,1.0398148541339782,1.2258300883467144,0.8277654976519776,1.2017960441017728,1.186932244856447,1.7520778366497023,1.5628293652852048,1.4846966784722486,1.1226262102819713,1.2509689160615722,1.094837038326571,1.341205605342692,1.4654664790137713,3.693384922986915,3.831073504110051,2.1406022890316354,1.2791364036862514,2.936435310550836,2.8543882932285047,1.7979966407729722,0.7842221491498201,0.2283026635899183,0.0183501129144149,0.7300268461174633,exact,9
UBERON:0018415,exact,direct,foramina ethmoidalia,Mistral-Small-3.1-24B-Instruct-2503,-1,0.4801212287865917,0.0402934457299785,-0.0744443173127976,0.3710387502335651,0.5374311652375571,0.1172077403233109,0.000961513628027,0.4444226005484583,-0.4254598375899498,-0.5683192471780398,-0.0885889389113661,-0.5445419433340019,0.7426255529054315,0.400282264210399,0.2703945359344347,0.6687621847673181,0.15960444145413,-0.2769022316737451,-0.2932272644632496,-0.0110725542531466,0.6568680812599638,0.0752573720840002,-0.0040900515162886,0.5502296885561193,0.9690864514077244,0.6823574458221202,0.5170889872495427,1.042097801012982,-0.0332863618779213,-0.5101854834629662,-0.4986991069883285,-0.1836785054909348,0.7272939558349693,0.2327813810834363,0.087523752492737,0.6838873355655201,-0.3884465937454321,-0.6415816801360439,-0.5091744429119378,-0.5581332408380356,exact,9
UBERON:0018415,related,direct,ethmoid foramina,Mistral-Small-3.1-24B-Instruct-2503,-1,0.8710710942940293,0.8432091747538758,0.6516707735361014,0.96639868584653,0.9994297329237408,1.2211493928388422,1.0239387423231243,1.180794559171287,-0.4901385788527169,-0.5742440041526424,-0.08970536916973,-0.6032347233166314,1.3059513977861894,2.104545569435774,2.0444865004764776,1.5682186043129964,0.5662269052583978,0.1547770520279966,0.0237706378889848,0.4655802709787822,0.4677298552082572,-0.1197910069918107,-0.1611864212346356,0.3160673962713298,1.268891636193575,2.618569425589554,2.601879241360616,1.73175118960743,1.1992549445172307,1.0778828775589726,0.8593937891337853,1.4191918842967952,0.7743378918478061,0.3126613744863651,0.1313562807872374,0.752443535571797,0.3013577295856601,-0.3112199818246546,-0.3383296643659717,0.1033111589324684,related,9
UBERON:0018415,related,direct,ethmoidal foramina,Mistral-Small-3.1-24B-Instruct-2503,-1,0.8389220664681638,0.7461746009204846,0.5199172370013554,0.9086993512331076,0.9837083642943206,1.1523005174490686,0.897776819953613,1.149408278859019,-0.4715879056665054,-0.5753137432010661,-0.0888198057288954,-0.5864787307921382,1.1689084599549424,1.4368364399111315,1.3122341055601745,1.3019389017585214,0.4152855350357023,-0.0381141168270914,-0.1072796094200075,0.27771500208298,0.5794041363251895,-0.013051000544317,-0.0675407429128736,0.4510553288161655,1.05363074616715,0.9399783649173372,0.789334597734947,1.198151803743617,1.0975612302465012,0.723268814522873,0.5548963307172579,1.2279497527847083,0.7261315652084877,0.2310063148044461,0.0711244193389711,0.682223892733581,-0.1025398258408643,-0.5355520561083028,-0.4543233235740198,-0.304076045261351,related,9
UBERON:0019200,exact,direct,anterior chest skin,Mistral-Small-3.1-24B-Instruct-2503,-1,0.2633118727318087,-0.2337404790162835,-0.2515391030116882,0.1045225765546431,0.4098523947070473,-0.0871728201466859,-0.1897601352057714,0.2821602729060028,1.072317482207749,0.904363120364264,0.0657400136232954,1.2174174922723826,0.9649023831896868,0.9530723896168172,0.8631090268307015,0.9732192262842164,0.8541763301910482,0.6527817012722715,0.3771642697668168,0.877065650929292,1.2334355598252438,2.292172489837262,2.148211110996877,1.6226640597923423,1.2030613896556273,1.963669581785004,1.869214532399581,1.5352678722728506,0.1490492410530068,-0.4039486980117137,-0.3692544843398139,-0.000884730108406,1.1151077879136826,1.4258693818478774,1.3422787549555155,1.3563638054180267,1.1860319200311755,2.8563894421302973,2.935314539652327,1.7312038749435446,exact,9
UBERON:0019200,exact,direct,skin of anterior part of thorax,Mistral-Small-3.1-24B-Instruct-2503,-1,0.4247355752823006,-0.0559086718761868,-0.156920194900238,0.2998926942026897,0.7267554266281533,0.4039616153131281,0.2640386157752006,0.7106400007068049,0.9508729574719684,0.4514595903806058,0.0410366157418869,1.0194131552933174,0.8524970314383279,0.6139351158354491,0.453781490032298,0.8138781074075677,0.7301918630423969,0.414934990438175,0.2486940957281434,0.6894778839064122,0.8993421818919245,0.4769014342934514,0.3462206082840194,0.901735187186714,1.1034840442638016,1.2845374599394417,1.131894000035685,1.299769685918167,0.6488269024861364,0.4154069437123149,0.3631168396324291,0.566585033627831,1.068519228794492,1.3732318247709143,1.1489421705944405,1.257611550773172,0.985158769328394,0.7482205402032721,0.4204862068220297,1.0964150559005923,exact,9
UBERON:0019200,exact,direct,skin of ventral chest,Mistral-Small-3.1-24B-Instruct-2503,-1,0.6966024271213036,0.3684273282520703,0.1990755279554993,0.6758648783561899,0.9844018284675028,1.1459814429422472,0.8928096767039766,1.1507778337498988,1.2910466293804268,1.6779180254305197,0.1468079368707691,1.646684750608484,0.764777182877987,0.5875894268902413,0.4258010187852964,0.6972822108772628,1.0141436710863114,1.0979842736599803,0.7865624240069349,1.1527591095395264,0.7469684203954445,0.1798072112330616,0.0603705349852899,0.6725383231502637,0.985450744522218,0.8014051202818063,0.6164448821731888,1.070965984001295,1.349308768106679,2.664987434548625,2.607695649091804,1.7625086062050426,0.7255546591595512,0.368109330619624,0.1781111369019048,0.6813988349456653,0.3969216036369934,-0.3089587409711342,-0.3260466702727067,0.2114891102907523,exact,9
UBERON:0019200,exact,direct,ventral chest skin,Mistral-Small-3.1-24B-Instruct-2503,-1,0.1461108992079346,-0.3531346273449818,-0.3671600109320905,-0.0279961851688337,-0.0850612597030978,-0.5082943832398331,-0.4896717067418938,-0.2631490467447666,-0.7595343628104061,-0.6360252560912877,-0.0924346967120965,-0.8401090415930544,0.2578202903440085,0.0102100709019574,-0.0575411257663601,0.1126532865401649,0.6358826784521301,0.2252719631767902,0.0656193068187972,0.5578260982941318,0.6857305685466352,0.0928729853943184,-0.0120248399662376,0.5885283254667054,0.8028593196957131,0.3646122547827499,0.2271069958055034,0.7758635943156725,0.0401122872691702,-0.4543479528116373,-0.3875619225180006,-0.1113038625927827,0.3937872139911423,-0.1497484354490766,-0.1945813276303167,0.2534232276091462,0.4310263846414091,-0.2619791639289504,-0.2979890835821548,0.2515350933768762,exact,9
UBERON:0035804,exact,direct,primitive mouth,Mistral-Small-3.1-24B-Instruct-2503,-1,-0.3930876925886649,-0.7482408506612077,-0.6486160512492221,-0.5668887055380988,0.0404270230847396,-0.4841623952292972,-0.4720664848573753,-0.1348477308494108,-0.3448551190276556,-0.5166208122613212,-0.0865112630792752,-0.4702933346005423,0.5520129230228944,0.460809923343326,0.3472716726047466,0.4362546802570741,-1.2368193205051936,-1.0303157950314408,-0.7933563761941079,-1.2347387213516583,-0.2226077653232673,-0.5099751727946104,-0.4687416634240348,-0.3853487069110004,-0.4636191330391763,-0.6718565231197078,-0.5932872917019644,-0.5965396614513896,-1.2470846863507965,-0.8888747545964961,-0.7875299040866239,-1.2206551977413076,-0.1444911503749852,-0.6303916426537634,-0.6382767304620318,-0.3147522301260418,-0.1977357833374014,-0.5201522694486495,-0.457876959923172,-0.3912220953040263,exact,9
UBERON:0035804,exact,direct,primordial mouth,Mistral-Small-3.1-24B-Instruct-2503,-1,-1.0936050042753098,-0.9844134177739352,-0.8067126457080557,-1.156720774691434,-1.106484287240366,-0.9919470370302944,-0.8067248061338402,-1.1562965022096183,-0.5140298539186235,-0.5633959794560742,-0.0849720602414184,-0.6247246322234736,0.7249723977076608,0.673698161828661,0.5285525472142028,0.6462800036193853,-0.7544020404904915,-0.8662273364023229,-0.6793058644583706,-0.8586867095491689,-0.1456081727922329,-0.4792311336275313,-0.4481937360342555,-0.315167433085687,-0.5699383144008074,-0.7154790660638869,-0.6494089324645018,-0.6877222705350904,-1.302739353681197,-0.8633358172677753,-0.753260653741968,-1.263082358640952,0.0310727268667757,-0.5245870802558222,-0.5410529495672417,-0.1416346705011757,0.0359020652101802,-0.4160703078423087,-0.3872736212532545,-0.1719995200416072,exact,9
UBERON:8410001,exact,direct,venule of small intestine,Mistral-Small-3.1-24B-Instruct-2503,-1,1.0086762474124948,1.3419240908526833,1.158827743880858,1.2449375657855517,0.9218914303167284,0.9294522766047124,0.7032716820032741,1.0322836812362068,-0.7826978812895502,-0.5530683834164976,-0.0823036626056371,-0.8599558456150891,1.129964135045161,1.3793395926704293,1.278312041380201,1.2341630135027597,0.8362626847815232,0.6478509569281391,0.3509936324688656,0.8487767732425548,1.2630442055198905,2.8161886222680788,2.859014315003472,1.7270619739456954,1.1026119071522555,1.1259486509030845,0.9632976306940404,1.2979166514716698,-0.1137019603967861,-0.5187931504443041,-0.4938509123775746,-0.2612643820068439,1.1160943187036854,1.2099562951377552,1.148442646507499,1.358540970702633,1.168965339199014,2.2910566377193766,2.05921319614283,1.640733029608133,exact,9
UBERON:0035804,exact,,primitive mouth,Mistral-Small-3.1-24B-Instruct-2503,-1,-0.3930876925886649,-0.7482408506612077,-0.6486160512492221,-0.5668887055380988,0.0404270230847396,-0.4841623952292972,-0.4720664848573753,-0.1348477308494108,-0.3448551190276556,-0.5166208122613212,-0.0865112630792752,-0.4702933346005423,0.5520129230228944,0.460809923343326,0.3472716726047466,0.4362546802570741,-1.2368193205051936,-1.0303157950314408,-0.7933563761941079,-1.2347387213516583,-0.2226077653232673,-0.5099751727946104,-0.4687416634240348,-0.3853487069110004,-0.4636191330391763,-0.6718565231197078,-0.5932872917019644,-0.5965396614513896,-1.2470846863507965,-0.8888747545964961,-0.7875299040866239,-1.2206551977413076,-0.1444911503749852,-0.6303916426537634,-0.6382767304620318,-0.3147522301260418,-0.1977357833374014,-0.5201522694486495,-0.457876959923172,-0.3912220953040263,exact,8
UBERON:0019200,exact,,ventral chest skin,Mistral-Small-3.1-24B-Instruct-2503,-1,0.1461108992079346,-0.3531346273449818,-0.3671600109320905,-0.0279961851688337,-0.0850612597030978,-0.5082943832398331,-0.4896717067418938,-0.2631490467447666,-0.7595343628104061,-0.6360252560912877,-0.0924346967120965,-0.8401090415930544,0.2578202903440085,0.0102100709019574,-0.0575411257663601,0.1126532865401649,0.6358826784521301,0.2252719631767902,0.0656193068187972,0.5578260982941318,0.6857305685466352,0.0928729853943184,-0.0120248399662376,0.5885283254667054,0.8028593196957131,0.3646122547827499,0.2271069958055034,0.7758635943156725,0.0401122872691702,-0.4543479528116373,-0.3875619225180006,-0.1113038625927827,0.3937872139911423,-0.1497484354490766,-0.1945813276303167,0.2534232276091462,0.4310263846414091,-0.2619791639289504,-0.2979890835821548,0.2515350933768762,exact,9
UBERON:0019200,exact,,skin of ventral chest,Mistral-Small-3.1-24B-Instruct-2503,-1,0.6966024271213036,0.3684273282520703,0.1990755279554993,0.6758648783561899,0.9844018284675028,1.1459814429422472,0.8928096767039766,1.1507778337498988,1.2910466293804268,1.6779180254305197,0.1468079368707691,1.646684750608484,0.764777182877987,0.5875894268902413,0.4258010187852964,0.6972822108772628,1.0141436710863114,1.0979842736599803,0.7865624240069349,1.1527591095395264,0.7469684203954445,0.1798072112330616,0.0603705349852899,0.6725383231502637,0.985450744522218,0.8014051202818063,0.6164448821731888,1.070965984001295,1.349308768106679,2.664987434548625,2.607695649091804,1.7625086062050426,0.7255546591595512,0.368109330619624,0.1781111369019048,0.6813988349456653,0.3969216036369934,-0.3089587409711342,-0.3260466702727067,0.2114891102907523,exact,9
UBERON:0019200,exact,,skin of anterior part of thorax,Mistral-Small-3.1-24B-Instruct-2503,-1,0.4247355752823006,-0.0559086718761868,-0.156920194900238,0.2998926942026897,0.7267554266281533,0.4039616153131281,0.2640386157752006,0.7106400007068049,0.9508729574719684,0.4514595903806058,0.0410366157418869,1.0194131552933174,0.8524970314383279,0.6139351158354491,0.453781490032298,0.8138781074075677,0.7301918630423969,0.414934990438175,0.2486940957281434,0.6894778839064122,0.8993421818919245,0.4769014342934514,0.3462206082840194,0.901735187186714,1.1034840442638016,1.2845374599394417,1.131894000035685,1.299769685918167,0.6488269024861364,0.4154069437123149,0.3631168396324291,0.566585033627831,1.068519228794492,1.3732318247709143,1.1489421705944405,1.257611550773172,0.985158769328394,0.7482205402032721,0.4204862068220297,1.0964150559005923,exact,9
UBERON:0019200,exact,,anterior chest skin,Mistral-Small-3.1-24B-Instruct-2503,-1,0.2633118727318087,-0.2337404790162835,-0.2515391030116882,0.1045225765546431,0.4098523947070473,-0.0871728201466859,-0.1897601352057714,0.2821602729060028,1.072317482207749,0.904363120364264,0.0657400136232954,1.2174174922723826,0.9649023831896868,0.9530723896168172,0.8631090268307015,0.9732192262842164,0.8541763301910482,0.6527817012722715,0.3771642697668168,0.877065650929292,1.2334355598252438,2.292172489837262,2.148211110996877,1.6226640597923423,1.2030613896556273,1.963669581785004,1.869214532399581,1.5352678722728506,0.1490492410530068,-0.4039486980117137,-0.3692544843398139,-0.000884730108406,1.1151077879136826,1.4258693818478774,1.3422787549555155,1.3563638054180267,1.1860319200311755,2.8563894421302973,2.935314539652327,1.7312038749435446,exact,9
UBERON:0018415,related,,ethmoidal foramina,Mistral-Small-3.1-24B-Instruct-2503,-1,0.8389220664681638,0.7461746009204846,0.5199172370013554,0.9086993512331076,0.9837083642943206,1.1523005174490686,0.897776819953613,1.149408278859019,-0.4715879056665054,-0.5753137432010661,-0.0888198057288954,-0.5864787307921382,1.1689084599549424,1.4368364399111315,1.3122341055601745,1.3019389017585214,0.4152855350357023,-0.0381141168270914,-0.1072796094200075,0.27771500208298,0.5794041363251895,-0.013051000544317,-0.0675407429128736,0.4510553288161655,1.05363074616715,0.9399783649173372,0.789334597734947,1.198151803743617,1.0975612302465012,0.723268814522873,0.5548963307172579,1.2279497527847083,0.7261315652084877,0.2310063148044461,0.0711244193389711,0.682223892733581,-0.1025398258408643,-0.5355520561083028,-0.4543233235740198,-0.304076045261351,related,9
UBERON:0018415,related,,ethmoid foramina,Mistral-Small-3.1-24B-Instruct-2503,-1,0.8710710942940293,0.8432091747538758,0.6516707735361014,0.96639868584653,0.9994297329237408,1.2211493928388422,1.0239387423231243,1.180794559171287,-0.4901385788527169,-0.5742440041526424,-0.08970536916973,-0.6032347233166314,1.3059513977861894,2.104545569435774,2.0444865004764776,1.5682186043129964,0.5662269052583978,0.1547770520279966,0.0237706378889848,0.4655802709787822,0.4677298552082572,-0.1197910069918107,-0.1611864212346356,0.3160673962713298,1.268891636193575,2.618569425589554,2.601879241360616,1.73175118960743,1.1992549445172307,1.0778828775589726,0.8593937891337853,1.4191918842967952,0.7743378918478061,0.3126613744863651,0.1313562807872374,0.752443535571797,0.3013577295856601,-0.3112199818246546,-0.3383296643659717,0.1033111589324684,related,9
UBERON:0018415,exact,,foramina ethmoidalia,Mistral-Small-3.1-24B-Instruct-2503,-1,0.4801212287865917,0.0402934457299785,-0.0744443173127976,0.3710387502335651,0.5374311652375571,0.1172077403233109,0.000961513628027,0.4444226005484583,-0.4254598375899498,-0.5683192471780398,-0.0885889389113661,-0.5445419433340019,0.7426255529054315,0.400282264210399,0.2703945359344347,0.6687621847673181,0.15960444145413,-0.2769022316737451,-0.2932272644632496,-0.0110725542531466,0.6568680812599638,0.0752573720840002,-0.0040900515162886,0.5502296885561193,0.9690864514077244,0.6823574458221202,0.5170889872495427,1.042097801012982,-0.0332863618779213,-0.5101854834629662,-0.4986991069883285,-0.1836785054909348,0.7272939558349693,0.2327813810834363,0.087523752492737,0.6838873355655201,-0.3884465937454321,-0.6415816801360439,-0.5091744429119378,-0.5581332408380356,exact,9
UBERON:0018413,related,,fallopian canal,Mistral-Small-3.1-24B-Instruct-2503,-1,-0.9833718203076915,-0.9095567700466228,-0.7621648994482028,-1.0697663106426931,-0.1689347030993822,-0.5735346728271149,-0.5223559191316859,-0.3459333197997483,0.2645792535164647,-0.2638559133281121,-0.0620152874693289,0.1415052840755213,-0.0133385460599833,-0.2659966328866221,-0.2784643967559473,-0.1583773627764399,-0.5039005618723247,-0.695109455240489,-0.5782736939991405,-0.6473612471733765,-2.4996451555337207,-1.0140272493166187,-0.8438055802562495,-2.068152673373763,-1.568792993261538,-0.9332321768257628,-0.8115043968630125,-1.4632335928303282,-0.154737209352284,-0.6334475814306065,-0.6016394627947993,-0.3002102358283465,-0.5158749555358475,-0.7290715047221666,-0.7260903547995899,-0.6529681972262982,-1.880080413217092,-0.9441168396423234,-0.6817418196627891,-1.6456978744722286,related,8
UBERON:0018413,exact,,facial canal,Mistral-Small-3.1-24B-Instruct-2503,-1,0.3714669562221123,-0.1441395650732562,-0.2099256393618777,0.2335718415824476,0.6096019153641273,0.1157520829207575,0.0149061446855944,0.5418321274603456,-1.759821936615768,-0.8403579355401225,-0.1012165975612305,-1.6410194268735028,1.234169517573947,1.7400642333102652,1.5898052254986963,1.4225855766873532,0.91756124705445,0.8272350564461177,0.5030238196841444,0.9809382764318678,0.7887373184320899,0.2551236186413705,0.1606800430062834,0.7322325959684597,0.503821892825263,0.0368841346321377,-0.0458159091015965,0.3775517844284519,1.183975228127334,0.8536226240851849,0.6961086364296752,1.3888433919627714,1.0319253703818445,0.8965686905812615,0.7027439122503519,1.1849139700952502,0.7485915206663967,0.2342252227814622,0.0221499864771883,0.6747150995405523,exact,9
UBERON:0018413,exact,,canalis nervi facialis,Mistral-Small-3.1-24B-Instruct-2503,-1,-0.5362541457131662,-0.742051587563673,-0.6334117212107324,-0.6955089638040689,-0.2339564821416135,-0.6129019534177956,-0.5483929338706763,-0.4086264575608101,-1.2302524031849464,-0.7457935422451347,-0.104250675458578,-1.2299086606429614,0.1704657585625376,-0.3237729055194076,-0.3144325207418746,0.0229014054652804,-0.4560609725211214,-0.6851634221651732,-0.5818149405037283,-0.6055089524419356,0.980558976556514,0.6877400422145967,0.5267295757937146,1.0397755616943505,1.0860323319457117,1.363252426264425,1.191559076509515,1.2632291250121546,0.0860403885030564,-0.5309343065024907,-0.52772463345683,-0.0652068536028485,0.8240390270971941,0.4279753905116883,0.3070305284140482,0.8277052512735558,0.5375157807329961,-0.0442391132585233,-0.1551011994996768,0.3822468132917702,exact,9
UBERON:0016526,related,,segment of cerebral cortex,Mistral-Small-3.1-24B-Instruct-2503,-1,0.4472672180620988,-0.0752341909004727,-0.1590758811000207,0.3285539895132588,0.8074783838535531,0.4904992130732153,0.3343647306072667,0.8364296149855344,0.6127713328734672,0.0511511327623496,-0.0181704147058773,0.5496332513951773,-0.0825050530100465,-0.4543799697353661,-0.4309004543791948,-0.2242368390735852,0.7310367647740162,0.4369249300999126,0.2212647898938932,0.6906965192304119,-1.3308541825106486,-0.8407423715233285,-0.7282827370504438,-1.272932254763464,-0.8373553685388496,-0.830854512657735,-0.7277627817887473,-0.9083486599626592,1.078465861300678,1.1124643183669474,0.9256415989441196,1.1945117184695653,-0.0558720903373704,-0.4970467332420132,-0.5096832432839142,-0.2285980289187727,0.2063459883725203,-0.360266547704967,-0.3364253792697443,0.0009359654870158,related,8
UBERON:0016526,related,,regional organ part of cerebral cortex,Mistral-Small-3.1-24B-Instruct-2503,-1,0.4908795181094317,-0.0172487529383472,-0.0725272700319314,0.385136986175168,0.2858085053818288,-0.2811731758424271,-0.3185431756705191,0.134472263458665,0.576213783464077,-0.007957655836029,-0.0250284854907419,0.5039029956360185,-0.2851936139932118,-0.5961236236422802,-0.5428000801917721,-0.4108377524839778,0.5891429739638276,0.1970280325351322,0.0818695236176913,0.4955013317331581,-1.128491610729831,-0.792529223503858,-0.6924096079823209,-1.123780063577375,-1.169769674301848,-0.8894950032318507,-0.7648746274006135,-1.16811732648458,0.7332429001557963,0.4181248059255834,0.3055869160105464,0.6760049887053459,-0.3243707423843164,-0.6587520815947099,-0.5834388863309568,-0.4827918734283632,0.2416019921451694,-0.3208059582362,-0.3108667016392047,0.0383722593629508,related,8
UBERON:0016526,related,,lobes of the brain,Mistral-Small-3.1-24B-Instruct-2503,-1,0.430459563649558,-0.098643290807259,-0.1716292711671041,0.3071383549171522,0.6133068622513076,0.1234966739981796,-0.0076248225242315,0.5469572742402846,0.5734205220644355,0.0182216616105325,-0.0253447299523219,0.5004410392381468,-0.003300116052268,-0.4420138865570215,-0.4525658983437092,-0.1487180621728402,0.5107075697328336,0.0990010342324676,-0.036541355113464,0.3947005078477871,0.4943816295359282,-0.1183693418485144,-0.1687023008834781,0.3475141719584678,0.6400249195896739,0.0941658462863165,0.0247524930715065,0.5492976339173283,0.3257099955367901,0.0091340337776122,-0.0560407828648433,0.1868948219853951,0.5027273785480469,0.0265428355630672,-0.1037661067989456,0.3850978375711987,0.6746733179202429,0.0877451625146567,-0.0722488935229263,0.5661554690768671,related,8
UBERON:0016526,related,,cerebral cortical segment,Mistral-Small-3.1-24B-Instruct-2503,-1,0.1073236300446982,-0.4078534310747213,-0.3911082350586624,-0.0703808691213147,0.3689915908274312,-0.1844036109085916,-0.2596039407943219,0.2325125299884105,-0.5972080829492842,-0.6422978923536983,-0.0957817002458755,-0.698778131229729,-0.6093758054720225,-0.725941518460531,-0.6671551627324678,-0.6926222942365808,0.0692366910287575,-0.3502249050273213,-0.3428348313111061,-0.106096553960274,-1.3101355464718758,-0.8332051582395118,-0.7196492061887918,-1.2578597759328063,-1.0093205019202336,-0.8828844375188409,-0.7735097096201988,-1.0445227552585798,-0.5377770164706254,-0.697461138953062,-0.6383360228003545,-0.6456405154709923,-0.3980023980651131,-0.6778156964416132,-0.6707141128214055,-0.549208288963039,0.1287429439464226,-0.3989685436449056,-0.3634117397074801,-0.0793661528134566,exact,9
UBERON:0016526,exact,,lobi cerebri,Mistral-Small-3.1-24B-Instruct-2503,-1,-0.5825626229605749,-0.7818078691648982,-0.6735581649107336,-0.7360981062331423,-1.1048364362039802,-1.0115581895864545,-0.8379285195289179,-1.1550123809420083,-0.0046087099457978,-0.3434896131540172,-0.0564156805748966,-0.1412606997639465,-1.8723467618223373,-1.2534795491090402,-1.0629013019358733,-1.662495073518497,0.0910204617613778,-0.3256628875050394,-0.3295788885759866,-0.0834838832481357,0.1384743371668086,-0.3801709585300041,-0.37896848860326,-0.041230684424364,0.6055557287187096,0.0746281327895185,-0.0131095157934479,0.504510336742004,-0.5310191033297527,-0.6206988246108548,-0.5752483202235127,-0.6397976295751503,0.1702271840609765,-0.3418454263853396,-0.4198817287766564,0.0031958841962843,-0.1216234975744262,-0.5182831807634076,-0.4463387098350134,-0.3217710390903331,related,9
UBERON:0016526,exact,,lobe parts of cerebral cortex,Mistral-Small-3.1-24B-Instruct-2503,-1,0.7030174933990498,0.3330015095705383,0.1915193038064919,0.685695827885616,0.7398520372448572,0.3317167773925801,0.1626220561570243,0.7304654391759734,0.6636219292822082,0.1111546749934745,-0.0104939897968903,0.614608980397674,0.3953714771915981,-0.1249325686967101,-0.171836032390216,0.2594646918203644,0.849992878138836,0.6790289695691573,0.3901092070311893,0.8704196826249626,-0.2614791195727762,-0.5516581106244738,-0.5093876655307763,-0.4202108668131161,0.4603964776475099,-0.1164308692075077,-0.1224473671894142,0.3254846683560617,1.0261830637004343,0.9746509214927624,0.7719876196302708,1.106226821252056,0.5864116400034954,0.0930437287272652,0.0433445917643043,0.4916188708128232,0.6299154692106821,0.0253293597098687,-0.1022237903543703,0.5038998166731264,related,8
UBERON:0016526,exact,,lobe of cerebral cortex,Mistral-Small-3.1-24B-Instruct-2503,-1,0.9749663846680708,1.1252959927363035,0.8918485842718157,1.1709244034100834,1.094188933072172,1.554335063875924,1.357264311711729,1.3879100452646806,0.9354869286077812,0.468230360689442,0.0283929964280402,0.995715414954588,0.5344445442525071,0.015808100038655,-0.0520522258534411,0.4158510630596446,1.20030080478778,2.0558079795690083,1.709189614454378,1.5562327363255963,-0.042521558856995,-0.4616042991649153,-0.43931672033955,-0.2186808723954043,0.6051406583215361,0.0550254543792249,0.0184767968919366,0.503976847445621,1.2900236835628265,2.0613931193204875,1.8539453844568323,1.615073780988407,0.666355662985542,0.2113768764116058,0.069589318271489,0.5985075451138177,0.7683537481777385,0.2167670063318217,0.0236644833121255,0.7051288937251309,related,8
UBERON:0016526,exact,,cerebral lobe,Mistral-Small-3.1-24B-Instruct-2503,-1,0.2651090924487236,-0.3001757543524878,-0.3255131782235043,0.1066107754839681,0.566357085715565,0.015572817944023,-0.0171411289441318,0.482927323239214,0.6502136587994977,0.1194617606837759,-0.0082857600786496,0.5973155167264922,0.3632068091847467,-0.1826703282258536,-0.2157112458964253,0.224485468853235,0.5566066942375045,0.1534204105050582,-0.0122623110608772,0.4531382292752093,0.6790090579948763,0.093616978549187,0.0029562634326721,0.5795390534898889,0.7602958483486325,0.2625341735613918,0.1892955471001416,0.7139581273582112,-0.3856469930531283,-0.6939208286525735,-0.6669640467289456,-0.5120619293671288,0.7690449396962258,0.278443318394623,0.15820182462854,0.7446058580172533,0.8326395549514076,0.357032779806454,0.1061319373876922,0.8088930404701926,exact,9
UBERON:0016526,exact,,cerebral hemisphere lobe,Mistral-Small-3.1-24B-Instruct-2503,-1,0.5411488312281226,0.0461506353189002,-0.0532166044749773,0.4523081669376276,0.7004597000522371,0.2311741388360073,0.1593685586011682,0.6714553621499915,0.2400341135955029,-0.2643438733374509,-0.0619030946834582,0.1147176934171085,1.1969293217189616,1.0395103336749616,0.9057007251612388,1.3525651903213975,0.3753093661483425,-0.0822482129370102,-0.1453507544694973,0.2303473341217395,1.263413861978887,2.8166002868975,2.8036573724830927,1.7284827036656112,1.250126621567729,2.402730991166796,2.3111287457642304,1.6706934717185662,-0.6999165908482057,-0.8036572002731459,-0.7183154053171317,-0.783490111509735,0.9084445998331592,0.6694748098502918,0.4770089625986657,0.9633415871502872,1.1676567327712954,2.39596550204938,2.1674923313957484,1.6345446425188372,exact,9
UBERON:0015789,related,,craniofacial muscle,Mistral-Small-3.1-24B-Instruct-2503,-1,0.5232760547241645,0.109835187192766,0.0051445697811869,0.4281744067146596,0.5550100549221302,0.0988008309304613,-0.0432886976683261,0.4677401846661133,0.8015854894350206,0.3368381697093532,-0.000545062563595,0.800027160547079,-0.6781212971208768,-1.019298102437298,-0.8946880505296928,-0.750144053305957,-0.1104356598169831,-0.485244927586348,-0.4529412927974988,-0.2861637441502065,0.4588364228073927,-0.1493132539918717,-0.1959471360072753,0.3056734392326244,0.1007114759664905,-0.1334284281822591,-0.2028403127622461,-0.0683550534185261,0.679286142006808,-0.0694400344791397,-0.120017831206491,0.6054792367397549,0.3196744458308733,-0.351582365111609,-0.4203528106328271,0.1677551967291205,0.522742357221332,-0.0142784125376425,-0.1466509522860248,0.3635538643992042,exact,9
UBERON:0015789,related,,cranio-facial muscle,Mistral-Small-3.1-24B-Instruct-2503,-1,0.8375107101720952,0.736780776837473,0.5469461629168605,0.9062164324252856,0.6856220517241398,0.2896908611254635,0.1509392585336062,0.649695326111053,0.9068627341849178,0.4966736861847979,0.0179215509601061,0.9523469388227078,-0.0377193455699706,-0.749212850494784,-0.6980229732942185,-0.1817293645570905,0.7088056931246564,0.3928338552106424,0.1699044376009124,0.6588754281505702,0.697002428411045,0.1189732174530108,0.0156041419029532,0.6037019645519767,0.236249493086707,-0.0148860010584174,-0.0892406365186707,0.0732117624200721,0.158341310528256,-0.4145664915428448,-0.39279230430898,0.0087115152018921,0.6315647253354936,0.0215762277827957,0.0381352201895305,0.5513227368427855,0.8147519990299323,0.3391377342199946,0.1113532454852816,0.779218695067241,exact,9
UBERON:0015789,related,,cranial-facial muscle,Mistral-Small-3.1-24B-Instruct-2503,-1,0.916922097431678,1.0050322576175184,0.7635963218648137,1.0528807899316823,0.8995398297605119,0.791972873744453,0.5815196574286249,0.9920970391690036,1.2418305026829393,1.349247031705545,0.1192018492683386,1.5386509891258355,0.9441211006858522,0.1518334070757677,0.0247095773525987,0.9428067306488682,0.7028330374054853,0.3801245814420756,0.169645579183637,0.6504109481660507,0.9457709570809236,0.5839676150934594,0.3910497719639176,0.9789683352424702,0.4533582210698998,0.1832076740458518,0.0926731328370694,0.3171550640428497,-0.0965698905821474,-0.5492711950380338,-0.5331557885289165,-0.2448782005852373,0.9798730034162828,0.7082495812056332,0.55949378222931,1.0875459101084808,0.9655657937524984,0.723219560703492,0.4008913066748737,1.0550784541834033,exact,9
UBERON:0015789,exact,,cranial/facial muscle,Mistral-Small-3.1-24B-Instruct-2503,-1,1.0085629217591652,1.4122147344131046,1.1850410040815722,1.24468087993613,1.066706629501158,1.4742546507047083,1.2480076131453564,1.3242019939042258,1.3631283985136136,2.1919878283509915,0.2212986852812909,1.823833793728094,1.161796659657771,0.6529423433812118,0.5136820346804009,1.2893467241861754,1.0254601681924251,1.175388790508371,0.8509660783594837,1.1741781099268085,1.201765661036191,1.9005333573426504,1.7277039948581498,1.5260981816237866,1.0212532165314503,1.3110760619005897,1.1124159250965608,1.136261778532739,1.0545030549519514,0.557724062854351,0.4334118128498851,1.1534805633274423,1.210403802718418,1.9252824238120296,1.8300444443247288,1.5885321653964162,1.0169528486043695,1.0098166940195854,0.6564165545071041,1.1673771478708552,exact,9
UBERON:0014872,related,,ungual tuberosity of distal phalanx of second toe,Mistral-Small-3.1-24B-Instruct-2503,-1,0.7569723236238785,0.5103807297175018,0.3008976239796351,0.7706598606147594,0.8606662317254347,0.719078417637825,0.5117333658239781,0.9245593486204448,-0.4988909005323323,-0.4907994692614535,-0.0722121683283304,-0.6111190037832644,0.797611871344739,0.3358932674721527,0.2092314929950881,0.7402177024532147,1.0609676496603764,1.3025804970171373,0.9500870623121188,1.2434656231620969,-0.2997883830338104,-0.5750390458817725,-0.5119642494513975,-0.4542158478200779,-1.1068579679436323,-0.9497588894749776,-0.8171808102353985,-1.120029160476638,1.0122239433405251,0.98393618246003,0.8589911488683315,1.0833965483502417,-1.3575258353755204,-0.6282556928107956,-0.5616059670638394,-1.322848145769152,0.0321841987623444,-0.460477252070279,-0.4082200629446282,-0.1756371978085107,related,8
UBERON:0014872,exact,,head of distal phalanx of second toe,Mistral-Small-3.1-24B-Instruct-2503,-1,0.7929911096487182,0.5709484651203611,0.4106773622208797,0.829869294501155,0.7142381265077471,0.3544433085371625,0.2089401303922395,0.6918860239395559,-0.6295872858422912,-0.5211453848699118,-0.0795472438148429,-0.7272958894422662,0.8514064052251769,0.3731705983676127,0.2562298969990357,0.8123900105268204,0.991413437544358,1.0518272569362015,0.7020826902087819,1.110623467675132,0.0366206720382245,-0.4375732575471541,-0.395264510055328,-0.1424421702789201,-0.3097572664893235,-0.675879856071204,-0.6084635274738055,-0.4605250580438867,0.981408406815464,0.9292941239600524,0.7618364525355728,1.034002661366528,0.1416828449928445,0.0898369224296916,-0.0243474774701239,-0.0271241486495432,0.3337023936638346,-0.2916469383461211,-0.3207430302466302,0.1392978094768205,related,8
UBERON:0014872,exact,,distal epiphysis of distal phalanx of second toe,Mistral-Small-3.1-24B-Instruct-2503,-1,1.122343963450349,2.229567431645512,2.1517250295806973,1.5399058869356237,1.1652445493211503,2.236456966288189,2.128382058710582,1.5719841608608225,-0.1921624736878656,-0.3544197769584808,-0.058464380696111,-0.3259811000687766,1.2637499379634562,1.4254681146299917,1.3114967042420151,1.4807288029580368,1.1135568400501967,1.5326117965282515,1.1501028157869062,1.3527564401680476,0.568377953490113,-0.04680499847169,-0.0860590136748923,0.4373325241589266,0.2928760224582549,-0.329418803083802,-0.3526014615911054,0.1346111393449445,0.4816620252290846,-0.014970188387798,-0.0879574644615884,0.3633826088171328,0.7962217183286511,1.007923236909112,0.787136944561055,0.7852024365037025,0.7119618929542418,0.1152350350643307,-0.0519205609286862,0.619952516278571,exact,9
UBERON:0014872,exact,,distal end of distal phalanx of second toe,Mistral-Small-3.1-24B-Instruct-2503,-1,0.8681837235070476,0.7592576658512067,0.5883231787039153,0.9611237756737894,0.8636062713219268,0.654408483626106,0.4703420776562967,0.9295694666794172,-0.732057799345621,-0.5412688250342444,-0.0793155304735388,-0.8164664131557353,0.9508307248879002,0.4236730610068551,0.3238958592818046,0.9525750650387288,1.0897504912592757,1.4215844947251095,1.0433361900493168,1.3022005523932425,0.4331464398221115,-0.1740719320622269,-0.2162571507768633,0.275918748593126,0.1063071794348674,-0.4776541584856923,-0.463480613318048,-0.0626491220129101,0.938127851360424,0.8305228743823642,0.6990723062480174,0.9667850880854654,0.5738012029486769,0.5711758884558416,0.3652925988550318,0.475236075418135,0.4699677461060004,-0.169511566925527,-0.2229794738149138,0.2982883381807413,exact,9
UBERON:0014454,related,,visceral fat,Mistral-Small-3.1-24B-Instruct-2503,-1,0.6362603405950061,0.2975671761514162,0.1925880281748184,0.5859224732586588,0.7344145947581593,0.5099212894505601,0.3990312850450176,0.7222086327257479,0.8015785620851731,0.4516126518044451,0.0194797719082685,0.800017474770072,0.1382568593761816,-0.3502628688086426,-0.3666973769048234,-0.0095742750039778,0.650289225369537,0.3071079387774241,0.1508241541930225,0.5774063838597102,0.3519083480775798,-0.2259381637357862,-0.2606746294333696,0.1842984581861854,0.1180881657373508,-0.3734549766338365,-0.3362067576554865,-0.0505989654721983,0.5881630609472447,-0.2018887052226972,-0.2596514522791607,0.4909365836650341,0.5332712296593948,-0.0161112563998756,-0.1224691636844183,0.4233918277372234,0.5903017441122905,-0.1002860623668873,-0.2087144465822582,0.4506898579774476,related,9
UBERON:0014454,related,,visceral adipose tissue,Mistral-Small-3.1-24B-Instruct-2503,-1,1.1667655338073488,2.8458205076227583,2.984959912596344,1.6875952132820995,1.22441886450665,3.063580943237803,3.214058616581714,1.7580909126279731,1.3068502234993138,1.9760514577698345,0.1988212871091437,1.6833562786679692,0.9672810377319252,0.6572501148991758,0.488324180563671,0.9767303775692504,1.1950887767144658,2.0279521775481824,1.679412330497562,1.5429670825206383,1.059280970427874,0.973559011058476,0.7959301211417646,1.1890099963829348,1.036470561682045,0.9126993442155188,0.7321784447763943,1.1649886580980648,1.1374440123482945,0.7735753812375334,0.6621447422441374,1.30011746564086,1.0201148811197889,1.042144092459549,0.8143841078084697,1.162240731659722,1.1128712228985431,1.597084009857222,1.2383871297848872,1.4255429447931656,related,9
UBERON:0014454,related,,organ fat,Mistral-Small-3.1-24B-Instruct-2503,-1,-1.299265340840558,-1.038266644311658,-0.8496622690323844,-1.3142689399457024,-1.7041510054033508,-1.1239698369253852,-0.8992495288841348,-1.5992516693055414,-0.6009730975914299,-0.5519204602598644,-0.0845313789899785,-0.7021028474690237,-1.4233544204809654,-0.9566461909757878,-0.8311979728145765,-1.3355225932380996,-0.3482225558549756,-0.6193421511154555,-0.4893637701430989,-0.5092136998078921,-0.619457552966275,-0.6686415102710445,-0.5959641350176414,-0.7259121098421747,-1.1680111294855329,-0.8246719935145729,-0.7221856412334483,-1.1667794354091268,0.2814929996696642,-0.4249224420488872,-0.4221879589719158,0.1387853905843762,-0.7298034424705728,-0.8356698397845647,-0.7007913136206796,-0.8340738629815116,-0.2968647842850703,-0.6116951743661859,-0.4921123882896482,-0.47917075089419,related,9
UBERON:0014454,related,,intra-abdominal fat,Mistral-Small-3.1-24B-Instruct-2503,-1,0.0736269770390057,-0.3710586278069963,-0.3372551161627453,-0.1066584971545326,-0.1749514560823778,-0.5280528582605621,-0.4877677695614795,-0.3517873523222397,0.3827190475221929,-0.0451202528218348,-0.0317343083874823,0.27371837275098,0.3438036555608419,-0.3641242755420845,-0.35533007117216,0.2035829527889651,0.4880594494026487,0.0797735592027159,0.0156858146529042,0.3664043922343466,0.4008710954747021,-0.1980558694312892,-0.2065519415342453,0.2390834802714782,0.0187640214424257,-0.4529823371011675,-0.442764484424649,-0.1506679125819607,-0.0973870765784979,-0.5232527791973554,-0.4957363406517312,-0.2456615308130661,0.5394484851350573,0.0451879031775929,-0.0488111201849131,0.4312159577282879,0.0321480779224625,-0.5290786419920738,-0.4538275935358402,-0.1756725135823822,related,10
UBERON:0014454,related,,abdominal fat,Mistral-Small-3.1-24B-Instruct-2503,-1,-0.7286498188435905,-0.8307557788232605,-0.6710998138312144,-0.8611905255635317,-1.1953393349714356,-0.9935859224623445,-0.8312679375044237,-1.2249733420366022,0.8058196396029534,0.4503740800849834,0.0205511485904544,0.8059550456415182,0.2840661712564329,-0.2728190529371754,-0.32075246050003,0.1401245908790489,0.5731870803927862,0.1880657987265452,0.0465639507337815,0.4746254403380253,0.6201024757897402,0.021580595339401,-0.049499018192015,0.5025342563939315,0.1961523879798051,-0.3429991001098917,-0.3409868799983082,0.0305725469274271,0.695783817429543,-0.082229607248473,-0.1383027141303366,0.6268160284284854,0.4910362738091295,-0.068928988966097,-0.1268253159465364,0.3706084477242658,0.5826348378413753,-0.0686061383328973,-0.187760717296819,0.4405809836278729,undefined,-1
UBERON:0013767,related,,processus frontalis maxillae,Mistral-Small-3.1-24B-Instruct-2503,-1,0.4385188947746944,-0.0098924948630613,-0.1192413168801453,0.3173809793394218,0.5851046916158593,0.1561929005483152,0.0594884641560442,0.5082604613739982,0.4657525719115934,0.1121597140964673,-0.020218278647319,0.370226390012955,0.3526072984740584,-0.1142193097953227,-0.1664654501982376,0.2130487118118871,0.6701671052395275,0.3128394108078854,0.1147377766775067,0.6047243647559237,1.063533160621334,0.9521001538348444,0.754815867438294,1.1976215964794947,1.1655892582392973,1.6777888445491929,1.5117882377358176,1.4402680881715784,-0.7076593304141061,-0.693613396108426,-0.6507243263623381,-0.789965583935701,0.8173799442646751,0.7752469153874962,0.6495675808900706,0.8174395410838409,0.7485099907706635,0.1916178900074705,-0.0008845503101484,0.6745909367474651,exact,9
UBERON:0013767,related,,nasal process of maxilla,Mistral-Small-3.1-24B-Instruct-2503,-1,1.158431579166475,2.754102797498913,2.852158876230872,1.6576377403866716,0.9861715987370236,1.157253011016181,0.9333840376009233,1.1542791417803735,-0.0703227051580049,-0.3388977649765214,-0.0601189340937913,-0.2070016364661548,1.1213656756590902,1.2811890564474588,1.1064570862477447,1.2195705338117653,0.8867018055474019,0.7571421215824222,0.5112299051429581,0.9295968068423148,0.2457454470056904,-0.3232375439514037,-0.3189556341429296,0.069621502782626,0.2952722589260231,-0.283054358419088,-0.305484867309343,0.1372413247336845,1.0367747130586358,0.7483365010509466,0.5828924475296616,1.1237492785001766,0.0272345501917576,-0.2148762282213222,-0.3244808117761134,-0.1455278121628903,0.2092820966429139,-0.3917683124040624,-0.3568621448863376,0.0040299646818943,exact,9
UBERON:0013767,related,,frontal process of the maxilla,Mistral-Small-3.1-24B-Instruct-2503,-1,1.068503849377664,1.7975153517136733,1.5876459170685893,1.389443170219071,1.1985463607463938,2.6221111195638365,2.6771151493361987,1.6717269254034317,1.2364375608266185,1.6128589308986985,0.1451001855554569,1.527316229119123,1.454798736421662,3.322237794423549,3.774549716149962,1.9425221237857704,1.1268462151127516,1.597483300190953,1.2265238324743464,1.3818407960785328,1.3141963687960707,4.788867418468351,5.821359678910033,1.9765635182503083,1.3583474614091406,6.897776833370397,9.410237981923972,2.1693965082403217,0.9128488477101588,0.8195035514045756,0.7526958827293605,0.9285935272157956,1.2239807539964855,2.830149670077072,2.755371906502043,1.6262202278911977,1.1920011468276452,3.1652088720216183,3.47549693019048,1.7688992164018338,exact,9
UBERON:0013767,related,,frontal appendage of maxilla,Mistral-Small-3.1-24B-Instruct-2503,-1,0.6691664950250188,0.3582110601684349,0.1857765185986585,0.6344197583356852,0.7435833870232895,0.45771482034513,0.2877848428119772,0.7361529371480516,1.001691995953626,0.8417459683175449,0.0582252952093036,1.0997626799347162,0.7897149676113635,0.565725559303894,0.4312151469376721,0.729817256280622,0.9186676145393324,0.8308573099099632,0.536099541192523,0.982807823755062,0.5604710322565712,-0.0544864681143831,-0.1187899589008696,0.4275483241175499,0.0119838587365353,-0.4111118985394036,-0.4075493741785336,-0.1573774640457647,1.1993829963898646,1.6767815998178826,1.559828241821493,1.419448978688477,0.7431442171943476,0.4634692547412269,0.781425476732691,0.706713036875764,0.2819515503531534,-0.3277910760773098,-0.335817714510203,0.0820081059823451,exact,9
UBERON:0013767,exact,,processus frontalis (maxilla),Mistral-Small-3.1-24B-Instruct-2503,-1,0.5696019132067465,0.1798714215200129,0.0384971495120225,0.4913336174146842,0.6016919197672258,0.1978492782979177,0.0735766405096592,0.5309325299426838,0.809090503289307,0.5380042341144213,0.0397539205222508,0.8105449236302753,0.4932382859686235,0.0447314760910503,-0.0206293262461721,0.3685915260078493,0.682270160479425,0.3263006475422542,0.0952948869041478,0.6215340513620413,1.0768160733202865,1.0145971650066852,0.8611799494241422,1.2249495969966924,1.025259991377249,0.9815762017767612,0.8649231940534736,1.1437661020919268,0.7189255278010755,0.5009162441778768,0.3860867626709862,0.6570796360618993,0.6941043435252152,0.4313985500130231,0.4782912544281915,0.6369349478286199,0.7181695172939316,0.1196459120557221,-0.0447528750778112,0.6290935970898941,exact,9
UBERON:0013757,exact,,portion of blood in capillary,Mistral-Small-3.1-24B-Instruct-2503,-1,0.5461733986920081,0.1146765312069441,-0.0193860116649042,0.4591448174647944,0.3799837357002118,-0.0812773378337415,-0.1577281093027381,0.2457672516464372,-1.329639861153345,-0.8081716011479079,-0.1105351611432684,-1.3090046594518796,0.6204021079479629,0.1585001308137427,0.0717562713315733,0.5172236096145668,-0.5190396450736676,-0.7199918775452179,-0.5879300455430451,-0.6604997172066824,0.8096487691053392,0.3320965931424423,0.2058814504598609,0.7629304431737659,0.7125305419061313,0.3018443272965047,0.2404937176282307,0.6468766586914891,-0.4841115518944988,-0.696957682418674,-0.6318671575651512,-0.5990144884641726,0.4352786973619852,-0.279468041822614,0.0465234805668567,0.3027175068935204,0.7838949975428905,0.3209017188367927,0.0866355726257252,0.7295090751072523,exact,8
UBERON:0013501,exact,,sphincter cloacae,Mistral-Small-3.1-24B-Instruct-2503,-1,0.7564501913192737,0.5318762420237568,0.3282639224338731,0.7698169890465455,0.9447105173592332,1.041260610771591,0.8212269095112837,1.0744364998943,-0.0957453093929903,-0.4294078416881627,-0.0718134494843926,-0.2321303016769309,1.1388619739888035,0.9750385664160556,0.7966183754382443,1.2494004085501047,0.6433441763531059,0.2460431501542104,0.0702303726167555,0.5679446772352619,1.1249961530295325,1.3448403706084944,1.1207111916686765,1.3302708709604874,0.8040450021269314,0.5053368042777667,0.3804369736093972,0.7776190980129757,0.8410684418847877,0.2551572810558504,0.1963344058913263,0.8239808141141839,0.8673048361352739,0.4366334224615518,0.8900870499887247,0.8958934954050551,0.4787296298373332,-0.1825330867242585,-0.2416382907830958,0.3089673369289637,exact,9
UBERON:0012367,exact,,muscularis externa of intestine,Mistral-Small-3.1-24B-Instruct-2503,-1,0.5505472127110068,0.0988434109181206,-0.00307877254827,0.4651149369566471,0.5854859804277658,0.1752174850425759,0.034395086909574,0.5087788645198897,0.2676195903940024,-0.0929079031144995,-0.0410312457224596,0.1448389369173398,0.8391285669810702,0.6153737329763492,0.4554978784645606,0.7957077372779242,0.8600733553204324,0.6891098474987052,0.4109556082186156,0.8864756507195968,0.3514972383736955,-0.2577325694594365,-0.2736515665088344,0.183843808285361,-0.0735585620860341,-0.4634784666262123,-0.4353595260165745,-0.2407917647220855,0.0576891174047892,-0.3693569529936785,-0.3608780495895778,-0.0937383621231919,0.8666828928111416,0.6955776858898323,0.5950175993938036,0.8948941572242141,0.1578800774430915,-0.422421072411663,-0.3919605269184548,-0.0495402878634515,exact,9
UBERON:0012367,exact,,intestinal muscularis propria,Mistral-Small-3.1-24B-Instruct-2503,-1,0.4459392916948619,-0.0505973208566549,-0.1026985107520322,0.326854311066613,0.0245449074409313,-0.4218363570555235,-0.3997411930268847,-0.1514019390404644,-0.201709131483334,-0.3642800198271022,-0.0605826484683669,-0.3351537872044872,-0.1137306275483454,-0.4405250637168007,-0.4501230304455048,-0.2535858901673695,0.4661481871043876,0.0354849448246963,-0.1008497534871646,0.3393512965182048,0.5162366169116169,-0.118863047483882,-0.161354851410249,0.373646684132067,-0.3243120483831337,-0.60597747398017,-0.549522768458993,-0.4736128417580997,-0.4427933180754322,-0.604815053888876,-0.5683249473482992,-0.5627539418524055,0.3427971548182942,-0.0736831445723446,-0.1846645436546191,0.1941701991602953,0.3904054041223131,-0.2472138049399861,-0.2883596745136204,0.2039286389174854,exact,9
UBERON:0012072,related,,palatal series,Mistral-Small-3.1-24B-Instruct-2503,-1,0.1906311949807186,-0.2517395731085299,-0.2940520151314282,0.0215245541103088,-0.1473052992744754,-0.5249909300319354,-0.4805687392550896,-0.3247973705089161,-0.6152215016695409,-0.6534172657956873,-0.0925523730113188,-0.7146641584089217,-0.5898125185963934,-0.6514660583339156,-0.5992312198489663,-0.6761214209161135,-0.3568854996965662,-0.6572480316689884,-0.5615538645644818,-0.5170534241846755,-1.1103274833691257,-0.7671171203158358,-0.6683857085295446,-1.1101709614386677,-0.9583879392446844,-0.8287133835480571,-0.7213467053949368,-1.0046113183972991,-0.3689068988180788,-0.5890050301003709,-0.5455407575959761,-0.4970898335687017,-0.1349904299408277,-0.7544923822520442,-0.6770124503723239,-0.3056289156982363,-0.2756510150224777,-0.5967561054619294,-0.4909073377572997,-0.4605748601602124,related,8
UBERON:0012072,related,,"dermatocranium, palatal series",Mistral-Small-3.1-24B-Instruct-2503,-1,0.8241577500625912,0.7624269261342045,0.5583946599618962,0.8829224171035127,0.847523804326852,0.7845206653179567,0.6270477202452444,0.90234825244205,0.7930567672143735,0.3198345095675792,0.0052297289137061,0.7881333459776227,0.9547402696985424,0.7800738948977033,0.5954203542337021,0.9582890546444202,0.7773291683455791,0.4965520432399932,0.2662228761081124,0.7586425572685761,0.7675824725595011,0.301251228999242,0.1979178807736533,0.7017390476524672,0.6198389616100467,-0.022517804728944,-0.1070862212862387,0.5229519172038644,0.7233877934390424,0.5100489536033952,0.3941988456727853,0.662961231739673,0.3322555729129453,-0.4260009662684213,-0.4160111038309273,0.182093524839169,0.8334404055727874,0.3465755036018104,0.1010185639049462,0.810237273558021,exact,8
UBERON:0011215,exact,,neuraxis layer,Mistral-Small-3.1-24B-Instruct-2503,-1,-0.2420586639211885,-0.5967419175092386,-0.5417135043015231,-0.4255020683963823,-0.9482812690798336,-0.8964923964694218,-0.7680672445211744,-1.0311764854461924,-0.6262309848411511,-0.6685056160318766,-0.0930073656044243,-0.7243476704673262,-1.7770085021403157,-1.1957679349373025,-1.0212541622655782,-1.59434164701,-0.1956605301368466,-0.5508262289089301,-0.4976871867222488,-0.3679370306113574,-1.3104089857661338,-0.8104282170434058,-0.7049913912834428,-1.258058980968972,-2.167749565798005,-1.060554527370033,-0.9234714045090394,-1.8804807690838008,-0.0999505577692029,-0.5606008426931957,-0.513378932338157,-0.248117683140882,-0.5823456844605152,-0.8354623556374012,-0.8283700432710653,-0.7101871653328085,-1.062142570525228,-0.7693454114958405,-0.5876870022273739,-1.086856912642484,related,8
UBERON:0011215,exact,,cell part cluster of neuraxis,Mistral-Small-3.1-24B-Instruct-2503,-1,0.064592906245353,-0.4100773206879857,-0.3990952422049887,-0.1163015309938064,0.3321145173043934,-0.1651046076259538,-0.2298632088452046,0.1885672552645425,0.8546447558868234,0.3972741421967886,0.0223758470347046,0.8754668008010307,-0.4215501494462232,-0.831110792910376,-0.742889644540028,-0.5316255997434828,0.1667007516501349,-0.2842763648487028,-0.2791162772165382,-0.0034706521732394,0.289490409816973,-0.2232427012753131,-0.2456781795703866,0.1162314800012318,0.0417486466187113,-0.4423256472034033,-0.4256539667490052,-0.1278106523078142,0.1344752762054128,-0.3373017775814265,-0.3350967052467529,-0.0158775356842735,0.4548563294018525,-0.306633402957251,-0.3396740214849586,0.3263330708261397,0.3057484756792944,-0.2020462645828505,-0.2389997182104396,0.1081606004916945,exact,9
UBERON:0011132,related,,midcarpal articulation,Mistral-Small-3.1-24B-Instruct-2503,-1,0.4206009270592858,-0.0292993674888288,-0.11449137909505,0.2946736915246082,0.4825302356567844,0.0395365985202605,-0.0371579379576804,0.3731609883990965,-1.7386178960115588,-0.7667912462002271,-0.1008311611453901,-1.6250075245941653,0.4674596992767044,-0.1743169656420874,-0.2321400874773573,0.3394346063406136,-0.1203562323230301,-0.4918076533139621,-0.4155356232116295,-0.2957953829383569,-0.7772822260129619,-0.7064740753006026,-0.620089315439959,-0.8532494035094482,0.5845681711311815,0.0295753945497496,-0.0077396787709733,0.4777025399151846,0.8658005369645287,0.208319418957413,0.1111067806222328,0.8594205162914103,-0.5654681443002424,-0.6351511712632482,-0.6528419363754012,-0.6957430970719303,-0.5187901924949728,-0.6777329310009208,-0.5407662738794263,-0.6671095444884247,exact,9
UBERON:0011132,related,,intercarpal articulation,Mistral-Small-3.1-24B-Instruct-2503,-1,0.6132218609975556,0.2388059537916557,0.0962839640647322,0.5527018344757643,0.6885698568768827,0.3676839593708322,0.2353182776805756,0.6539988958962012,-1.252677004347018,-0.7641777788063974,-0.0995209438542329,-1.247842037565717,0.6417026972630162,-0.008971397472627,-0.0848434430037453,0.5429720756147547,0.6376524342531434,0.2681349063867715,0.0817640848106979,0.5602217316937279,0.9644861463851332,0.7017533742865704,0.6038081737618342,1.0113415069129683,1.2663836813674318,2.737382104844116,2.760552340441449,1.723293719582375,1.1731372499759742,0.9183664179366172,0.7355420059536312,1.3676983407932657,1.1698738294291358,2.0156304849113016,1.8129563632573344,1.4837479531272522,1.065527122053444,1.2267820764189288,0.8493613337012262,1.2877079704505332,exact,9
UBERON:0011132,related,,intercarpal,Mistral-Small-3.1-24B-Instruct-2503,-1,0.6682793567817757,0.3308842137634784,0.1749900091447801,0.633095378009037,0.5756462441025801,0.1270414110380122,-0.00427903380535,0.4954414859437589,-0.2933837551020198,-0.4411606597457958,-0.0779611279932958,-0.4222031469503237,0.9312789053551056,0.4129177420216805,0.2946599962175839,0.9242420302865376,0.7497520944352825,0.454528558007653,0.2191586456144093,0.71788369609901,0.7539751596964293,0.2561191568151355,0.1443258970205458,0.682408578960694,0.3013107585155496,-0.2086398030716827,-0.2511568161332996,0.1438812503850386,-0.0520469387139954,-0.5770068228835894,-0.5237985468022593,-0.2019337512892932,1.0254249903285866,1.1517799769800474,0.8959221153191641,1.1723900432385803,0.9298298988214194,0.6010216842803444,0.3101896083582723,0.9836007249865596,exact,9
UBERON:0011132,exact,,carpal joint,Mistral-Small-3.1-24B-Instruct-2503,-1,0.8737505855083388,0.8340898084846504,0.6414848973158898,0.9713109367159648,0.9338892147239668,0.944072907546279,0.7565700710684372,1.054298864886058,-0.9719399941305747,-0.6500599271213423,-0.0886226529205375,-1.0193656535317248,0.906538932285624,0.3816058913920162,0.3036917509794029,0.8889498689115994,0.8487222842304161,0.6628918489824045,0.4197303556845215,0.8684059988373419,0.0466983742058751,-0.3973083068618193,-0.3844498418565364,-0.1325889247233617,0.7261014683300205,0.2427148070908235,0.1336511732349795,0.6656944346471555,1.1466813420917306,0.8206924138913412,0.6485366682232919,1.317319176238458,0.0336584383649208,-0.4049149195431445,-0.4535249261969609,-0.1390090158316971,0.3772538063213426,-0.2298574260000501,-0.2595633558681493,0.1887552600114258,related,9
UBERON:0010952,related,,venter frontalis musculi occipitofrontalis,Mistral-Small-3.1-24B-Instruct-2503,-1,-0.8129467236856727,-0.842785071335672,-0.702927426360675,-0.9314796307955804,-0.5835594948785383,-0.7495299123360731,-0.6290643242336506,-0.7267247312403832,0.1203144989717631,-0.2599774499634486,-0.0412753995827355,-0.0129161988901695,-0.3872529652201161,-0.6941687874292205,-0.6548000646344907,-0.501572824846229,-0.0348180352740494,-0.4387694432225009,-0.4167873558809491,-0.2117182932061801,-0.4247003205548177,-0.6146898965823123,-0.5640433815168485,-0.562814722755233,-0.0985708346936982,-0.3302594391137017,-0.3102548935815942,-0.2647672208893717,0.2965581558607583,-0.3202380811109155,-0.3280598453382472,0.1550884825424492,-0.3679646801416797,-0.5813752867993893,-0.5702779176685668,-0.522269053833184,-0.5370766256911431,-0.6673487609326584,-0.5366715969149505,-0.6821019075605697,exact,9
UBERON:0010952,related,,frontal belly of occipitofrontalis muscle,Mistral-Small-3.1-24B-Instruct-2503,-1,-0.2488915750924998,-0.6005342257586971,-0.544283345198231,-0.4320372121636556,-0.149049443208369,-0.5206899824174459,-0.4499523042840557,-0.326507078097581,0.1419509216622907,-0.2436716018278841,-0.0368440575417495,0.0097963228113494,0.4134882406782488,0.0249620301052219,-0.0766962448400903,0.2793529602728938,0.3353850582368364,-0.1209764835239309,-0.2164566690001511,0.1839272920201012,0.451509086392278,-0.1512428527518638,-0.2024493733468704,0.2971462905598758,0.4671256739490323,0.1550469392193077,0.088990212422779,0.3334764140662488,0.692034634547961,0.0382948359876141,-0.0262074261941252,0.6219500129540325,0.3757451385722359,0.0252913580006114,-0.1008969438108982,0.2322952746071946,0.7592327200955807,0.194264514038706,0.0019866300570816,0.6910122031564477,exact,9
UBERON:0010952,exact,,venter frontalis musculus occipitofrontalis,Mistral-Small-3.1-24B-Instruct-2503,-1,-0.7143172523197217,-0.8054233301410741,-0.685362347860054,-0.8491066291339037,-0.5269237400313728,-0.7305951328067689,-0.6186835134502647,-0.6771410560053692,0.1548134709181217,-0.21464073305349,-0.0443897318985549,0.0233702776070113,-0.3945658535648497,-0.7141453365604037,-0.663238104731335,-0.5079986709343474,-0.2695343293666939,-0.5862398864232359,-0.511399406186001,-0.4371250886931923,-0.4291765103926699,-0.6148603366845311,-0.5635367673581034,-0.5666450208155612,-0.1569677330873746,-0.3667961990074915,-0.3387467561422081,-0.3200570118090499,0.2844562764016459,-0.3269360303652011,-0.3274070357058347,0.1419850826819223,-0.3630634807965643,-0.585004667540128,-0.5667357788524612,-0.5178533826815388,-0.6241737748741779,-0.6942218999436368,-0.5519562224159499,-0.7525783882172306,exact,9
UBERON:0010952,exact,,venter frontalis (musculus occipitofrontalis),Mistral-Small-3.1-24B-Instruct-2503,-1,-0.7996535550251648,-0.8364516065478884,-0.7079824684639843,-0.920482286759252,-0.8464313395189432,-0.8572825022455097,-0.7260627381090481,-0.9485425112602948,0.1240071612932788,-0.1570210447069762,-0.0445796259466896,-0.0090504610388886,-0.4281926077830978,-0.6769514755306354,-0.6425219901106118,-0.5374215111576759,-0.3645220283910489,-0.6372964238440413,-0.5262311988638897,-0.5239488041140695,-0.4175003863143572,-0.6103869690970563,-0.5594774536642557,-0.5566451302605487,-0.1041498211814424,-0.357124473765067,-0.3450233733231471,-0.2700904379120397,-0.600760454145091,-0.6597567112860109,-0.6045482382458064,-0.6997118026623506,-0.6492868027038942,-0.7188946574728868,-0.6155872518635902,-0.7669305098172705,-0.6639846165559244,-0.7117009806757021,-0.5607022752137232,-0.7843009709147934,exact,8
UBERON:0010952,exact,,orbito-temporo-auricularis,Mistral-Small-3.1-24B-Instruct-2503,-1,-0.995503227209219,-0.9264696889012128,-0.7653978202262239,-1.0794275754157412,-0.8774935645215021,-0.8734731962252884,-0.7279050832028922,-0.9739263754710136,-0.5998112270808873,-0.5689840687267831,-0.0774340372359504,-0.701077097836922,-0.6254034648230052,-0.792046459530423,-0.7253940936547246,-0.7060969744424251,-0.5244504735544216,-0.7200130105073251,-0.5723939162772788,-0.6651833811390246,-2.158696399689006,-0.96244491232343,-0.8116203370838223,-1.84549483751294,-2.0897265244102803,-0.9513265394067968,-0.8146191427291064,-1.8275728779179885,-1.0930983995277137,-0.8044807828509093,-0.7320067794780426,-1.1014702315542535,-1.4453485220072924,-0.876156369555132,-0.8863294325977826,-1.3871106619687998,-1.6857239780409887,-0.920107711906188,-0.6694654732393658,-1.5189623101035012,related,8
UBERON:0010952,exact,,frontalis muscke,Mistral-Small-3.1-24B-Instruct-2503,-1,0.3732502709508886,-0.141872118893991,-0.1940829268591497,0.2357607939103606,0.2019234136511685,-0.2753561770572472,-0.2877838062223512,0.0393161329551331,-1.7441411105302906,-0.8016720924171545,-0.1047138428541988,-1.6291815270962542,0.03449624593019,-0.2465799638528162,-0.2889552576763737,-0.1121108375808959,-0.9337653863551028,-0.9052647434639044,-0.718039455601538,-1.0028081156036657,0.0625460638178668,-0.398255550855187,-0.3657974465441156,-0.1170249715568781,0.2339804687642415,-0.0637240550975871,-0.1243703282480684,0.0707808492294777,0.1747822912287562,-0.417707622531696,-0.4164487448061716,0.0257626103903764,-0.3546229235229678,-0.7178288473872348,-0.46178904419898,-0.5102356222705534,-0.4509913760367975,-0.6391047496202329,-0.5144208848258999,-0.6108999140232912,related,9
UBERON:0010952,exact,,frontalis,Mistral-Small-3.1-24B-Instruct-2503,-1,-0.2596964461256041,-0.6380024213095256,-0.5389523695083045,-0.4423432396778654,-0.4624960260423152,-0.7225588140340125,-0.6181232831631883,-0.6198802102904691,0.1476444335314417,-0.0595658975510221,-0.0347598843780745,0.0157980722123638,-0.1595258707058142,-0.4050033993702635,-0.4096145493537628,-0.2962171654904307,-0.0127079725683485,-0.4383664204631831,-0.4109421954339319,-0.1895940200399241,0.2273976323304837,-0.3097617767390477,-0.3197817226176216,0.0503243870952917,0.0110375145402293,-0.3396239983632454,-0.3251420926869714,-0.1583127698142652,0.0275177502237411,-0.5584609726849681,-0.5284742837040327,-0.1238335320363204,0.2135551874314695,-0.2859814546837294,-0.3494464911623027,0.0498686809564117,-0.5339155361894856,-0.6734826488875955,-0.5396422292847955,-0.6795152308960132,related,8
UBERON:0010952,exact,,frontal part of occipitofrontalis,Mistral-Small-3.1-24B-Instruct-2503,-1,-1.0055141234196088,-0.9324940479163958,-0.7755792799572822,-1.0873826640283415,-0.7962627399173104,-0.852099903668986,-0.714364656117139,-0.9071951058787632,-0.1515077816964165,-0.3138643110849544,-0.0629998226171893,-0.2866814105813783,-0.4626044654375497,-0.6469911088780008,-0.617482765664677,-0.5673229835022788,-0.2716541467547209,-0.5850396014298381,-0.4992376554894265,-0.4390883698404214,-0.6692231242162185,-0.686474670865539,-0.6209535429136119,-0.7664992136460944,-0.7158286275762623,-0.6464818078952135,-0.5891270541263913,-0.8095275470514797,-0.6040883365907556,-0.666061926600127,-0.6145534968463536,-0.7025498499258589,-0.7590004645903516,-0.620576874148201,-0.6666669160243591,-0.8581357262712002,-0.8040215006937506,-0.744304078180907,-0.576937915461509,-0.8936165295109046,related,8
UBERON:0010952,exact,,frontal belly of occipitofrontalis,Mistral-Small-3.1-24B-Instruct-2503,-1,-0.5858163901850089,-0.7649967914810492,-0.6604876743840191,-0.7389324007300556,-0.5676602950109786,-0.7419544185243895,-0.6398519547659746,-0.7128742255964494,0.236333754218601,-0.0937623949178765,-0.033933260473906,0.1106984042358195,-0.0284058154485781,-0.348074098981263,-0.3701628945942242,-0.1728267464906281,0.0637588754541922,-0.3570830868343959,-0.379201277247565,-0.1117545274974679,0.2523619933777341,-0.3047952407511773,-0.3144622802651347,0.0766163202325694,0.1439611589819825,-0.1714718207389611,-0.1852334302175108,-0.023955048670646,0.2356123069535087,-0.3442879729605405,-0.3397703941898581,0.0896760329959417,0.0019050147197434,-0.2791472874665409,-0.3575099058778384,-0.1710919923620174,0.1844485032121647,-0.3848273209761463,-0.3673253533420534,-0.0220072620406968,exact,9
UBERON:0010948,exact,,cleidooccipital,Mistral-Small-3.1-24B-Instruct-2503,-1,0.9462206026891292,1.2278941929589795,1.026894522393469,1.1111297851074966,1.0350068523304214,1.4567342852912324,1.24446929272814,1.254638047291569,1.2015406511167948,1.1063031836883883,0.0906020495719185,1.4560564716776518,1.3061098928460804,1.4158213621973978,1.3583629259766443,1.5685584424390373,0.3506840461137288,-0.1313509154076055,-0.2123353116473126,0.2016140012733341,0.60449742076709,0.0469836049638489,-0.0259694813700448,0.4826378534912222,0.6952806565493387,0.108330646341463,0.0443191693914635,0.6232200942419693,0.8454173180782848,0.23570822252472,0.145913847106166,0.830168732077016,0.3277211056658527,-0.2667399166237695,-0.3449779271707602,0.1769164046100822,0.6421041886228029,0.1177979510321255,-0.042943683771763,0.5206188829984043,related,9
UBERON:0010273,exact,,hyoid bone zone,Mistral-Small-3.1-24B-Instruct-2503,-1,0.8916650769767127,0.9324205224010668,0.7356531921468988,1.0045896470508475,0.8156143571373483,0.624498726398509,0.4826419737293314,0.849617339953169,-0.3414587933385075,-0.5302556037297806,-0.0854238595537028,-0.4671367860536963,1.17823591470692,1.535455246350231,1.482562151655858,1.31860827602965,0.9002980247170921,0.7774718003964826,0.4444994941390267,0.9520289961657932,1.2456304199221488,2.5655350308118887,2.512441709718841,1.6636357768248842,1.2020094430694706,1.84139209992822,1.6645017865291272,1.5324680790205256,0.3925955940933509,-0.1963976816869742,-0.2372869919547222,0.2612245061410276,1.0317573741965902,0.9819943386503116,0.7429897738597566,1.1845888980861412,1.1714752215588022,2.417786121774111,2.204541378116077,1.652849714098939,exact,9
UBERON:0009984,related,,medial femoral condyle,Mistral-Small-3.1-24B-Instruct-2503,-1,1.0083779854169217,1.3299883614290815,1.1274852263118225,1.2442621152227802,0.9427831062978242,0.9202974234440352,0.7038890177344858,1.0708296883376365,0.8695797373053811,0.6906056653682549,0.0487626380655402,0.897175135326337,0.9596732748571624,0.6454823804217195,0.4894527913556671,0.9655224991427664,0.5802704253448276,0.1985022860171969,0.0988936142326223,0.4838686263844197,1.1857034794047818,1.7700682933328171,1.6287192918458278,1.4813584449913872,1.1531220602684025,1.443209480707428,1.2998999523344266,1.4105633813673928,0.2608131109868982,-0.3171768796914128,-0.3284838094520899,0.1165507922809989,1.03275391326997,1.3381026934002656,1.0893998335577164,1.1865182976634776,1.0441342966274374,1.0414989504418537,0.6511489950365746,1.2326428386138903,exact,9
UBERON:0009984,related,,medial condyle of the femur,Mistral-Small-3.1-24B-Instruct-2503,-1,1.191462183240328,3.208577207130349,3.5149302376563347,1.7849311027114645,1.232516010009192,3.0242815241297163,3.2304128705958304,1.7871903788613746,0.8498848968360151,0.3711627199829614,0.0591731455534879,0.8685934817161475,1.4730346783641997,3.5635510083753696,4.0328514874912536,1.999929353608607,1.226676432757462,2.2557262819704142,2.0210079691133496,1.6259535161736884,1.3246623623676677,5.940431718224333,8.112819266047428,2.0560943160377185,1.3580995608182946,6.690104499418988,8.92316341268451,2.1672230765685745,0.8725853312237024,0.6687319322322373,0.6220466526795859,0.8692504997274584,1.2683081559498943,3.418122140286518,3.4397103044299966,1.7613877970993168,1.1559174598097042,2.148002092759942,1.8401058856196395,1.582419273013451,exact,9
UBERON:0009984,related,,c. medialis femoris,Mistral-Small-3.1-24B-Instruct-2503,-1,-0.0541035487528282,-0.5089800287428209,-0.4923068018380196,-0.2399518039968411,0.0108076384335496,-0.4797519193787424,-0.4553551233888302,-0.1656439326564031,0.1254557471169562,-0.1709690104357446,-0.0499224434471825,-0.0075327978011481,-0.4061359929368853,-0.6326874431415118,-0.596111311177037,-0.5181454053861542,-0.6179320434050204,-0.7602110703319485,-0.6451348495893738,-0.745122543560663,-0.3263188400668106,-0.5688777104858027,-0.5088355939689371,-0.4775670425515608,-0.2305106236655305,-0.5654994401604555,-0.5158526425356554,-0.3883926942770225,-0.2896740695044582,-0.3331916352141727,-0.3132652732138256,-0.42543780154106,0.0067704701956558,-0.2833839868014305,-0.3199619204661902,-0.1661985711132832,-0.8215555883963823,-0.7623768177795691,-0.5706504145157165,-0.9070680724581014,related,9
UBERON:0009984,exact,,condylus medialis femoris,Mistral-Small-3.1-24B-Instruct-2503,-1,0.5064899530432385,0.0219047091618639,-0.0821677627299471,0.4057635406172256,0.5000283635563509,-0.0032453569224255,-0.0517411758242222,0.3956254081192522,-0.1293121679320835,-0.2680093962891474,-0.0605266775055149,-0.2650594497289699,0.2227969775877036,-0.3435627049422094,-0.3880229594899935,0.0763656085256781,0.159362423566812,-0.2766718495055639,-0.3208787174462674,-0.0113314429932138,0.7861596111490854,0.2777080259224306,0.1691347923253786,0.7284874069434043,1.132511654073198,1.3429899602919684,1.1507599828154016,1.3632111300377658,-0.5217407187874566,-0.5928042561374256,-0.5523625094934664,-0.6317622662644354,0.0561627784151298,-0.2542642414192811,-0.3074151662242135,-0.1160568793341681,-0.1513870696370455,-0.5375672487915922,-0.4619284425857932,-0.3491395232536936,exact,9
UBERON:0009914,related,,renunculus,Mistral-Small-3.1-24B-Instruct-2503,-1,-0.2116936460735062,-0.5650143025343864,-0.4910489070400562,-0.3962916946340097,-0.7561544184383814,-0.8243851733466745,-0.7163297362539944,-0.8738188849441387,-0.0040414369638369,-0.4172923786013616,-0.0767210185381616,-0.1406881010483786,-0.6528304820473815,-0.6726869284282873,-0.6344182323253237,-0.7290647251252592,-0.3265317027040935,-0.6254646914000505,-0.5295812002976683,-0.489501369563239,-0.6676912556803758,-0.6844722403268142,-0.6097058796163596,-0.7652560312205363,-1.2351852581738572,-0.9457337997119656,-0.8092342356714746,-1.2176352740039933,-0.6907941167920555,-0.7766976062441847,-0.6950339125111795,-0.7758486452045605,0.0544520768350742,-0.5514027061862463,-0.6129857806218015,-0.1178079870810768,-1.953681784596282,-0.9756338655486289,-0.7008060914124706,-1.6928705272399267,related,8
UBERON:0009914,related,,reniculus,Mistral-Small-3.1-24B-Instruct-2503,-1,-0.8612310997475775,-0.8702390057554514,-0.728842619573177,-0.971160365542877,-0.7114310268796972,-0.7930978090584637,-0.6871918115983001,-0.8362553774280862,0.0487022502171328,-0.3220609631601723,-0.0672904851290662,-0.0870525444752232,-0.6160280929598981,-0.6491353912919101,-0.6234927311367615,-0.6982197482133732,-0.8487393164426792,-0.8814708530870649,-0.6811018681228465,-0.9351775720882872,-0.4995580353316648,-0.6243127059698907,-0.5692027714238748,-0.6263469091017582,-0.4659872360517333,-0.7428367745188184,-0.6427168972457498,-0.598594414847937,-0.4039515683732963,-0.6850242147935554,-0.635325182075703,-0.5283689626885177,-0.0494031648890114,-0.6231398212330366,-0.6557748268883823,-0.2222136485653368,-1.4642573044975853,-0.881257775985088,-0.6537750714040597,-1.37033197795054,exact,8
UBERON:0009914,related,,renculus,Mistral-Small-3.1-24B-Instruct-2503,-1,-0.7512447293194194,-0.8333009383192034,-0.6929749116365944,-0.8801607070731307,-1.0106573231074718,-0.9415030067974988,-0.7942327930297456,-1.0809612661615726,-0.5580581652858315,-0.6555598275548452,-0.0895670311697962,-0.6640682461265266,-0.1157169351464613,-0.3792436615483907,-0.3783059050234723,-0.2554450197642339,-0.8966761451236085,-0.8896258299139245,-0.6599060896454184,-0.9734549741060698,-0.8586089288222531,-0.7197834052944889,-0.6450160461898296,-0.9173715761238024,-1.035695412315082,-0.9004163525077523,-0.7715513922521788,-1.0650580001815164,-0.6822517861436016,-0.77114851833791,-0.7056019942068519,-0.7686812131107341,0.0153468541722237,-0.5935911871533849,-0.6268710110869581,-0.1575531731244524,-1.931150636702,-0.9565230890540468,-0.6892503426458277,-1.6784755843882078,related,8
UBERON:0009914,related,,renal cortical lobule,Mistral-Small-3.1-24B-Instruct-2503,-1,0.7925996842326164,0.6008593935998812,0.4214766214277878,0.8292141396060468,0.6767421381515333,0.32076957926365,0.1710252528259528,0.6367887228832186,0.9678726739978664,0.5572476977740479,0.017393335379495,1.0459264798225474,1.003291770615871,0.8848352517056907,0.7833918248956067,1.0306785967165408,0.8935733848480399,0.7730011325062498,0.5315475980157578,0.940897940250876,0.6342673157812989,0.0615107488122884,-0.0459916384542752,0.5207709031100879,0.573404489918404,-0.1920976936167195,-0.2283632802069223,0.4635793222559393,1.2219123060117396,1.1487490636755768,0.9829682817555248,1.4654367418518142,0.7399001036254834,0.1636405150652471,0.0061206213257558,0.7020193031980682,0.9960254660008402,0.8169025606650188,0.4926477960084763,1.1200908082484942,exact,9
UBERON:0009914,related,,lobulus corticalis renalis,Mistral-Small-3.1-24B-Instruct-2503,-1,0.2735313437642777,-0.2044392295516788,-0.2710261719022089,0.1164206606581038,0.2081878878785595,-0.2872145807422218,-0.313737101046859,0.0463031569758067,-1.2476935458372411,-0.7480087963652229,-0.1033153208235439,-1.2438611371573385,0.0386412808168974,-0.4034904063352156,-0.4188261075041781,-0.1080728882756003,-0.1241982662842045,-0.5026438078566688,-0.4392199052908528,-0.2995173456906904,-0.2963842729880487,-0.5578377949329878,-0.5142400040423496,-0.4512080505393734,0.3649832913581715,-0.3479030461788867,-0.3628155944021322,0.2149679626264279,0.0758387597340223,-0.4702401403836631,-0.4619580967317021,-0.0755019234844891,0.1422869163823752,-0.4255501227966368,-0.4764711151059728,-0.0264859151081293,-0.2788136525601301,-0.6028899761744878,-0.4958610347470077,-0.463354772405313,related,8
UBERON:0009914,related,,lobuli corticales renis,Mistral-Small-3.1-24B-Instruct-2503,-1,-0.4595723076251919,-0.7072506048971654,-0.6192593459953657,-0.6272291844136029,0.1149460774215034,-0.3600518441750125,-0.3784550558516746,-0.0558530187038469,-0.5982595007150352,-0.6442192809415989,-0.0916427466070732,-0.6997068237387101,0.2136976410485409,-0.2738180534473954,-0.3329219726082442,0.0670052911352747,-0.921839522782706,-0.8975732905070004,-0.6707935029448329,-0.9933943392776836,-0.2316624470436942,-0.5375278585402022,-0.4988625582971855,-0.3935024759815379,0.0520642468628045,-0.5337274993150519,-0.4666649112078505,-0.1174950823001027,-1.3274079115722266,-0.9297590510249678,-0.8257810282197645,-1.2817828185623028,0.127656235840203,-0.4516514902147471,-0.501333942525606,-0.0419031920139734,-0.9025741162393052,-0.7683798417647665,-0.5902181926851405,-0.968582977477678,related,8
UBERON:0009914,related,,cortical lobule of kidney,Mistral-Small-3.1-24B-Instruct-2503,-1,0.31494456993749,-0.1659950074059186,-0.1913040946732432,0.1652488684929635,0.2668147313483891,-0.2189007786473723,-0.2642974909270603,0.1126160330752797,-0.4768596189004941,-0.5403193020646165,-0.079851802529659,-0.5912467106347908,0.0394079545949743,-0.2859883180217254,-0.3330131229381447,-0.1073255086680099,0.1986968128779802,-0.2481937858214931,-0.265478552767801,0.0310714047724949,0.285864201651814,-0.262486129555097,-0.2910377709027094,0.1123346296407364,0.3312492399038119,-0.3685434593575259,-0.3589804966386,0.1770574590994155,0.8147928818669635,0.1640377329042468,0.046548088384936,0.7869768735182705,0.3870466351368405,-0.2392685419763566,-0.3323475345633215,0.2455085117061424,0.7720581983136182,0.1862584595032187,0.0070014231042258,0.7109022739491022,exact,9
UBERON:0009914,related,,cortical lobule,Mistral-Small-3.1-24B-Instruct-2503,-1,-0.0650293931827384,-0.49464375652552,-0.4479997529617996,-0.2510646165933695,-0.2297747301006441,-0.5805461891073065,-0.5315011114757137,-0.4046315896840347,-1.3207651562930898,-0.7795970097122179,-0.0979225552827598,-1.3019818015780007,0.4340250230509338,0.0221202286965567,-0.0636785840083075,0.3020652414123609,-0.2062466518330183,-0.5565689388632947,-0.4846662493622361,-0.3779453569865971,-0.2455283673060642,-0.5256520774316626,-0.4831332913449248,-0.4059497366713507,-0.3223255818064846,-0.7086167555522157,-0.6504731042753986,-0.4718294405617217,-0.177114518468857,-0.6414189863466832,-0.5967001390387395,-0.3212726420201354,0.3247543645220037,-0.3461204817705351,-0.4261623276829566,0.1735349001339284,-0.8451997741710231,-0.7837305564790624,-0.5996754043515021,-0.9251279013373273,exact,9
UBERON:0009914,exact,,kidney lobule,Mistral-Small-3.1-24B-Instruct-2503,-1,0.9526447072091654,1.1026355287972278,0.8670358707985668,1.1242523511418785,0.9729988856690636,1.1077916624338064,0.8849599558673231,1.128425485854902,0.9463728740404432,0.4861660530157892,0.0130126606537334,1.0124532187019422,0.6108539068464217,0.2433415799395497,0.1699031527224613,0.5057657972426411,0.4170336820967766,-0.0555147408126061,-0.1140219352825157,0.2798074595251585,1.1176250815395363,1.279103195699275,1.0930661786074265,1.3134543256604392,1.0849180024806084,0.8695023755544952,0.8239459781874505,1.2609332754678346,1.295074890065388,1.4656712996912968,1.2853354573433289,1.626919916217034,1.2279454639684824,1.9870086823053603,1.9112039956125764,1.6375123688458142,1.0984739721336485,1.441221951690592,1.049245337609278,1.380791599311518,exact,9
UBERON:0009680,related,,maxillary dental arcade,Mistral-Small-3.1-24B-Instruct-2503,-1,-0.3209903290899893,-0.6586437059184164,-0.5798195973834818,-0.5001752914184715,-0.3487352863041938,-0.6978203535058132,-0.6119576824696576,-0.5163963244061396,0.440274933730597,-0.0619797825498165,-0.0394753372482377,0.3402745262247926,-1.28270582242419,-0.9141247717552734,-0.7868052381231357,-1.2296297094220368,-0.269091350197942,-0.6003605786382358,-0.489522221579389,-0.4367146688151355,-0.611589422842628,-0.6717248992811197,-0.61356570433459,-0.7194567391844062,-0.3994785247388382,-0.4963566597166023,-0.4699948049218549,-0.5404526326638923,-0.9480122066002908,-0.796010356662477,-0.7263932748116123,-0.986571059242548,-0.1597216130423836,-0.4983451933506518,-0.5204350425771909,-0.3293229559080931,-0.1554093831638852,-0.5093374537023106,-0.4296357804092181,-0.3528171627066674,exact,8
UBERON:0009680,exact,,upper jaw teeth,Mistral-Small-3.1-24B-Instruct-2503,-1,0.5570658711503856,0.1150347183969798,0.0174187278780315,0.4740457415218504,0.5589363201624536,0.0170196495702003,-0.0509217406931559,0.4729829662305913,-0.4340001053936762,-0.4647182904280312,-0.0593452774730664,-0.5523358808933763,1.1170396205747812,1.1278795874091323,0.9587043022082712,1.212276771701177,0.3130610690057382,-0.1587800501064886,-0.2341573873365623,0.1583388355995758,1.234751034816674,2.31153475257051,2.127882579827634,1.6269666772572875,1.1398919971569266,1.7710957099390303,1.5932645260988356,1.37993022902789,-0.1099166101923991,-0.5500107407372706,-0.5124079964470748,-0.257650337878994,1.004389008425237,1.09878864843229,0.913773940519597,1.132597121067242,0.9366531254750952,0.6872496514218178,0.3468442634083271,0.9968928646004638,exact,9
UBERON:0009680,exact,,upper dental arcade,Mistral-Small-3.1-24B-Instruct-2503,-1,0.4058811066157569,-0.0897676656795335,-0.1690398434261475,0.2761927733669304,-0.3126860210774742,-0.6934748126012854,-0.6135649543972894,-0.4829288376608028,0.6118815532708258,0.1430668225972956,-0.0117401305760779,0.5485107361525097,-0.4519766959177336,-0.4901401626611526,-0.4522306691235769,-0.5581103434042808,-0.1496403966885167,-0.526458197214203,-0.419759412975528,-0.3240506597816048,-0.7003617369217129,-0.6907842823080934,-0.6180172517761117,-0.7916867630055408,-0.4580735805126976,-0.5176415718989655,-0.4828373256448446,-0.5917235191837108,-0.5770703689602181,-0.667225385001328,-0.627157685991856,-0.6794543077125517,0.0229595834350787,-0.4130179923021252,-0.4508859170308685,-0.1498579383550257,0.1034201711412739,-0.3698245197985746,-0.3525474822754589,-0.1049858224264793,exact,8
UBERON:0009680,exact,,set of all upper teeth,Mistral-Small-3.1-24B-Instruct-2503,-1,0.8345468619503512,0.6767780673386432,0.4699504734041676,0.9010154245424606,0.9141103429535872,0.7758592326214444,0.5729937625601838,1.0181745905660893,0.3217429747529434,-0.083936772842963,-0.0314190545328747,0.2047770313208929,0.674568920922563,0.2617910535250998,0.174657569375595,0.5832279083793556,0.8498524213292317,0.6742248361954236,0.3916243623358889,0.8701969714708666,0.2350813145296313,-0.3051816035813777,-0.3064693143009753,0.0583879358592846,0.5526342530791014,0.1585321040068119,0.0699220709905242,0.4375463333823977,1.151865976690586,1.5480610541646085,1.3537818257319014,1.3270596964037795,0.6207715065909556,0.1945891706704824,0.1329260000087483,0.5368984549715053,0.8696381312423553,0.5083341849324506,0.2332867120262784,0.8725050530283139,exact,8
UBERON:0009680,exact,,arcus dentalis superior,Mistral-Small-3.1-24B-Instruct-2503,-1,-0.0795197813219804,-0.499563337275888,-0.4550708444253845,-0.2657369257651851,-0.7507325070641847,-0.889662939026819,-0.7544399819507034,-0.8692846834578383,0.1337054510798547,-0.2494999538423197,-0.0552250126072134,0.0011230638456332,-1.3412912483216917,-0.9492636413218606,-0.8320169585369874,-1.273961450822709,-0.9389644491844537,-0.8931727342956614,-0.7168197307233143,-1.0069048109846173,-1.4633775442809995,-0.854305921115769,-0.7344162235886069,-1.3683501051664249,-0.7104906102483702,-0.6241707023133533,-0.5701301951995688,-0.8051338622887695,-1.2800658635157076,-0.8526314651853294,-0.7842737190437222,-1.2458377440590844,-0.7087088406217301,-0.6995408765985375,-0.7110696524676828,-0.8165961428901766,-0.8728714335924868,-0.7300603798643827,-0.5608014489270977,-0.9461505763583488,related,8
UBERON:0009472,related,,underarm,Mistral-Small-3.1-24B-Instruct-2503,-1,-0.7953861141654264,-0.8904201322209347,-0.7405197992415117,-0.916945083367008,-0.8116711566298298,-0.9093360692806038,-0.7599266534239366,-0.9199409677440042,-0.9444284090637824,-0.7800370968747348,-0.1015041030738934,-0.9964805697308402,-1.2925968151668903,-0.9279022508117722,-0.8067057582463523,-1.2371372433961223,-1.3004635422478643,-1.0385137097824466,-0.7698666174337151,-1.2817954287445965,-1.0589965767434304,-0.7756928371623129,-0.6800113626373284,-1.0715023593009478,-1.394605724649707,-0.9499505842730952,-0.8165621104973175,-1.3363748470459542,-1.1198553759369283,-0.9449418216926831,-0.8323459574095374,-1.1223768280922906,-0.8388601320410791,-0.8174911769327954,-0.8253311146441182,-0.9232081793501083,-1.2977608731223298,-0.8310906299848595,-0.6125448838385437,-1.2552675207713029,exact,9
UBERON:0009472,related,,oxter,Mistral-Small-3.1-24B-Instruct-2503,-1,-1.110338962250716,-0.9801140935196504,-0.7933471915368336,-1.169761371362383,-0.7622697939857601,-0.8421538607649278,-0.7037754976924147,-0.8789265714290803,-0.3987702980384007,-0.4198482946910289,-0.0683198559746566,-0.5200961484647625,-1.1352370222166055,-0.910382514457634,-0.8057652422643423,-1.1165392271409242,-1.5522248104044818,-1.1091397585576086,-0.8112164267924056,-1.4629486995555063,-2.583927018337492,-1.0063212660192844,-0.8473217762805838,-2.1222887862891784,-1.1658224282163514,-0.8612258006641196,-0.741143582366677,-1.1651137846459487,-0.8813343257760559,-0.8934926027715733,-0.806888193136497,-0.93284980513725,-2.565196080486069,-1.2674836545819257,-1.0886592709839682,-2.1432762621387385,-2.7888069549279124,-1.0390774417318314,-0.7260395675828729,-2.202047680948076,exact,8
UBERON:0009472,related,,axillary region,Mistral-Small-3.1-24B-Instruct-2503,-1,0.5303300552068797,0.0955239434238708,-0.0393296432399001,0.4376654111250209,-0.1145152380061492,-0.5051962102647137,-0.4946573123981778,-0.2924765526283682,-1.2965983266443584,-0.817904532179278,-0.1098473393541781,-1.2828186308063754,-0.4012799827944399,-0.7648038408998918,-0.6548118181752814,-0.5138897688702256,0.1027259161863956,-0.3433582908554744,-0.3153024981273802,-0.0712576864107043,0.520976738418753,-0.0776217867843364,-0.1455157347810522,0.3793570064259491,0.2772937578523848,-0.2788303967533188,-0.2671511817032046,0.117572124831607,0.1878372285185407,-0.4940704608443741,-0.4631818925854587,0.0393684360762627,0.6251022337835912,0.1227076311355609,0.0307257704058775,0.542674295929772,0.1833174049118654,-0.3395849496499765,-0.3595037810056819,-0.0231861458161377,exact,9
UBERON:0009472,related,,axillae,Mistral-Small-3.1-24B-Instruct-2503,-1,0.9014583601227334,0.9138356088672016,0.7163439694723887,1.023116357066307,0.9644435723477336,1.0763966478123437,0.8757062654493069,1.1118835690425803,0.7820299656681444,0.4034866781014273,0.0080154837899012,0.7728465707200576,0.9228221495626324,0.4657523646790508,0.3826880709158365,0.912109492480736,0.7480579692240559,0.4338107730445106,0.2074497737544388,0.715407262804518,1.2287254824130265,2.2509911191969127,2.09175965033628,1.6074721849970517,0.9794195840949204,0.7291105997539535,0.6237964756659263,1.0602590084947758,0.711498030440705,-0.0425303905897816,-0.0876510542687295,0.6473229883391087,1.057583034573142,1.0713083599045454,1.1775260159137948,1.2354765484022388,0.9446389271609672,0.7117993814440228,0.3731259811075846,1.0126545908847893,related,9
UBERON:0009472,related,,armpits,Mistral-Small-3.1-24B-Instruct-2503,-1,-1.0564209802444549,-0.9470130998343976,-0.7781176363451293,-1.127595617360072,-1.2721080709540098,-0.999354021939187,-0.8236929218821553,-1.2834456084573886,-1.044677167529894,-0.7746458095633607,-0.1011446595706145,-1.0794250507298837,-1.912719794784908,-1.1364025280031105,-0.9609746520448158,-1.6911681071955558,-0.907558306556946,-0.900893960255513,-0.6721602517822315,-0.982090760658845,-0.4101875014892033,-0.6023315678779064,-0.5390839769774056,-0.5503678642166657,-1.1293700326186171,-0.8371563851774306,-0.6925012414743993,-1.1372905658497934,-1.1958717572589324,-0.9564475810543944,-0.8312447469384956,-1.1813159558008777,-1.5314247631898057,-1.079740425936391,-0.9159626568683068,-1.4492640432061017,-0.7802906249033934,-0.7090577473921498,-0.5556251815064565,-0.8753300226706728,exact,9
UBERON:0009472,exact,,regio axillaris,Mistral-Small-3.1-24B-Instruct-2503,-1,-0.3320997193633291,-0.6211374909656784,-0.553923740825113,-0.5105453346856169,0.0487649008310515,-0.3973822170095251,-0.371723004841886,-0.1261184252738526,0.2682696067213646,-0.1277104586019961,-0.0445719299306129,0.1455521133072957,-0.4681841468224427,-0.7647100974279483,-0.6689432454715598,-0.5721518724856574,-0.6691728484226401,-0.7947364029138912,-0.6461304180875893,-0.7881838101809514,0.8156701381539981,0.3277968861368259,0.2084707613025498,0.7718768057875173,0.0923370841319675,-0.410667748262471,-0.3795188434469599,-0.0768734319713677,-0.0311779047079115,-0.5576789567567304,-0.5137096597947988,-0.1816207900173089,0.354516854652574,-0.2213800284149421,-0.2052875454296591,0.2076648615380585,-0.0396142266947448,-0.4511594480367772,-0.4160494179309837,-0.2448789732771857,exact,9
UBERON:0009472,exact,,axillary region,Mistral-Small-3.1-24B-Instruct-2503,-1,0.5303300552068797,0.0955239434238708,-0.0393296432399001,0.4376654111250209,-0.1145152380061492,-0.5051962102647137,-0.4946573123981778,-0.2924765526283682,-1.2965983266443584,-0.817904532179278,-0.1098473393541781,-1.2828186308063754,-0.4012799827944399,-0.7648038408998918,-0.6548118181752814,-0.5138897688702256,0.1027259161863956,-0.3433582908554744,-0.3153024981273802,-0.0712576864107043,0.520976738418753,-0.0776217867843364,-0.1455157347810522,0.3793570064259491,0.2772937578523848,-0.2788303967533188,-0.2671511817032046,0.117572124831607,0.1878372285185407,-0.4940704608443741,-0.4631818925854587,0.0393684360762627,0.6251022337835912,0.1227076311355609,0.0307257704058775,0.542674295929772,0.1833174049118654,-0.3395849496499765,-0.3595037810056819,-0.0231861458161377,exact,9
UBERON:0009472,exact,,armpit,Mistral-Small-3.1-24B-Instruct-2503,-1,-0.9250320520733534,-0.9424214188718526,-0.7774696382823043,-1.0229758756423026,-0.749036509579045,-0.8467728421045636,-0.7169073946169113,-0.8678652598295603,0.5478520586298822,0.0954713115488228,-0.0202043665302097,0.4689566813612072,-1.5044801373635197,-1.0239421196274938,-0.8844322944264623,-1.3957929277698005,-0.8560387487941117,-0.8799313267315675,-0.6696276612042728,-0.9410312610959296,-0.4772390758572352,-0.6209569571189317,-0.5597114162312979,-0.6075195843724135,-0.995656205043542,-0.8199651392002205,-0.6842314468108388,-1.03384863865474,-0.7380872900880273,-0.8571588030219528,-0.7701585860935347,-0.8153231730273565,-1.152651270509915,-1.0138924206226712,-0.8211120706239086,-1.1693501371114328,-0.8913972963558736,-0.7320257561754205,-0.5649015852941834,-0.9601578935597512,exact,9
UBERON:0009472,exact,,arm pit,Mistral-Small-3.1-24B-Instruct-2503,-1,-1.227151291356116,-1.0449226606964566,-0.8404800934782398,-1.2596827107541553,-0.8424965321667441,-0.8750741711489333,-0.7346382047415486,-0.9453153169310716,0.6652460079686904,0.2945410236372639,-0.0054226427499639,0.6167117008847043,-1.402443311274326,-0.9540606131107624,-0.8296674502567493,-1.319893702147986,-1.5298489601975296,-1.113294271816267,-0.7810289863542814,-1.4471542971000235,-0.9823978256813082,-0.7534872959982476,-0.6498517598250576,-1.013201263021634,-1.6051560957188191,-0.982233778049774,-0.8334357631390964,-1.4893661590731018,-1.1241397374465032,-0.915050784859341,-0.8069155626854393,-1.1257165328128156,-1.4430652036426046,-1.022443801646577,-0.9171586809425084,-1.3854509160176824,-1.064790228088565,-0.7670478938490747,-0.5759142674882551,-1.0887890458774006,exact,9
UBERON:0008785,exact,,subdivision of free upper limb,Mistral-Small-3.1-24B-Instruct-2503,-1,-0.0948980029538724,-0.529848326981249,-0.4846505235511788,-0.2812271231281353,0.1020063310410624,-0.3866225133403485,-0.3900422190694524,-0.0697312870457824,-0.4283516212985344,-0.571730534709353,-0.086528296631638,-0.5471825424704162,0.4113217319784481,-0.0419473420690391,-0.0804148699041432,0.2769673921123596,0.1762518147032231,-0.288587759137596,-0.3211509460075704,0.0067944489886015,0.605825065518487,0.0157208740808715,-0.0478684000555106,0.4843228212670378,-0.2067880049539955,-0.6272511856441216,-0.5576872240017622,-0.3665015773324434,-0.074909574202803,-0.5087211345422136,-0.4717420298396718,-0.2240515706110755,-0.0181987670747921,-0.4768015952711958,-0.4298982474120612,-0.191226522970083,0.0543402059338541,-0.4229423939285124,-0.3824615184982499,-0.153879979427626,related,8
UBERON:0008785,exact,,segment of free upper limb,Mistral-Small-3.1-24B-Instruct-2503,-1,-0.0733410998425905,-0.5279901845501032,-0.4721861667561161,-0.2594898148142289,0.1209729256276249,-0.3876743009494757,-0.3970289716487841,-0.0493651185391134,-0.5967835903447368,-0.5927737327251441,-0.083483214266499,-0.6984031358269075,0.7422110903715566,0.3631240888727435,0.2811234673887533,0.6682318775307914,0.4637928344510243,-0.0014505757709657,-0.1346320240058393,0.3364616245308985,0.7617444105203447,0.226265387649835,0.108895518837639,0.6934189762907446,0.2652799570147481,-0.4119472986576806,-0.3975805784294544,0.1045105183822409,0.3142092756324092,-0.3147555240763274,-0.3139086670765578,0.1743055180100456,0.280655723331494,-0.2359802562191285,-0.2601909727981639,0.123790042075472,0.4254384907116916,-0.1899328792381162,-0.2523299275171846,0.2449178280768112,exact,9
UBERON:0008785,exact,,free upper limb subdivision,Mistral-Small-3.1-24B-Instruct-2503,-1,0.3681443593063922,-0.1337928530966108,-0.1596840033111213,0.2294990777703095,0.4691245559013051,-0.0463801472101718,-0.1058158857084922,0.3561012550644991,-0.4051272960818396,-0.5429082294398455,-0.08251586062982,-0.525931008817493,0.6883956695452417,0.2478168991741283,0.1395394283886543,0.6003616895743579,0.5033886895154558,0.0442977039145639,-0.0779062275886911,0.3855186412323175,0.606548025321525,0.0157292335311172,-0.0607087617039412,0.4852409612215577,-0.3754737560127217,-0.6870360009041018,-0.6062786954900362,-0.5192409168620477,0.7100875048513106,0.0106761832238436,-0.061237828188935,0.6454748115220016,0.1974733057996555,-0.3464259901218745,-0.3068525625393991,0.0324517774754203,0.2451320302256198,-0.2884530431321142,-0.3065664110985518,0.0421554120921655,related,8
UBERON:0008785,exact,,free upper limb segment,Mistral-Small-3.1-24B-Instruct-2503,-1,0.4644078969405593,-0.0203990218313391,-0.0923541528973967,0.3506141152568963,0.9064364202667052,0.7937400739094883,0.6135799136701698,1.0043855624312674,0.728244097187887,0.2137398147056827,-0.005634491443207,0.6996809535547747,1.1274683497868272,1.1722083690013114,1.0102464374184768,1.2299141835086578,0.9368275995841634,0.8442870580684219,0.5600088784918087,1.0137948442586338,0.7615671883908256,0.2289740246436638,0.1229034636608041,0.6931670377696577,0.2345296827377116,-0.4285553589077973,-0.4124678575116067,0.0713690462217563,1.2794525616040546,1.4127678541435231,1.2399728689218013,1.590653277412046,0.4485396728362983,-0.0912546316563623,-0.145680350673282,0.3186879010249808,0.5793220408122141,-0.0103920845094961,-0.1410741934081839,0.4362312705709212,exact,9
UBERON:0008594,related,,auriculolabialis superior,Mistral-Small-3.1-24B-Instruct-2503,-1,-1.1336131313971158,-0.931669987180902,-0.775955232256019,-1.1878311074229233,-0.8081160849782869,-0.8410006478082926,-0.7007524586976335,-0.917003918147642,-0.401956109262737,-0.4851542884720737,-0.0666390605212371,-0.5230212568066436,-1.029530646420377,-0.9966497439854384,-0.8763612211852033,-1.034061993866224,-0.3259698754656766,-0.6278397710441499,-0.5475714873819351,-0.4889892046475876,-1.4318396113265888,-0.85339590273345,-0.7359585675954848,-1.3457937226805694,-2.054720555368512,-0.9789824022371796,-0.8319662897774759,-1.8037076881448388,0.5283584376987741,-0.1493333104548617,-0.1841276663022742,0.4185368542331421,-1.5703055143540614,-0.9456602701759974,-0.9060022566674568,-1.477079585553012,-0.7449009740231816,-0.7075762357850716,-0.5459698831287695,-0.8478828584248095,related,9
UBERON:0008594,exact,,"square muscle of the upper lip, zygomatic head",Mistral-Small-3.1-24B-Instruct-2503,-1,0.3339005450174455,-0.1406743271394348,-0.2145272013029323,0.1879391556870011,0.3422594399902291,-0.1284258979332279,-0.1868970390614205,0.2005779514170999,-0.0548885696976541,-0.2494330550938682,-0.0502575988057496,-0.1916645030159871,0.0904552407706366,-0.3321297542453741,-0.3366848569434481,-0.057195803818892,0.1434713562155879,-0.2940573635397243,-0.3120895866092506,-0.0282770257308651,-0.4470592120541389,-0.615376811702224,-0.5541477486632226,-0.581906936023096,-0.5365459417213312,-0.6213431412864131,-0.5548383000246179,-0.6593145496089137,-0.6095403161298049,-0.68080641662245,-0.6172992007616735,-0.7071953120395295,-0.295583345005604,-0.4904547382174263,-0.534852801250398,-0.456468610724535,0.0989329308039553,-0.4164398737086816,-0.3924472837806604,-0.109497215359167,related,8
UBERON:0008594,exact,,musculus zygomaticus minor,Mistral-Small-3.1-24B-Instruct-2503,-1,0.6531764539150281,0.2957545780146335,0.1500447978433246,0.610694528654205,0.7929894090011096,0.5613143814339392,0.4164175863136777,0.8131894546129209,0.5386009677612429,0.0767544001218803,-0.0101922858890741,0.4576544729205205,0.8158637856576532,0.3245417070937412,0.1458811509238292,0.7644418808905894,0.5806939566476342,0.1610980116688163,-0.0088981669720289,0.4844225235620562,1.1895780267342668,1.7898875653977802,1.596747671897933,1.4919300794289414,1.2220098833371982,2.217922039822299,2.037703101368152,1.5872428242497651,0.8610567527058096,0.2282866007265396,0.1392878151679976,0.8525755694721355,1.0917205742941596,1.5119780461676882,1.5704913856929223,1.3058371785990144,1.026442309253322,1.048792895099275,0.6917248923497671,1.1896289788243692,exact,9
UBERON:0008594,exact,,"musculus quadratus labii superioris, zygomatic head",Mistral-Small-3.1-24B-Instruct-2503,-1,0.3757316160842229,-0.0860420011101366,-0.1519281668534515,0.2388100607459331,0.3487436794595133,-0.1206550162440308,-0.1362088827414768,0.2082856836065181,-0.0710531557141526,-0.2416694315564411,-0.0510810690554346,-0.2077259586847783,0.1645428759885268,-0.2894035415214291,-0.315846799754405,0.0169053784801083,0.6838454376209864,0.3394348639121781,0.1192962960750307,0.6237319751435592,-0.4584482058582309,-0.6262126726831059,-0.5603453741953511,-0.5915934857929913,-0.6217071338392277,-0.6325325242943962,-0.5491119818073035,-0.7313642507862751,-0.4704999310820808,-0.640465715083334,-0.5989786328461683,-0.5871044645488879,-0.385932408312644,-0.5024804413799846,-0.5415056719355615,-0.5384085727750013,0.3220358783940051,-0.2435141224602524,-0.2798877430260381,0.1262468340073856,related,8
UBERON:0008585,related,,musculus levator veli palatini,Mistral-Small-3.1-24B-Instruct-2503,-1,0.8995603292418136,1.0006989707076428,0.7724997673989158,1.0195065913608294,0.7351600881582206,0.4435011967163043,0.2912428006100184,0.7233384980623906,1.272513659421603,1.4263516113398385,0.118484346079848,1.604972331202326,1.1155877730623438,0.888210355643605,0.7221811409410099,1.2098360382540638,1.0570175719995063,1.270919730413687,0.9248139554185284,1.2355924604673112,1.0905005880981484,1.1147989131583076,0.9326239511854328,1.2538221471813054,1.0092716264613744,1.2242437282052503,1.0724817876205286,1.1140655878952068,0.5335865708345169,-0.1290668831169366,-0.1626967410839481,0.4247849831298211,1.1274673030066962,1.8156249577949723,1.667685256468732,1.3839256207693866,0.9864869842120484,0.8825228189397052,0.5232173503459984,1.0992788982573136,exact,9
UBERON:0008585,related,,levator velum palatini muscle,Mistral-Small-3.1-24B-Instruct-2503,-1,1.0977627254189202,2.124990446874384,2.0140308156322093,1.4681970685409491,0.7170764373173559,0.4021162129235645,0.2713503851903251,0.6961221538611349,1.2726252667247029,1.4177985872888228,0.129554651579183,1.605219603282641,1.0440233628159985,0.7330960107667331,0.636062788522259,1.0936160767783651,0.9031935958689332,0.7827424310768973,0.5059312741872244,0.9568440892558466,1.106549459054594,1.1997438849796,1.0097769077871177,1.2886946942004442,0.5163873540237794,0.1851846343068602,0.1193077379194799,0.3928422845519154,0.1809297586103933,-0.345299135382394,-0.3527025794474403,0.0321620982298443,1.197406616998823,2.358043559279429,2.260638987277391,1.5537578853617025,0.5968855411987497,-0.01072625110931,-0.1426657632130684,0.4594183533125079,exact,9
UBERON:0008585,related,,levator veli palatini muscle,Mistral-Small-3.1-24B-Instruct-2503,-1,1.159093456601873,2.82881484670896,2.870508953084736,1.65997242948041,0.973745932180375,1.087552930372403,0.8782923796672153,1.1298790776696892,1.371818374044601,2.085840361742235,0.1988335412395336,1.847165483871932,1.3071370391256834,1.735578049557177,1.621068169224769,1.570762996504072,1.076063515381841,1.3482474993730322,1.016134736982464,1.2739627075807554,1.1604630169282806,1.540802805328069,1.351886345869097,1.4154948953953237,0.9909848805741184,1.1513356489016968,0.9803931629722769,1.080861832739449,0.4360897322519825,-0.1564151319822267,-0.1949117254189646,0.3106350096534926,1.2426347644561473,2.8664257541030165,2.7853448637412552,1.680596422274111,0.9144248766238215,0.5910669083858294,0.2922583470178452,0.9541528428604266,exact,9
UBERON:0008585,related,,levator veli,Mistral-Small-3.1-24B-Instruct-2503,-1,0.5497866098598251,0.1909877122108989,0.0741288644331346,0.4640754656454463,0.9172220013432186,0.887915175864185,0.7151144153772828,1.0238012132298309,1.1485837555016278,0.9365959987168838,0.076206049396626,1.3539795594463089,0.7720478877830079,0.3476300459983496,0.2599709960665157,0.7067202687011487,1.0200104439797806,1.1245027186234806,0.8023792785553227,1.1638253565893668,0.7087108784142699,0.1345833675068798,0.0479357205859904,0.6195974819857932,0.1336084551955093,-0.2056127463843398,-0.244162898406383,-0.0346462185362786,0.3446211066353499,-0.3087161696382982,-0.3060502493813562,0.207715510899304,0.934853600155104,0.7339252723363622,0.8644657993512351,1.0081360762048346,0.8457189110726144,0.43085090882043,0.1844817192251913,0.8310219539896115,related,9
UBERON:0008585,related,,levator palati,Mistral-Small-3.1-24B-Instruct-2503,-1,0.8710836087833541,0.8917998348618505,0.7496207176935359,0.9664215899423542,0.4509042312704291,-0.0250700438429452,-0.08878174101775,0.3331181734763086,1.0838461317651569,0.7568618508487582,0.0468929637140636,1.2373724526424892,0.9164110858222392,0.5633014797103,0.4287862905636586,0.9029597780508534,0.5608960291154185,0.1361077749071552,0.0428399568201658,0.4586771855507938,0.872079637735911,0.4301983172285615,0.2991930400609933,0.8582130998240189,0.9464353503816236,0.950446517214698,0.8166160676291225,1.0030568972570395,0.11548352175195,-0.4392036934984535,-0.4136852706073002,-0.0353100445282609,0.8211988192503237,0.561864280489987,0.5329637781668509,0.823319588729371,0.4798736284375902,-0.1113807284782311,-0.2048023776476339,0.3103661114851844,exact,9
UBERON:0007617,related,,synovial cavity,Mistral-Small-3.1-24B-Instruct-2503,-1,0.8767478057016155,0.8287131233384524,0.6818541217785636,0.9768254105070284,0.950767651234732,1.0439797591443662,0.8377039240480498,1.0858291558141056,0.8334759293110058,0.481464647466654,0.0111043320205339,0.8450620056823132,1.0725770464738626,1.1253276982795393,0.9443557112479856,1.139067954570086,0.4712997107058723,0.0190329647369108,-0.086796612678508,0.3456837998877006,1.1058470357215004,1.204891057377624,1.0241130004988652,1.287144150076355,0.5187950069661261,-0.1616296111315396,-0.1776756153216595,0.3957839824828421,0.6233108562472169,-0.1635554130005087,-0.1971822235465563,0.534481063364621,1.0678207935902653,1.1734463734069145,0.9455715893934176,1.2561869097481726,1.118863670234937,1.6712023260957214,1.3161258107584934,1.4450845093638702,related,8
UBERON:0007617,related,,joint cavity,Mistral-Small-3.1-24B-Instruct-2503,-1,-0.8310816092160436,-0.8809950124074141,-0.7169092545857861,-0.9464313909922094,-0.5175017906324716,-0.729313053523799,-0.6141986552964774,-0.6688250814729283,-0.7773576642626245,-0.6645807981652166,-0.095239502120427,-0.8553870658330298,-0.2665509909280084,-0.3901241929395574,-0.4160413054656006,-0.3940430391246196,-0.089913839496807,-0.4923844966071085,-0.4310221561971435,-0.2661419508972785,0.1102857503383083,-0.378798462375112,-0.359105027848928,-0.0696125823757802,0.4679729394552467,-0.1757751233040008,-0.2189500567152926,0.3344845954236448,0.5702993359672132,-0.2155614690583743,-0.2371655491954791,0.4690937118638373,0.5338509952178674,-0.0560018542115344,-0.145926029370878,0.4241250026827655,0.5418404772908466,-0.0774883082335587,-0.1697294672635952,0.3877557585864404,exact,9
UBERON:0007617,exact,,cavity of synovial joint,Mistral-Small-3.1-24B-Instruct-2503,-1,1.0660405807289095,1.7577836347936804,1.6065106071361843,1.3830903942965105,1.0554388073814798,1.4932618611347994,1.3130231459453972,1.2990282727028786,1.394136370989574,2.6127705513886794,0.2866206075689715,1.909568263822775,1.4515350487413765,3.287578195965335,3.634014179967741,1.932638481567709,1.231579455849647,2.272044310577254,1.9957280208792707,1.6394356592933894,1.1568615285880546,1.5163944368526738,1.3193744268817102,1.4064815615252235,1.283079459975935,2.91595123436476,2.896542180844304,1.781611917262528,0.0960167046259676,-0.4439087794162189,-0.4471271634012086,-0.0551076525162467,1.176525763487814,1.9201171865350355,1.7946567477479158,1.5002448078566406,1.191848407276145,3.222889054486803,3.675081829248152,1.7678787795404762,exact,9
UBERON:0007617,exact,,cavitas articularis (junctura synovialis),Mistral-Small-3.1-24B-Instruct-2503,-1,0.2305280821974158,-0.2202584172496342,-0.2579177305046654,0.0667406047655663,-0.0059550912890811,-0.4175030351991207,-0.3739038628445474,-0.1829280112817176,0.052593881420381,-0.2454468925366138,-0.060147221788952,-0.0830633872943726,-0.3854366200247256,-0.6087789823050906,-0.5800861483529792,-0.4999752756195774,-1.384467518761168,-1.041396814067759,-0.7792811652692793,-1.343102070757828,-0.2447856316430798,-0.5346545112265463,-0.487283903924141,-0.4052841806606108,0.9130022045786528,0.5188936729208091,0.4098065739014001,0.9472175855338494,-1.2046760566239196,-0.8459775213702119,-0.7605569756053078,-1.1880997346051014,-0.0570888116450405,-0.4516450368924359,-0.3700661859601695,-0.2297973536203857,-0.2698236915255436,-0.5946579280123341,-0.4896102448810052,-0.4554457256505934,related,9
UBERON:0007617,exact,,articular cavity (synovial joint),Mistral-Small-3.1-24B-Instruct-2503,-1,1.0204058001568166,1.4310672546956753,1.2113699837488006,1.271818533020972,0.7821618939208426,0.53945745942943,0.3855911253323765,0.7960209306681958,1.368853853162617,2.428689377096889,0.2422758498124365,1.8391491888074096,0.5758420614329514,0.1308111601543415,0.0718762685860269,0.4641825093194021,0.5672900552634021,0.143699018008488,-0.028818435301893,0.466959525433491,0.916258528551016,0.5329407266483329,0.3809121100527675,0.9293968815139626,0.991829699692923,0.7234959393605614,0.5733930272595569,1.082378588753582,0.1533575511952497,-0.4131484842983868,-0.3899649884300047,0.0035609919789415,0.6332346789046578,0.1453061691041524,0.1867624662512036,0.5535633447995866,1.1419541751353894,1.9464834561170847,1.6051791170764764,1.526703367890968,exact,9
UBERON:0007567,related,,regenerating tissues,Mistral-Small-3.1-24B-Instruct-2503,-1,0.2698312264205945,-0.2255290175550016,-0.2532647333347343,0.1121060252357237,0.146089840764694,-0.3235964741025776,-0.3475149833521168,-0.0221599850594942,0.0453336339273749,-0.2730382198069817,-0.049513454100529,-0.0905019987806922,0.1633842648142855,-0.0950140070559434,-0.1314338894308317,0.015733740165377,0.0202410340908116,-0.3983664860987775,-0.3966775375204801,-0.1563102898353087,0.8165980823514799,0.3151000417013503,0.2018985050154822,0.7732598871354235,0.4847698354100161,-0.1574809295195262,-0.212402520445551,0.3545628962429136,0.7548137757233392,0.0573180862202144,-0.0252444118456131,0.704820563243522,0.0007354753194212,-0.5340518861952025,-0.4666057577236154,-0.1722670533276222,0.362827142872544,-0.1638594839130422,-0.2340948554670792,0.1722401501809346,exact,8
UBERON:0007567,related,,regenerating tissue,Mistral-Small-3.1-24B-Instruct-2503,-1,0.3290922001191153,-0.1650621230014641,-0.2077182264897939,0.1821627364818328,0.486044926415824,0.0127731100161924,-0.0704141097662738,0.377655151688909,0.3014227485334511,-0.0299985394512422,-0.0333646766687008,0.1821400091108574,0.0305912061470899,-0.258051983196483,-0.2800457154281025,-0.1159107257616839,0.1597729896256551,-0.2923108725077139,-0.330311235923366,-0.0108922422743723,0.8181660798622246,0.3172172582062675,0.2018020274259315,0.775599629102316,0.4887921040427426,-0.1513371945173737,-0.2152770302260906,0.3593970600694612,0.7883315977590596,0.0937499938645716,0.0188984777413533,0.7503493531794736,0.0328313252315633,-0.5114107115573486,-0.4762361450894777,-0.1398491616585744,0.3598476895942921,-0.1685445248073019,-0.2369459844454485,0.1688459333562879,related,8
UBERON:0007241,exact,,venous adventitia,Mistral-Small-3.1-24B-Instruct-2503,-1,0.6773996385018879,0.3152059783806954,0.1518423797269685,0.646757024682052,0.5195463126367087,0.067260286666566,-0.0298943110880088,0.4209538838623489,0.2332476198615156,-0.1661915499423612,-0.053463920409836,0.1073500661651982,0.0788420988629717,-0.3088866057492641,-0.3358222071324912,-0.0686646467745507,0.2993179104044621,-0.1450234293810279,-0.1559844077826824,0.142712595611067,0.8723812196000925,0.4158506153245554,0.2996421220717787,0.8586877530633386,0.7399268190445152,0.2317358541944887,0.1259777577799534,0.6850586565647973,0.2684449048463563,-0.3459139560488464,-0.3325008803154518,0.1247370869205371,0.5913914758608574,0.021498827334899,0.0826408945846737,0.4981225512724768,0.9435888427444028,0.6353044024115223,0.3169312394381071,1.0105690886914274,exact,9
UBERON:0007241,exact,,tunica externa (adventitia)(venae),Mistral-Small-3.1-24B-Instruct-2503,-1,0.6227829308416616,0.2185514702310459,0.1147575417864054,0.5664179122853189,0.2732205386995418,-0.2133572509393229,-0.2516914072661606,0.1199662305072277,-0.4190439570728067,-0.4913277732782969,-0.0743230584464307,-0.5386777490741718,0.1949649174324951,-0.228192147611799,-0.2812253147202466,0.0478208661080494,0.5359206474937912,0.1240188199581387,-0.0273974743721453,0.4266152535213807,0.1026990459138975,-0.3980946500374004,-0.3812889262750182,-0.0772014548586431,0.0341399740434138,-0.3900602287173509,-0.3819525142588661,-0.1353964830730472,-0.21279016118274,-0.4781301750371471,-0.4495990159775009,-0.3546035510730816,0.0644653643536027,-0.3589209100424296,-0.1475710775935002,-0.1075431340543075,0.8549328213144683,0.3520405909670791,0.1049519154299715,0.8468415386791435,exact,8
UBERON:0006946,related,,vasa efferentia,Mistral-Small-3.1-24B-Instruct-2503,-1,0.3102203502173983,-0.2019618465764062,-0.2277841422656613,0.1596278961231737,0.6305611516846039,0.1844190997050508,0.0673462738289949,0.5709962912509041,-1.9450590791129831,-0.7834430333550848,-0.1033200910880164,-1.779527823527034,-0.2745773118162302,-0.4905364393328008,-0.46641797474179,-0.4012823964688319,-0.4102720525901399,-0.6718280810271348,-0.5601973522125939,-0.5649604029711828,0.1116552286395917,-0.356957980654998,-0.3436161000290633,-0.068240485492067,0.0947023330258799,-0.3082824168355836,-0.3145981650202504,-0.0744700521172391,-0.1009212105136719,-0.5896579023156681,-0.5583622930079206,-0.2490472516663639,-0.0412843024382419,-0.5098352601300591,-0.5407514845450617,-0.2141818563559328,-0.5946429242227972,-0.703905405652238,-0.5409674052632697,-0.7288515040577493,exact,9
UBERON:0006946,related,,ductuli efferentes testis,Mistral-Small-3.1-24B-Instruct-2503,-1,-0.3696890737984245,-0.6780180759704351,-0.5810336893273635,-0.5453873878473731,-0.50552497322711,-0.7571404643979783,-0.6375446312344261,-0.6582258566287466,-1.8484991344406945,-0.8141366317108448,-0.106811314021593,-1.70762657564265,-0.1670025782338975,-0.4807881698321897,-0.4570809220953313,-0.3031320163470781,-0.3368347499070628,-0.6375896716194297,-0.5297422495604445,-0.4988794521090218,0.4436938186634875,-0.1297562872568787,-0.1695482083328579,0.2880871270781058,0.0260905440031416,-0.3643782435750209,-0.3714515351998728,-0.1434008739532413,0.1650307990043625,-0.4323797058987608,-0.4129845377451729,0.015638090482318,0.1121233800393472,-0.4101670728969172,-0.3584093770838149,-0.0581790758089627,0.2345171474083497,-0.3602455457616988,-0.3402887306101727,0.030798811413609,exact,9
UBERON:0006946,exact,,efferent ductule,Mistral-Small-3.1-24B-Instruct-2503,-1,0.9184627701174356,0.937257597065826,0.7423555657419694,1.055881819870684,0.522365209555691,0.0303117364765327,-0.0338043733655147,0.4246361687654775,-1.2832839602373591,-0.6133735128269223,-0.0874036200198804,-1.2722362552043651,0.8022500019733292,0.4176382088359625,0.257750242251145,0.7463486979157112,0.9286378871472394,0.8532300782736947,0.6147796932612759,0.9997496063417136,1.0751914103646951,1.0823954072645845,0.8984059948734535,1.2215712614483312,0.940615802465262,0.7094632994387642,0.5458968121384278,0.9931893146840434,1.2806309320808495,1.425455343499341,1.213669594202084,1.5933512804856014,1.0554469809495706,1.059039624625833,1.082220756893275,1.2311952923943674,0.9229132739960492,0.5569661099958321,0.3026347178184035,0.970284959321022,exact,9
UBERON:0006858,related,,suprarenal gland - interrenal gland,Mistral-Small-3.1-24B-Instruct-2503,-1,0.9012275373196326,0.9080567185970724,0.6821213896168553,1.0226768698889035,0.9394516826663,0.9940694139585952,0.8199345758309711,1.0646161441686453,0.9421683575357472,0.8588853679214321,0.0682122099469274,1.0059720892087192,0.9399543597573508,0.3795277580800034,0.2575206427605332,0.936764460143042,0.4554605043305021,0.0321794071165291,-0.0884536807203509,0.3262672587648571,0.9176356129522788,0.5466196238363717,0.3785922115553047,0.9316720104221644,0.5813703350555127,-0.0055739373576083,-0.1037115658521501,0.4736474190432672,0.6879262221763565,0.0173380109144513,-0.0568081464103999,0.6166293797742204,0.8596842432211942,0.5343572005621046,0.3472952382663592,0.883688511170624,0.7005280990956511,0.0949445409162828,-0.0633473241144794,0.6032574753897124,exact,9
UBERON:0006858,related,,adrenal - interrenal gland,Mistral-Small-3.1-24B-Instruct-2503,-1,1.1470892803418131,2.528163670751645,2.5045193265549845,1.6187162304588991,1.1387748742852195,2.025593758744292,1.931293105054136,1.4995710260380382,0.9984257505005042,0.8595519874234188,0.1025159377650499,1.094497238508579,1.4380052223885191,2.546692467616264,2.6325629807550093,1.8927830568015225,0.9289296051364174,0.8902408954886956,0.558962986076661,1.0002478784172568,1.1591102720469515,1.5523816297726354,1.367258708754562,1.4120990130098223,0.7564900850016615,0.2120039901623776,0.0914313846301228,0.7085242144941861,0.2500054351870778,-0.329751199155036,-0.3254679812589196,0.1049959128406294,1.1112109912931716,1.359557510421521,1.2071702744708803,1.3478015371141676,1.1169064367253407,1.6512429606511498,1.2537899135398307,1.4386373528301577,exact,9
UBERON:0006858,exact,,adrenal gland - interrenal gland,Mistral-Small-3.1-24B-Instruct-2503,-1,1.029452385439794,1.4591753095677862,1.244611759337666,1.29299315873721,1.0051832335498396,1.2434843060900191,1.0671126901725678,1.1924628765937844,1.0316881904990745,1.0020385433528392,0.1001497874226932,1.1488175834723524,1.1744856840520852,0.9360616527638866,0.7637477718704208,1.3118847816846642,0.9905663749387448,1.069757710915868,0.7678568943301091,1.1090751645756665,1.131544244501762,1.369108880361527,1.1398390444601183,1.3454501135957395,0.7449537374401447,0.2322787436438153,0.1044459791650214,0.6921492307164605,0.8108628623713565,0.1414179582665467,0.030997266754152,0.7814973392415031,0.9825180497373048,0.8719085337713999,0.6685615152460879,1.0923415962577654,1.1080790194702224,1.5591067625220971,1.1381143865187031,1.4103199555184731,related,8
UBERON:0006810,related,,ulnar process,Mistral-Small-3.1-24B-Instruct-2503,-1,-1.566642272009605,-1.0636473313277237,-0.8567734447754677,-1.5110386969148597,-0.9488543671311308,-0.8844836086257368,-0.7416277633331709,-1.031636675658219,-0.5306832029521438,-0.6024503044346452,-0.0771140448382482,-0.6396451337991764,-1.0563380175837327,-0.921164547674998,-0.8011887027068688,-1.0550957205797395,-1.4534166861588915,-1.078396004777674,-0.8087728983799719,-1.392765118378383,-1.5145388348771551,-0.8618811298958547,-0.7333684439001412,-1.404748633925276,-2.1268942844597243,-1.0648671665293237,-0.9032713787405467,-1.8528247827509288,-0.9333898557397547,-0.8334704378503441,-0.7633437194437299,-0.974841248814031,-1.32270987701703,-0.9527280121631412,-0.8988205344122397,-1.2971255332197795,-1.3490442095625406,-0.8754974810253183,-0.6351546394706358,-1.291035147061893,related,9
UBERON:0006810,related,,olecranon process,Mistral-Small-3.1-24B-Instruct-2503,-1,1.0564739488895485,1.7131503159499235,1.5308802664744905,1.3587839573452485,0.8674261484416165,0.8844531815783142,0.6987945264863554,0.936101986132015,0.8864955559275698,0.3676506671488222,0.046372922100783,0.9220297646815486,0.8939203501401498,0.4736606022890435,0.3367609415651421,0.8711795960443036,0.4642703876036787,-3.0202213649510247e-05,-0.0866477040667925,0.3370472270667577,0.0758228916368354,-0.3844237074106033,-0.3869129701859259,-0.1039196330616929,0.2192405768897666,-0.4131035164841347,-0.3854132065983215,0.055042534583826,0.7554325301918677,0.2040972857660725,0.1274154337952144,0.7056526154776889,0.6329780379237803,-0.012628565190355,-0.1370730257640154,0.5532188493516914,0.968644321334426,0.7429507267368454,0.4087749098391705,1.0614648511018614,exact,9
UBERON:0006810,exact,,olecranon process of ulna,Mistral-Small-3.1-24B-Instruct-2503,-1,-0.525926911022623,-0.7159517642298148,-0.6361041596068067,-0.686392203339381,0.532598659582784,0.1830585932555415,0.0339820619178074,0.4380563583516675,0.637295305892117,0.0577235701700699,-0.0125650778714276,0.5807642716181108,0.4296342593892017,-0.1243125032836072,-0.1344135361026355,0.2971941821680202,-0.8811048871234833,-0.8685070926001687,-0.6755942575209536,-0.961063810916148,-0.528363476868491,-0.6398074462863574,-0.5700955658866914,-0.6505060975498516,-0.5886446157288215,-0.7924176495226879,-0.6909197058784458,-0.7035471559268761,0.4192372260676742,-0.1268113965588965,-0.1685727706733551,0.2913852375944915,-0.9718866602991176,-0.8487753789849686,-0.6598196453025034,-1.0293253033270604,0.4717531476201589,-0.1840929925481827,-0.2431464260388734,0.3004595059084803,exact,9
UBERON:0006722,related,,manubrium mallei,Mistral-Small-3.1-24B-Instruct-2503,-1,0.2841846504266712,-0.1938032151078889,-0.2345646863937135,0.1288865275384767,0.608455719261533,0.1993274613672291,0.0535620430250348,0.5402491496592136,-0.6785020728214101,-0.6210847998948822,-0.083541864729914,-0.7700622976514895,1.0597057732380717,0.9584651996506888,0.7373554309217901,1.1184364172676815,-0.1831123348542034,-0.5294289792493774,-0.4719002887079058,-0.356032038858439,0.9897383983166024,0.7485131616848398,0.5449013732896962,1.0562927057449187,0.1017858477705689,-0.245413966055643,-0.2345802962908575,-0.067260392325037,0.3749390980980398,-0.176995746104026,-0.2080860307819952,0.2414134540357198,1.046098529398218,1.3014363307381376,1.0671865944080765,1.2126149987890191,0.6622193683409898,0.0329477594556719,-0.1135958155142156,0.5485904708033484,exact,9
UBERON:0006722,related,,malleus manubrium,Mistral-Small-3.1-24B-Instruct-2503,-1,0.5231064138688735,0.076358984378037,-0.0295194234890085,0.4279466989472164,0.9307775563343352,0.9357205968507932,0.7423709788964107,1.048558226309622,-0.7867492263920615,-0.6274329642331661,-0.0810491824874439,-0.86341924621116,1.1706367523392824,1.134627450102907,0.9216828792951391,1.305014243419615,0.9488226111243652,0.8996109204817531,0.6006367584218867,1.0345828549046785,1.121446386169166,1.3105078765635794,1.1156391313662273,1.3221374261779433,0.364305234314459,-0.0888306683632068,-0.1035829909617247,0.2142002698951758,0.9497004171628092,0.582893492511987,0.4574221702348096,0.9845247359956956,1.025131890601122,1.2207558715806432,0.9989678220624214,1.171827945845488,1.1537207967328913,2.114303791527628,1.772258930999261,1.5732533915718607,exact,9
UBERON:0006722,related,,malleus handle,Mistral-Small-3.1-24B-Instruct-2503,-1,0.1618075450682008,-0.3166247493203843,-0.3391964884927494,-0.0106454776250873,-0.3823088921982096,-0.6614933393425645,-0.5657050878585436,-0.54726632577048,-0.6949260496044225,-0.6363012029007726,-0.0884510979946684,-0.7843389706996097,0.1906683498011891,-0.2019231361295036,-0.2681360384362279,0.0434367397343579,0.2313670667919259,-0.2414470711480956,-0.2850213610773658,0.0668046765723255,0.0135236085359066,-0.42359896902114,-0.4044369093336296,-0.1648982324615039,-0.4777731151290361,-0.620605926383526,-0.5590790083148129,-0.6088042136493147,0.497387968182778,-0.1111907856385295,-0.1326010202971738,0.3818281735476262,0.0573652021751187,-0.3508771202094979,-0.41109361147551,-0.1148254221548955,0.0916592256757534,-0.4466321983638651,-0.3865284007063964,-0.1167921826746402,exact,9
UBERON:0006722,related,,malleal manubrium,Mistral-Small-3.1-24B-Instruct-2503,-1,0.7144696416300063,0.442442775601818,0.294446032483055,0.7033835720787944,0.7320437704348389,0.4134743901955812,0.2391710020728263,0.7186199858346143,-0.8164771785573017,-0.6724226020863665,-0.0895083447660555,-0.888762529143927,0.8065215871791744,0.418030975455421,0.2716109491717999,0.7520100214985092,0.3178063482963676,-0.1556161043237039,-0.2550518585268553,0.1637565383827597,1.159345680841313,1.5619543772990063,1.4070315488662688,1.4126890685112834,0.767727565567964,0.4025775679048868,0.3125345098869252,0.7246157355237627,0.8777860944935387,0.4790341416208693,0.3488501014240738,0.8768177825812531,0.8603476494336019,0.4781799526054335,0.5930395271372512,0.8847475871626094,0.8527609268135743,0.3619984581680757,0.1141101868547158,0.8430949141121188,exact,9
UBERON:0006722,related,,handle of malleus,Mistral-Small-3.1-24B-Instruct-2503,-1,0.6042663533868861,0.207582345581232,0.0653578425818699,0.5399431210197577,0.4139611505192608,-0.0504176283148934,-0.1157210113748165,0.2872106285115631,-0.6451357225751265,-0.5761306624802227,-0.0892793370041322,-0.7409305363733534,0.442872078047738,0.0566439477065172,-0.0514708659457022,0.311905453917821,0.5298399480749246,0.1019587008159787,-0.0514786687152238,0.4188774440258516,0.2221749037796574,-0.3097654666588507,-0.3288050705003647,0.0448578406978875,-0.5676130231679196,-0.6434717423925449,-0.5571107899683763,-0.6857507261238552,-0.1937759243394254,-0.4647615077987881,-0.4502171759757901,-0.3368765442217468,0.1134744982952206,-0.2245610052738948,-0.3197436900275194,-0.0567670474260675,0.166735875358117,-0.4126812705305886,-0.372657698331451,-0.0403993041955157,exact,9
UBERON:0006722,exact,,malleus handle,Mistral-Small-3.1-24B-Instruct-2503,-1,0.1618075450682008,-0.3166247493203843,-0.3391964884927494,-0.0106454776250873,-0.3823088921982096,-0.6614933393425645,-0.5657050878585436,-0.54726632577048,-0.6949260496044225,-0.6363012029007726,-0.0884510979946684,-0.7843389706996097,0.1906683498011891,-0.2019231361295036,-0.2681360384362279,0.0434367397343579,0.2313670667919259,-0.2414470711480956,-0.2850213610773658,0.0668046765723255,0.0135236085359066,-0.42359896902114,-0.4044369093336296,-0.1648982324615039,-0.4777731151290361,-0.620605926383526,-0.5590790083148129,-0.6088042136493147,0.497387968182778,-0.1111907856385295,-0.1326010202971738,0.3818281735476262,0.0573652021751187,-0.3508771202094979,-0.41109361147551,-0.1148254221548955,0.0916592256757534,-0.4466321983638651,-0.3865284007063964,-0.1167921826746402,exact,9
UBERON:0006660,related,,tunica muscularis,Mistral-Small-3.1-24B-Instruct-2503,-1,-0.5312580834749648,-0.7876419959645762,-0.6754419697463372,-0.6911015026554009,-0.9986913774808612,-0.9411895687092549,-0.7915028905821673,-1.071457555868879,-1.871407880386556,-0.8976125429142768,-0.1164588075516088,-1.7247428598746033,-0.5199338077467172,-0.4785079501314202,-0.463775231655766,-0.6166857441953971,-1.8448957450138284,-1.1804803830561068,-0.8131943541004794,-1.6645268761433178,-0.4666932182358551,-0.646036240300022,-0.5713148078703544,-0.5985900178115374,-0.0655270722200994,-0.4663255485623305,-0.4462214994940695,-0.233054549914873,-0.3917001321469092,-0.7267902921111287,-0.6763162421266675,-0.5174618892990827,0.1209399628169593,-0.3798205085858115,-0.3060473600326203,-0.0489522801954768,-0.8798102469337843,-0.7462154242194509,-0.5569538026846812,-0.9514032301816556,exact,9
UBERON:0006660,related,,tunica externa,Mistral-Small-3.1-24B-Instruct-2503,-1,-0.8238955113460116,-0.8975389036700718,-0.743533444144958,-0.9405136442642704,-1.201619340311328,-0.9916286077569793,-0.8202600616890218,-1.2297860688504685,-0.9757812096210436,-0.7243750947867226,-0.1031345587877166,-1.0225534259310816,-0.4189933415420917,-0.3794929448699031,-0.3864593646824234,-0.5293925416834129,-2.154536023097361,-1.2505510794075676,-0.8732381427770822,-1.868615316911288,-1.3759492280682672,-0.852228014637545,-0.7299134569614493,-1.3055905359527455,-1.23809972104124,-0.8582197720223972,-0.734274154050826,-1.219830304064531,-0.6011856645618524,-0.7753149950165938,-0.7172980130655351,-0.7000745300537025,-1.591137756202954,-0.9746154148951404,-0.9064255493105954,-1.4919184976508515,-2.0235750937556043,-0.9604201463013138,-0.6890206577951216,-1.7372746038535636,related,8
UBERON:0006660,related,,transverse muscular fibers,Mistral-Small-3.1-24B-Instruct-2503,-1,0.001840390025228,-0.5045091617383927,-0.4940313334288733,-0.1823579110356107,-0.565917704188335,-0.8188142379847257,-0.6958183023021871,-0.7113529371373066,-1.3204676651024143,-0.825840357283032,-0.1066092820739841,-1.3017462535856803,-0.5460330704900436,-0.4938647965655687,-0.476046386467003,-0.6389767121810961,-0.6929489449776467,-0.8202456311793177,-0.6030998311316346,-0.8079900712293504,-1.770638503012138,-0.9143884510901712,-0.7712416644291956,-1.5836173664735904,-1.2423568428652942,-0.8537507573969921,-0.7470938914802469,-1.2230348781302032,-0.0375013212275189,-0.5899039393444454,-0.5476546953827095,-0.1877883453189997,-0.679925017629938,-0.7803858475702068,-0.7932664631935444,-0.7926189337816985,-1.3325529821084967,-0.8809650342300512,-0.6428982607013013,-1.2795658882184742,related,8
UBERON:0006660,related,,muscularis propria,Mistral-Small-3.1-24B-Instruct-2503,-1,-1.0066918759149488,-0.9667210353774384,-0.7968368843851319,-1.0883175259950626,-0.2374401106756505,-0.6335884859728659,-0.5769915836066016,-0.4119505928877642,-1.2844816220554474,-0.8113756501441332,-0.1120140876279739,-1.273188891391947,-0.1594673053477667,-0.2289021159627333,-0.2773697546250486,-0.2961629517010966,-0.945488127772072,-0.921629024198448,-0.6891416289634281,-1.0120390854393702,-0.9985710563724164,-0.7779395699497732,-0.6727959847132855,-1.0255723478503291,-1.0490641040464388,-0.8252649045684445,-0.7199524650872344,-1.0754329529130455,-0.4778125727551651,-0.7560026553987806,-0.6894374715573259,-0.5935072346584869,-0.3608323484809131,-0.625486141777821,-0.5712562982247141,-0.5158413901374952,-1.5522497344976909,-0.8876728411684425,-0.6495094442875865,-1.4299586112450575,exact,9
UBERON:0006660,related,,muscularis externa,Mistral-Small-3.1-24B-Instruct-2503,-1,-0.6706973045289125,-0.8377315785278294,-0.7113819967051495,-0.8120834753799889,-1.074028144890817,-0.9751847795785322,-0.8066036262428737,-1.130932266854958,-1.4205467034972603,-0.8295438145011934,-0.1134309495946843,-1.3805095402566414,-0.2546663187239412,-0.3472084169342466,-0.3465069442977237,-0.3832994576449487,-1.0897523973535812,-0.9714479714794372,-0.6977460987601992,-1.1238780900160206,-1.2603962162668612,-0.827790098398831,-0.7022825021179657,-1.2214961967409697,-1.185140326396782,-0.8633801846368759,-0.7555173723320646,-1.179796090826891,-0.3677187533891743,-0.7085246173931419,-0.671304633804235,-0.4960250164529557,0.2022208065071981,-0.327461997138759,-0.3673556110138627,0.0375817413961475,-1.402671272499083,-0.8675590044823958,-0.6357736225427364,-1.3281228407853334,exact,9
UBERON:0006660,exact,,tunica muscularis,Mistral-Small-3.1-24B-Instruct-2503,-1,-0.5312580834749648,-0.7876419959645762,-0.6754419697463372,-0.6911015026554009,-0.9986913774808612,-0.9411895687092549,-0.7915028905821673,-1.071457555868879,-1.871407880386556,-0.8976125429142768,-0.1164588075516088,-1.7247428598746033,-0.5199338077467172,-0.4785079501314202,-0.463775231655766,-0.6166857441953971,-1.8448957450138284,-1.1804803830561068,-0.8131943541004794,-1.6645268761433178,-0.4666932182358551,-0.646036240300022,-0.5713148078703544,-0.5985900178115374,-0.0655270722200994,-0.4663255485623305,-0.4462214994940695,-0.233054549914873,-0.3917001321469092,-0.7267902921111287,-0.6763162421266675,-0.5174618892990827,0.1209399628169593,-0.3798205085858115,-0.3060473600326203,-0.0489522801954768,-0.8798102469337843,-0.7462154242194509,-0.5569538026846812,-0.9514032301816556,exact,9
UBERON:0006660,exact,,muscularis layer,Mistral-Small-3.1-24B-Instruct-2503,-1,0.0628283632505638,-0.4594869632117961,-0.4568412582691048,-0.1181809985675107,-0.376316988995216,-0.6987657190398499,-0.6140681061311465,-0.5417776778028678,-1.2147655428952004,-0.7720929936686551,-0.1073415902622528,-1.2174931420101385,0.0784808775636854,-0.0839684384759279,-0.1366943661980866,-0.0690207626804972,-0.6296353369560442,-0.7960891158386816,-0.629870599687454,-0.7550036145717075,-0.5109869611606483,-0.6488422881540536,-0.5698421658647561,-0.6359510452406762,-0.4732468906899184,-0.7057708558222568,-0.6425827320167957,-0.6048865167577423,0.2501012297177505,-0.4346396571259047,-0.4095749833778302,0.1050981358056453,0.4548627632983091,-0.1173330949977981,-0.2169409493778223,0.3263408705018791,-1.1523781046819943,-0.8268492081269718,-0.6099009592097795,-1.1521807950214142,exact,9
UBERON:0006660,exact,,muscular layer,Mistral-Small-3.1-24B-Instruct-2503,-1,0.660861740859236,0.200092042522051,0.0791579084300497,0.6220592852802154,0.0349616245955394,-0.4823716298765361,-0.464688666252488,-0.1405552315632362,-0.8511285522003065,-0.705961137046147,-0.1016619304181516,-0.918149148466724,0.7731544863665356,0.8329675705729612,0.6557447609075379,0.7081601414685345,-0.2271941643299949,-0.5898550353605675,-0.4957976749148295,-0.3976559895052399,-0.2974221253302321,-0.574858877470845,-0.5130768798626151,-0.4521253568400641,-0.4331554938203056,-0.7008008998424878,-0.6428674431616154,-0.5700063753071369,0.3693263205967899,-0.3628339405144513,-0.3687036808338279,0.2351447847529735,0.5529189196829,-0.0195226691773181,-0.032772136390494,0.4483731575970104,-0.7942776461296306,-0.7581527032248359,-0.5686778555295123,-0.8861194783891396,exact,9
UBERON:0006652,exact,,tunica muscularis vaginae,Mistral-Small-3.1-24B-Instruct-2503,-1,0.6053495519628835,0.2236716822761429,0.0947734230226533,0.5414818332706844,0.1272063376300134,-0.3242668014891255,-0.3440915815450454,-0.0426386882156918,0.1678711405279921,-0.1100592329464019,-0.0460838031278221,0.0372057998761019,-0.380592486773073,-0.5145966123777025,-0.4624697235308331,-0.4957116873095425,0.3528254722416949,-0.1063422006568763,-0.2009974107732445,0.2040995903310762,1.0571212183387353,0.9384515040926632,0.7328110283190059,1.1846605300882287,0.6652663371513767,0.3066587377546413,0.1885460837000039,0.5827274099757268,-0.4802655969870332,-0.6373381650562047,-0.5817599749222362,-0.5956528112734325,0.9083252153100212,0.8058699429737975,0.6238064819742085,0.9631418611424316,0.6021483475695307,-0.1015024103989252,-0.1947545014688677,0.466427750377043,exact,9
UBERON:0006652,exact,,muscular coat of vagina,Mistral-Small-3.1-24B-Instruct-2503,-1,0.8644133859732644,0.8230512903066595,0.6333313007771892,0.9542642403478776,0.98631060219391,1.2202982329343093,0.999552378992466,1.154554518809841,0.8097613016662119,0.3939759081637855,0.0243166474866088,0.8114873785998389,0.8918742485401112,0.7605729306331508,0.6234687584316816,0.8683123933325669,0.8548526837511425,0.6710138955987219,0.4242076030415974,0.8781424284050371,0.8728318810238695,0.4116614197387642,0.2855466551882409,0.8593973144639356,0.4968443882016595,0.0552192065820849,-0.0180005472515002,0.3691055285047916,1.3487017435806818,2.680240270642546,2.5841580837483096,1.7608938700512065,1.2043394978694368,2.2432713759661613,2.237301113678843,1.5721567306300448,0.3819314550860383,-0.3243361086193852,-0.3165638417016291,0.1941389615852172,exact,9
UBERON:0006645,exact,,epididymis adventitia,Mistral-Small-3.1-24B-Instruct-2503,-1,1.030730949099139,1.5325139111197688,1.3449123331627086,1.2960183119269109,0.95784440264594,1.0793617461669207,0.8621945501363065,1.099252858573029,-0.6360682064774474,-0.5527667675116754,-0.0860059869881239,-0.7329837489026161,1.180098948369565,1.4658885540550088,1.317384316927521,1.321959178834943,0.9372143960290736,0.8931576981831568,0.5563674410388526,1.014461128152146,1.2513574329016066,2.571862959935575,2.54355453377924,1.6837920561501551,1.1291058750677077,1.3521654093752289,1.18687075292801,1.3555805693106076,1.1339084121703038,0.90352180430188,0.7174481603213392,1.2935841002613688,1.0231002090756234,1.0615730130184753,0.9199655481533686,1.167937747994085,1.1770863360284436,2.5651521531706,2.4241520767321045,1.681248965305866,exact,9
UBERON:0006440,exact,,os clitoridis,Mistral-Small-3.1-24B-Instruct-2503,-1,0.7503980452319452,0.5318472443932655,0.3609399840050756,0.7600779081835599,-0.0072030161785589,-0.4428912848429023,-0.4324599530403583,-0.184210643360528,0.2027126314390353,-0.3017512467318793,-0.062270315815123,0.0744036690362345,0.959957501140274,0.8346631211997402,0.7511439715718446,0.9659400791877012,0.5226528811711755,0.0923661968093564,-0.0478863680449359,0.4097654697749523,1.1813174218516849,1.7409986671468731,1.575563596706163,1.469549080757503,1.0895669540214443,1.1661382797879687,0.9795422213539772,1.270540423393013,0.7565796208219124,0.111651501259421,0.060842032082794,0.7071959540371205,1.1738521220714295,1.7899701337083491,1.8243692416499504,1.493583949069534,0.6874915719703041,0.1248074973506043,-0.0508097237542483,0.5844398817315137,exact,9
UBERON:0006440,exact,,clitoral bone,Mistral-Small-3.1-24B-Instruct-2503,-1,0.4202706835909939,-0.014818116224445,-0.132281047458499,0.294257370556571,-1.0339438966362653,-0.937983490450755,-0.8036481229336161,-1.0993937059928856,-0.9795208239804148,-0.6940382787936945,-0.094735979433385,-1.025655133924848,0.3316535962797481,-0.0540256838099559,-0.0956067417763767,0.1905680389430124,0.0343709891369979,-0.3792267638267035,-0.3769469448904222,-0.141918952124502,0.8386048114217568,0.3709619861032648,0.2189688422082918,0.8064124273745938,0.6973935198088205,0.1387872406042021,0.0677801219604665,0.6261022346531958,0.3122156741496856,-0.3043174561108153,-0.3409964994136527,0.1721287316686006,0.6703868565542563,0.1400523120461999,0.0558743100539593,0.6040451806183753,-0.2474922402746077,-0.5621821043252823,-0.4731702951107341,-0.4357048889216324,exact,9
UBERON:0006440,exact,,baubellum,Mistral-Small-3.1-24B-Instruct-2503,-1,-0.357279567134125,-0.642744718192434,-0.5705709875279387,-0.5339263061362909,-0.4963057048463504,-0.7231147283428868,-0.6408382636033684,-0.6500452548051465,-1.0177744195441478,-0.708010339759738,-0.0999044677467972,-1.0572854579616633,-1.2649957400602052,-0.8498898350268993,-0.7654773928436494,-1.2161635579927812,-1.2203491389236014,-0.9815305695780204,-0.7546165996395849,-1.2224729963024237,-2.5309933162936464,-0.996646013414202,-0.8459422178473756,-2.088327034150689,-2.031566721729724,-1.0381341932301855,-0.8873545971933371,-1.7878781180153818,-1.3817556678055931,-0.9211050711908144,-0.8362735387862578,-1.3227604464401737,-2.367982856545435,-1.1525328773072756,-1.0720928321662762,-2.0172931346951573,-2.510832323461392,-1.0071384183654295,-0.7156207740476194,-2.0373325140137286,related,8
UBERON:0006274,exact,,parietal bone primordium,Mistral-Small-3.1-24B-Instruct-2503,-1,0.647768108778517,0.3072057458846023,0.1720859416043502,0.6027385732546646,1.0094760330451933,1.288229195475197,1.0888746846395685,1.2012348595869158,0.5233788861767811,0.0492510494846764,-0.025752093188104,0.4391581363719662,1.0650499645468994,0.9886432439764372,0.8277690505387044,1.126973629338195,0.9025453336707598,0.7856164598247253,0.5407570843469952,0.9557649143986156,0.6385191256697601,0.0706327438510616,-0.0124237287295295,0.5262785179125915,0.8184322064831794,0.5006479287695673,0.3589803955030523,0.7990615384922097,0.7708662020774883,0.1130956878480787,0.0427971267347154,0.7265080199167049,0.4651941712527443,-0.043393202720047,-0.1489118513414288,0.3388988187958059,0.8379106175141617,0.3724683666302102,0.1311821413896457,0.8177659813588339,exact,9
UBERON:0006075,exact,,sacral skeleton,Mistral-Small-3.1-24B-Instruct-2503,-1,0.2555980805619167,-0.2284387676190105,-0.2496670758424112,0.0955801758851106,-0.0831998558698195,-0.4604853304112171,-0.3885900652606974,-0.2612860394580261,0.6846356601919946,0.2242687105499668,-0.0095618691908791,0.6419527781535207,-0.2942773877099563,-0.5315098074681454,-0.5017159885701447,-0.4189957594785222,-0.2553222611087389,-0.5896861810589394,-0.490240931407301,-0.4239312616225066,0.4967109976546066,-0.0952474378184322,-0.1621153172653689,0.3502843643907428,-0.3183934217766808,-0.6593639330404095,-0.5985042637491913,-0.468296597214227,-0.144351811483592,-0.5209617804702191,-0.4991691063384715,-0.2903934079717453,0.2602230979402908,-0.1801710494826127,-0.0780070335393834,0.1010607855051813,0.559787890604126,-0.0820649160934164,-0.194777922357118,0.4108012537164749,related,8
UBERON:0006075,exact,,axial skeleton sacral region,Mistral-Small-3.1-24B-Instruct-2503,-1,0.4723295686831235,-0.0026168755206671,-0.1076485252566685,0.3608864507463403,0.4111686564915308,-0.052782994914494,-0.0914991453309543,0.2837770001487176,0.8210378726597222,0.3264395447431333,-0.002952388460492,0.8273898483642462,-0.3695805612683017,-0.5581306163289227,-0.5420176998971061,-0.4860032966400809,0.1726345116374155,-0.2753468725238994,-0.3072850014964251,0.0029021629106155,0.9021750738292365,0.4924579959197043,0.3100564225996909,0.9063312905165182,0.0126908646979289,-0.491855034946915,-0.4627441150633573,-0.1566785161536809,-0.1704465348873913,-0.5482663980051504,-0.5259042682882951,-0.315009201064906,0.1427301403604924,-0.2327807333441432,-0.1039854421340448,-0.0260175325196577,0.5599416621796229,-0.0644792314800285,-0.15722251141874,0.4110000047267525,related,8
UBERON:0005969,related,,trabecular meshwork,Mistral-Small-3.1-24B-Instruct-2503,-1,0.883809453927807,0.9258386090668946,0.7115354016007454,0.9899016542139376,0.8199972370852094,0.659300960637349,0.4824869358943035,0.8567637437303122,-0.1455437183304417,-0.4254217848172464,-0.0763078719935009,-0.2808831885812034,1.0813516114820343,1.075008112402303,0.9219405177603398,1.153272228186516,1.0607947797408634,1.3124190932757909,0.9414649094669236,1.2431201568927346,1.1910752875152035,1.7881756504496775,1.6347293547898678,1.4960515294856658,0.8985452781812293,0.8278227822279728,0.6485206825767303,0.9236797715998536,0.9470626463360724,0.380199357698827,0.2779292436807836,0.980466738420218,1.036473420299234,1.1464349575351154,1.179487719155608,1.1937431579227813,1.055994832408632,1.169101553726241,0.7650237705644828,1.2627214674084042,exact,9
UBERON:0005969,related,,trabecular mesh,Mistral-Small-3.1-24B-Instruct-2503,-1,0.588477934604905,0.2038547446969464,0.0590538308691159,0.5176530928244525,0.5520405062118856,0.141001423013792,0.0340244486548473,0.4637834291880138,-2.3458969006211663,-0.9116727387198886,-0.1181663785538783,-2.071786496483672,0.7316390193740795,0.3551262452224252,0.240597387295551,0.6547451371516282,-0.1464509466735035,-0.506455121969439,-0.4409628531720676,-0.3209858794036034,0.4856285296796828,-0.1120509417141196,-0.1378713061061302,0.3371361586473261,0.5227328752332191,0.1673976721402333,0.0611892981564601,0.4006036597806537,0.5611177234508008,-0.1520206036748354,-0.1737624540972209,0.4579400390922467,0.8246752679690075,0.4039227411338702,0.3087349829487902,0.8286891641242784,-0.3785412274258405,-0.6323051502614854,-0.5155912390235092,-0.5496924293784021,related,8
UBERON:0005969,related,,scribiform ligament,Mistral-Small-3.1-24B-Instruct-2503,-1,-1.0500093902137433,-0.8964881985513968,-0.7459365742444707,-1.1225526845373102,-0.2656166549754717,-0.5790667414787982,-0.5269712162146629,-0.4387113598430256,-1.1684061783042905,-0.7949433510060117,-0.1125069976207739,-1.180176559407133,-0.9520830797519833,-0.8013970129561139,-0.7368446595668279,-0.9728281776592131,-1.1217657455733778,-0.9514268060626286,-0.7167851515593978,-1.148271402452375,-1.7398341784007365,-0.9001017278171208,-0.7628745307777403,-1.5623794245645617,-1.761612763847858,-0.873575837828984,-0.7698119008888359,-1.6005261864696936,-0.441213685814544,-0.680316335167322,-0.6117595686384789,-0.5613612540901469,-2.0970493321283805,-1.0981162486240306,-1.0045354967958453,-1.8397258988813328,-2.339086502027312,-1.010325563530709,-0.7182030168680372,-1.9333422083170388,related,9
UBERON:0005969,related,,scleral trabecule,Mistral-Small-3.1-24B-Instruct-2503,-1,0.844628673600248,0.8020797850854049,0.5656953748856063,0.9187802579534724,0.1848982081272659,-0.2780533461777397,-0.3095518645673968,0.0204199820654431,-1.4330074664619334,-0.8259701490332048,-0.106616191273984,-1.3902508456375666,0.2066304814788319,-0.1394824890648716,-0.2016681091315245,0.059754272500973,-0.0552447771384934,-0.4462400855124256,-0.3821125789719998,-0.232011914860904,-0.2060759070181324,-0.5444380008887276,-0.5114744346954118,-0.3704090421617327,-0.6151532619687315,-0.6907441036467822,-0.604402518926629,-0.7258654617695615,0.6382748416839783,-0.0510378105391078,-0.0907660521898411,0.5532569355151647,0.2034897138639046,-0.3467848508908051,-0.3814714866626964,0.03895451825372,-0.0578717632190097,-0.5327296900315086,-0.4590916837457897,-0.262192551789507,related,8
UBERON:0005969,related,,scleral trabecular,Mistral-Small-3.1-24B-Instruct-2503,-1,0.8259674842688308,0.7305141779935796,0.5175802202453179,0.8860588979831457,-0.0080028684723748,-0.4390817347578661,-0.4250840191065472,-0.1850324440576015,-1.797763993862746,-0.8845403269400111,-0.1165827246139004,-1.6695879307545474,0.0580845701407228,-0.304342249253323,-0.3271844326302545,-0.0890690776409396,-0.4257849669924295,-0.6814164079860237,-0.5253251963338187,-0.5787527762182599,0.3318339487070588,-0.2485900908647706,-0.2862206069264026,0.1621982118686111,-0.4063275940234342,-0.5483988180801259,-0.5119930115822021,-0.5464823262375008,0.4231564931159607,-0.2672065008921,-0.2670952130449864,0.2958500130895589,0.1279600587284285,-0.4180684970749559,-0.4115403268118107,-0.0415838954347812,0.1453884589879617,-0.4716329574228276,-0.4124451001474336,-0.0623735751252004,related,9
UBERON:0005969,related,,scleral trabeculae,Mistral-Small-3.1-24B-Instruct-2503,-1,0.7422775321589988,0.5337757823811432,0.3519374200849052,0.7470982959387164,-0.0502956409246089,-0.4542873717392165,-0.4382547792388346,-0.2281607339302465,-1.4224282486864102,-0.8052461587605619,-0.1049533845164859,-1.381981362768814,0.0582975350790775,-0.255812455188337,-0.2930851312100426,-0.0888603481689545,0.3168814942269735,-0.1350973882242643,-0.1819480874706149,0.1626997267405612,-0.3758330297124364,-0.6122652802230895,-0.5559205987108053,-0.5207294187383312,-0.6057856368458839,-0.6542443554356502,-0.5893699374838597,-0.7179928227084741,0.4012728190809153,-0.2611690493108699,-0.2749100925589577,0.271012072337939,0.0699913665323866,-0.4108388179671518,-0.4643176820817552,-0.1018626677186547,-0.3031327820285626,-0.6328682958166936,-0.5207894778043171,-0.4846426322357901,related,10
UBERON:0005969,related,,reticulum trabeculare sclerae,Mistral-Small-3.1-24B-Instruct-2503,-1,0.5355826644762384,0.144702169935088,0.0344596668275882,0.4447614310580225,-0.0829164130666711,-0.4855947237160235,-0.4658998197736544,-0.2610022512678954,-1.164223598407445,-0.789762432437311,-0.1122330308208868,-1.17679851637945,-0.5730288337142515,-0.671104824453979,-0.6195166424796217,-0.6619173148030926,-0.1912004862134136,-0.5279562402351791,-0.4566654670387362,-0.3637108066422533,0.2267176469923291,-0.3161224922682136,-0.3280860518791631,0.0496120007549234,-0.5800626886957119,-0.6528921281833486,-0.5890718267985241,-0.696294981741673,-0.705511284688053,-0.7717824960179879,-0.6975886794223023,-0.7881700528793616,-0.4607300290068425,-0.6968140660527835,-0.5741411607134149,-0.6048031489228168,-0.3482363587769923,-0.615772488485313,-0.4995625653975704,-0.5237207412797068,related,8
UBERON:0005969,related,,pectinate ligament of iris,Mistral-Small-3.1-24B-Instruct-2503,-1,-0.1595130923351638,-0.5016996185728246,-0.4872232529530696,-0.3454319359898156,-0.0256392232732027,-0.4586443532927393,-0.4575724064302295,-0.2030942260079888,-1.524094035049116,-0.8820080479057782,-0.1097760216696985,-1.461037024852834,-0.795842990919894,-0.6788707647889294,-0.6378654482244994,-0.8470572580276505,-1.0469714140221245,-0.93175336193109,-0.7159513394500071,-1.0910443867134942,-0.9760695504984822,-0.7655681371239703,-0.6615380886994446,-1.0083515835678682,-1.412520619650694,-0.8417576248004505,-0.7185702182762601,-1.3495554898282718,-0.7158707789336549,-0.6923735291674965,-0.6487495459974622,-0.796822824837932,-1.484836918947999,-0.9545483497468192,-0.8745957680119245,-1.4157239099595966,-1.7051869185933095,-0.9459281699771432,-0.6740255450940659,-1.5318022102856628,related,9
UBERON:0005969,related,,pectinate ligament,Mistral-Small-3.1-24B-Instruct-2503,-1,-0.6194198797701728,-0.7371642509478175,-0.6267121473276669,-0.7680716042900655,-0.069817472783092,-0.4786516084993841,-0.4720857351014011,-0.2478580006838714,-2.0538596509659004,-0.9035564209849128,-0.1179162486629698,-1.8598061128399663,-1.0477559401159968,-0.7651704513312169,-0.70714988994148,-1.0483708549597148,-2.001513731218529,-1.2062740638831633,-0.8655492761096003,-1.7688550416747415,-1.926818927395788,-0.930364827530584,-0.7857855420067913,-1.6902283128390077,-1.8617629716247803,-0.9081895271429058,-0.7758909877104896,-1.670655245881148,-0.5817511047778313,-0.750934410733835,-0.6919319767050337,-0.6834644283804469,-2.3031999531245333,-1.115877284107684,-1.0410188300551504,-1.9753265051126108,-2.8494017278776576,-1.0735800075419992,-0.7439840228469716,-2.2374104883498016,related,8
UBERON:0005969,related,,ligamentum pectinatum iridis,Mistral-Small-3.1-24B-Instruct-2503,-1,-0.4568135579784924,-0.6633370710134505,-0.5880154606481202,-0.6247469534130186,-0.4720150448943494,-0.6964601454943145,-0.6293272343171521,-0.6283994802837912,-2.063771918892212,-0.8803936720012235,-0.1154973108719385,-1.867082672617964,-1.7055649085416908,-1.0451940590828752,-0.9218231201674486,-1.5428438628281242,-2.085578212203662,-1.2123115729789278,-0.8892943982245356,-1.823915859085765,-0.6596017880473294,-0.6911837194500409,-0.6017738979762142,-0.758684639629364,-1.2653785715839598,-0.7698465870973912,-0.6629654339450521,-1.2403302850944682,-0.7464438966464017,-0.7517436008518135,-0.6740776907319449,-0.8222623917906807,-1.7762002092467204,-1.0211564410694014,-0.9239766474110672,-1.6218449638819132,-2.309001454489744,-1.0021806723016713,-0.7033173442457089,-1.914937077906688,related,8
UBERON:0005969,related,,ligamentum pectinatum anguli iridocornealis,Mistral-Small-3.1-24B-Instruct-2503,-1,-0.2491682843564581,-0.5352724448046968,-0.5087643283469024,-0.4323015729586997,-0.1863730362158187,-0.5289089659526491,-0.510916385156908,-0.3628699668313667,-1.873426625587964,-0.8711315835212814,-0.1096167350547082,-1.726249418002374,-1.1493443111907706,-0.8582774615301569,-0.7859089732447586,-1.127454561285147,-1.4687048696658145,-1.0589324338937014,-0.7831473935637623,-1.4036991997783326,-0.9694868512713468,-0.7704040397712274,-0.670329880878364,-1.0033014484542873,-1.276449697806405,-0.7762286309962331,-0.6691705729714431,-1.248627167619497,-0.6770695952827733,-0.7295477519515436,-0.6496722621026061,-0.7643274502874237,-1.7581867289231763,-0.9963412376953594,-0.9486223639354864,-1.6093429901412724,-2.1716984019189733,-0.977211689052872,-0.6936788499459083,-1.83018166138258,related,9
UBERON:0005969,related,,ligamentum pectinatum,Mistral-Small-3.1-24B-Instruct-2503,-1,-0.5489327138979477,-0.7077891784064089,-0.6063885469560109,-0.7066687300408124,-0.7831529278549805,-0.8428606238373535,-0.7144303827234789,-0.8963175338608225,-1.4174755783981785,-0.7399945344093725,-0.1028109839404541,-1.3781064823141598,-1.5691493981826734,-0.9757549782960204,-0.8683492210180924,-1.443437938226184,-1.8871926925706493,-1.1613109188112891,-0.8630037602099183,-1.6929329676617977,-2.028940897701143,-0.9517927170202232,-0.8079138353902142,-1.7590305317170032,-1.7628253565405825,-0.8861091123249869,-0.764927868428143,-1.6013799285798898,-0.8746751396514887,-0.8027832439454922,-0.712126524047368,-0.9274513385031864,-2.3336044031459893,-1.0824249947927866,-1.029007713306724,-1.9950597278439288,-2.930899114855014,-1.0815229485182551,-0.7445055241893882,-2.284685504664062,related,8
UBERON:0005969,related,,ligamentum peactin-tum iridis,Mistral-Small-3.1-24B-Instruct-2503,-1,-0.5700780293603269,-0.7295018899875035,-0.6326924413672781,-0.7252017576051005,-0.1321407210282261,-0.5118983037604309,-0.4724158075078752,-0.3098921069855311,-1.6111458072028673,-0.8794029505372487,-0.1130119261121504,-1.528021801956858,-1.3917049638057488,-0.9176463381266348,-0.8127089550930027,-1.3118526574483689,-1.7950292558563363,-1.1526238086674283,-0.8436113612502062,-1.6308107532107026,-0.7930150635152653,-0.7178741993240828,-0.6381474164000217,-0.8657296082239216,-1.1980168865275609,-0.7633976622514478,-0.6480628876607284,-1.1895590454604572,-0.9071323793833332,-0.8175246358962813,-0.7422720968153099,-0.953706187820378,-1.7762874242875757,-1.1370500467002322,-0.8164988896782258,-1.6219054206181296,-1.900694060525648,-0.9331578459612808,-0.6698888902906187,-1.658953253549425,related,9
UBERON:0005969,related,,iridis,Mistral-Small-3.1-24B-Instruct-2503,-1,-1.7153526439049689,-1.0991089791652515,-0.8942244631385903,-1.6169989152200923,-0.987946177296851,-0.9177639318974576,-0.7882095795939322,-1.0629046411945184,-1.966947965220177,-0.9042532321107344,-0.1175432607303332,-1.7957398025879217,-1.5437516910920426,-0.9078260650410724,-0.793445025813253,-1.4247674334214502,-2.0322067854280457,-1.2146435509458973,-0.8741575115941198,-1.7890322380020376,-1.10122450291383,-0.7930671219984543,-0.6956642263370595,-1.1033362779468787,-1.9231000199536408,-0.920318652722896,-0.8115312370930757,-1.713234973565888,-5.3800744644179215,-1.381821480764865,-1.0077864035527215,-3.881116035333157,-0.967627420844888,-0.935946290395418,-0.766520657272106,-1.0259696692237328,-1.7623445356223009,-0.9107239185970823,-0.6651849487138134,-1.5693142433036975,related,9
UBERON:0005969,related,,cribiform ligament,Mistral-Small-3.1-24B-Instruct-2503,-1,-0.8475270386875736,-0.8329419751064473,-0.7059737132621199,-0.9599398565466052,-0.3888063331131198,-0.6637860653485367,-0.6069460740548609,-0.5532079901061738,-1.1869830214788148,-0.8036597483781409,-0.1135444303108739,-1.1951573076819184,-1.3177954819497515,-0.941238300871282,-0.8380282945890755,-1.2562212982288077,-0.9346729534325456,-0.8812653372054099,-0.6900017789625319,-1.0035235647213392,-1.3213260210665063,-0.8311156695892828,-0.7153753490500633,-1.266006039110927,-1.4677563777798464,-0.8133649569359721,-0.7180206592428426,-1.3899977571653952,-0.4970834020913529,-0.6895777383284596,-0.6477524290669151,-0.6103327960921909,-2.0398834472346383,-1.0655284613351077,-0.9964174775118722,-1.8015409196873435,-2.351555415954516,-1.0137742371482907,-0.7160603013947033,-1.9409533600230973,undefined,-1
UBERON:0005969,related,,Hueck's ligament,Mistral-Small-3.1-24B-Instruct-2503,-1,-1.1843155848963245,-0.954523937537814,-0.7827906564321926,-1.2269289566470278,-0.2340737420409982,-0.5882403617755795,-0.5280927908335925,-0.4087384050936992,-1.5751378275480497,-0.8550445962163412,-0.117373072423617,-1.5003908933580856,-0.9305859074169102,-0.7335146095405917,-0.6593399662882213,-0.9557050215750432,-1.817366210331398,-1.146255144963189,-0.8412048322472898,-1.6459440182798537,-1.5460961633865131,-0.8763077283618768,-0.7416782653471847,-1.4270840190882463,-1.7683990425222724,-0.8673081540864577,-0.7499194352152657,-1.6053026670213628,-0.202765459046887,-0.5721287859404511,-0.5361183631546278,-0.3452680999808781,-2.332680781565784,-1.1112848706942902,-1.0035115837324922,-1.994461246585492,-2.381863380675354,-1.017571398759605,-0.7174697276181333,-1.9594127270850408,undefined,-1
UBERON:0005969,exact,,trabecular meshwork of the eye,Mistral-Small-3.1-24B-Instruct-2503,-1,0.8419908973503543,0.7861519828163454,0.5839181874155334,0.9141122064312348,0.8167706484630686,0.6278934813337896,0.4616901468938237,0.8514998137521761,-1.4431610370746013,-0.7325161561184028,-0.0986680838242638,-1.3981780460969642,1.0790110448999248,1.1234791460311035,0.933040014563525,1.1494720562700966,0.654142063700681,0.3041522724299301,0.148756099924449,0.5826736622518244,1.251776909315468,2.585176527115066,2.5324770765767592,1.6852937309622138,1.1681326856828804,1.9910934602725867,1.8483273807499143,1.4464346971069688,0.2121260295201179,-0.3246742717894798,-0.3183569032067538,0.0648419023399529,1.0193556813379172,1.101985492056751,0.8898489341315352,1.1607955357717397,1.1694921874492905,2.51067648431873,2.3377507057434155,1.643248922353564,exact,9
UBERON:0005969,exact,,reticulum trabeculare,Mistral-Small-3.1-24B-Instruct-2503,-1,0.3734518932788984,-0.0832728909170457,-0.1624447030544836,0.2360084103050253,0.0299862327057545,-0.3943945192066266,-0.3988821642695447,-0.1457411261098487,-1.5526404892125787,-0.80072415163224,-0.1057789801651732,-1.483072928242089,-0.4864426139026909,-0.6331952008042733,-0.5774180394697102,-0.5879161452806668,-1.2266135126319504,-0.9976414428354252,-0.7696512474761131,-1.2271425514872676,-0.1415963353581205,-0.5095273515768306,-0.482342449420949,-0.3114681688532305,-0.6242844029753113,-0.6512181829425846,-0.6005788357081532,-0.7335245631146632,-0.425832309922709,-0.6842035839109556,-0.6124908123627002,-0.5477751257777563,-0.5569375124762543,-0.7389453207406754,-0.6033273932768111,-0.6884208398610963,-0.868004924436409,-0.7567073317619442,-0.5763744760095784,-0.942462155686049,related,9
UBERON:0005454,related,,obliquus internus abdominis muscle,Mistral-Small-3.1-24B-Instruct-2503,-1,-0.8132011849686093,-0.8244303638474586,-0.7138417882497121,-0.9316898343221816,-0.784373673297581,-0.856056462157563,-0.7185142742296965,-0.8973317142443683,0.1077890807418465,-0.246364277961385,-0.0491813554233084,-0.025996653418971,0.0590629802132793,-0.5460838054524249,-0.5283105147450672,-0.0881100221032221,0.137302060962971,-0.2966219897652894,-0.2929138180134329,-0.0348276972395964,0.2566126623511984,-0.3069771764870626,-0.3353964364281457,0.0811201926818511,1.0491648659508042,1.041326888653425,0.9709887732816684,1.1894394224964564,0.3587214750532407,-0.2743425327452467,-0.3003735735621686,0.2233383284200289,0.5679670886173632,0.1548229812826164,0.0313635000335807,0.4676980494979111,0.3951176256908956,-0.2242624991719023,-0.2735893457475004,0.2093931776589787,exact,9
UBERON:0005454,related,,obliquus internus abdominis,Mistral-Small-3.1-24B-Instruct-2503,-1,-0.9975562987078842,-0.8839185151053731,-0.7476052201430972,-1.0810603150756128,-0.8969105613706017,-0.8939839738216477,-0.7501557134041412,-0.9897116658556916,-0.0602041561473441,-0.376984109790897,-0.0621240996937685,-0.1969537106143123,-0.2147374405222275,-0.6850758022069329,-0.6322432907444017,-0.346989164296476,-0.0556423779533731,-0.450805699277221,-0.4172338642256932,-0.2324055514841086,-0.0899923697431661,-0.4929523301612811,-0.4728721757370649,-0.2634895898412933,0.6528439896163257,0.1167845098402882,0.0528119256056994,0.5662061768095623,-0.0527966775407907,-0.5293749912428356,-0.5051288699907631,-0.2026612980392165,0.2004221750089031,-0.2116643245561927,-0.2944913472290599,0.0356370689807188,0.2111082631049391,-0.3604517449325292,-0.3582545899605631,0.0059564708519701,exact,9
UBERON:0005454,related,,obliquus internus,Mistral-Small-3.1-24B-Instruct-2503,-1,-1.2055797880072887,-0.957137475820868,-0.7785254164411932,-1.243219664040285,-0.8502923740867613,-0.8949530927439194,-0.7698469806845883,-0.951706627147374,-1.3546880036437934,-0.7216613431082216,-0.1013224454081122,-1.3287849932101303,-1.1872274973404042,-1.0353596755070609,-0.9062705668476048,-1.156662796587292,-0.938832635870825,-0.888546870646708,-0.6844192041756638,-1.0068010003217285,-0.4926771769853384,-0.634978522495365,-0.5634530597386279,-0.6205527060620777,0.2351070301663928,-0.2706443206871151,-0.2823431991144838,0.0719875125575216,-0.680894045295598,-0.7766297753620406,-0.6993940507378069,-0.7675409351438368,-0.4690683588145185,-0.6396144672219642,-0.6466963818978835,-0.6121278127234452,-1.4693271223809978,-0.9055675254188156,-0.6656466348386847,-1.3737888959616884,exact,9
UBERON:0005454,related,,obliqui internus,Mistral-Small-3.1-24B-Instruct-2503,-1,-1.1900388780141749,-0.9609070077718876,-0.7878038143526263,-1.2313197468664197,-0.655941468135126,-0.8146144941219025,-0.6988115728486826,-0.7891225996945928,0.0695116243064164,-0.2781079915680972,-0.0555376899393832,-0.0656696876552176,-0.8094727469745945,-0.8755307618659598,-0.8091466163182197,-0.8581544703271752,-0.7644911611680636,-0.8278010313468938,-0.6374954241806159,-0.8669430791328948,-0.4716968911072758,-0.6272772139638763,-0.5585929204628161,-0.602829517600387,0.2165475120829588,-0.2939566540280344,-0.3072523275153993,0.0521769310121546,-0.3887309904436618,-0.6766213199643732,-0.6206912116292733,-0.5148140563483589,-0.40008483588488,-0.5971281876062313,-0.6294000193365835,-0.5510681713099638,-1.0174249707515353,-0.808426724497562,-0.6113432561943263,-1.054078706883256,undefined,-1
UBERON:0005454,related,,musculus obliquus internus abdominis,Mistral-Small-3.1-24B-Instruct-2503,-1,-1.0668552833436653,-0.909682194374044,-0.7758175561019081,-1.1357893137014583,-0.865207677977365,-0.886890538104465,-0.7498480240942098,-0.9639059053527456,-0.0649813335727713,-0.3348289208295966,-0.0670910822446125,-0.2017008688916175,-0.4109436764202426,-0.8490376721697838,-0.7673699086677498,-0.5223544801158628,-0.3261557106291529,-0.6162754725344552,-0.5173570158242279,-0.4891586219549591,0.2702055236243094,-0.296836111745042,-0.3240447506457333,0.0955768955500606,1.0282723097410182,0.9593531743461094,0.9205584928912212,1.1494355970380636,0.1436001939995903,-0.4290471113663074,-0.4387962610295555,-0.0064986565967555,0.1696867367586271,-0.2196297528538491,-0.242647605748282,0.0026187183993468,0.3233553210736882,-0.2700018443008193,-0.3012152748770807,0.1277187961640884,exact,9
UBERON:0005454,related,,internal oblique muscle,Mistral-Small-3.1-24B-Instruct-2503,-1,0.8277389797576894,0.7166527665262239,0.5293729531499166,0.8891352829396179,0.8383930632873499,0.6108141947455707,0.4711112117191423,0.8870903012119121,0.9195343964671716,0.7117027542857484,0.0389483803731689,0.9714332852333942,0.6442165026315184,0.03811787694718,-0.0422760928788275,0.5460282192268847,1.068528547765072,1.335403384596571,0.9358689299431346,1.2586580764328492,0.7410923278563915,0.1736787071025326,0.0651843321599757,0.6643035410242956,0.9715051130934148,0.739703326544579,0.5999489012501782,1.0463284224871432,1.0672671874164794,0.6399327685053894,0.5684087645785392,1.1752116995499695,0.8043584527140221,0.4588002588376869,0.3157355716249326,0.7975323783083619,0.7903745602056906,0.2586133939372984,0.0530178184992428,0.739799929184108,exact,9
UBERON:0005454,related,,internal oblique abdominis muscle,Mistral-Small-3.1-24B-Instruct-2503,-1,0.2107127788504943,-0.2498593927949271,-0.2876598808862346,0.0441813850073251,0.3985581696961169,-0.1027626599228077,-0.137088384989039,0.2683332737704421,1.0178966066581323,0.9144346573826448,0.068777973167461,1.126103905181294,1.176904883842203,1.0136730562781802,0.8930866251207057,1.316218657676536,0.7179440292449074,0.4090745515778946,0.2623652445535728,0.6718950725909626,1.0830587798783444,1.0680452990990357,0.82565494099671,1.2380270280523888,1.2100865988337193,2.009097859123064,2.010290381424717,1.5541882950659354,0.4481060808801372,-0.2046779979818291,-0.239865953638425,0.3244438098394997,1.110097212328806,1.5442064246469545,1.3527539446349937,1.3453651657062742,0.9760594137501653,0.7693646588620349,0.4360503274757719,1.0770104588705425,exact,9
UBERON:0005454,related,,internal oblique abdominis,Mistral-Small-3.1-24B-Instruct-2503,-1,0.0785896673056745,-0.3661882316913003,-0.3536580383798924,-0.1013465361335795,0.138005896707778,-0.3481006967918885,-0.3397844927207603,-0.0309456734464629,0.6954200044935592,0.4183390991237536,0.0098825908537233,0.6561030777181693,0.9343185703021604,0.4338842824977358,0.3373848320218817,0.928620727749294,0.5982618622181335,0.2155117223996271,0.0803482565861095,0.5075214330704996,0.8059084694404899,0.2880534725572005,0.1479870292601154,0.7573977157741476,0.7118247591384426,0.1439290984659693,0.086778116562512,0.6459030425347784,0.4850783709913395,-0.2093548630188533,-0.2418231083990842,0.3673788933777855,0.8754730251255435,0.6571452451217986,0.4792333060003098,0.9090725119839502,0.906118631486998,0.5386344240208047,0.2575238457259603,0.9385817125471444,exact,9
UBERON:0005454,related,,internal oblique abdominal,Mistral-Small-3.1-24B-Instruct-2503,-1,0.8381962260873285,0.7329926598623018,0.5675857435607987,0.9074219158946206,0.571443525059734,0.0495398032609232,-0.0348575603208993,0.4897705011475626,0.240250015999085,-0.0318736502298227,-0.0153526027374855,0.1149523575062473,1.0890203970025956,0.752397818649234,0.6028147940831176,1.1657816915484551,0.3513928127837317,-0.1259366541111737,-0.2227855793945018,0.2024364060306363,0.8000989302762561,0.2786740727632302,0.1639042886446333,0.7488407947244782,0.7885194121627186,0.2452487832033576,0.1442442839484703,0.7547685247996967,-0.278808721487192,-0.727828368838706,-0.6638970698164756,-0.4155075269387485,0.8907764052861161,0.6169386863013924,0.4964490747393755,0.934042390052684,0.9649770240624248,0.6869343210741534,0.3581924247422053,1.0538614754210445,exact,9
UBERON:0005454,related,,internal abdominal oblique muscle,Mistral-Small-3.1-24B-Instruct-2503,-1,1.1815910321607312,3.1413528628422465,3.3242667924677263,1.7442795983581627,1.1912599393164185,2.445328420055248,2.398522140978484,1.6489359576643912,1.4096932744833344,3.0490430497552525,0.3210051312312267,1.9554738837282208,1.4926229476652897,3.3031105502579434,3.62830745854928,2.066443791556223,1.352832578269994,3.960975016370177,4.337018132047294,2.062198580239333,1.3103499640365095,4.549717090827828,5.32090005045731,1.9517368281736376,1.3594279491817434,7.003798491367753,9.768629235400592,2.1790790486497684,1.43734882927092,2.9854725438894976,2.966526784202619,2.03175640851865,1.2997584715842303,3.652474515176292,3.894110159723782,1.8730308291465765,1.208879383280423,4.528491233470672,7.206642278187953,1.9162304419052147,exact,9
UBERON:0005454,related,,internal abdominal oblique,Mistral-Small-3.1-24B-Instruct-2503,-1,0.8730233546286897,0.8169391722655664,0.6223797922474863,0.9699760816721156,0.5366957670606215,0.0411002227654092,-0.0524393961090285,0.443452596557717,0.8710437172398309,0.6301340209408218,0.037378853352068,0.8993148298178318,1.1063278937234984,0.7627449719922759,0.6100340705266885,1.19435159981465,0.6257136054367832,0.2362533663420331,0.0555735269065598,0.5441124601232731,0.8884768680714114,0.4515028557684611,0.3083734214109087,0.8842381914495647,0.8033967094633698,0.2731907252792594,0.1734841765602643,0.7766590293402831,-0.1680506941253636,-0.6709707286873164,-0.6223949063029321,-0.312756086744211,0.9344882978118492,0.7052488697005916,0.5506127211938509,1.00750789221406,0.9446673078208744,0.620661175583936,0.3045443090961456,1.012711010956851,exact,9
UBERON:0005454,related,,abdominal internal oblique,Mistral-Small-3.1-24B-Instruct-2503,-1,0.9873619863442316,1.27741521534853,1.061985748562641,1.1976154662507807,0.5867238100941177,0.0802324817497456,-0.010120857724674,0.5104627122904684,1.0120984148357297,0.9314892450217512,0.0783390484024888,1.1166364811408338,1.215516246261826,1.1811341913603173,1.0384015174116592,1.387098800906182,0.7143872306509294,0.3763432107216523,0.1540781408650968,0.6668176370901989,0.9343397494219462,0.5608669972162539,0.4188782295433829,0.959560998208309,0.8171600850301528,0.2966749177536404,0.1800323263331147,0.7971549576850491,-0.1926762422271116,-0.6806188109705817,-0.6355924893529863,-0.3358486997506028,0.9972380899524844,0.9302347401356744,0.7204842546799429,1.1193144668826327,0.9811173633576168,0.7584089221352558,0.424233723649723,1.0877508627424102,exact,9
UBERON:0005454,exact,,obliquus internus abdominis muscle,Mistral-Small-3.1-24B-Instruct-2503,-1,-0.8132011849686093,-0.8244303638474586,-0.7138417882497121,-0.9316898343221816,-0.784373673297581,-0.856056462157563,-0.7185142742296965,-0.8973317142443683,0.1077890807418465,-0.246364277961385,-0.0491813554233084,-0.025996653418971,0.0590629802132793,-0.5460838054524249,-0.5283105147450672,-0.0881100221032221,0.137302060962971,-0.2966219897652894,-0.2929138180134329,-0.0348276972395964,0.2566126623511984,-0.3069771764870626,-0.3353964364281457,0.0811201926818511,1.0491648659508042,1.041326888653425,0.9709887732816684,1.1894394224964564,0.3587214750532407,-0.2743425327452467,-0.3003735735621686,0.2233383284200289,0.5679670886173632,0.1548229812826164,0.0313635000335807,0.4676980494979111,0.3951176256908956,-0.2242624991719023,-0.2735893457475004,0.2093931776589787,exact,9
UBERON:0005454,exact,,obliquus internus abdominis,Mistral-Small-3.1-24B-Instruct-2503,-1,-0.9975562987078842,-0.8839185151053731,-0.7476052201430972,-1.0810603150756128,-0.8969105613706017,-0.8939839738216477,-0.7501557134041412,-0.9897116658556916,-0.0602041561473441,-0.376984109790897,-0.0621240996937685,-0.1969537106143123,-0.2147374405222275,-0.6850758022069329,-0.6322432907444017,-0.346989164296476,-0.0556423779533731,-0.450805699277221,-0.4172338642256932,-0.2324055514841086,-0.0899923697431661,-0.4929523301612811,-0.4728721757370649,-0.2634895898412933,0.6528439896163257,0.1167845098402882,0.0528119256056994,0.5662061768095623,-0.0527966775407907,-0.5293749912428356,-0.5051288699907631,-0.2026612980392165,0.2004221750089031,-0.2116643245561927,-0.2944913472290599,0.0356370689807188,0.2111082631049391,-0.3604517449325292,-0.3582545899605631,0.0059564708519701,exact,9
UBERON:0005454,exact,,internal oblique,Mistral-Small-3.1-24B-Instruct-2503,-1,0.2350458128436491,-0.2803193591814448,-0.2736624637395853,0.071912743852723,-0.508159826462952,-0.8098621916720802,-0.7134456240687385,-0.6605603752232484,0.1838994886641553,-0.0588078739479423,-0.0357240406094392,0.0542668552435995,-0.02574989693852,-0.5747363760066102,-0.553536155489753,-0.1702839665085521,0.3562396531520748,-0.1169399941728398,-0.1715220646198724,0.2080675899549665,0.4762445038301497,-0.1254133924936634,-0.1851645350305703,0.3260648179498295,0.4008497771712904,-0.1740238574559154,-0.2044601299439853,0.2559205912257578,-0.2875905384623275,-0.7185357909037684,-0.6553971299954755,-0.423535578646727,0.4531492022087172,-0.1458024555062788,-0.1416122757903427,0.3242644657320317,0.3825248688840967,-0.258236340309087,-0.2868536355458045,0.19482297015958,related,8
UBERON:0005185,exact,,medullary collecting duct,Mistral-Small-3.1-24B-Instruct-2503,-1,0.8130998082453642,0.6426480266766523,0.4826662905633095,0.8638939420846842,0.8933289378712503,0.8731007560941152,0.677124219815097,0.9811123353381834,0.6764128959229477,0.1243009281471437,-0.0203618431234227,0.6312174412722703,1.1559094077561385,1.1382081606664864,0.9796862542866078,1.2789976815694828,1.0812928304471066,1.3931764590731823,0.989143353702552,1.2846835070189206,1.125938168511976,1.3335082424777025,1.1347924140957684,1.3324403793198911,0.7234340905910144,0.0742904405159527,-0.0031497508563589,0.6619811064756099,1.016268818523418,0.5155884706449285,0.3917633597832692,1.089981790956812,1.0186558163789223,1.0041751616272374,0.8747579783905309,1.1594645787610949,0.983447157529994,0.714876539628543,0.3889189301137294,1.0927365300419618,exact,9
UBERON:0005185,exact,,kidney medulla collecting duct,Mistral-Small-3.1-24B-Instruct-2503,-1,1.114580113323158,2.1345916310767765,2.0144238258065923,1.5166282493894452,1.1692430342346047,2.301342870720819,2.156670634332008,1.583404093580448,0.6061618714133619,-0.047740065903138,-0.0389033314727791,0.5413064573544639,1.139329677757267,1.091432286931009,0.9010938497595138,1.2502052691547767,1.288954982135981,2.8678290542446465,2.7544413652882693,1.81290409516454,1.2998022048901343,4.01136791366614,4.492065155006806,1.8911207584481136,1.1464108041412178,1.3113129784366306,1.220499531140434,1.3949144893507168,1.3749484674897832,2.126437287327732,1.989725808330578,1.833159430907347,1.3051736677684849,3.606267099325444,3.900890478024038,1.894119492788607,1.1998280168180373,3.5895569076695595,4.3717248944835525,1.8265342859710585,exact,9
UBERON:0005043,exact,,organ mucosa of nasolacrimal duct,Mistral-Small-3.1-24B-Instruct-2503,-1,1.164788939743446,2.860921517253957,3.005597447429302,1.680376775240259,1.2182250568411397,2.909644911324765,3.00481010972718,1.7365555195003812,-0.6747124276020285,-0.5359851947372639,-0.0809004719802404,-0.7667622702510791,1.488427538379702,3.78568557919628,4.403168003446748,2.051712805816521,1.2371890847378406,2.357166285438992,2.162626481252031,1.6550813048233637,1.173528775472822,1.6269993003622856,1.451143492642945,1.4489709338904626,0.9722622699967064,0.7494372531830249,0.5528282371313926,1.0476553423459969,0.5265564252773959,0.0066556776819367,-0.043489581437008,0.4163867600564135,1.1259081554320614,1.7355597992758218,2.486197952308004,1.3804138475206431,1.1362537905900398,1.8998190469882503,1.5071584875019712,1.5054898844788476,exact,9
UBERON:0005043,exact,,nasolacrimal ductal mucosa,Mistral-Small-3.1-24B-Instruct-2503,-1,1.0060044039416616,1.4167586487778645,1.2491282746445334,1.2389007386094848,1.019086685460985,1.308927338351035,1.0594039355219107,1.2210843276144,-0.0049042768726267,-0.3530020317815255,-0.0729877870105061,-0.1415590062473046,1.2763165075182168,1.8144664122137333,1.710997330085103,1.5061865806671513,0.9178875390275304,0.8644338418123622,0.5868424982619017,0.9814894326513636,1.0864339867441846,1.0788358690819329,0.8942357607868006,1.245162587734729,1.0900150506486483,1.1655540301814151,1.037270141338153,1.2714704727290218,-0.0876937453191555,-0.4269400390482647,-0.4207650529020208,-0.2363585819053949,1.0458361693982678,1.1462497552225752,1.042136060983786,1.2120971667876936,0.9429943969223477,0.6445953443998966,0.3219816733776359,1.0093902556758498,exact,9
UBERON:0005043,exact,,nasolacrimal duct organ mucosa,Mistral-Small-3.1-24B-Instruct-2503,-1,0.9760558404887304,1.268517182245949,1.049107444434779,1.1732472587212852,0.9668454588960566,1.07649291292518,0.8846726595380296,1.1165083852559616,-0.8028784059537835,-0.5820144248733635,-0.0868350361620857,-0.8771847942216627,1.3154393953378496,2.080384938038824,2.08327450860619,1.5887240282024946,0.7236789888247481,0.427552130516764,0.2401670313513657,0.68010893081507,1.035403140762675,0.8689788996862334,0.6954692046614571,1.1417962292927757,0.9937484828845714,0.8188433976645457,0.6612088730869307,1.0858295624128511,0.0578235229962942,-0.3570102876593254,-0.3661599626746523,-0.0936036838694662,0.9233111899120712,0.7523120233385355,1.1406350404942114,0.9884054339575112,1.10694585712193,1.560955875898393,1.1918302803956211,1.4067699358536436,exact,9
UBERON:0005043,exact,,nasolacrimal duct mucous membrane,Mistral-Small-3.1-24B-Instruct-2503,-1,0.9681619787224436,1.227823125370164,1.0029892150245685,1.1565136827053033,0.9638316465151832,1.06993433497362,0.8230414593101546,1.11070768718565,-0.8398308143044843,-0.5775160119669381,-0.0834319030883169,-0.9085859007142478,1.0638078055891498,0.9413900039228292,0.787572814643255,1.124985660674762,0.9372403265170004,0.9278723931613808,0.5781744019946317,1.0145058047778936,0.8493229472076693,0.3618955258093694,0.2461281882004353,0.8228119881220634,0.8812118079212731,0.4372353805260104,0.311505783769778,0.8959088985637333,0.1338648304461773,-0.2679729105169492,-0.2770084938562668,-0.0165039871405875,1.0969470428490222,1.5769589142737608,1.3614862061905142,1.31695376622012,1.1045974865176134,1.524896198603658,1.0847992562652429,1.399470965058839,exact,9
UBERON:0005043,exact,,nasolacrimal duct mucosa of organ,Mistral-Small-3.1-24B-Instruct-2503,-1,1.0667351348864331,1.8170033219405377,1.6157107531335533,1.3848776432488237,1.0413287916740672,1.3968218774451124,1.21326219431361,1.2682075337754146,-1.0212973617943986,-0.636510774017493,-0.0895446572258834,-1.060189554866659,1.3766602623474906,2.4863504467044395,2.536279770946128,1.7300851907539287,0.8568450095735288,0.7022760155175857,0.5375084290223446,0.8813180211697823,1.0668003608674674,0.9938919387203452,0.8167107282914123,1.204282609177815,0.8688400190593553,0.4739058060775699,0.3363221669497326,0.876374138844208,0.2662792642065062,-0.1799149742901336,-0.2141067282342821,0.1224118231467927,0.7537165388272111,0.4120246299534815,0.8660373392148801,0.7220895510590175,1.106153262692523,1.5544305584386118,1.1755838429671668,1.404297786950233,related,8
UBERON:0005043,exact,,nasolacrimal duct mucosa,Mistral-Small-3.1-24B-Instruct-2503,-1,1.0378503030261057,1.603116227971225,1.425765962321479,1.313016009413401,1.0076177354344154,1.2416099945259116,1.0585447840200242,1.1974305680032444,0.1391876787786552,-0.2374801141513086,-0.0574283365378101,0.0068872735285379,1.337050831553309,2.2149735650760984,2.1973081481227257,1.63672875613311,1.028001356009265,1.2016158876873495,0.8202713808218828,1.1790300821951143,1.224251954710167,2.150157183886897,2.035189979311351,1.5933380682567069,1.2891346765460945,3.108964240562268,3.253867110774082,1.804066355210597,0.2278070076941078,-0.2180164512736658,-0.2373425139872495,0.0814003778503808,1.1749594671393386,1.9346068166156865,1.7356816419071237,1.4963377008517298,1.192540895377879,3.245200991904879,3.656158553830612,1.772531935433394,exact,9
UBERON:0005043,exact,,mucous membrane of nasolacrimal duct,Mistral-Small-3.1-24B-Instruct-2503,-1,1.1268206743815734,2.351009830616992,2.3242512251898946,1.5536190235546046,1.1541755254414885,2.166373780386693,2.0100838552433253,1.541057885222992,-0.797255322141416,-0.5526084821858575,-0.0805203104319137,-0.872389882187497,1.2347170831942935,1.5875187932956991,1.490704654621126,1.423640497353255,1.2715923595949032,2.7001133852825467,2.510046221169377,1.7569074210331046,1.0001602765083188,0.7353862748516767,0.5616800184110751,1.0753032582741704,0.935300210355292,0.5727541992072174,0.4107571179011763,0.9842321121758476,1.1580588975995325,1.4057557082911405,1.2105327769501788,1.3387774442533893,1.2295546529600014,2.6922751010088346,2.727555138229916,1.6421347281783505,1.1122979335684189,1.6141976916866234,1.2076749981699346,1.4237034982535242,exact,9
UBERON:0005043,exact,,mucosa of organ of nasolacrimal duct,Mistral-Small-3.1-24B-Instruct-2503,-1,1.0643886681380432,1.7945297735049166,1.6312591077335448,1.378852154074875,1.1609719402720484,2.2393752053306213,2.1681922747683315,1.5599299002719578,-0.5450713085855139,-0.4905846924445739,-0.0777833549003748,-0.652497659387546,1.449230931927562,3.184731814290412,3.5328887547387526,1.9257262734880816,1.2266872371274316,2.270883877425028,2.1646877696320805,1.6259830334978354,1.1372864696811784,1.3636926189657177,1.18796437830606,1.3589562153751162,0.964338421176797,0.727589631648145,0.5718783554243688,1.033828234853061,1.2975235155688063,2.1079334930951035,1.987069455561228,1.6327052149981496,0.9423505192817412,0.9910832601211574,1.0031344828442832,1.0210830433132263,1.1332253161719483,1.857853085715782,1.4651013948714828,1.4945282037435923,exact,9
UBERON:0005028,exact,,organ mucosa of maxillary sinus,Mistral-Small-3.1-24B-Instruct-2503,-1,1.1798452608999292,3.096059861676658,3.311362377735407,1.7373513361412471,1.1983910496213808,2.610673240545061,2.646945886878539,1.6712348066320746,1.249319737573684,1.5677202928294776,0.1416127201020942,1.5545454578206852,1.5105210125421684,3.860845614614737,4.556466662478105,2.132834745834737,0.9874936121194028,1.0488175082287048,0.8623306631800179,1.103471420160043,1.054651897980437,0.911217965274937,0.700044218759754,1.179707532114221,1.0637249483506686,1.0922968186503246,0.9466841353400192,1.2180655838986094,0.1715184347194087,-0.3589715716004173,-0.3286095860342226,0.0223702609194186,1.1586645520470749,1.815635494409504,2.326684734383993,1.4564981945202051,1.0645575355086163,1.1941792555148782,0.7786752156225882,1.2851311744844238,exact,9
UBERON:0005028,exact,,organ mucosa of antrum of highmore,Mistral-Small-3.1-24B-Instruct-2503,-1,-0.1477995303272015,-0.5278906378292962,-0.4627980892633262,-0.3338956929896158,0.2869904230431762,-0.1905078550049778,-0.2416963395891171,0.1358385526896619,0.8190158562097749,0.3151341550148747,0.0206981912304842,0.824530081777625,-0.5101619934599037,-0.7100695976861999,-0.6584748092926345,-0.6083109413715927,-0.8487047424587766,-0.8696959118730232,-0.6406389616684817,-0.9351498242126876,-0.9688137114231736,-0.7761013846821212,-0.6653527852453542,-1.0027847111297334,-0.2946035274113801,-0.5546765039830698,-0.5153818519482954,-0.446846902706974,0.6930370558867858,0.4146942731991601,0.2680000594237144,0.6232500482420099,-0.0290041387348591,-0.449577835188946,-0.3577601085705951,-0.2019927326626935,-0.7364497295148325,-0.7434331263798285,-0.5617551815094566,-0.8412964661012675,exact,8
UBERON:0005028,exact,,mucous membrane of maxillary sinus,Mistral-Small-3.1-24B-Instruct-2503,-1,1.1556742200185892,2.6874244294135945,2.677758705265981,1.6479897841877904,1.1598078833900771,2.200367813139779,2.0605832818334697,1.556671634368507,1.19843181044632,1.3703837494343611,0.1200146580274538,1.4498726889160063,1.1628049667312883,1.0482616478275375,0.907530258943574,1.2911259608874015,1.0703436819199577,1.3573919920984097,1.0321518699444172,1.2623296839803158,0.9689748862879516,0.6099936100578766,0.4828192971055838,1.0192218407000886,0.9799382182257697,0.7557233493913831,0.5995082647659421,1.0611765909428,1.170047387614175,1.4310966333646633,1.2570827573394696,1.3617256178883586,1.2027667676245049,2.2506304737244607,2.102322685185515,1.567953429003606,1.0329719250799585,1.0046131853751024,0.6280584062833326,1.2052624835077592,exact,9
UBERON:0005028,exact,,mucous membrane of antrum of highmore,Mistral-Small-3.1-24B-Instruct-2503,-1,-0.0667348399779385,-0.470354178717102,-0.4160314388021872,-0.252795365643022,0.3469816747462431,-0.1274614167534424,-0.1667676447908848,0.2061888036937762,0.7858211502986031,0.3394343806742365,0.0157490675807357,0.7780909744022669,-0.7142888868728798,-0.81129429076179,-0.731885733732212,-0.7801266203167644,-0.66932194872822,-0.7901668011100313,-0.5979614519837335,-0.7883083558793049,-1.1140198646041053,-0.8084803033707456,-0.6983928311952182,-1.1129405064020408,-0.6564670370807075,-0.7104282243462652,-0.6180455416723013,-0.7604041703133481,0.235032652293418,-0.0275716364460655,-0.0639736059824702,0.0890606735986629,0.1087277124650622,-0.320795909949955,-0.3410466372787568,-0.0617247173020954,-0.5577000772276671,-0.6968195671020423,-0.537846892374272,-0.6989272779261504,exact,8
UBERON:0005028,exact,,mucosa of organ of maxillary sinus,Mistral-Small-3.1-24B-Instruct-2503,-1,1.1302774544328311,2.3621407725249903,2.267839252303028,1.5643619627735563,1.166504899100629,2.272478387145548,2.1622350087007245,1.5755690503323,1.1761546078948937,1.2298930051020989,0.1103534868847972,1.4062846621922422,1.423595277473115,2.589144838110048,2.6413996672050954,1.852127652920199,0.8872722762817945,0.7637625722197341,0.6249046434385243,0.930532234738794,0.8933432508382046,0.4322418072056096,0.2972201850974631,0.8920493587389604,1.093465680089983,1.2237427178217786,1.0273813427417833,1.2786566583989254,1.2333064789381274,1.79210558972781,1.733489756765063,1.4892972952666477,0.8184865744552,0.5315488014770322,0.745700639658956,0.8191414819381848,1.053922528223412,1.1184054241382562,0.7143148522654132,1.2573881638935496,exact,9
UBERON:0005028,exact,,mucosa of organ of antrum of highmore,Mistral-Small-3.1-24B-Instruct-2503,-1,-0.1897606130330749,-0.5564631161139008,-0.4898743081032056,-0.3750178943989829,0.2555826307874638,-0.2227024532830936,-0.2391943171435794,0.0997788613228611,0.6583144247406737,0.113193994907505,0.0041957393146791,0.6077494523768071,-0.7184113966218767,-0.8342165063683353,-0.75547470334635,-0.7835322064939982,-1.0323941580591984,-0.9387649433088876,-0.673485925436478,-1.0797938504307538,-0.8911352744689814,-0.7544947737327221,-0.6460507824168068,-0.9427525339429148,-0.2458820912229342,-0.5254023365201698,-0.4941866237360391,-0.4025025055958595,0.633389320619672,0.3418639408655558,0.2176619755331661,0.5471109306646323,-0.1587479500452939,-0.512646644684561,-0.4368028341646997,-0.3283934697344575,-0.7459314499838101,-0.7504938096540629,-0.5667466168973595,-0.8486851015307223,exact,8
UBERON:0005028,exact,,mucosa of antrum of highmore,Mistral-Small-3.1-24B-Instruct-2503,-1,-0.1512639581219354,-0.5299818847515522,-0.4776292813694254,-0.3373123265895071,0.361206620686165,-0.1153615279173976,-0.1707913971520446,0.2231690522383521,-0.7941249297158601,-0.6909962729230901,-0.0955367124652645,-0.8697186177171765,-0.4012947265209413,-0.6588172015535521,-0.6177965485674846,-0.5139026962388398,-0.6773323086236493,-0.7970343406724772,-0.6078379879587498,-0.7949931908504422,-0.6456533416001835,-0.6990607752430251,-0.6149044678937396,-0.7473282738097146,-0.0941563286129552,-0.4436800831174861,-0.4143295828267326,-0.2605488107014093,0.5124316194792313,0.1999727797241715,0.0909529345875904,0.3995948203924144,0.1785269104899132,-0.2859617897886334,-0.2786390337317595,0.0120747537467013,-0.8173531866821319,-0.7750126301915476,-0.5771194956723877,-0.9038487248615384,exact,9
UBERON:0005028,exact,,maxillary sinus organ mucosa,Mistral-Small-3.1-24B-Instruct-2503,-1,1.0052041718742848,1.3987995342791395,1.2169289615482373,1.2370987216193483,0.8620873285193017,0.7121025908546535,0.5433010395995356,0.9269791204205438,0.8103254958260182,0.4527315689743441,0.064714893485029,0.8122803610878575,1.1558774630153854,0.9416224986793535,0.7674397162737845,1.2789417091613258,0.4598967786400021,0.0186911380599634,-0.0227035126828786,0.3316894611090229,0.9746950537774278,0.6394820703325684,0.4984259687937283,1.0293315331919135,1.0291538246709682,0.9649868317884952,0.8032057278153698,1.151099247596022,-0.1298042390066936,-0.5449593722485286,-0.4701107011731577,-0.2765971782149884,0.8688761366254377,0.5337726130925552,0.8895415369570717,0.8984208533834128,1.0584887183964724,1.1395520113240771,0.7616606251424897,1.2691854549003008,exact,9
UBERON:0005028,exact,,maxillary sinus mucous membrane,Mistral-Small-3.1-24B-Instruct-2503,-1,0.9999550388519608,1.362866686751789,1.1690605390381303,1.2253463088094738,0.8611267292110976,0.7184573891613275,0.5359505744213199,0.9253430685348236,-0.842692964349832,-0.6149752353458466,-0.0837770991468714,-0.9110102717940805,0.8494717006698161,0.1800944525454391,0.0613965996640743,0.8097527358055978,0.5388767231174619,0.13151988404447,0.0136441124749093,0.430386448653957,0.8132810621504818,0.266451034961925,0.1814659856608877,0.7683213282237455,0.864046322930114,0.4453409145861464,0.3261469478235658,0.8688669742643906,-0.6042545107766163,-0.6534135008876569,-0.6081572904926268,-0.7026915157317877,1.0571812734833002,1.293452012639714,1.1057295506504794,1.234670271894187,1.021939588556054,0.939592545323918,0.5829175032996267,1.179003375171782,exact,9
UBERON:0005028,exact,,maxillary sinus mucosa of organ,Mistral-Small-3.1-24B-Instruct-2503,-1,1.0859740764750094,1.935840536484764,1.854509208365891,1.4356946700383468,0.9406281644382718,0.9614516466718896,0.7644325183576623,1.0668074679224957,1.2050516629311967,1.392848128117866,0.1139410722933687,1.4630711345119345,1.2382977609943613,1.3511409756920476,1.1792482473469392,1.4305580641877875,0.4032235364016892,-0.0483131623731885,-0.0284449266935421,0.2633261172097596,1.00459273127129,0.733097230363379,0.5794891438292976,1.0834745510861026,0.7781218579404016,0.3147640964332001,0.2013258454521787,0.7396269795457211,0.0133005711281423,-0.4396204841577327,-0.4029871355082488,-0.1379214309133884,0.6723348974258199,0.1180145275052591,0.7002424793601549,0.6067265842482475,1.0403023915279743,1.0461283149822371,0.6670344910393178,1.2231466956106185,exact,9
UBERON:0005028,exact,,maxillary sinus mucosa,Mistral-Small-3.1-24B-Instruct-2503,-1,1.0725703631587995,1.8201979502340315,1.7076557014325533,1.400018668504998,0.9802216295377836,1.1139618137112692,0.8607430611481331,1.1425424034590947,0.9669894368923032,0.7230960315421345,0.0884921402969865,1.0445401902353209,1.1471766166397208,0.8515295395445148,0.663045865686721,1.2637684837606686,0.7656042660546161,0.4833401779593212,0.3059098691590862,0.7412087881194658,1.2570144697612542,2.633922137730853,2.6744857376389195,1.7043541454911473,1.110337598591982,1.2651837148574587,1.04110152936005,1.3144346420026618,-0.109953755010415,-0.537374600585931,-0.4863428180950074,-0.257685819546806,1.1078603609940822,1.47426311676504,1.263278593689601,1.3404865273363784,1.1958872331869308,3.2868597292590245,3.775901530291861,1.7960727641272287,exact,9
UBERON:0005028,exact,,antrum of highmore organ mucosa,Mistral-Small-3.1-24B-Instruct-2503,-1,-0.2632401323527281,-0.593735174844392,-0.5254812418567689,-0.445715906663545,0.0445637348994554,-0.4033453975342004,-0.4062381486733515,-0.1305201652777312,0.67142443432717,0.0981277123612852,-0.0124602471454491,0.6247270915204421,-0.6179976090917207,-0.722310535921943,-0.670609187004037,-0.6998756596600714,-0.4918169544983724,-0.6962772053074486,-0.5065526667911638,-0.6368382829836456,-1.1085198937090313,-0.8042199677227345,-0.6838511006461006,-1.108814562181743,-0.8704770076783228,-0.8048491403417813,-0.7053319558004788,-0.9348973455597316,-0.3241024283291745,-0.5150010397282343,-0.480709337244698,-0.4567346603859942,-0.5076552953739255,-0.7347658702661186,-0.5236693672444027,-0.6458297436794701,-0.6056737127107066,-0.7097459718493482,-0.5434745790915962,-0.7377341477654051,related,8
UBERON:0005028,exact,,antrum of highmore mucous membrane,Mistral-Small-3.1-24B-Instruct-2503,-1,-0.0765684475895611,-0.4720071494425305,-0.4170536073095546,-0.2627545937140582,0.1589907593638817,-0.3107266002846819,-0.3247105784027889,-0.0080799316024756,0.592143224438528,0.05181662978065,-0.0131699570538482,0.5237321977395435,-0.6731956638255077,-0.7831037630788313,-0.7178799941849205,-0.7460460478946669,-0.4462700524547091,-0.6682963796763185,-0.4895095635174913,-0.5968795012069754,-1.5368749080765385,-0.8859836916867546,-0.7546999446227416,-1.420566478882472,-1.3298816529521635,-0.930822442244633,-0.8056516717848028,-1.2884867120601755,-0.3833650304831757,-0.5453175449826781,-0.5197460403639551,-0.5100243020180089,-0.089306905589857,-0.4331902001200551,-0.4497865051052096,-0.2613850153692429,-0.4384466083458416,-0.6602307699761819,-0.5161156795506042,-0.6003884015300243,related,8
UBERON:0005028,exact,,antrum of highmore mucosa of organ,Mistral-Small-3.1-24B-Instruct-2503,-1,-0.2773356188288337,-0.6151761524173908,-0.5393542098138105,-0.4590952395569458,0.1458428960759236,-0.3295663781832422,-0.3376662835007725,-0.0224287874302296,0.6939725732281897,0.2343059770038086,-0.0056053011009406,0.6541991746183742,-0.559937223676855,-0.7142909411857754,-0.6571791915011014,-0.6508068421723556,-0.5340317888434245,-0.7222084974399468,-0.4867203213818037,-0.6734615106547179,-1.1799624695951465,-0.8206232188921976,-0.7009555767254042,-1.1621386251584491,-1.4164988533100464,-0.9550680367511104,-0.8278102156015655,-1.3524781348902777,-0.2561914372963318,-0.4758575424661501,-0.4356545123391775,-0.3947531828475171,-0.2923928472405442,-0.5865034324991455,-0.466614045853734,-0.4535384696505608,-0.666371172048116,-0.7282935996985302,-0.5552647908342665,-0.7861932264917937,related,8
UBERON:0005028,exact,,antrum of highmore mucosa,Mistral-Small-3.1-24B-Instruct-2503,-1,-0.2140345508266406,-0.5617576939466734,-0.5017381391486867,-0.3985534968521027,0.1657498995244385,-0.3068899209187941,-0.3238547649688363,-0.0006735813256854,0.4953169616498776,-0.0533235629095655,-0.0268233421153925,0.4053800359639926,-0.4925522503457205,-0.6693129706202878,-0.6158543565358541,-0.5931784966565542,-0.3045966707918994,-0.5906719025738909,-0.457907747731674,-0.4694450953076336,-1.1674036576142297,-0.8190518751777185,-0.7016461805757659,-1.1528067576277174,-1.0255343422090326,-0.8557122837021578,-0.7494879352328314,-1.0571572241890583,-0.3572106798715088,-0.5515456137207786,-0.5195982296921698,-0.4865951244801478,-0.0065984517636503,-0.4091443761324538,-0.4135981568814063,-0.1796250478067331,-0.6867887347973137,-0.7368519867178276,-0.5574680750792037,-0.8023391023328345,related,9
UBERON:0005019,exact,,roof of mouth organ mucosa,Mistral-Small-3.1-24B-Instruct-2503,-1,0.2419496394544673,-0.2328550369801761,-0.2791221693312218,0.0798376037001832,0.6017082274353521,0.1807522336833789,0.0921338122457139,0.5309549420648735,0.7888884268699924,0.3290309020354647,-0.001303735132753,0.7823427230239715,0.2733786077346942,-0.15046805494029,-0.1938038985303679,0.1289087094136751,-0.0263560527138926,-0.4496319595398297,-0.4091156695129387,-0.2032705065515313,-0.3159171180400394,-0.5861881457378345,-0.5213974627823662,-0.4684308081240837,0.2459612433718476,-0.2668179586710333,-0.2487972151667568,0.0836414275939502,0.6441266167643044,0.3144267457112704,0.1954119319704982,0.5606390968532816,-0.3542004309889884,-0.6472673567898631,-0.5726996307749971,-0.5098538691100696,-0.088867055921599,-0.5433504581402029,-0.457402055754994,-0.291325850719757,exact,8
UBERON:0005019,exact,,roof of mouth mucous membrane,Mistral-Small-3.1-24B-Instruct-2503,-1,0.3463969578576114,-0.1238244238837992,-0.1906876752158573,0.2030188722871375,0.4631699273683145,-0.0141936164462929,-0.0938681334101699,0.3485645776221399,0.6234752429462463,0.1455336908294301,-0.0197056301947658,0.5631749584745115,-0.1495410914806459,-0.5378833404116615,-0.4964964832771287,-0.2869631111390557,0.4026292960533636,-0.047193597971421,-0.1427341080010964,0.2626194297265136,-0.347183132920188,-0.6022209560451706,-0.5296909185956814,-0.4958201999140945,0.1465139642439693,-0.3825600978996202,-0.3638270247305246,-0.0213125593684767,-0.2050606178021873,-0.4153452812638614,-0.4240539693289828,-0.3474075333800577,-0.1492894073767959,-0.4959041486569641,-0.5256861262209128,-0.3193498788554031,-0.0921875931307349,-0.551043709103351,-0.4646549716530552,-0.2944279520149226,exact,9
UBERON:0005019,exact,,roof of mouth mucosa of organ,Mistral-Small-3.1-24B-Instruct-2503,-1,0.4064240964025694,-0.0607791444122931,-0.1525766934271163,0.276871778803664,0.5604739003000803,0.092217863543377,0.0211495922212464,0.4750396242240507,0.9214120931286282,0.5134839016361891,0.0189654290659572,0.9742765452470232,0.2575819334322346,-0.2364416086129748,-0.2863391311237482,0.1124049066761577,0.3518768485583678,-0.1195601709914062,-0.172043190432739,0.202998203203564,-0.5513681262560598,-0.6636857754399202,-0.5861690864468896,-0.669689427761965,0.0574401831955464,-0.3894495084806625,-0.3705901140785226,-0.1121049158777614,-0.3746159595976068,-0.5559191396462948,-0.5126056808895093,-0.5022022995538611,-0.5401321749317717,-0.7366340103802437,-0.6132792956050245,-0.6739530751124607,-0.1406989131160151,-0.5722944018899451,-0.4751412989723815,-0.3393431252924868,related,8
UBERON:0005019,exact,,roof of mouth mucosa,Mistral-Small-3.1-24B-Instruct-2503,-1,0.4606799696205988,0.00456900978247,-0.0943380462981667,0.3457969795653092,0.6362944618644513,0.2292767543201186,0.1356351097489533,0.579047463104848,0.8384524604709348,0.4289157421972351,0.011598412445001,0.852172209797242,0.420306395089266,-0.0268045000756899,-0.0876321345241826,0.286873436758834,0.2809785728181365,-0.1838072713529297,-0.2589441996195409,0.1220070226025352,-0.3384596968538621,-0.5965784052552774,-0.5207040483180635,-0.4882002150604264,0.6002670468702457,0.0690866560582494,0.0363440118099866,0.4977229043684258,0.8550055686024506,0.6900560705670555,0.5556322199122606,0.843877107093548,-0.0696856660295619,-0.4715352783896719,-0.4937458303075285,-0.2421864838574249,-0.0558613804735873,-0.5412400917786331,-0.453285698714762,-0.2602917365436256,exact,9
UBERON:0005019,exact,,palate organ mucosa,Mistral-Small-3.1-24B-Instruct-2503,-1,0.7911174124970409,0.6143274560073363,0.4270403197573464,0.8267355789152562,0.7858839250317742,0.5229554916867134,0.3764934377116138,0.8019039395468341,0.7341673661603151,0.2945205574649465,0.0216236991514348,0.7076288635031304,1.0233366858905484,0.7630694559499508,0.6357688126551185,1.061384750890692,0.2982115429195795,-0.1817821162523724,-0.1992247485907919,0.1414587597044768,0.7335079052619744,0.1641330664021788,0.0774308733928529,0.6537313536160054,0.813037922244865,0.4295741649206298,0.3270427045553887,0.7909911896003391,-0.1329493298479112,-0.5312047543514892,-0.4719940017151193,-0.2795843227167037,0.814913617289668,0.3115789077279838,0.7249722478652174,0.8136522196745609,1.025284894341109,0.8950404977229603,0.5235178945267137,1.1868858530284565,exact,8
UBERON:0005019,exact,,palate mucous membrane,Mistral-Small-3.1-24B-Instruct-2503,-1,0.8170682918601226,0.6877399612221886,0.4879680825560555,0.8706962327906164,0.7629584498686356,0.4756162614019855,0.3165623561735226,0.7659724347965944,0.6738397703073506,0.2237175114355369,-0.0038916723664549,0.6278675192355149,0.3427654514863628,-0.2989206034959237,-0.3333216464286733,0.2024686395202045,0.1474927427182569,-0.3040871273030868,-0.3161597643459632,-0.0239986482337136,0.8419522560226723,0.33662968847844,0.1799879014721281,0.811516017328605,0.71312582950915,0.1760633245510465,0.0773247227085245,0.6476982319782981,-0.327005589105683,-0.5781765864712436,-0.5530814384076105,-0.4593622031524527,0.92225102675151,0.7782559638275399,0.6131732300103255,0.9866052456403068,0.9795290784268132,0.706494099860334,0.4091973818279862,1.084365989241216,exact,9
UBERON:0005019,exact,,palate mucosa of organ,Mistral-Small-3.1-24B-Instruct-2503,-1,0.9848973271966636,1.2992455479581788,1.065569217868946,1.1922618917424768,0.889561866534065,0.7749463832359003,0.5977516256900663,0.9744869599546852,0.9027767523331688,0.5210443594881579,0.0207124120701222,0.9462296662744072,1.0638663709471972,0.9026420663062644,0.7192525186632276,1.1250793396358396,0.7163946825912729,0.3674034782601501,0.1930686430823299,0.6696817646829026,0.837986055188436,0.3377917865755817,0.2015057469824676,0.8054708523077962,0.8127680041673319,0.407608185763874,0.2690752730075895,0.7905883455576056,-0.1034734505094509,-0.4723927895711508,-0.4235005815136068,-0.2514903016969385,0.6011009404911605,-0.0385654036188394,0.5195876103430277,0.5108597079454876,1.008616674771644,0.8422244735905737,0.4645432855820355,1.1482595042750103,related,8
UBERON:0005019,exact,,palate mucosa,Mistral-Small-3.1-24B-Instruct-2503,-1,0.947280858034698,1.1191807742360331,0.9074282861196896,1.1132864706696406,0.9185506880177032,0.8763447021495883,0.6540781281932327,1.026210107554513,0.7898159220440261,0.3588988144457136,0.0209325039205885,0.783629930438555,1.031074275468116,0.7682146614567035,0.6146175336856305,1.0733744119292097,0.2120747837742854,-0.269287440232139,-0.3190933803858867,0.0456459585729276,1.2400155969173865,2.364884474377975,2.266484544759884,1.644461190411554,1.0403117976464564,1.006710168602822,0.8671666399447249,1.1723392791751028,-0.0694316910406636,-0.5327622629154066,-0.4937662192700738,-0.2187649010667917,1.123655576794888,1.4905762061678889,1.2802862637199934,1.3753582746336028,1.1917751335723847,3.037906416792867,3.302902222367898,1.7673904101896978,exact,9
UBERON:0005019,exact,,organ mucosa of roof of mouth,Mistral-Small-3.1-24B-Instruct-2503,-1,0.4502428855237607,-0.0275043058339813,-0.1083541734288339,0.3323675416150841,0.7351492163794697,0.4003154311157575,0.2459494632337457,0.7233220159170366,0.6559179465461893,0.1704827802283491,-0.0180444427976167,0.6046582758508449,0.3059413563570856,-0.1350064605491153,-0.1825858929207361,0.1632091461133987,0.7137713815626646,0.3922239149496295,0.1877140695655708,0.6659397886417772,-0.1435678364727701,-0.5188444355439776,-0.4829007525786254,-0.3132866081196908,0.3963900129234686,-0.1454508964204448,-0.1854670060734216,0.2507909334318635,0.8844120457809337,0.7586635440599063,0.6492216123837825,0.8864999261431228,0.0803749605358582,-0.3645210894828257,-0.349837057773853,-0.0911584495214869,-0.1491331292284199,-0.576933356787758,-0.4795141982837122,-0.3470765614001309,exact,9
UBERON:0005019,exact,,organ mucosa of palate,Mistral-Small-3.1-24B-Instruct-2503,-1,1.1123497532257254,2.1686466762619823,2.092833673860708,1.5100537196800554,1.1483327209185072,2.0653011129866785,1.926838230669199,1.5251169051316558,1.1022263151745644,0.9508399446494517,0.0730225564371472,1.2696679051063509,1.4008665944272105,2.608093247621189,2.7052143531586914,1.7912374117608425,0.9509661981263252,0.8966254856754229,0.6447357432589919,1.038325584579316,0.7841272612346009,0.2396001035094687,0.1296128720170415,0.7255404479744264,0.9138319376417646,0.6269680142894191,0.471602840552389,0.948579235984766,0.3161383624312104,-0.2279231903717498,-0.2266978913857024,0.1764134071098608,1.0121182627016936,0.9186320473534264,1.8330747443270337,1.1470910413274715,1.032371803125922,0.9570365889725264,0.5551406380294927,1.2038142257376838,exact,9
UBERON:0005019,exact,,organ mucosa of oral roof,Mistral-Small-3.1-24B-Instruct-2503,-1,0.3249665901383907,-0.1695253000287583,-0.2144433343500915,0.1772178582888204,0.5620223522164578,0.103381235643664,0.0118213480265803,0.4771128309009382,0.957550153019472,0.5770639147478878,0.0285759095628043,1.0297850350171631,0.3757975420690513,-0.0452589645443521,-0.0715531016705845,0.23812838721745,0.2558389647729719,-0.2170208288981716,-0.2516367569144329,0.0938892972490741,-0.2445448985787331,-0.5610550769955445,-0.5200242944715056,-0.4050684340753057,0.3534396046344257,-0.1703255640793885,-0.2003758134238864,0.2019304522733237,-0.0260944408633888,-0.4375823702777574,-0.4189498331956177,-0.1766545922599478,-0.0712619706614142,-0.4771170830810218,-0.4486682530614831,-0.2437332686443898,-0.2617837085798488,-0.6153203810306779,-0.5007373408749208,-0.4483540452636584,related,8
UBERON:0005019,exact,,oral roof organ mucosa,Mistral-Small-3.1-24B-Instruct-2503,-1,-0.0227422385050147,-0.4475427413819419,-0.4538255141681286,-0.2078106842889012,0.1087080060853645,-0.4103273194005639,-0.3767008940949644,-0.0625522431090695,0.1343058213999761,-0.2214868794371829,-0.027871764931516,0.0017538429281888,0.1386664073345561,-0.2542638451266529,-0.2662911449877015,-0.0091633305977005,0.1116503257812494,-0.3286114711113582,-0.3056971362898988,-0.0619002984730148,-0.557705148453862,-0.6604458896111343,-0.5895562960212143,-0.6749568236863299,0.219039157659704,-0.2717621852264116,-0.260403289186342,0.054828105974468,-0.2989324153949298,-0.6063547437770141,-0.5460242540807926,-0.4338790832176189,-0.6443305578002062,-0.7751933915279375,-0.7089651614416831,-0.7627585789049359,-0.1725580099037782,-0.5721553106242079,-0.4742139566705404,-0.3684412997193607,related,8
UBERON:0005019,exact,,oral roof mucous membrane,Mistral-Small-3.1-24B-Instruct-2503,-1,0.3267297426343661,-0.1481033110601397,-0.2059434831161913,0.1793298619274301,-0.0289364784572243,-0.5085625809125288,-0.4764399478508778,-0.2064586961415885,0.1893393825583319,-0.1682764253907388,-0.0323448442950124,0.060077012070194,-0.2317545677406429,-0.5825500116715242,-0.5342501813632904,-0.3625050636993923,0.238067937047045,-0.2105098559413697,-0.235755007677979,0.0741933963525994,-0.2550660363751803,-0.5652549547483853,-0.5113962836441629,-0.4144844614457129,0.031330705834647,-0.4401536200672066,-0.4187813281702258,-0.1381924605933619,-0.5799495811040585,-0.66270327147584,-0.604591284028245,-0.6819214569395642,-0.1319100232929131,-0.4482011335586042,-0.4983739950507873,-0.3026651917447776,-0.1653761549112759,-0.5709124661491319,-0.4781606155058582,-0.3619086915986969,exact,8
UBERON:0005019,exact,,oral roof mucosa of organ,Mistral-Small-3.1-24B-Instruct-2503,-1,0.3534878065588938,-0.1177683426612973,-0.1994501183672209,0.2116194254967993,0.4652984663366149,-0.0538813144120983,-0.1114333790005393,0.3512557655800912,0.8907943613607465,0.5023934255134039,0.0160933622897735,0.9283924921248023,0.3456449831816933,-0.0959183166537239,-0.1347705480516627,0.2055602864523573,0.4198298530448979,-0.0447923728879443,-0.1152209820136162,0.2831581114005234,-0.566392075240287,-0.6657410166224967,-0.5979156013743608,-0.6821656981840534,0.1163027106595293,-0.3418035309142481,-0.3322287318270888,-0.0524284696912413,-0.1330446356309784,-0.4828675649482551,-0.4529947869404957,-0.2796748034509352,-0.6966409955014131,-0.8128651872193298,-0.6600239676641116,-0.8065617365794183,-0.2100282211611829,-0.5941416007241663,-0.4875451237873161,-0.4022770511460368,related,8
UBERON:0005019,exact,,oral roof mucosa,Mistral-Small-3.1-24B-Instruct-2503,-1,0.3332136386033983,-0.1515759646843174,-0.225503763993457,0.1871130772622985,0.1219381842695794,-0.3901471110105499,-0.3849737713195345,-0.0483245935623581,0.4985389490345289,0.0448552386887201,-0.0065885920353073,0.4092376729204546,0.3267001137232096,-0.1096480042145021,-0.1575114891518642,0.1852780745754603,0.2367238734228321,-0.2160163930157036,-0.2362791982412971,0.072709710611288,-0.1507776586432037,-0.5196832406855754,-0.4651862627918002,-0.3199277576690768,0.4776312769486096,-0.0588591241873164,-0.0859715454936354,0.3460084023813501,-0.2574758660035143,-0.6002614374522791,-0.542931172592314,-0.395934865909262,-0.0876197949634753,-0.4846880670492444,-0.5078353832165131,-0.2597389458631243,-0.1920152743241178,-0.5877861124217917,-0.4809614761923962,-0.3860625419918106,exact,8
UBERON:0005019,exact,,mucous membrane of roof of mouth,Mistral-Small-3.1-24B-Instruct-2503,-1,0.3595656768742788,-0.1351418577702425,-0.2196723071901549,0.2190169649719011,0.618446107377981,0.1913445948062829,0.066708986945469,0.5540877955225753,0.6053833142610506,0.1311434979939079,-0.0231797965352116,0.5403273478853436,-0.0980875337302762,-0.4552283875805366,-0.4477134502165446,-0.2389118969496286,0.4049760052107513,-0.0347689008942197,-0.0852342729955309,0.2654113931863243,-0.0977855797820165,-0.5035895841123678,-0.4579902077466425,-0.2707831427221177,0.1135488938987148,-0.4065675864349997,-0.3979536100489763,-0.0552479391313809,0.7536134116042978,0.5427235717019518,0.433787530227631,0.703207292089088,0.083505408600657,-0.3131059312916862,-0.3952399030417215,-0.0879235020057399,-0.1032735949024636,-0.5663058549794179,-0.4698611075755434,-0.3047585826783581,exact,9
UBERON:0005019,exact,,mucous membrane of palate,Mistral-Small-3.1-24B-Instruct-2503,-1,0.9779344043862565,1.2640567978452573,1.0430119840212362,1.1772628444138555,1.056634703044078,1.4437017937619403,1.2821391597923435,1.301675756828485,-0.5774174141403604,-0.5643859541553454,-0.0788744153610255,-0.6812636861488798,0.8356977837337678,0.3913186237756205,0.3112970033720039,0.7910689935740087,0.9471068771731996,0.9169709853847636,0.6450590849622264,1.0315932970810708,1.0565614093802544,0.9319107698687302,0.7703046124195881,1.1835358053942724,0.8548960185554918,0.4146311515837121,0.2640403952330877,0.8546307300150479,0.9610574452711812,0.9158018743870028,0.7452490597556741,1.0020966350767115,1.1088554703126938,1.506479214575451,1.3341375754049043,1.342654520322252,1.0010018857125582,0.8100925637846452,0.4804284523855345,1.1311260537706485,exact,9
UBERON:0005019,exact,,mucous membrane of oral roof,Mistral-Small-3.1-24B-Instruct-2503,-1,0.4015705602927888,-0.0734677046637818,-0.1743661788694442,0.2708097840518481,0.4310345024919172,-0.069460397314936,-0.1492895117012199,0.3083141561795099,0.8801216243622814,0.4805966335911365,0.0177837640182499,0.9126305235647584,-0.0454884703403333,-0.4214772088711336,-0.4042189870642775,-0.1891389575857635,0.5232903389993794,0.0955462957603721,-0.0128447833858934,0.4105721920682336,-0.1492777357272743,-0.526038146543469,-0.4813693397401254,-0.318547291890771,0.0503733854314901,-0.4281997569558533,-0.4070694702279521,-0.1191883946159291,0.8676289417566025,0.6793038509124364,0.5361021870610553,0.8620648983538425,0.1077447560619797,-0.2977846279169277,-0.3700691366427103,-0.0627502594459574,-0.2177116398160442,-0.6036240260623279,-0.496052816054892,-0.4091649504228866,exact,9
UBERON:0005019,exact,,mucosa of roof of mouth,Mistral-Small-3.1-24B-Instruct-2503,-1,0.4963135874739992,0.0259615003224386,-0.0900995305950803,0.3922941353987835,0.8605381000472991,0.6947197406900605,0.5045951574660629,0.9243413482424742,0.724596077787611,0.2520403889872166,-0.0068639500273953,0.6947990171044967,0.443982362562891,0.0066833911003979,-0.0521387622194813,0.3131427904233177,0.7531079317478268,0.4681083070652001,0.2766117901216388,0.7227984007745807,0.1141793129177417,-0.3967777583503949,-0.3695877951532372,-0.0657097815358222,0.6858702196468219,0.1957279003587056,0.1529120224295229,0.6104347261422884,0.9219625243094104,0.8259143930483854,0.6877348290100185,0.9422761360743128,0.2231381187647939,-0.2162982935107425,-0.3060358298905277,0.0603008435041346,-0.1029417991875491,-0.571715998410995,-0.4722595559811653,-0.3044499744742516,exact,9
UBERON:0005019,exact,,mucosa of organ of roof of mouth,Mistral-Small-3.1-24B-Instruct-2503,-1,0.2729271720296553,-0.2344880268364743,-0.2810068261608665,0.1157156216494385,0.6520235960501221,0.2557803492654001,0.127919080195347,0.6013025948370954,0.616895800002147,0.098934537389888,-0.0250099151812041,0.554842850724203,0.1409242452290742,-0.331741310719613,-0.3600596342156349,-0.0068968811015203,0.5554009265489019,0.1483667599688517,0.0191716121286384,0.4515836415452076,-0.2293555169199549,-0.5528768028134206,-0.5082350595779946,-0.3914270011973165,0.4510039809193308,-0.0883311850279404,-0.1276166931907646,0.3143754789967625,0.7231370659174348,0.4822189321954007,0.3814504573517108,0.6626303527848931,-0.007774425060429,-0.3876666790314736,-0.423317254073361,-0.1808031921807454,-0.1556586169590698,-0.5852891545511787,-0.4847685767329881,-0.353044877173407,exact,9
UBERON:0005019,exact,,mucosa of organ of palate,Mistral-Small-3.1-24B-Instruct-2503,-1,1.0369103258279355,1.5851875814007628,1.3486360963213284,1.310756682746714,1.1065516986231902,1.7579541088579922,1.5920621759834204,1.4177515987792098,0.904517056555982,0.4771396573044361,0.0194175505835837,0.9488329515761283,1.2641144356464094,1.6457761295421731,1.526993551198567,1.4814605721758056,0.758903395799497,0.4682165363311684,0.2629098996463117,0.7313150859195933,0.6267908998065888,0.0232120460760061,-0.0606560733064509,0.5111240598470639,0.9457609629190254,0.7006654844418742,0.5439995274146461,1.0019100949157032,1.247968907102312,1.9510614737594565,1.844205422950348,1.5206448484651072,0.8727043050170791,0.6003508335519661,0.8966682919861226,0.9045939149410454,1.021921012124115,0.906636717675939,0.5214643605127754,1.178959792674867,exact,9
UBERON:0005019,exact,,mucosa of organ of oral roof,Mistral-Small-3.1-24B-Instruct-2503,-1,0.4161770550829882,-0.0536905691040645,-0.1223376869822203,0.2891032473114626,0.6424991413087124,0.2377397682263831,0.1140827773906896,0.5877969623201763,0.8341155546135965,0.2985452419827147,0.0066967725178328,0.8459745931045402,0.2595309721661384,-0.1920935932253754,-0.2247905668347249,0.1144364813372389,0.1887373446400428,-0.2730294139066817,-0.3002309917681943,0.0202721461560097,-0.3189165835668993,-0.5880087720417823,-0.5467669590134322,-0.4710678538015118,0.3559887403152981,-0.171591450245996,-0.1974762076901429,0.2048036018149746,0.9098019951376412,0.8084977370331964,0.6652042841796205,0.9240404238504756,-0.1270731629123631,-0.4687058640260146,-0.4820307852086695,-0.2980058979661918,-0.329065997027714,-0.6480009454244391,-0.5190127683324621,-0.507174353568913,related,8
UBERON:0005019,exact,,mucosa of oral roof,Mistral-Small-3.1-24B-Instruct-2503,-1,0.482583106936532,0.0211468858526479,-0.0903024719336298,0.3742566321908663,0.7381436148697165,0.4087003245926283,0.2720126619505678,0.7278672158291155,0.973254070271108,0.5778976531357949,0.0254254393170065,1.054394031682053,0.5492660848660771,0.1369811984566877,0.0668571323295881,0.4330542420211735,0.487419830700451,0.0394861887300174,-0.0793908171302593,0.3656102404139209,0.041970802763705,-0.4361086964233725,-0.402402464755199,-0.1372154271770624,0.6880952089959135,0.2144433114356359,0.1442922627594004,0.6134501629923991,0.5914337599230688,0.0532486268324457,-0.0221862783215791,0.4949565230865012,0.1450820869540498,-0.2829879857227609,-0.3482337443294903,-0.0235307655853174,-0.2899868603595735,-0.6388009628917959,-0.5110139279386334,-0.4731545997414809,exact,9
UBERON:0005010,exact,,vesical neck organ mucosa,Mistral-Small-3.1-24B-Instruct-2503,-1,-0.1043582616339735,-0.5154003708660555,-0.4640348471701465,-0.2907153980141903,-0.0813943640415457,-0.4839295214327965,-0.4677753507831366,-0.2594778894007087,-0.1917984029680997,-0.5032854178119353,-0.0809963253237059,-0.3256308763415339,-0.484193786063257,-0.6504020389341816,-0.5790303158516064,-0.5859775911535481,0.1692441003409686,-0.2908174528883366,-0.2664731206954701,-0.000740938190033,0.3732362327246991,-0.2171254431348872,-0.2620640540486584,0.2080054568057353,0.5636568592845883,-0.0335339510556266,-0.0555240883800174,0.4513229180020895,-0.2393584810162424,-0.5004913561346681,-0.4833576322809177,-0.3792324033831839,0.1360617641219806,-0.3863771842185265,-0.332816117859431,-0.0330561361880308,0.603890404075831,-0.1142575393672011,-0.219127889278356,0.4687543259978619,exact,8
UBERON:0005010,exact,,vesical neck mucous membrane,Mistral-Small-3.1-24B-Instruct-2503,-1,-0.0668356511419434,-0.4916235033893084,-0.4579768113039593,-0.2528976398020846,-0.3151950723020559,-0.6270821015281705,-0.5542016941763672,-0.485269188841675,-0.4911091775369132,-0.6308338645552827,-0.0927677618663625,-0.6041097292166616,-0.4725319079485455,-0.7279140768070286,-0.6595813106563139,-0.575910886999451,0.319355694950002,-0.1293925556682026,-0.1524609128033632,0.1655279266090085,0.2148353976045758,-0.32586093849528,-0.3274736914952643,0.0371951856830288,0.495924546535625,-0.1536139923238469,-0.1960136784464027,0.3679944009618009,-0.352279216532288,-0.5142297215964448,-0.5274818023819339,-0.4821618455702177,0.4564969729982702,-0.0231309152896497,-0.1278785912214155,0.3283228226808862,0.2935840088310942,-0.377143048666769,-0.3615616619018641,0.0947522152764267,exact,8
UBERON:0005010,exact,,vesical neck mucosa of organ,Mistral-Small-3.1-24B-Instruct-2503,-1,0.2092701363311139,-0.2717596592501102,-0.2674604515222687,0.0425469117065799,0.1140250824501775,-0.3419663963046963,-0.3770033326438723,-0.0568431235349928,0.7315442096847079,0.2275385130055571,0.0035820255978004,0.7041058409197363,0.0536561280668202,-0.3592249526692259,-0.3907522524972016,-0.0934065926923931,0.4527961466960095,-0.0004087227174352,0.0450722175289521,0.3230167007248022,0.5156539896531981,-0.0931988795534273,-0.1587282588509997,0.3729458637483333,0.4388972173601268,-0.1634238966713702,-0.1979853943272699,0.3001330008741781,-0.0234552037938355,-0.3845421771808884,-0.3579967878648747,-0.1740734008234444,0.0219108583126627,-0.4648926828114549,-0.3057486969135319,-0.1509192228191916,0.6270139337441754,-0.0855392503607312,-0.2036817176384672,0.499944643841601,related,8
UBERON:0005010,exact,,vesical neck mucosa,Mistral-Small-3.1-24B-Instruct-2503,-1,-0.0031118715003367,-0.4439030384182356,-0.3962742671083396,-0.1875041421214422,-0.0804516255127181,-0.4748029063527323,-0.446664232252163,-0.2585333305356279,-0.5060968837848661,-0.6611199081622554,-0.0953097906568313,-0.6176001553153798,-0.5859386044581298,-0.7008672296472053,-0.6311712721290034,-0.6728468459975705,0.2438828489646604,-0.2219160648850636,-0.2426398880818726,0.0806219729982613,0.7766173784199817,0.2329934979385636,0.1170924939813967,0.7146953457547961,0.8650762520295835,0.4002233313799228,0.2918090744248787,0.8704770220113212,-0.314338717414644,-0.5432863671272403,-0.5184822273191949,-0.447884796407982,0.2541666567425344,-0.2825967176602021,-0.3193927162376508,0.0943612254712326,0.7086398077091111,0.0199006596984483,-0.12011267821256,0.6150830038687182,exact,9
UBERON:0005010,exact,,urinary bladder neck mucous membrane,Mistral-Small-3.1-24B-Instruct-2503,-1,0.7164225972140736,0.4123996299460744,0.2430600655583389,0.7064178166260436,0.5822694870287508,0.1600181431033848,0.0790537131749887,0.5044097115983264,-0.8233206305011467,-0.6901217242664753,-0.0977375692892053,-0.8945792342912501,0.7354031746594988,0.1352668055443056,0.0784841746508419,0.6595382020776622,0.4972712552386928,0.0710257482728999,-0.017200214613082,0.3778718772110506,0.8973638352872934,0.4618811378162962,0.3189384030012824,0.8985339648252135,0.7686938885947823,0.2141326153170799,0.1101582961756336,0.7260060774319962,-0.3143108588011321,-0.5566102447526491,-0.5260784983233698,-0.4478595162744417,0.7030388810711973,0.315114031259245,0.1809613352914768,0.6494654306619727,0.9265129736962716,0.4615573453235162,0.1956148706642938,0.9771954997382448,exact,8
UBERON:0005010,exact,,urinary bladder neck mucosa of organ,Mistral-Small-3.1-24B-Instruct-2503,-1,0.8531621648209109,0.7548288044821485,0.5939094552362298,0.9339817558339406,0.7923068166066783,0.5568246168141004,0.4169350771991049,0.812102161433431,0.8840667501004634,0.4118027144085789,0.0280807389793935,0.91844326286204,1.2213031589136565,1.3939182779868344,1.2892954207315717,1.398016223079578,0.5856272319757339,0.1711566756382903,0.1549010795262134,0.4908845405946527,0.9238334435204588,0.5249195423133424,0.3667703888162365,0.9419563930527188,0.7657651551341766,0.2812257553785428,0.2001861613729809,0.7217954756218196,-0.1277353703927272,-0.5471917148478157,-0.5122569225444847,-0.2746308507272398,0.3273650967285908,-0.2517432223610098,0.1097718674163735,0.1765103864986759,1.071449907770066,1.109165635390888,0.720582576143557,1.3036310252829644,exact,8
UBERON:0005010,exact,,urinary bladder neck mucosa,Mistral-Small-3.1-24B-Instruct-2503,-1,0.7300960673001725,0.4391408668582909,0.2716944982672949,0.7278118183366061,0.7310163873428793,0.4232344865409007,0.29734979442433,0.7170670137599366,0.5327877666808369,0.0118668934049259,-0.0086848063681116,0.450576181164942,1.005331728996534,0.7552763546306616,0.6314171805952858,1.0337807072096878,0.5013704332051426,0.0691705013988859,-0.0510826022238504,0.3829930431417782,1.1748628854092016,1.630518121689939,1.5107998878047315,1.4524612885259602,1.1983659567540077,1.8524548694528613,1.67455747741241,1.5228356321894525,-0.0471545751832125,-0.5325529804244247,-0.4972890065098665,-0.1971824488159102,0.6599189070194657,0.1679583309178342,0.1045487169239803,0.5896962916181453,1.1581523077743925,2.035697660770246,1.724387968260077,1.5919187786776472,exact,9
UBERON:0005010,exact,,organ mucosa of vesical neck,Mistral-Small-3.1-24B-Instruct-2503,-1,0.3285603343228137,-0.1727805779388866,-0.1973246316312253,0.1815246653240718,0.2761528127397833,-0.1927097375017947,-0.2716846265412508,0.1233378983242546,0.851400062188783,0.371477258069267,0.0262410775487457,0.8707790650910929,0.1990325477550698,-0.2424724938887826,-0.2910129601801819,0.0519768758756008,0.5830795615369124,0.1725023788306203,0.1344447851619674,0.487545028306758,0.6825778401051912,0.0895766344722902,-0.0178399527276668,0.5843064839769629,0.7482204800945192,0.2221995694085456,0.1311189718496482,0.6967715070171849,0.1260634411676201,-0.3249766709277348,-0.320273223760097,-0.0244991311033377,0.4429507614477171,-0.0690964828294303,-0.052027352007471,0.3119440247277801,0.6564183614559697,-0.0496661057793306,-0.1762483780082391,0.5404740515194291,exact,8
UBERON:0005010,exact,,organ mucosa of urinary bladder neck,Mistral-Small-3.1-24B-Instruct-2503,-1,0.8273072298759856,0.6689281042902496,0.4663214449130374,0.8883849394848118,1.0307552102831965,1.3604362959194962,1.2277803346728748,1.2455921922128903,0.9383194449898922,0.5214269441116144,0.0680672956185299,1.0000572821079372,1.371877151741636,2.238093732990776,2.2138912211331285,1.7183982392386157,0.693186895896665,0.3466842332946128,0.196387587364308,0.6368140888283723,1.1188017452063432,1.2425714678971935,1.0446378956166835,1.3161201463354633,0.8475719423821856,0.4272272623097425,0.2982226204017386,0.8433224359976357,0.6909378849212799,0.1829213139330889,0.0972627918703194,0.6205284727133917,0.9192528310027624,0.7628989874074659,0.7986552190793564,0.9815250184541318,1.0968733029148854,1.2926655700765506,0.913551820538972,1.3759893719878469,exact,8
UBERON:0005010,exact,,organ mucosa of neck of urinary bladder,Mistral-Small-3.1-24B-Instruct-2503,-1,1.1842023889331617,3.128984354514935,3.394301795823947,1.754782789190172,1.2263097774536809,3.0188640714665174,3.1643814778440835,1.7647868588434337,1.352911712046779,2.0471885045607308,0.2065900643554646,1.7970250765000129,1.506379254039128,3.842324256573867,4.586608731996591,2.116911734797436,1.1914649910266766,1.984835815860996,1.728577546681202,1.5338353314723958,1.2034466091316294,1.894733882627485,1.6933528558682052,1.5309265586071965,0.9040741137270754,0.552947481214343,0.3921509248331661,0.9326401252356789,1.3335691402200325,2.4932905812518285,2.404358271461088,1.7214160531941447,1.2089175726369572,2.320985217475248,3.181801404215283,1.5844938177492662,1.1324533622224742,1.6792190422946611,1.3100002448296375,1.491766322692765,exact,9
UBERON:0005010,exact,,organ mucosa of neck of bladder,Mistral-Small-3.1-24B-Instruct-2503,-1,0.9386840991180044,1.0336956869719882,0.8286306975475805,1.095901108348997,0.9203072568415978,0.90819839919432,0.6649981288999617,1.0294005883148674,1.1866672461413266,1.0313252032020797,0.0805413423723688,1.4266988453897658,1.2306474051319272,1.444946708569372,1.301721884061125,1.4158183804746285,1.0807807033105494,1.3807846615841384,1.2885434547259758,1.2836299186951796,1.1686407153210876,1.5761006298379523,1.4039714475027776,1.4362996597612308,0.9191805559817652,0.594810607909179,0.4299860089715533,0.9573852984833848,0.2475963982397022,-0.3228793286514838,-0.3130527262699135,0.1024263513024806,1.0277805113090643,1.1143394087713574,1.6950011497443624,1.17691549227397,1.0495147537338334,0.9764541071650478,0.616561080730127,1.2461557335531643,exact,8
UBERON:0005010,exact,,organ mucosa of bladder neck,Mistral-Small-3.1-24B-Instruct-2503,-1,0.5374049131718027,0.0861894843014938,-0.0061913345775006,0.4472289903521089,0.6353703606706251,0.248144683908264,0.1059027718360033,0.5777475941777319,0.8168195014553309,0.3354750515116966,0.0483192638575131,0.8214278625901323,1.066740578519069,0.9266174526913032,0.7613279059602307,1.1296828880183047,0.8088411937987882,0.5685585236903792,0.4155424099625068,0.8062993540024058,1.0736998541587432,1.0158307816035643,0.8271315620473554,1.2184786599673068,0.8382153260026816,0.4137875305490291,0.2784728026049715,0.828985245293512,0.2210534932816844,-0.3429827047615645,-0.3380364331566969,0.0742579614632315,0.7326698337631005,0.2797767323840249,0.4715853666096334,0.6915990099084457,1.018489532335342,0.8101318525946294,0.4521648722085477,1.1709442781562514,exact,8
UBERON:0005010,exact,,neck of urinary bladder organ mucosa,Mistral-Small-3.1-24B-Instruct-2503,-1,0.8141843973201756,0.6463940167534865,0.4551953857040775,0.8657500812607983,1.0202717093448326,1.313945406657709,1.161371529155484,1.223552505102428,1.0427007524928391,0.7104866807158063,0.0527241137786208,1.1671567937016558,1.2394277038115165,1.496965932839731,1.4189001203601042,1.4327479679283246,0.6016004125387265,0.199051877996373,0.1506401198357385,0.5119387019312788,0.9919787750655222,0.7139972875089039,0.5269590172977612,1.0603558649423126,0.9853806147498076,0.7607692881745736,0.6174216806722613,1.070841022443286,1.0825258876593409,1.2015816781788922,1.0455036652470435,1.2015645350578954,0.8877274532431001,0.7123573505183628,0.8117535111037604,0.9290379806742358,1.116433253722889,1.4508504027138474,1.0526720557460407,1.437088250033009,exact,9
UBERON:0005010,exact,,neck of urinary bladder mucous membrane,Mistral-Small-3.1-24B-Instruct-2503,-1,0.8387447778693965,0.716906487704454,0.5181238697018252,0.9083872350029156,0.8729148435995686,0.7732289689661753,0.6671053723476982,0.9455346724079584,0.8004798074287971,0.3107582519425346,0.0192148482366188,0.7984817235251805,1.0433299981224706,0.7026877599617193,0.5816095790550133,1.0925265232560255,0.8865570269898098,0.7717209195835876,0.4575875304248497,0.929359486117183,0.7944875300164846,0.257775010710094,0.1350784706923224,0.7406174662377362,0.7756147185767285,0.1937023864879987,0.0978567039244942,0.7359948541270144,0.8566976128125975,0.7217388184903795,0.5650640347425886,0.8463056908749755,0.9710764372054246,1.028485019993595,0.8529491224800047,1.0717053604065894,0.9520375071927604,0.5473888989085423,0.2574030326135453,1.0274626063972103,related,8
UBERON:0005010,exact,,neck of urinary bladder mucosa of organ,Mistral-Small-3.1-24B-Instruct-2503,-1,0.8559605436838055,0.7650856843386307,0.5929854502348576,0.9390005493611848,0.9640366572002002,1.0595068318130931,0.859438139207443,1.1111015303353036,1.1996298571171775,1.2095493684397156,0.1315542935059841,1.4522526959915574,1.3312594138739364,1.939424613568596,1.8865630038876329,1.6236791892422142,0.7369273072814185,0.4269420133258202,0.3461211349915429,0.699213435673716,0.7361753645247353,0.1677655212352912,0.0649180890356379,0.6574424046609473,0.4511833826627063,-0.1649154047078322,-0.2093198986095042,0.3145871777172849,1.0839891979901266,1.1590684159735625,0.9879192255141428,1.204113901578138,0.8361733558142287,0.5756201801927588,0.8150220338374048,0.8465644218032938,1.0915496071283035,1.262239565856068,0.8714789089727037,1.3602445926346276,related,8
UBERON:0005010,exact,,neck of urinary bladder mucosa,Mistral-Small-3.1-24B-Instruct-2503,-1,0.8764272957250206,0.832040621500473,0.6474092618893956,0.9762347139963224,1.0709551653258829,1.5642675818497038,1.4134258646351232,1.3338303160528926,0.9115005949078554,0.4699134965746172,0.0505622091004903,0.9593122498994734,1.3505728764949572,2.084719107440348,2.0861459572501526,1.6677621510397715,0.95718951522879,0.942420024425691,0.6455444461723053,1.0492403453758925,0.9065569480273448,0.4787861013351219,0.3482126715650643,0.9134688758617934,0.89997029884736,0.4709576993942745,0.3274848211503815,0.925984415150197,1.1789147354202685,1.6062309967918191,1.4299570024704702,1.3789320328234618,1.0244313107647431,1.1742741507481296,1.0366365148733043,1.1704852962227672,1.193646193078263,3.0635253718722804,3.3127883025032983,1.7801061829189142,related,8
UBERON:0005010,exact,,neck of bladder organ mucosa,Mistral-Small-3.1-24B-Instruct-2503,-1,0.608427421087364,0.2109155605498485,0.0891876980432763,0.5458607566219941,0.5921356262451886,0.18697787558916,0.0689140237644475,0.5178404992249804,0.9672734582360528,0.5480049328064452,0.0392555280083121,1.0449858712379536,0.9246733063344846,0.6080289869163118,0.4758750284534264,0.9147590752724976,0.416244963088999,-0.0497236352296015,0.0158660592419765,0.2788631733342402,0.936048459782309,0.5587786035939358,0.4053103668645695,0.9624449482061858,0.9711234766575068,0.7348423071213043,0.5599488860125492,1.0456600623772023,1.0292049901450728,1.0057451765407828,0.8597608406857205,1.1112083295089683,0.7949692531517779,0.4424376889283697,0.6342634311792299,0.7833118547953051,1.030059037349489,0.8641503683796417,0.5009212891785754,1.1982547209145953,exact,8
UBERON:0005010,exact,,neck of bladder mucous membrane,Mistral-Small-3.1-24B-Instruct-2503,-1,0.64281862825058,0.2732720509065611,0.1540648910939754,0.595487396429497,0.5557299219865645,0.1246915272171415,0.0196134386147012,0.4687004685588194,0.6291741427541676,0.0958240854149371,-0.0093432425055103,0.5704136521021279,0.835204687991885,0.3519257654493508,0.2507566112291127,0.7904030898769963,0.7389304374737744,0.4494905649095861,0.2494626572307074,0.7021180112946368,0.6378707056465198,0.034814186266987,-0.0570991524242718,0.5254375669205537,0.7234499921091772,0.1314400510431262,0.0445619527164614,0.6620032219463573,0.8138398240362915,0.6092609513309005,0.4599857167766859,0.7856467549647828,0.8858759208183847,0.7542141301536995,0.5485849817822279,0.9260062145406248,0.8527294500816773,0.2794512773759436,0.0452637036867517,0.8430406960035698,exact,8
UBERON:0005010,exact,,neck of bladder mucosa of organ,Mistral-Small-3.1-24B-Instruct-2503,-1,0.6862911831671199,0.3537728649774003,0.2312096094103286,0.6601761884531013,0.6577701076755954,0.2806202628972747,0.1168393054868835,0.6094956164770459,1.2908268784491517,1.5780300041139803,0.1426299731909516,1.6461822204930971,1.0146673747076786,0.7634005505740818,0.6593260648489203,1.0480427033949835,0.6026052189458954,0.1962732337118283,0.2301893453146475,0.5132699216793378,0.668998669812043,0.0761865581767842,-0.0151761845961298,0.5662310900651465,0.5236107205820544,-0.0785759455896262,-0.1574466497610915,0.4016794994540908,0.113964982941746,-0.401089182354178,-0.3786655587158891,-0.0368587587213086,0.6458937276215924,0.1673347429173152,0.4876472539026306,0.5706266411513844,1.0108210780284317,0.777477661217171,0.4456096617208834,1.1532773565914438,related,8
UBERON:0005010,exact,,neck of bladder mucosa,Mistral-Small-3.1-24B-Instruct-2503,-1,0.6589039185293202,0.3027707865020202,0.1671383625509867,0.6191574506510178,0.6891926544881839,0.3526223710872228,0.1857883978462777,0.6549093596613721,0.946693071544508,0.517898765755121,0.0387927010329682,1.012947648171864,0.9771151033084118,0.7166984666629066,0.5730133937356214,0.9913138894955356,0.92267171405005,0.8458536163304767,0.6416624005649244,0.9895912806617824,0.8214028557084404,0.3056601686859521,0.1840612278595349,0.7804401845620274,0.9703328857929496,0.673372485576938,0.4878138327594134,1.0442764764297312,1.0894846760660628,1.2657942489827885,1.1467931622411915,1.2137235063733107,0.9252213422822794,0.7733606878442182,0.706810026749825,0.991653996371912,1.0921213484224328,1.2717209823240363,0.8914864704742224,1.3619192151537538,exact,9
UBERON:0005010,exact,,mucous membrane of vesical neck,Mistral-Small-3.1-24B-Instruct-2503,-1,0.2084358370427975,-0.2850640963290451,-0.2865793549303664,0.0416021606129767,0.0651750742999034,-0.381170969624271,-0.3855972199256201,-0.1088589991269727,0.6932398135554262,0.1775907427068275,0.0066148386916758,0.653235886067633,-0.0317587845837894,-0.4537173374922962,-0.4322701313968559,-0.1760343179962884,0.5961182752161734,0.2106328832963145,0.0543647272958263,0.5046899266787843,0.4907828033306949,-0.1193396226567084,-0.1722149538308394,0.3432412479879436,0.6247231740734456,-0.002060352689894,-0.0649283735040044,0.5292957634057663,0.624594796206794,0.3009499871595472,0.2009206907428908,0.5360864060165129,0.6749878073980666,0.3142065846915036,0.1374772127994504,0.6103838928899282,0.3299349900641607,-0.3542041068613392,-0.3465968338467592,0.1350744502420421,exact,9
UBERON:0005010,exact,,mucous membrane of urinary bladder neck,Mistral-Small-3.1-24B-Instruct-2503,-1,0.8612951923831819,0.7786158189186068,0.602163949388193,0.9486152302112136,0.9675536776261148,1.0959978954304843,0.9089261288033346,1.1178749092522764,0.7867790488414121,0.2868394427031933,0.0438629566092103,0.7794179370496628,1.115689340956021,0.9543769848345728,0.8052193491233326,1.210006671056978,0.8928775834220005,0.7757044355044678,0.4744635545145433,0.9397502712644732,1.0403524300192433,0.8769323941036854,0.6694167761542651,1.1514292741057386,0.8376233002495422,0.3354669303931964,0.2197445842822596,0.8280821388785085,1.0328373623489469,1.096282082898691,0.9474875617006212,1.1172149300084273,1.0457275080358908,1.310964028898831,1.058823732347928,1.21188275384057,0.9525158503151954,0.5481732354995466,0.2577954882309853,1.028426994275368,related,8
UBERON:0005010,exact,,mucous membrane of neck of urinary bladder,Mistral-Small-3.1-24B-Instruct-2503,-1,1.136465869403918,2.3829576825294407,2.359764689438462,1.583947803479425,1.2014794113422602,2.6688684323118474,2.6598900635464098,1.6810743130717087,1.2117661891973233,1.2318169667434726,0.0983869395928376,1.4765791813729507,1.2455926292289263,1.4082646054531904,1.2762019868379704,1.444755626754051,1.180286789856173,1.9231394530829773,1.5837926306267571,1.506119165386181,1.080932114324116,1.0479997294519687,0.8626681975309667,1.2335546622186209,0.9122018281644568,0.494509920812884,0.3657489557100921,0.9459052320296288,1.1764744186261429,1.5934828749035248,1.3785017486662867,1.374176553984291,1.1999029688239604,2.3247457351518737,2.220841215098121,1.5603443641734842,0.979871710393692,0.6486736505561291,0.3337180617664086,1.085095236981827,exact,9
UBERON:0005010,exact,,mucous membrane of neck of bladder,Mistral-Small-3.1-24B-Instruct-2503,-1,0.9281566325982652,1.0043350674137903,0.799522351303734,1.0749178490974372,0.9628617285394784,1.061698388648986,0.8634530614239846,1.1088458514996609,1.0739038453228391,0.7646051682606511,0.0509609290258343,1.220149933802748,1.0300180512834685,0.7631742858329309,0.6151005568012461,1.0717331620080075,1.0158075440616232,1.1471452962779138,0.873287109997475,1.1558894070322263,1.0056244987334897,0.7544834890538836,0.5860298180724189,1.0853841730222378,0.8248115693851195,0.3251939864362332,0.2072635226426312,0.8086542544396058,1.0179105217302014,1.0722136397071718,0.8856186910605613,1.0926615310557957,1.0878109098807354,1.506620439881104,1.366630576151895,1.297584176686914,0.8858796088892164,0.3553864491807996,0.10459440854959,0.9014786618616656,exact,9
UBERON:0005010,exact,,mucous membrane of bladder neck,Mistral-Small-3.1-24B-Instruct-2503,-1,0.612480029880361,0.2167110044479008,0.0865380907198374,0.5516417331776342,0.6752433857951599,0.3269344704364163,0.179863942031869,0.6346187579218922,0.7883519421095763,0.2925643022829884,0.0298309588888575,0.7815985008042073,0.8919967033796652,0.5008575018083323,0.3848305462947625,0.8684838786812996,0.8448111023014365,0.6653665143901397,0.3756610408418867,0.8622214035895505,0.9757001998897,0.6616531940848892,0.4870218662110305,1.0311159391332356,0.7659156079598711,0.2209054546016294,0.1173312206455748,0.7220115437605521,0.906769804993288,0.7983234866418465,0.6530583131272464,0.9195196590372088,0.9273552512736986,0.8401195935330281,0.6216681504071679,0.9952908477497512,0.8598137788064988,0.2955186556501831,0.0638013540466757,0.8553019341632102,exact,9
UBERON:0005010,exact,,mucosa of vesical neck,Mistral-Small-3.1-24B-Instruct-2503,-1,0.4726479929114976,0.0075536403839441,-0.0437656898463846,0.3613003992458034,0.33777871403361,-0.1286744346531942,-0.1976959688737209,0.195265918950324,0.5057880357972251,0.0039150777184559,0.0012615084703882,0.4179363248241546,0.0136064332173861,-0.3735235359342219,-0.3791795954217647,-0.1323904037718073,0.7305008680235262,0.4201552490008733,0.2216806306142024,0.6899234878530847,0.8943510590854696,0.4499288245947859,0.3131887445863711,0.8936721474139794,1.0832785151848972,1.119269621264376,0.9617296100578686,1.2575633057517042,0.7860339952657319,0.4635220739538974,0.3231845662647345,0.7471981016806858,0.7053565135503198,0.3345614685623918,0.1605896888452815,0.6527287549444277,0.7573466962417514,0.0966911458434443,-0.0607920908111483,0.6881103685436252,exact,9
UBERON:0005010,exact,,mucosa of urinary bladder neck,Mistral-Small-3.1-24B-Instruct-2503,-1,0.8823035437123958,0.8445333563950674,0.686772655023747,0.98710314079912,1.1449880958413563,2.0854762686906967,1.9562968789604955,1.5161044041207663,0.7321161008999004,0.2231670039632449,0.0384121805318161,0.7048734774469498,1.4524811045252213,2.9902073448703232,3.21626334089455,1.9354921647001264,0.9542723353370096,0.9356643316555844,0.6069498595725797,1.0441149643325771,1.2898610322171131,3.529994051252221,3.782690792137986,1.8410861940406105,1.3089027100099035,3.648487654238351,3.817265785565762,1.883570328250475,1.303244306290866,2.250622393045141,2.142777347521257,1.6463333629673906,1.1423996618049417,1.7668823735004238,1.528014465617209,1.418096016484646,1.1876294931779483,2.8552065851265063,2.900716702170336,1.7408874008093604,exact,9
UBERON:0005010,exact,,mucosa of organ of vesical neck,Mistral-Small-3.1-24B-Instruct-2503,-1,0.6338568633952479,0.2454990541386137,0.1529080655003769,0.5824293218062856,0.4754263047986992,0.0402624723579132,-0.0710177340638997,0.3641046536908342,-0.4359705515725361,-0.6003779956429199,-0.0913695690366327,-0.5541321984488118,0.3347280728032649,-0.1467421605660206,-0.2106180509210455,0.1938560358452505,0.6016025734127205,0.2098914884287037,0.1482231832611966,0.5119415638986455,0.5979702460698039,-0.0143025815498703,-0.0943945877483474,0.4743746589113767,0.7193058118372023,0.1782121978886198,0.0750190946926699,0.6562482514986572,0.9425954932220508,0.8440687500744098,0.6753552936047952,0.9736140449614092,0.3830940780803727,-0.0520526479449584,-0.1621723269072361,0.2408792910942653,0.6630702721262058,-0.040822438798623,-0.1663373511470233,0.5497844570255256,exact,8
UBERON:0005010,exact,,mucosa of organ of urinary bladder neck,Mistral-Small-3.1-24B-Instruct-2503,-1,1.02663801584054,1.4765468648463296,1.2346955221651403,1.2863629545799664,1.1639508076497938,2.258100030141597,2.190119420663924,1.5683181939489008,1.1883286555464316,1.145814261857118,0.0978089124158959,1.4299501025484511,1.4398092811451586,2.8415398145731263,3.0061437999298826,1.897998336043608,0.822374747622655,0.5968443889213109,0.4468842288276568,0.8271420664190293,1.0608961257584906,0.9568974909977304,0.7730884907980216,1.1922734477649233,0.9425635345745916,0.6569821836299576,0.5060321481745527,0.9964846952133752,1.3086161312226177,2.3283060047681627,2.2287386863338,1.6592768151204864,0.8805222040891594,0.7403943285389526,0.5584972731344258,0.9172703698449084,1.0934191185981867,1.2810683560609983,0.9147852433073904,1.365734713313546,exact,9
UBERON:0005010,exact,,mucosa of organ of neck of urinary bladder,Mistral-Small-3.1-24B-Instruct-2503,-1,1.1495017957838618,2.5476330141501555,2.474716534901729,1.6268302881790022,1.2316144289284927,3.107498863512744,3.262125687529441,1.7838937971134934,1.362027719593391,2.006507361471572,0.1934077495714699,1.820914069803232,1.4672686526582464,2.9642499413209684,3.180635627460466,1.981353867112428,1.1359802294850148,1.6575901732218514,1.5244921527045172,1.402217966906263,1.0936864030745026,1.108070464495519,0.8985533658740146,1.2606547329723177,0.9382925498885488,0.6423840213234504,0.4598889800550526,0.989267945705254,1.379341330967773,3.030711806214577,3.045105573510618,1.845786841284785,1.0924197243757705,1.5455139782149827,1.3883159547293826,1.3073186501999503,1.1106023181419666,1.4389337264826143,1.0756453275450897,1.418292477538019,exact,8
UBERON:0005010,exact,,mucosa of organ of neck of bladder,Mistral-Small-3.1-24B-Instruct-2503,-1,0.9539580333388568,1.081475644921712,0.872610119161004,1.1269515383965931,0.9640622835358272,1.0663319836139646,0.8533257718394451,1.1111507683142343,1.1610341274415297,1.0107766466442152,0.0705025182244283,1.3773852848967505,1.20590128884307,1.2564425159241737,1.1093152860701487,1.369135404367193,0.963086540358174,0.9648900502075236,0.8953566311971782,1.0596508314351063,1.039736716225914,0.873761955033789,0.6992672428805763,1.1502266610097138,0.9550384794389504,0.6918494363886861,0.5250918065148329,1.0177641930109602,0.9725562101851402,0.8288680817913492,0.7357340554365454,1.020056934802807,0.9609580627114392,0.9597987751057588,0.858479119798633,1.053685286593071,1.0220809758435916,0.826767550818407,0.493581771035599,1.17933515415593,exact,9
UBERON:0005010,exact,,mucosa of organ of bladder neck,Mistral-Small-3.1-24B-Instruct-2503,-1,0.868509100229491,0.7976066748550419,0.5878676721751037,0.9617172532904452,0.9051752939316012,0.8740911536473982,0.6724648369127385,1.0021311949186398,1.1290159164461335,0.9507608079038034,0.0724493500412825,1.3178659095333478,1.1863212105011476,1.2756450620316313,1.17339588295089,1.3332034911481478,0.8637014627562095,0.6902562858290119,0.5691348589215367,0.8922896904103148,0.9870800663738166,0.6947936853790491,0.5261886253882678,1.0514879298407516,0.8972674484909136,0.5446681172668779,0.3995477105218643,0.9216160063807276,1.2709214721505266,2.076607027220077,1.9235759939968688,1.5712948206861173,0.7563987587722043,0.4221730674000277,0.3315562509243234,0.7260103274119758,1.0146922000397662,0.7948986681720804,0.4542944248553529,1.1621541650428624,exact,9
UBERON:0005010,exact,,mucosa of neck of bladder,Mistral-Small-3.1-24B-Instruct-2503,-1,1.0093172673656847,1.3709307257630408,1.2161058717129023,1.2463905605219694,1.027063464841642,1.321747401739673,1.0972286776867866,1.2377884806222974,1.2923235708689926,1.62685203281643,0.1391948522236463,1.649608785897001,1.3069478279689144,1.8224509367285189,1.7054656843743463,1.5703566085414733,1.240566530790324,2.3605743673454573,2.2572304407805457,1.6646191340713965,1.2798567289142635,3.2079171038138297,3.207512769258075,1.7956025201655463,1.303326577640804,3.489139538449683,3.6048418156475273,1.8600509040953224,1.2317273354248448,1.7537346024470168,1.5590957572012332,1.4859650130365454,1.2779396989453349,3.2647652780468066,3.334536769195301,1.7938656938352613,1.1325503724781567,1.6754341085064093,1.2925942533363617,1.492112700721715,exact,9
UBERON:0005010,exact,,mucosa of bladder neck,Mistral-Small-3.1-24B-Instruct-2503,-1,0.6237201270422037,0.2346991615657711,0.1359913766397517,0.5677677307762952,0.7815227886414149,0.5441110601728775,0.371833399790676,0.7950127257100257,0.7768433048961728,0.2729515127398425,0.0399505921401247,0.7656909728311431,1.141772221781012,1.1411102058828304,0.966897488037512,1.254415041051604,1.0644401741685918,1.3201034228118107,0.9907178974663816,1.2504229593377334,1.2360710734680915,2.3018131529015133,2.131393550763899,1.6313113424292611,1.256578968360724,2.5430160605692933,2.522734665028594,1.691134012263268,1.1223783674095946,1.284344322063921,1.1611988992322817,1.2724668740426202,1.0180846293490584,1.057287450713805,0.8729590487744464,1.158379247880533,1.079237560848586,1.1707072352495818,0.7954260807303354,1.3250700186333793,exact,9
UBERON:0005010,exact,,bladder neck organ mucosa,Mistral-Small-3.1-24B-Instruct-2503,-1,0.2207049033268971,-0.2753418098325887,-0.2911226304325567,0.0555316151044342,0.2936493875280997,-0.1933990241819022,-0.2179233111532701,0.1435501378737513,0.2080424574411896,-0.2356694078981809,-0.026969906932132,0.0801307336852904,0.5878315779143624,0.1000714804344118,0.0154383198752086,0.4783474175062731,0.189830746880962,-0.2728758957027327,-0.275441706237455,0.0214556361802522,0.7934131683944003,0.2608570532950174,0.1671803275856772,0.7390476482812738,0.7400348678217755,0.2429402348319026,0.1352709464141596,0.6852107797163679,-0.2435597554328868,-0.6143634673658303,-0.5661323669685688,-0.3831121780049366,0.3836817072900701,-0.1868827518835497,-0.1165259389114871,0.241566969700128,0.97893411659276,0.6316719292351947,0.3172436231370221,1.083100929080021,exact,8
UBERON:0005010,exact,,bladder neck mucous membrane,Mistral-Small-3.1-24B-Instruct-2503,-1,0.3717408844884428,-0.1089520784074557,-0.1459108789304292,0.2339079415530932,0.1396902458585418,-0.3316415573450101,-0.300706798935072,-0.0291174500208336,-0.918040209230602,-0.7054782506490711,-0.0980150664646979,-0.9744403733303444,0.5045700684288853,-0.1029810970421353,-0.1541004488622209,0.3815064545529782,0.4325055398931819,-0.0062829765507146,-0.0729081492877356,0.2984058428341538,0.8512518541624345,0.3664745817571053,0.2376997767952421,0.8257815842620804,0.6711311432348169,0.0684808126034038,-8.062914699923757e-05,0.5905749228527329,-0.541270584354545,-0.5452499967353854,-0.5489574391195428,-0.6486578709607108,0.6264361949822471,0.1911490425332762,0.0392673007385525,0.5444565685868058,0.8428416281700284,0.2528198410823841,0.0383147552708425,0.8261214745586509,exact,8
UBERON:0005010,exact,,bladder neck mucosa of organ,Mistral-Small-3.1-24B-Instruct-2503,-1,0.5433625053397888,0.1130208668494565,0.0322370852558056,0.4553173422094689,0.4552047963220334,-0.0133144726912478,-0.1101537534064428,0.3385220769631973,0.7733553842479293,0.2812953634390108,0.0297929026723772,0.7608913505289993,0.9355193649161144,0.5968160164977028,0.4661325232301838,0.930353118477256,0.5536506186138338,0.1270507644601514,0.1409002886164937,0.4493288939778058,0.8706675652747432,0.4070818228382183,0.2873660998398156,0.855992627771967,0.7380679723444037,0.2311174350259689,0.1248990391848012,0.6824434929834962,-0.2037238931012192,-0.5787627076092877,-0.5322465634571119,-0.3461616553151824,0.2387238754920702,-0.3386891064173588,-0.0135113918418951,0.0773550213942943,1.0158052379201246,0.8000476468279138,0.4510300170784042,1.1647220677479215,related,8
UBERON:0005010,exact,,bladder neck mucosa,Mistral-Small-3.1-24B-Instruct-2503,-1,0.3249262656727888,-0.1625648927818955,-0.1733780863671288,0.1771695776226979,0.3160786436468224,-0.1614634363662617,-0.1835735500222415,0.1697007627875663,0.3678071572697938,-0.1254133701598073,-0.0116479986784357,0.2567141120531745,0.6504006768029721,0.157562662329161,0.0690091819940728,0.5535624970024151,0.4227124589527757,-0.0292791179254645,-0.088999090898268,0.286617193312647,1.14635788482156,1.417138036105852,1.2535998981509298,1.380684117289901,1.1483858542432883,1.471464585047858,1.2827609895925691,1.399495930638517,-0.1575225819558736,-0.5805191698651194,-0.5289555701569167,-0.302838596028583,0.6046982034877504,0.0987072691549775,-0.0385279499520508,0.5155979093374398,1.0717786074129905,1.1114461864809018,0.7320970219166897,1.3045241308074298,exact,9
UBERON:0004998,related,,antropyloric mucosa,Mistral-Small-3.1-24B-Instruct-2503,-1,0.72137903023608,0.4398471184136765,0.3008534041236273,0.714142309451029,0.7358007465488984,0.4748321797400488,0.3292530294260037,0.7243100259571729,-1.22942112120324,-0.8220613552500626,-0.1085429809152016,-1.2292428715360324,0.4993557038228622,0.1427308078258937,0.036168551943987,0.3755560462047227,-0.3151179662682538,-0.5950379634051914,-0.4792332427398139,-0.4790806932724276,-0.7451384671951954,-0.7129533189847138,-0.631762933254898,-0.8276348788300865,0.2486176123675104,-0.1719456498719123,-0.1763657236082031,0.0865012703498797,-0.0650593549621038,-0.4048316615515563,-0.4211821425650529,-0.2145394436401655,-0.286957634489536,-0.5655808237585273,-0.6153497139476457,-0.4485408681269593,-0.1460509895625041,-0.5809983425487385,-0.4882823299385527,-0.3442530510455094,exact,8
UBERON:0004998,exact,,stomach pyloric region organ mucosa,Mistral-Small-3.1-24B-Instruct-2503,-1,0.7077834280835573,0.4068051846595008,0.2567532753524066,0.6930351303285901,0.7708645626874119,0.5144733558805266,0.3580384001108705,0.7782825857355103,0.1488517166687627,-0.1407282033330973,-0.0469964236139907,0.0170720722179435,0.4348027546238868,0.0709022702386218,-0.0141181998301831,0.3029289158422858,0.3802858589563203,-0.0749645349833107,-0.1123450416142508,0.2361945306240547,0.1192868090538807,-0.3838908959823258,-0.3644996914145768,-0.0605817500775228,0.2517334944649555,-0.1442529740250361,-0.1724898783313391,0.0898597437561376,-0.510721904022072,-0.6789399022839067,-0.6218753497825182,-0.6221995343276077,0.4366855760538153,-0.0550411855319559,-0.168805241084636,0.3044067675618666,0.1683520249368293,-0.4288274104028114,-0.3956762762456239,-0.0387272199153444,exact,8
UBERON:0004998,exact,,stomach pyloric region mucous membrane,Mistral-Small-3.1-24B-Instruct-2503,-1,0.8250539265481244,0.6940330628361341,0.5154689639210522,0.8844748011067816,0.7276570077088526,0.4295934797317057,0.2609488162968519,0.7119980547867283,-1.4011659028876504,-0.7710895463905111,-0.1070987289266971,-1.3653301322998947,0.1594472802904323,-0.222414132850351,-0.2732799341469534,0.0117556087960263,0.4648689496999921,0.0299263636610792,-0.0683734165268129,0.3377814222112717,0.3201639095087296,-0.2611860017616298,-0.2702719769307604,0.1494430024112361,-0.1476103012454006,-0.4471120379541856,-0.4216700774596281,-0.3112604373734036,-0.4899413333325786,-0.6212943252202564,-0.5846368153736607,-0.6041049729939713,0.3740987759567457,-0.0972259455237848,-0.2051200196724504,0.2303763018241417,0.100872619905609,-0.4658943197494275,-0.412613930271284,-0.1075481235789704,exact,9
UBERON:0004998,exact,,stomach pyloric region mucosa of organ,Mistral-Small-3.1-24B-Instruct-2503,-1,0.8847403928836867,0.8749005066016686,0.7018566166589215,0.991634402275798,0.8279414011296138,0.6386708713389779,0.4769186516000975,0.8697936217412464,0.4670206617864652,0.1528978839739801,-0.0183629134814027,0.3717253440696108,0.4169992953253926,0.0524986378825832,-0.0579111236179253,0.2832232240659619,0.6516138411278047,0.2846360658635507,0.1322427369666183,0.5792158068217519,0.2807966375405666,-0.2864466045267674,-0.2999709204422644,0.106899059216371,0.2762422189974632,-0.1270216117702254,-0.1576120494400304,0.11642627533046,-0.5394133434537484,-0.6570821499567583,-0.6004869722179756,-0.6470540620556662,0.5197300222505301,0.0460127610997519,-0.0854272624506368,0.4063349684932159,0.1265540210495844,-0.4576083494892193,-0.4145085035731312,-0.0815916527285926,related,8
UBERON:0004998,exact,,stomach pyloric region mucosa,Mistral-Small-3.1-24B-Instruct-2503,-1,0.8440731693241106,0.744104753557819,0.5453625476589766,0.9177959882234484,0.7663877195089182,0.5003118244937964,0.3431731613805384,0.7713016318116593,0.1853503836044486,-0.1161063279430403,-0.045317708782427,0.0558155180738107,0.5315191431858386,0.1678095737728843,0.0679947968270377,0.4124685981049852,0.3604598400621837,-0.1029851401428155,-0.19789589951014,0.2129810466801173,0.4232877933338665,-0.1793959555354271,-0.2278405920373555,0.2646039698939741,0.4854960047394521,0.0788977048006087,0.0009586934224179,0.3554348889336004,-0.428824911511019,-0.6646898542624777,-0.6139360252498461,-0.5504220229789807,0.4641769007352269,-0.0073815078214174,-0.120490986761581,0.3376593361233235,0.089936777625389,-0.4768382482936161,-0.4191507467754359,-0.1185164454854586,exact,9
UBERON:0004998,exact,,pylorus organ mucosa,Mistral-Small-3.1-24B-Instruct-2503,-1,0.7866608637986175,0.6023730037305011,0.3853300458696165,0.819306495696262,0.8860083479937723,0.8117544797028415,0.6682499608104805,0.9682624825053556,-0.6308284360233113,-0.605078010918919,-0.0899298612036107,-0.7283856780174065,0.9677954299676436,0.8341650828017471,0.6603618944600304,0.977490504577786,0.5350692631401901,0.1215719353282404,-0.0012004315245994,0.4255302652043357,0.9472043266220336,0.5981678702910129,0.4579180820436583,0.9814209932852516,0.4848652445189931,0.0041796712231361,-0.0324252078706857,0.3546774457118495,-0.1194716258793927,-0.5131902601217184,-0.4609932197065192,-0.2667658988959535,0.9528048861462348,0.6256249156689849,0.9507531409877744,1.0393163908936478,1.0496107319655197,1.0177367944668303,0.6410584253762422,1.2463987334733695,exact,8
UBERON:0004998,exact,,pylorus mucous membrane,Mistral-Small-3.1-24B-Instruct-2503,-1,0.8265980754809167,0.7066677125029722,0.4868601734427261,0.8871532824029731,0.8323002078530979,0.6785200909418874,0.4978464356204332,0.8769855632972628,0.6460853431431247,0.3531548978098798,0.0022600804673072,0.5920145812643064,0.5683956604537878,0.0896368253432682,0.0394027529000742,0.4554234738440678,0.4788476435666046,0.0585214025252387,-0.0647362564742657,0.3549929184778769,0.8415190886288478,0.3535138260299498,0.2625038192858517,0.810854673986669,0.4394982132004348,-0.146894722214402,-0.1677242654292233,0.3008379926079422,-0.5082815872279461,-0.6353620660437899,-0.5752283249888015,-0.620078723640484,1.0578010721752802,1.201639394874357,0.9208722311790244,1.2359143195697773,1.005883359216587,0.806697112578094,0.4852867097480891,1.1420742171572011,exact,9
UBERON:0004998,exact,,pylorus mucosa of organ,Mistral-Small-3.1-24B-Instruct-2503,-1,1.006288760949096,1.3997574557008454,1.2268017661398716,1.239541741087336,1.002104967052086,1.228058441311749,1.0319349646485176,1.1862075698403427,-0.7972645586078795,-0.6570297242329408,-0.0940347425856114,-0.8723977619281063,1.0664346461941632,1.1242900429430578,0.9573833893430598,1.12919231613811,0.6999223401356868,0.3642895370097363,0.2449458973369472,0.6462986012766384,1.0797797901772432,1.0583405762648768,0.8756813043741486,1.231138865682507,0.1412171277708067,-0.3152900917411426,-0.3225545582104853,-0.0267927272645605,-0.0547291855728303,-0.4423889865036934,-0.3993396402348204,-0.2045359015876598,0.7899987107004087,0.30574522588033,0.6618375149832315,0.7758279307200858,1.0311230540900076,0.9329561548808,0.5877787567479397,1.200808156833969,related,8
UBERON:0004998,exact,,pylorus mucosa,Mistral-Small-3.1-24B-Instruct-2503,-1,0.9558345114881618,1.149837950778473,0.9301455072613176,1.1308179713505186,0.9923723954031594,1.2010883975861208,0.9976958457358404,1.1666168802982255,-0.5425170407556129,-0.5406830289655555,-0.0819432929862571,-0.6502185791728842,0.924554537426556,0.6803971379526329,0.5146648173164737,0.9145889762770808,0.9197718211502212,0.8521376411992658,0.5147499163563956,0.9846757774984394,1.2366209944965991,2.329207605115453,2.3416156680777176,1.633129447285525,0.0751801614967422,-0.3492966815908478,-0.3485729644578534,-0.0942477959682163,-0.1938746513557309,-0.5762830798575997,-0.533193554647453,-0.3369688077786868,1.1713679231618213,1.7466110414310976,1.5045506904256736,1.4874315602519337,1.1820689478841415,2.7020006415340925,2.644224529297273,1.708255655230474,exact,9
UBERON:0004998,exact,,pyloric part of stomach organ mucosa,Mistral-Small-3.1-24B-Instruct-2503,-1,0.7384376696845226,0.4794253963920898,0.3146611439695476,0.7409952156841273,0.7044209102956884,0.384726435789013,0.2742185947420184,0.6773066203199718,0.339904561789384,-0.1512519375123991,-0.0343975617625439,0.225149515682409,0.4074441319085591,-0.0148140922705039,-0.069859964375809,0.2727026387078936,0.6476551199709591,0.2850458707257185,0.0989659573977234,0.5738127918849316,0.295664661475217,-0.2709203015631167,-0.2829327255128699,0.1228806762914668,0.4298602622688192,-0.025482678410249,-0.0718095653709845,0.289557492555431,0.7033755339853522,0.4227348783661891,0.2941667029537058,0.6367005029995597,0.4172709360575136,-0.0572371027247439,-0.1314071712748523,0.2811997379874156,0.094446206478635,-0.4758936915407633,-0.4142916080155209,-0.1139996591129262,exact,9
UBERON:0004998,exact,,pyloric part of stomach mucous membrane,Mistral-Small-3.1-24B-Instruct-2503,-1,0.7675206476258254,0.5476718184966533,0.3776897282114707,0.7877799060780463,0.7905688851177851,0.566787523928363,0.4223709715030924,0.8093368609018249,0.2616986305381901,-0.1295669888394577,-0.0423621752772714,0.1383499435494068,0.1791387556770325,-0.2750736319351484,-0.2996506774203081,0.0317013910665308,0.6243522548206192,0.2603552628570102,0.0581347855479513,0.5422832266312898,0.2376350625977008,-0.3100569163692087,-0.3144041004265255,0.0610735559568933,-0.1437666188935798,-0.4560643146047345,-0.4262149660092618,-0.3076402809926079,0.6114450418815479,0.3502758534554034,0.2380567955802867,0.5196945107594709,0.3199425248498957,-0.1336039082908122,-0.2013065096371322,0.1680598777044397,-0.0100039101956241,-0.5270142669541041,-0.4411587223902725,-0.2165507774221156,exact,9
UBERON:0004998,exact,,pyloric part of stomach mucosa of organ,Mistral-Small-3.1-24B-Instruct-2503,-1,0.8030840452891259,0.6374960867123469,0.4605249079693043,0.846855787671385,0.6828186859176588,0.3243433868541452,0.1807043658568439,0.6456114781136556,0.4102498752274505,-0.1087204820095659,-0.0195998468768802,0.3053676283943785,0.4050044547205227,-0.0428692961798624,-0.1153034066185908,0.2700225972865226,0.6166011998044592,0.2401683467856493,0.0557259574281389,0.5318976970514113,0.1355482705047495,-0.3692719610217866,-0.3589409371309776,-0.0441905905113194,0.1701203795535451,-0.259938354740324,-0.267273493963885,0.0032416841807131,0.7460886534704384,0.5015455472745892,0.3838121991116034,0.6931205476900503,0.4075657606915149,-0.0629614316930805,-0.1334672562963615,0.2696819783343166,0.0429740096470422,-0.5067470644604462,-0.431993397275411,-0.1650654089687701,related,8
UBERON:0004998,exact,,pyloric part of stomach mucosa,Mistral-Small-3.1-24B-Instruct-2503,-1,0.8533658728971415,0.7735798914574223,0.58803510286576,0.9343465299514212,0.7837771296209757,0.5504888131310373,0.3714176595902408,0.7985715608406104,0.4758076202153184,0.0358514084168177,-0.0204085800481347,0.3821336703081001,0.4740161525423204,0.0221085348328243,-0.0635482907520695,0.3468213149216921,0.7244785122024953,0.4212290599753461,0.1853695156176391,0.6812567126646737,0.288519110849609,-0.2744868865872846,-0.2876618894287583,0.1151870881049876,0.2796227186663872,-0.1747136333125322,-0.1955596524625151,0.120111753007654,0.7623106752436867,0.5195574185165011,0.3680764404372522,0.7149227936132834,0.4354123794328044,-0.0273376138820809,-0.0917140041741018,0.3028779696645021,-0.0161661254794625,-0.5378734058268223,-0.4502627201641113,-0.222471975492636,exact,9
UBERON:0004998,exact,,organ mucosa of stomach pyloric region,Mistral-Small-3.1-24B-Instruct-2503,-1,0.8519607738457352,0.7658811745262772,0.6091283188294018,0.931832268700844,0.8999211185724184,0.8577577145946143,0.6501766339856891,0.9927739072916284,0.4064136628229827,-0.0532604972040471,-0.0284196952726519,0.3009373297210576,0.4960883302109511,0.123806939797107,0.0546916536777713,0.3718340307573166,0.7899184202341065,0.5449482357545762,0.3125098839849028,0.7775388844545087,0.2510024030064238,-0.3034906228099081,-0.3100317364935027,0.0751774288990692,0.2123107768206516,-0.1631229774568064,-0.1771760028264394,0.047674875031127,-0.1063683025766664,-0.4855819119558828,-0.4516016618307316,-0.2542592709464935,0.7293928358345694,0.3536698633215744,0.179059366421723,0.6868945395977226,0.0983704777257955,-0.4725522593056384,-0.4206602588446729,-0.1100621000857402,exact,9
UBERON:0004998,exact,,organ mucosa of pylorus,Mistral-Small-3.1-24B-Instruct-2503,-1,1.1113506798279666,2.158518584969116,2.04667979861833,1.50712439933991,1.2010701665278516,2.6961224645790525,2.7803369516621985,1.6797638960426735,1.051123255349157,1.0315458743910806,0.0864979542082397,1.1813079773972623,1.4453758569953836,3.2933632900767456,3.738958796697832,1.9142787002003467,1.1252644553492084,1.600975725199142,1.3170885957337446,1.378344702371119,1.0723992110622729,1.0227116722422356,0.8388047387203851,1.2157888339645422,0.961493272619355,0.9322093083636732,0.7857841223911604,1.0288951394876469,0.4647366956515608,-0.1082301501616879,-0.1314939459114177,0.3436718004406157,1.1379474054570158,1.5371778041661694,2.397404951713604,1.4078035014572203,1.0644749735888863,1.1273455375563175,0.7463856284976862,1.2849121353301378,exact,9
UBERON:0004998,exact,,organ mucosa of pyloric part of stomach,Mistral-Small-3.1-24B-Instruct-2503,-1,0.7309039471110256,0.4346435786994355,0.2481126117177658,0.7290841944902899,0.7578557028563403,0.480189486889456,0.3107942993190846,0.7580715305651576,0.4240283740742359,0.0214308790304428,-0.0238103084763002,0.3213348926997776,0.5341947199978987,0.1225699950877139,0.0474882791045818,0.4155620400368117,0.7214748973509585,0.422938307273246,0.1869979278800045,0.6769481670554999,0.2903814644295548,-0.2746577731824436,-0.2979717863193727,0.1171899759064976,0.3796885260776761,-0.0370526915516825,-0.0582165122835503,0.2316760037243121,0.7834524304136244,0.5625366380228033,0.463437638660513,0.7436628095918087,0.6322274166705173,0.1949229592862224,0.101031420010577,0.5522115962942639,0.0541503135184754,-0.5018352997142398,-0.4280517805211143,-0.1540672679430568,exact,9
UBERON:0004998,exact,,mucous membrane of stomach pyloric region,Mistral-Small-3.1-24B-Instruct-2503,-1,0.8020703716538214,0.6405723207904483,0.4652423302105425,0.8451415708692643,0.8344271937101481,0.6873621143862483,0.5172878172824006,0.8805061908514895,0.3705704001534293,-0.0456101232782209,-0.0335435328144731,0.2598578712117751,0.3819141408273732,-0.04093948866163,-0.0923426531311191,0.2447790171700626,0.7520210121288894,0.4740266683733165,0.230095123537689,0.7212052352335276,0.2881011556557433,-0.2823050287442709,-0.282524286669409,0.1147378158779927,-0.1407359526242381,-0.4072458332121686,-0.3957739074051687,-0.3047830305332455,0.6860386789240205,0.4278939452099571,0.3086096430503519,0.6141889519634971,0.5545202450231944,0.1034429272501534,-0.0289971466989983,0.4504215757923691,-0.0042188996825516,-0.5250753432239946,-0.447064924114726,-0.2109795031335168,exact,9
UBERON:0004998,exact,,mucous membrane of pylorus,Mistral-Small-3.1-24B-Instruct-2503,-1,1.0223740512278363,1.4958479937323397,1.2946415526404695,1.2763917446707262,1.109575606227189,1.8496741506627563,1.694740641794749,1.4251729236969666,-0.976953086303588,-0.6369837037234365,-0.0907888185704771,-1.023525588180085,0.8833036384152099,0.6230801645179296,0.5561802169227879,0.8563448698671118,1.1451812309510894,1.7143555555452106,1.3186793647683532,1.4230814499441478,1.0517288737583692,0.9299926914752678,0.7844435193177746,1.1738715621836635,0.7579440545854732,0.3514490320723817,0.2338898099465536,0.7105983199054843,0.9083118036885546,0.833420506065709,0.6830871931145956,0.9218173665763888,1.1787676189642262,1.946567197025877,1.7657683136155804,1.50586190395024,1.026609497140775,0.9087604500379648,0.5692729909047487,1.190025907068493,exact,9
UBERON:0004998,exact,,mucous membrane of pyloric part of stomach,Mistral-Small-3.1-24B-Instruct-2503,-1,0.6861479617892923,0.3558910552047434,0.1973120617351217,0.6599592423182844,0.7524671833740214,0.473223270474344,0.2971402798983714,0.7497652569372801,0.4467889517039138,0.1305187826150644,-0.0208751511746237,0.3479030207332819,0.3324747399362889,-0.1480411391909195,-0.1448263949095153,0.1914458590815672,0.6786204443037087,0.3507685534617744,0.12263838710437,0.6164506910698144,0.3151963656122108,-0.2607485201397689,-0.2807877255983831,0.1440337946903898,0.0468538494114501,-0.3286114744588571,-0.3251870424360949,-0.1227099377272267,0.662779180379569,0.4606542869958724,0.3956073548382015,0.5843222023656449,0.4419470736004969,-0.0282885717401967,-0.0599889472775682,0.3107349452836984,-0.0199742940270029,-0.5392805175477723,-0.447049497055436,-0.2261243618260111,exact,9
UBERON:0004998,exact,,mucosa of stomach pyloric region,Mistral-Small-3.1-24B-Instruct-2503,-1,0.9644521278870632,1.1809100054683244,0.9674275158414306,1.1487259056262422,0.9197551257921772,0.9223012931827348,0.7352386532570645,1.028397025975687,0.6748534725017095,0.242174719584016,-0.0009288755801594,0.6291867112032968,0.5986534731664479,0.2291348510089656,0.1270211583183263,0.4911994534046836,0.8468747369656219,0.6632126111659794,0.3816257144422694,0.8654819219230286,0.4766000890041847,-0.1327045718128628,-0.1835418255969206,0.3264833186837073,0.5705283537871062,0.218053161287564,0.1213532352124843,0.4599557060401257,1.0844398232823724,1.2114631767376258,1.0359989765125857,1.2048997716616603,0.700940001071597,0.307233864976691,0.2183100023325039,0.6465147268341503,0.0144039733365178,-0.5229049515204169,-0.4465606658151463,-0.1929612149406104,exact,9
UBERON:0004998,exact,,mucosa of pyloric part of stomach,Mistral-Small-3.1-24B-Instruct-2503,-1,0.8202664391320021,0.6422797029568101,0.4486449746990525,0.8761997335240043,0.8205229652433778,0.6128845162541307,0.4431250976915384,0.8576229642164923,0.580519131394332,0.1139469965803489,0.0004616567027701,0.5092478170937638,0.6723852112085107,0.2835598897287801,0.1814485616220062,0.5805328254573265,0.8113002684038593,0.6010965455717585,0.3416535356038291,0.8100692775132274,0.4924527225811629,-0.1155923398246941,-0.1729160321981134,0.3452229114399955,0.600690679623353,0.2459310419833565,0.165564690956307,0.4982657843299928,0.8088037687094995,0.61415228511612,0.5194299782744487,0.7786319905351604,0.5296267847554569,0.0639011624269187,0.0857421188426258,0.4187885018550398,0.0097670895196888,-0.529392926395009,-0.4465750570208011,-0.1974595729902062,exact,9
UBERON:0004998,exact,,mucosa of organ of stomach pyloric region,Mistral-Small-3.1-24B-Instruct-2503,-1,0.6968728791405996,0.3844093069348664,0.2437857744504152,0.6762782404702348,0.8305956682560824,0.670732924741548,0.4701445789713327,0.8741694670224603,0.3370539573271155,-0.1432251729079557,-0.0231443632282486,0.2219430038881805,0.4502480367780612,0.0293141788058435,-0.0278195529619518,0.3201356192821845,0.7081228569425804,0.3888472922591027,0.1817639089194994,0.6579059233356223,0.2736297898350164,-0.2875872855407625,-0.3063284072903819,0.0992319203908561,0.4218010466789083,0.0351409598510664,-0.0188049983714237,0.2801656571676224,0.8936185844252252,0.7515617917174929,0.6197726318963174,0.9000307621827819,0.5650875625143694,0.1169582667928047,-0.0275339976884686,0.4639870410865526,0.1044656114498534,-0.4738951796394477,-0.4198784182352119,-0.103933538348555,exact,9
UBERON:0004998,exact,,mucosa of organ of pylorus,Mistral-Small-3.1-24B-Instruct-2503,-1,1.0239265431535118,1.501776541200528,1.2559955072539095,1.2800120191137976,1.1521595870388224,2.1877199702347543,2.103686912848437,1.5355289341617635,-0.589755793924393,-0.5799438314144816,-0.0823346221649091,-0.6921905218780107,1.3124943359691792,2.133113273009195,2.1318395365736458,1.582323587000951,1.0731463354900608,1.3685640268420916,1.055660599486135,1.2680176852641387,1.0696670999496876,1.008904161068611,0.7989351671314076,1.2101594479026647,0.9812458122962364,0.9796390516308936,0.7610474189731091,1.063492629515979,1.2486375138265988,1.9801770985279363,1.859303906026566,1.522092321745355,1.0873255081369586,1.3702884188194635,1.3140150084584816,1.296563219661517,1.046832007354611,1.0154083291080334,0.6526579030098366,1.2393914119608205,exact,9
UBERON:0004998,exact,,mucosa of organ of pyloric part of stomach,Mistral-Small-3.1-24B-Instruct-2503,-1,0.5851532519409642,0.1587790457189205,0.0452170223176288,0.5129917014985445,0.6145609995857859,0.227836465824493,0.0615467157492685,0.5486950570964798,0.3337269051364429,-0.1205537703865846,-0.0214517796954546,0.2182047659426582,0.4136917860135609,-0.0724891279046992,-0.1277934719850807,0.2795771879310816,0.6274790394898089,0.2648215418429084,0.080120234094112,0.5464869770403082,0.3019541455481482,-0.2668891082286813,-0.296770712794778,0.1296724203881794,0.4939441959275,0.0878922055190575,0.0194477438043583,0.365604064705181,0.7547429073205456,0.5302811361025062,0.4327297712628934,0.704725284799164,0.4976789144618151,0.0343948614769825,-0.053999645875161,0.378829824591499,0.0561276714960059,-0.5038076809407085,-0.4285936971295611,-0.1521163274233544,exact,9
UBERON:0004997,related,,gastric antrum mucosa,Mistral-Small-3.1-24B-Instruct-2503,-1,0.594785932473984,0.2046828741486816,0.0904151369881692,0.526528002302544,0.65564079215167,0.2942036934371161,0.1667075403043472,0.6064558263701646,0.9904527556787386,0.6605549655224043,0.061191832644793,1.0817045832498084,-0.0239622201002157,-0.3710901454703842,-0.3914054089033564,-0.1685714280862744,0.6117910942940125,0.2282815803219912,0.0529350319855134,0.5254777087757828,0.4503666501753784,-0.1655141576573361,-0.194533440850169,0.2958197260322865,0.094034469263041,-0.3226759920561334,-0.3475480942011725,-0.0751488844788621,0.0004269591999882,-0.4807273803850034,-0.4489897485217885,-0.1506273905941148,0.0197891022367726,-0.3084688738802654,-0.3270733110507879,-0.1530652204828349,0.7538352345932403,0.167466125654085,-0.0118524691312239,0.6827230712308933,exact,9
UBERON:0004997,exact,,stomach pyloric antrum organ mucosa,Mistral-Small-3.1-24B-Instruct-2503,-1,0.9222497936369852,1.0333861791784185,0.8055193495815393,1.063286665978436,0.8846470459830351,0.8015832859931168,0.597317703798336,0.9658844201938738,0.7620295520999475,0.2821800116708541,0.000244720221866,0.7453739107612712,0.99284911677324,0.8505299007382736,0.6666793863865599,1.0148776718525776,0.7605564644048391,0.4691973802573199,0.3149727169217905,0.7337511505115871,0.8660095896473843,0.3846630331711222,0.2604087672622858,0.8486907280297288,0.7267432372938231,0.3905230860930295,0.2838732020730071,0.6665889421696257,-0.3685872578840996,-0.6261257925931887,-0.582020116965266,-0.4968033992934375,0.7149866267909921,0.3872164824540028,0.4104605716659535,0.6663461507251257,1.019355400468509,0.9178156749383676,0.5677758343335088,1.172960289244905,exact,9
UBERON:0004997,exact,,stomach pyloric antrum mucous membrane,Mistral-Small-3.1-24B-Instruct-2503,-1,0.9932333675857584,1.3574272228868498,1.1689393648935282,1.210465004705617,0.9155865751968338,0.9204181317187556,0.6981440457266165,1.020841398279324,-0.8194805695689857,-0.7052903287922968,-0.1013814528520236,-0.8913161057160618,0.6111344471979082,0.0931943742663761,0.0175474002439446,0.5061017136087891,0.6241750631531184,0.2402526422909076,0.114894536933491,0.5420452502812562,1.0064143922163462,0.7460345816217552,0.5660368313616018,1.086848072002695,0.3179824809811911,-0.153535235093016,-0.1813875416545597,0.1623028201039709,-0.306992352156782,-0.5593062627552416,-0.5307397328107297,-0.4412126403166426,0.8235193112389825,0.6289832540573721,0.4447674499597679,0.8269019386840201,1.0536330454923593,1.1051487510113167,0.7127230862049637,1.2566458502103788,exact,9
UBERON:0004997,exact,,stomach pyloric antrum mucosa of organ,Mistral-Small-3.1-24B-Instruct-2503,-1,1.045080896858181,1.6382855540079952,1.424205049821616,1.3305540121733432,0.9759738702686837,1.1013871969947435,0.937814684399269,1.1342230419166253,1.138855447199046,1.0452597656721752,0.0799128162939094,1.3359253670062226,0.9432307434243462,0.7029049899882489,0.5503951713989136,0.9415140735315618,0.7068392977901969,0.3683554777669199,0.2776938609956574,0.6560847510301223,1.0201388390191,0.7971827927211522,0.6013078949770232,1.112558994494694,0.7748029256879542,0.4524101489488334,0.3463018154820101,0.7348203565172352,-0.2643427698604074,-0.5471742641361351,-0.4966915873716659,-0.4022462062297868,0.4997949515186327,0.0595950195170178,0.2573816694308315,0.3814549481366639,0.9887342164646956,0.7766811359648781,0.4445936648980946,1.104143005644614,related,8
UBERON:0004997,exact,,stomach pyloric antrum mucosa,Mistral-Small-3.1-24B-Instruct-2503,-1,1.0433810120582363,1.636911305142667,1.4469852984844642,1.3264052902557266,0.917383524913232,0.9078586756300072,0.6476410377668844,1.024093851223921,0.7128076526109203,0.211461677868813,-0.0070846173199046,0.6790902014500596,1.0581343377217889,0.944499707707963,0.7481530613109809,1.115933832985446,0.827761806489476,0.6021976432691236,0.3983475435145199,0.8355039739122722,1.191022425120347,1.7614019675940973,1.583934229440775,1.4959056674569735,0.8057016141345105,0.5144063055262492,0.3861196494115673,0.7800747815804961,-0.191104429927911,-0.5644019926755097,-0.5303084012926688,-0.3343790688330115,0.8316567605017375,0.6458150552586107,0.520038372297045,0.8395213859749148,1.1289986618937773,1.7544870922314406,1.3771732456272892,1.47955972810063,exact,9
UBERON:0004997,exact,,pyloric antrum organ mucosa,Mistral-Small-3.1-24B-Instruct-2503,-1,0.9946356856395367,1.3525570182853046,1.1144090333284424,1.2135543721396584,0.9556389846707584,1.0388110493899274,0.828109609436548,1.0950561755279733,-0.7230487808688767,-0.6873781810263562,-0.0996342062959833,-0.8086904044508993,1.2522297634423425,1.771999437700654,1.653739607237615,1.457797946204222,0.8312019178877829,0.6179281550017859,0.4279288614147143,0.84086364987845,0.9085695220818828,0.4826908361891728,0.3460766399388797,0.9167588218556056,1.0223826320522464,1.092322706466547,1.0128331234320322,1.13837284978215,-0.0097707595882021,-0.4587540809582077,-0.4258343171860075,-0.1606586096802865,0.7312400789949804,0.3245432520255537,0.6451448737177827,0.6895450503825914,1.0438520380643608,1.0428554956238465,0.6995501403967088,1.2319397901325493,exact,9
UBERON:0004997,exact,,pyloric antrum mucous membrane,Mistral-Small-3.1-24B-Instruct-2503,-1,1.0282301369824105,1.5501479322642413,1.3339091052340863,1.2901089058685915,0.9629766587719878,1.071207507675669,0.864780992089525,1.1090663436171762,-0.9429201710608622,-0.7401157873853399,-0.1026987119830701,-0.9952232248618972,0.8417201864616636,0.4976268685783399,0.363677736453926,0.799218402114589,0.6085541050511333,0.219775252245349,0.0956280621602298,0.5211680129258395,0.9382131558364344,0.5539685656232786,0.4124522042774498,0.9661070128494016,0.6665274498610597,0.1628782833943688,0.1176493458594616,0.5844122657766162,-0.0520127263816124,-0.4315084637427989,-0.4119056811311806,-0.2019005479937113,0.9841901479386214,1.046943058024668,0.8575272606629961,1.0953811441979415,1.080314993901061,1.2787551849604266,0.9087514289811572,1.328083483398427,exact,9
UBERON:0004997,exact,,pyloric antrum mucosa of organ,Mistral-Small-3.1-24B-Instruct-2503,-1,1.1064422190150385,2.128003176234636,2.024865826782073,1.4928699056458896,1.054597797639535,1.453435482230901,1.2751710693984235,1.2971698175375674,1.155659273665366,1.099066742226005,0.0932870010815733,1.3672388359777972,1.286806668924019,1.949526359284475,1.8552976284587048,1.5278121283093158,0.8114904253153236,0.5687629441779221,0.4825840425400932,0.8103611166345241,1.071164741035623,1.000950133747902,0.7942388544313778,1.213241789559705,0.8981461093022187,0.6326436016224743,0.5571283163631263,0.923034805004575,0.110646875448191,-0.3306128370114873,-0.2869704740493434,-0.0402402136116111,0.3873418794964573,-0.1691171276711494,0.3872666841231669,0.2458546507166767,1.0197088686873526,0.9194762878224564,0.5744197592990301,1.17378453714915,related,8
UBERON:0004997,exact,,pyloric antrum mucosa,Mistral-Small-3.1-24B-Instruct-2503,-1,1.092354380282409,1.9978428996137705,1.901965242757189,1.4531475370790656,1.0331027379377646,1.3665498536482894,1.1478856732394014,1.2505789891987993,0.4665499868496008,-0.0105112653811031,-0.0254047708882041,0.3711688880978113,1.3001505605037742,1.942698064696912,1.8188273231686831,1.5558421920287255,0.7765707015737161,0.5040623942910831,0.3103885884037592,0.7575100233501926,1.2503785278342632,2.5371418806425097,2.4798543068977468,1.68030149867653,1.086314481960293,1.272590296528795,1.1430929152763656,1.2638111274852324,0.1077808594896984,-0.4054789102107391,-0.3949712872644364,-0.0431580959804417,1.0247415675494251,1.1719891726469105,1.018639219486248,1.171079741742397,1.1663765070034842,2.361140790847957,2.1334584475028784,1.6285715038669033,exact,9
UBERON:0004997,exact,,organ mucosa of stomach pyloric antrum,Mistral-Small-3.1-24B-Instruct-2503,-1,1.0813485821707018,1.90748726927807,1.7209906080073127,1.4232364260581778,1.116650027971522,1.8563025100560269,1.743061188981401,1.4427321821418886,1.1581604318131022,1.0822274712707254,0.0886544464267691,1.3719523695254805,1.151607925549332,1.2836984839236198,1.08464634691553,1.2714782912415852,1.0884345189969835,1.424051839210832,1.0889084268791416,1.2994602846730847,1.035365870872776,0.8525456610658607,0.6793720466155005,1.141723980802282,0.7611635004165942,0.443347050756567,0.3629435993330429,0.7151992172195099,0.1211138941669969,-0.3747551536718899,-0.3379467658196852,-0.029561273778427,1.0782201148961863,1.4473767566556566,1.440873018302891,1.277559301672244,1.027091452347198,0.954487232862427,0.5743707761349036,1.1911711113800738,exact,8
UBERON:0004997,exact,,organ mucosa of pyloric antrum,Mistral-Small-3.1-24B-Instruct-2503,-1,1.162562055893048,2.8231881308320816,2.9484977223790105,1.6723304458598782,1.2269535420668587,3.047754559877387,3.3310093801935925,1.767079989335289,1.141468597502651,1.0420976710322434,0.0849993264288392,1.3407552456869989,1.4776654371295392,3.6618277706068247,4.2961372926093,2.015157445491156,1.1726459394137023,1.869810326375298,1.5401778000877482,1.4875483167342003,1.0166594285835426,0.7909306547459956,0.608559516914351,1.1059906200538503,1.0441615959668016,1.2128178092536148,1.083457421494703,1.1797478135932105,0.5399358909772143,-0.0101991265040548,-0.0342911333131027,0.4323934078893161,1.0452213748479764,1.2153306155889343,2.0315189491410064,1.2108844801474592,1.0759515964433373,1.2541250431369309,0.8515134847579273,1.315951757311713,related,8
UBERON:0004997,exact,,organ mucosa of antrum of stomach,Mistral-Small-3.1-24B-Instruct-2503,-1,0.541174555456179,0.103613025073797,-0.0024451346038187,0.4523431096944593,0.6798390419842884,0.3146452975530661,0.1678165335666363,0.6412802301560832,0.9584988150958176,0.5374219386348275,0.0270229416054195,1.0312630027448526,0.3141192099899059,-0.1714567947990369,-0.2067685636042075,0.171884012842663,0.8529943321163788,0.6753813128410575,0.4008350753323245,0.8751854117181315,0.1806478797223557,-0.3636100143956022,-0.3641419662254989,0.0017961066650736,-0.0150629927335012,-0.3863839252744498,-0.3677349204904881,-0.183996114640431,0.0571192376968078,-0.3859927392405028,-0.3659272770896375,-0.0943093369774305,0.307162661855055,-0.0780299957438333,-0.172214396001622,0.1535753595496307,0.6112409949917813,-0.0446679778523249,-0.1676347491972559,0.4786066251151942,related,8
UBERON:0004997,exact,,mucous membrane of stomach pyloric antrum,Mistral-Small-3.1-24B-Instruct-2503,-1,1.030310323207946,1.5707835776339345,1.3451139565344663,1.2950221796588297,1.110844498118544,1.8342206796255272,1.626594332215698,1.4283018902732691,1.040127626877242,0.7708322042254195,0.0479451175247987,1.1628553378281306,0.8381689961145989,0.4388392506147581,0.3444695761533243,0.7944093138736181,1.134199669314032,1.647389000303635,1.2537644737437714,1.3982200611392144,1.072315163657501,0.9967560331116134,0.8041364646528022,1.2156152387548735,0.4742789107348968,0.0070757495514035,-0.0443855403091337,0.3420020294314611,1.0465931637049792,1.0928804364861082,0.8768045182419395,1.1401518026980024,1.0594324223657052,1.3281565488866065,1.1648648226430018,1.239194215715827,1.050965779473086,1.086217029890775,0.7071542095239578,1.249836930179438,exact,9
UBERON:0004997,exact,,mucous membrane of pyloric antrum,Mistral-Small-3.1-24B-Instruct-2503,-1,1.1130839365994438,2.21220051990876,2.159679485939995,1.5122125306598386,1.1829927281319874,2.466261321238924,2.408868581813695,1.6237725575459787,0.7221568809357334,0.2377224139226129,-0.0087708820531997,0.6915402739208271,1.0927145195871326,1.119693622503527,1.0367926637480622,1.17183994655282,1.2148261997748522,2.160766690062246,1.8758395124088367,1.5940679950288863,1.0871215781823187,1.069396967723924,0.8579964692286728,1.246621945376146,0.88127092895034,0.6114032582311523,0.4654668153704601,0.8960028124598437,1.118476695275105,1.3323902135335903,1.1377799200166636,1.2653849654072669,1.172413788774701,2.0315014326898004,1.7691206727573572,1.490017514477273,1.1177341199706328,1.624319302141239,1.2551373197744156,1.4413559229631925,exact,9
UBERON:0004997,exact,,mucous membrane of antrum of stomach,Mistral-Small-3.1-24B-Instruct-2503,-1,0.4783476475495125,0.0287592559846647,-0.0665853542750376,0.3687235560929889,0.7652391937394485,0.4954051454250405,0.2970722808644751,0.769515033143792,0.9198057176695342,0.5306123482263779,0.0214849145690651,0.9718438850300544,-0.029498489401521,-0.4581572587988968,-0.4235042975624543,-0.173872352023795,0.8934178019204784,0.7803993456137831,0.4729711063709538,0.9406412528587148,0.097324955973482,-0.411285738692844,-0.4088019515910286,-0.0825645096051827,-0.2122312169405033,-0.5242064589021109,-0.4890286543668127,-0.3715370893781546,0.7106955068725187,0.4478697674737232,0.3197699036156305,0.6462712797523809,0.3231902128056804,-0.0551655712999167,-0.1661676599658866,0.1717538810829623,0.6448426642978431,-0.0070558591559121,-0.1410465597125069,0.5243987370640378,exact,9
UBERON:0004997,exact,,mucosa of stomach pyloric antrum,Mistral-Small-3.1-24B-Instruct-2503,-1,1.1825567335869576,3.176237731588133,3.535396059724556,1.748143914953355,1.1979748158063466,2.618698465940501,2.592426808987634,1.6699173208414344,1.4177097576680318,2.7290023057390225,0.2886725866146404,1.9800146024245888,1.2724221159820344,1.7264962456400277,1.5710014059943014,1.4982461066848296,1.2397734900345585,2.348009882576038,2.007208095787067,1.6623714613033995,1.2760297197096495,3.0932554738035325,3.094684959536833,1.779227439996215,1.0363241861687005,1.2531759440687344,1.063067104386452,1.1647093617226305,1.3141668377779725,2.1593995552992435,1.9889898745468348,1.6728058170609492,1.220266965986294,2.3868492649685056,2.38374481003977,1.6157636803277222,1.1370092321555685,1.844074015501873,1.445809829266952,1.5082565435261794,exact,9
UBERON:0004997,exact,,mucosa of organ of stomach pyloric antrum,Mistral-Small-3.1-24B-Instruct-2503,-1,0.9620319647015388,1.1949130752415045,0.96486700871577,1.14367118334208,1.0751959355943572,1.5957115301499265,1.404039071950874,1.3435184448004234,1.0814365685765157,0.8492332709613897,0.0598818597552322,1.2331829239252603,1.0947348196657938,1.0238483049517142,0.8534262780477713,1.175162193240584,1.1035433499624117,1.4914305941882786,1.1743486190665822,1.3312588929908946,1.0055221966887675,0.7477025430586153,0.5685924310227233,1.0851947014812822,0.9525036143513008,0.9512915415599476,0.7807484709807104,1.0134156939863532,1.1340472164902582,1.3496009085257283,1.147267552635322,1.2938400738754785,0.954106677862608,0.9665151621177296,0.9087079250889636,1.041601746476837,1.0107947614165178,0.8697609018602134,0.5232443948310042,1.153217295489125,related,8
UBERON:0004997,exact,,mucosa of organ of pyloric antrum,Mistral-Small-3.1-24B-Instruct-2503,-1,1.086513590014787,1.9611253788790213,1.7964034068298629,1.4371582566659502,1.1938513054372568,2.593438341867502,2.5613610741526096,1.6569730611524205,1.063974643874678,0.7820239647257067,0.0635350074151904,1.2031162514339258,1.3924294969367392,2.604589790917917,2.7643422954823254,1.7695235006442425,1.168834157688443,1.849130657902715,1.5617506385832685,1.4783922984827609,0.979800648388572,0.6707573724735116,0.4826628827994887,1.0384202855592364,1.0727725044540848,1.3560140931177742,1.1366933412470972,1.236185339817826,1.325197871233494,2.375113856516996,2.2994982996673983,1.7001814837351257,0.8867280546601842,0.7425657047677926,0.983425212693577,0.927400851223972,1.050942558933162,1.0837315440093884,0.7124480476522329,1.2497778943293316,exact,9
UBERON:0004997,exact,,mucosa of organ of antrum of stomach,Mistral-Small-3.1-24B-Instruct-2503,-1,0.4236210904829912,-0.0692214592485873,-0.1501136280838083,0.2984847066597468,0.6725285473299362,0.3040980065765632,0.1758977840490824,0.6306942099267232,0.8468318598170903,0.3561601510013665,0.0185514067387885,0.8641961677991926,0.1717242994386221,-0.3902856293043807,-0.3893284850177781,0.0241769042214353,0.7376533609433727,0.435701492187653,0.2597274192442139,0.7002657363222347,-0.0140123749143647,-0.4658271032833923,-0.4402875376665464,-0.1914452559080727,0.0608214983269403,-0.3197844910022663,-0.3231074651628997,-0.1087096116881683,0.7507840517162158,0.386284968665616,0.276349186944124,0.6994092766803542,0.1598035569239975,-0.2070030621666842,-0.2274671666527269,-0.0079146861869382,0.5790402982611359,-0.0889247318112763,-0.1957871635063443,0.4358618448455012,related,8
UBERON:0004997,exact,,mucosa of antrum of stomach,Mistral-Small-3.1-24B-Instruct-2503,-1,0.6038672802273081,0.1967966012440077,0.0736544435167821,0.5393765367309051,0.7800597578437944,0.508490033656954,0.3399294831013158,0.7927069073404371,1.001107019744277,0.6449515020084959,0.036214021968686,1.098818584941741,0.4685540114214808,-0.0350104205820565,-0.0840907890027867,0.3406661343851877,0.9767562292436572,1.0058641104938897,0.713516500041647,1.0840448126408169,0.3742539289019372,-0.2311197543493759,-0.251886470009508,0.2091426487257267,0.2513424802106438,-0.1801678161342945,-0.2042287619674458,0.0894380537744836,0.8970559463345156,0.5771937535422854,0.463472567686457,0.9051062006640328,0.3673882219525744,-0.0162872247774706,-0.1294202640279878,0.2225699234223018,0.7388765627741822,0.1185736857224542,-0.0586546643352673,0.6599934959385396,exact,9
UBERON:0004997,exact,,antrum of stomach organ mucosa,Mistral-Small-3.1-24B-Instruct-2503,-1,0.3947286108791873,-0.0672189400744113,-0.137034840936247,0.2622921151026158,0.6884968606481267,0.3489406121518462,0.2135638315968492,0.6538922112718443,1.1094034344694,0.9032632034386016,0.0598435500920466,1.2824457290096565,0.2198535564108667,-0.1751761645744291,-0.2175728561729093,0.073334763765725,0.5530412521475507,0.130541826837812,0.0550541848902218,0.4485444380559051,-0.0109345665577174,-0.4633226350633009,-0.4374185464339518,-0.1884898954916432,-0.0853342478824633,-0.4581501065378964,-0.4416874923604026,-0.2521018567121958,0.0752112078085952,-0.4045111168897764,-0.4087152527002404,-0.0761341676543544,-0.0978782854247364,-0.3920448173805713,-0.3810190446950541,-0.2697343746188076,0.6450583573131374,0.0052034777062832,-0.1299431394780634,0.5246968248224644,related,8
UBERON:0004997,exact,,antrum of stomach mucous membrane,Mistral-Small-3.1-24B-Instruct-2503,-1,0.3865142391363055,-0.0703204460177708,-0.1622882183779569,0.252108398987372,0.7238612038135399,0.4072619862239595,0.2435696323166053,0.7062870745906362,0.9440556755164364,0.5043009365373079,0.0209929383095869,1.0088787546662836,-0.0982386569269164,-0.4813187579280315,-0.4445198391891171,-0.2390539352672679,0.8120695395456917,0.5886703892353093,0.3045209584534857,0.8112501796407952,-0.3689902018660068,-0.6110436840842917,-0.5535610289926369,-0.5147961272161401,-0.6076143114346095,-0.7202664443356032,-0.6492640553472544,-0.7195308708546146,0.0226229429549308,-0.3619482220964043,-0.3639834967727319,-0.1286904993807685,0.0761686220080491,-0.2536474320620708,-0.3175422818168342,-0.095499471263086,0.6646900337889063,0.0283861088201039,-0.1159689956187843,0.5520597626681251,exact,8
UBERON:0004997,exact,,antrum of stomach mucosa of organ,Mistral-Small-3.1-24B-Instruct-2503,-1,0.4397487909755542,-0.0294632565079418,-0.1119674026564843,0.3189482914101802,0.6873568769905327,0.3281143037069325,0.1746397324602784,0.6522268787797378,1.0677604405663663,0.7984304863506896,0.05687467979522,1.2095915736373706,0.2149774784184609,-0.260682767577215,-0.2993861589465532,0.0683201807125726,0.5451843143056891,0.1210043299867182,0.029140236504125,0.4384543496897396,-0.1687930867493125,-0.5320843049850386,-0.4888059736621632,-0.3364615671032828,-0.7174032856056176,-0.7608867220741058,-0.6751558773166506,-0.8108227580040845,-0.1689900670230823,-0.5028415596502086,-0.4584417555040981,-0.313639664743282,-0.1155865131052869,-0.39959965022608,-0.3574027227210873,-0.2869130951517107,0.5759385501392842,-0.0871448222528926,-0.1922879171842325,0.4317999650258185,related,8
UBERON:0004997,exact,,antrum of stomach mucosa,Mistral-Small-3.1-24B-Instruct-2503,-1,0.4777914480239682,0.0334826138312978,-0.0797608555197256,0.3679980257459105,0.761797499209165,0.4880969964642765,0.3353615356513624,0.764171833154227,1.1920848185748831,1.2147082039702908,0.0956519314262512,1.4373263459702523,0.3387383664116672,-0.0774082007600878,-0.1238635346826919,0.198150251712286,0.8216508548346947,0.597532366694144,0.3334814923559358,0.8260212946395993,-0.0840968816491656,-0.4958602611331341,-0.4580834172265063,-0.2579605357823329,-0.4301892490860852,-0.6492879160572084,-0.5948522819643945,-0.5674127455422175,0.8989469108200899,0.4825721174869602,0.385010868051671,0.9079038278237334,0.101161450232171,-0.2435495718842968,-0.3072578435424715,-0.0696092432758183,0.7378130620456618,0.1304325527267353,-0.0478109832402944,0.6583908051784146,related,8
UBERON:0004997,exact,,antral mucosa,Mistral-Small-3.1-24B-Instruct-2503,-1,0.2572180116800643,-0.2185752388563979,-0.2394989560105541,0.097455400546548,0.4613139594244116,0.0054226653592145,-0.0725309825545572,0.3462206047826308,0.741422225714551,0.2780408734978757,0.0043689052424201,0.7173995337187177,-0.3132898325815718,-0.5465600397016083,-0.5327351608660928,-0.4360175057406197,-0.1013297368066407,-0.4814051812232368,-0.3934905438562722,-0.2772960460948069,-0.144837674864324,-0.5191492883769075,-0.4959414502353497,-0.3144573038428556,0.0147054647297891,-0.4305660881752491,-0.3924395966583027,-0.1546859913043245,-0.1851470853648028,-0.5411676960273794,-0.5065008413571886,-0.328803663620419,-0.204507251398975,-0.4868704401059637,-0.5252399509426275,-0.3717870062874542,0.3494433396723332,-0.2876820290496644,-0.3024231672960171,0.1570369218520787,exact,9
UBERON:0004941,exact,,right hepatic ductal submucosa,Mistral-Small-3.1-24B-Instruct-2503,-1,0.9576199119651588,1.1983451450094027,0.9716382226552144,1.134507575446727,1.0152054604469154,1.3327928764388974,1.1199710815237385,1.2130325465767189,0.9165860394014989,0.6546588041711274,0.0372018213547979,0.9669766901166396,1.1761341145845423,1.3665868611747274,1.20784860142494,1.314836557191459,0.4479730759415993,0.0165952663962637,-0.0641193074028733,0.317143733122916,1.0050578442850275,0.7541167811065669,0.6062553481402818,1.0843350390156512,1.0748503028273615,1.0544561172978424,0.8655310265749715,1.2403840159172432,-0.467853851546051,-0.6453200813097253,-0.5801310382140303,-0.5847851593353778,0.8625580503051155,0.6548811103680307,0.509190136536058,0.888281006748252,1.002791415322703,0.833493533530682,0.4845118674960067,1.1351251867563246,exact,9
UBERON:0004941,exact,,right hepatic duct submucosa,Mistral-Small-3.1-24B-Instruct-2503,-1,0.9926013858748586,1.3666545720693768,1.1846079001506318,1.2090753165297543,1.03474748275165,1.4213460746639053,1.2347903125297912,1.2540843884045392,0.9316122309263823,0.7147303226243217,0.0512599992931155,0.9897909942743286,1.2672278192259716,1.7753883210495238,1.6278137277844962,1.487726979201507,0.7684803893405121,0.5035478366067289,0.259111833613916,0.7454707986212504,1.204614145478461,1.9055468773826505,1.8044730017194903,1.5342976406948785,1.2287688440188715,2.0985458062689504,1.877649709538576,1.6065521916541936,-0.2867562462997854,-0.5958885103181027,-0.5492347463283646,-0.4227736209387744,1.0236256439529077,1.14682153208363,0.96142832623739,1.1689428145813414,1.1809120489839269,2.724081632301758,2.596994617394546,1.7018154487136037,exact,9
UBERON:0004938,exact,,submucosa of biliary tract,Mistral-Small-3.1-24B-Instruct-2503,-1,1.2082698376528689,3.804716972325617,4.529630132436978,1.8612239644943336,1.1933597457265914,2.6191683265885635,2.662180676145129,1.655442802059168,1.3464977557934823,1.9589206666307264,0.2129913317846622,1.7805177172852409,1.165828659307967,1.3252500434656196,1.1705018748104583,1.296473494620166,1.2798533808736263,2.765743353225097,2.623602898928468,1.7831066409999707,1.2666122270202071,2.8749780404562704,2.874216042434583,1.7409221742596577,0.9982306723503152,0.6870084814191979,0.5176167980634857,1.0939240028897514,0.9400989704532958,0.4677130149026643,0.3682280978805919,0.9697950160786188,1.3114345638980824,3.913572658280953,4.0348974340705865,1.91935753592642,1.0294893601033528,0.91029756101906,0.5457097905201356,1.1968905819267135,exact,9
UBERON:0004938,exact,,biliary tree submucosa,Mistral-Small-3.1-24B-Instruct-2503,-1,0.9985123963325804,1.3841713434653249,1.180254108852776,1.2221367008321742,1.055224478028962,1.488786712844228,1.2647838950519257,1.2985543854824733,-0.4740909880780883,-0.6387343745251064,-0.0934494062131361,-0.5887432577926034,1.1451554974651432,1.2335611925629004,1.0614147761733872,1.260264204406871,0.6797765118904513,0.3392696117918038,0.1297657470892454,0.6180595242317317,1.2682212974708404,2.928455932134157,3.012006033437559,1.7472835443615902,1.2181364366052263,1.9056857060389487,1.7447941603523962,1.57636828622666,-0.2246154094971548,-0.5154560448049785,-0.4853888815874405,-0.3655856518571394,1.0924547533675892,1.2656094325215752,1.169996181021622,1.30739292046007,1.1723643102318932,2.354039456478673,2.10070378858823,1.6572240523603743,exact,9
UBERON:0004938,exact,,biliary tract submucosa,Mistral-Small-3.1-24B-Instruct-2503,-1,0.87769125914682,0.8787199582682287,0.6872088265903161,0.9785655853916192,0.8771532842011678,0.8265357091849207,0.6002373626912603,0.9528565937750032,0.3776674700722486,-0.1198804293174003,0.0038745665455301,0.2679472491239254,0.7758276058908454,0.3929244202363406,0.2692826883861618,0.7116420595321516,0.7664967070141014,0.5004407115429192,0.2573632192680966,0.7425302600153697,1.198747940869381,1.8564209118056472,1.693602477236314,1.517502802261775,0.8441351758028393,0.3161438858710054,0.2115184324407407,0.8380421576059408,-0.2045097992508195,-0.5189364363758143,-0.4908780893054287,-0.34689420046199,0.9935464631411988,0.8472715024843898,0.7324639769137653,1.1125039118988371,0.981584870228087,0.6866258347951775,0.3644650175063837,1.088749342556748,exact,9
UBERON:0004913,related,,papilla duodeni major,Mistral-Small-3.1-24B-Instruct-2503,-1,-0.0513350656144316,-0.4374561380939238,-0.424906410825592,-0.2371290720325754,-0.5717061498175618,-0.7260983339603563,-0.6468138164777649,-0.716403796579243,0.3122155595959405,-0.1102329311572647,-0.0398248731786133,0.1941429651956598,-1.099345467788547,-0.9872878834917844,-0.8688876357763529,-1.0886725707363467,-0.2770930665973958,-0.6024352991507339,-0.4892057982641705,-0.4441201600622629,-1.0159779964801765,-0.7730431278438522,-0.6767565749218797,-1.0388500794844344,-2.170385955963156,-1.018937464319896,-0.8743297132425454,-1.8822618241549525,-0.1408474911523519,-0.5572533639830362,-0.5167218474793492,-0.2870749085098538,-1.3174362265548192,-0.8718582111422308,-0.7458769990336911,-1.2932167493153768,-0.486367094593055,-0.6476259864958506,-0.5032342078941556,-0.640353219301694,exact,9
UBERON:0004913,related,,ampulla hepatopancreatica,Mistral-Small-3.1-24B-Instruct-2503,-1,1.0388702339060722,1.6361224138334398,1.3849327821200528,1.315472803077828,1.1018162624215502,1.807353403307532,1.5756490663878715,1.4062278699473791,1.0987603311341714,0.9203081724661012,0.0974674144570089,1.263531361201983,1.0836860348447688,0.8003514721318805,0.6435936680119557,1.157070675604129,1.1311852500925257,1.5977821057448278,1.202103622203352,1.391480276933195,1.2380087274378329,2.381989439970723,2.309536239379755,1.6377390865911672,1.3105956100973928,3.7876270707566055,3.910333162725572,1.8909080991008893,0.6270962064516039,0.0674517778304741,-0.0196407859654281,0.5392170173307091,1.106855958269478,1.6483849361096268,1.5538067432785398,1.3383021164024764,1.1329714382687792,1.9038042756404727,1.5350190980563494,1.493618468234705,exact,9
UBERON:0004913,related,,ampulla Vaterii,Mistral-Small-3.1-24B-Instruct-2503,-1,-0.1300630227070018,-0.5000460905371654,-0.4835792962809251,-0.316342027934396,-0.2175602866740129,-0.5633186059302754,-0.5347753352194508,-0.3929342644428948,0.7232048350265605,0.242709947312277,-0.0106407566592942,0.6929397924566734,-0.4418620899897607,-0.7589322644219979,-0.6772365616598564,-0.5493242286087402,-0.085697974334686,-0.4881071013615289,-0.4377750180565121,-0.2620123155824733,-0.0481808775466364,-0.45954632022454,-0.4258878207738837,-0.2240578824997953,-0.4791145508920032,-0.6185701019994957,-0.5899202120311698,-0.6099645240785216,-0.8941844778191472,-0.7300731683870655,-0.6818608002751645,-0.9432498733398612,0.6629392639671192,0.3415620938936594,0.2294926870762421,0.5938261413718303,-0.2064950870087426,-0.5360923263954313,-0.4634859502522041,-0.3991040581938351,exact,9
UBERON:0004913,exact,,papilla Vateri,Mistral-Small-3.1-24B-Instruct-2503,-1,-0.415720841781875,-0.6600758728776648,-0.5976173190984945,-0.5875535370800011,-1.1180984531688227,-0.9485334677035828,-0.8007459132557926,-1.1653360704600584,-1.09720033407405,-0.7380272464846794,-0.0996657003476947,-1.1224053066535895,-0.9888952979904676,-0.9726333729833364,-0.8247109046844902,-1.0020214604540891,-0.2737588380247905,-0.5980230514126094,-0.5041488407748259,-0.441036451834975,-1.0619812103753306,-0.7854935500905408,-0.6785752963652861,-1.0737593744513958,-1.7603602134941088,-0.9288990763787368,-0.8034917155774395,-1.5996441898238805,-0.9196755979301876,-0.7729655450198238,-0.6946890096695735,-0.9638139950140692,-0.6667512571964802,-0.7379625661822081,-0.5729999674680263,-0.7815947381476153,-0.8585773852272541,-0.7545916440922593,-0.5695828835726368,-0.9353062465996396,exact,8
UBERON:0004913,exact,,ampulla of bile duct,Mistral-Small-3.1-24B-Instruct-2503,-1,0.4061293106540309,-0.0160419871575877,-0.0775505004532375,0.2765031253337536,0.2318472081073835,-0.229562722788717,-0.2373164070197848,0.0728605357309139,0.8116655531687506,0.5198942462932543,0.0307014267581543,0.8141649442154922,0.1052862009872493,-0.4210054569263203,-0.4671812113661446,-0.0424926452984584,-0.5759030442234446,-0.740328456296145,-0.5725265643944134,-0.709407940400186,0.1900558647868238,-0.3373842587903606,-0.3654598041372613,0.0114899847769592,-0.2412645349871889,-0.6718902420395202,-0.5869092214314744,-0.3982700667524841,-0.3690823592084435,-0.5067750889873269,-0.4848943214443875,-0.4972470570030164,0.7545758214428513,0.5312961379762139,0.4027315515251055,0.7233447437930705,0.102700334403629,-0.4310979323267752,-0.4144387584878181,-0.105710103674169,related,8
UBERON:0004913,exact,,ampulla biliaropancreatica,Mistral-Small-3.1-24B-Instruct-2503,-1,0.856893568387906,0.8449143744306024,0.6133750258023104,0.9406776611561782,0.797292303719589,0.6045603748727125,0.4224952659617159,0.8200590300971112,0.6706197071865458,0.0256341295991114,-0.0100867662802887,0.6236816550189856,0.6375875593772701,0.0275738422942783,-0.0518922454366745,0.5379771323378992,0.8522509914624733,0.6511207995097453,0.3930260296177221,0.874003959681432,0.3988322803752351,-0.1799820958701397,-0.2294705948765759,0.2367763788754785,0.5766700093790736,-0.0154179620055863,-0.0678465715590534,0.4677009285193337,0.3226924678206009,-0.2171393093100679,-0.2596568438428938,0.1835864020043839,0.7395169293476272,0.4983604243844047,0.320446672995221,0.7014656616018632,0.6592662316746519,0.0724871723526454,-0.0794644060505335,0.544453507161857,exact,9
UBERON:0004734,related,,trilaminar germ,Mistral-Small-3.1-24B-Instruct-2503,-1,-1.599464996510786,-1.101177107180069,-0.878591183499545,-1.5346275281272972,-0.2186466879934774,-0.548594195757819,-0.4898856733863984,-0.3939764155159712,-1.25998420387788,-0.792917810662783,-0.0860225331580108,-1.2536746113202364,-0.7707151759338317,-0.722607577239457,-0.6579202707297579,-0.8265328398450997,-2.226994449861196,-1.269886265990208,-0.9170200683136076,-1.9151452150115549,-1.8517318887045624,-0.8973464737407918,-0.7695395089897257,-1.639190165674837,-1.9874714041329573,-0.9825781358298208,-0.8467143545162186,-1.7576314594919036,-0.8011547923506345,-0.8515344776849673,-0.7503320872623466,-0.8674345647959534,-1.6834098396731154,-1.0717435277638343,-0.9547073402938888,-1.557116978676865,-2.0487079741453744,-0.9806701372413128,-0.6985958662572165,-1.7531513149753897,related,9
UBERON:0004734,related,,trilaminar disk,Mistral-Small-3.1-24B-Instruct-2503,-1,-1.929953887843341,-1.167638838995597,-0.9151345262404053,-1.7660124395154122,-0.2801786260566712,-0.5831661688683848,-0.5119821259575869,-0.4524552109525361,-1.235287047113041,-0.7253077988612328,-0.0926795948060653,-1.233939470813129,-1.1417967518658887,-0.8553137372374889,-0.7642694394409422,-1.1216173587253928,-1.6173189785970672,-1.1130213944536689,-0.8258158590127758,-1.5085755263948404,-2.647547671157335,-1.0005148460660236,-0.8459975771057872,-2.1629392546258144,-2.2605736587454466,-1.0331823374289335,-0.8875180542087265,-1.9429344514692453,-0.8669548824754401,-0.8630095179218131,-0.7869093468594386,-0.9211849798236806,-1.9763437155846169,-1.1092745413169531,-1.008731985910486,-1.758785863974404,-3.090720415020109,-1.1005785813936857,-0.7559367262387071,-2.376484578178496,related,8
UBERON:0004734,related,,trilaminar disc,Mistral-Small-3.1-24B-Instruct-2503,-1,-1.8013306618130085,-1.1353372596093094,-0.8955894345387826,-1.677229271152119,-0.211552852358518,-0.5466235746592968,-0.4727982364469791,-0.387165333256199,-1.3076678468479803,-0.7167896264830629,-0.1002944739357205,-1.2916033836598917,-0.7697736251775289,-0.6937001609103545,-0.6311709348759962,-0.8257621113007659,-1.619445278607076,-1.113465386662322,-0.8340688256906587,-1.510057987667211,-2.501065024247368,-0.9849021047052484,-0.8422319378339251,-2.069067450397657,-2.4566432511398912,-1.0701139853481003,-0.914068346269758,-2.073218834536848,-0.93680620150201,-0.8814071535099255,-0.7915517227128234,-0.9775843272050956,-2.06861436930001,-1.1125865161232018,-1.02484204126718,-1.8207650575189376,-3.098756785881816,-1.099757366712687,-0.7543416199308989,-2.381069938138874,undefined,-1
UBERON:0004734,related,,trilaminar blastoderm,Mistral-Small-3.1-24B-Instruct-2503,-1,-0.3822063441207983,-0.6859425372804548,-0.6008458287823515,-0.5569072640452395,-0.3997728516502732,-0.6342182396201124,-0.5595537484218884,-0.5632128770247494,-1.3363924878436335,-0.7922689611513751,-0.0820318982907905,-1.3143431173790692,-1.1549858343173782,-0.9111976291778052,-0.7995706071418281,-1.131813727826393,-0.7869577680827599,-0.8544871772842264,-0.6740529111078338,-0.885262271523864,-1.2126257250415031,-0.7898558599581103,-0.6805672506715931,-1.1863274956566223,-2.359151451014806,-1.03465244712634,-0.8877963153470301,-2.0087047436668786,-0.4422630269234942,-0.7339920479345305,-0.6908221022573128,-0.5622864622640353,-1.0637376809900676,-0.9362284623947092,-0.823348046682414,-1.101046935200052,-1.1732719465056338,-0.8523520194406922,-0.6286909572166619,-1.1671558309700831,exact,9
UBERON:0004734,related,,trilaminar blastocyst,Mistral-Small-3.1-24B-Instruct-2503,-1,-1.5830063573005242,-1.0849053353145914,-0.8587366623370142,-1.5228137763889469,-0.3927007595728157,-0.6335783837161274,-0.5704458354349443,-0.5567643027167221,-0.8852349743219704,-0.6531111746570619,-0.0782551839753938,-0.9469156409155608,-1.2383141001200704,-0.9315012167843918,-0.8152190942990454,-1.19581760869789,-2.6156125115481945,-1.3417451340684792,-0.9472007764667584,-2.157566703341011,-1.4416164922400558,-0.8354352909192035,-0.7060413969500112,-1.352796138472325,-2.6279496947112224,-1.0992010144903035,-0.9436879780635432,-2.185384615782387,-0.3354056942009444,-0.6907502937871012,-0.6255661578917597,-0.4669548344881188,-1.5399410974661123,-1.075125829788525,-0.8857335043263608,-1.4553702411730074,-1.6691305802112792,-0.9430914548390432,-0.6745098033770861,-1.507988290359802,undefined,-1
UBERON:0004734,related,,tri-laminar disk,Mistral-Small-3.1-24B-Instruct-2503,-1,-1.3488505285428294,-1.0534708658616598,-0.83963430478916,-1.3514119429789948,-0.6649161214939904,-0.7951077435248914,-0.6804553875184514,-0.7967861313050482,-1.1893417841019072,-0.697834651911799,-0.093694336592868,-1.1970568187740898,-2.3295159329266344,-1.2292889085873122,-1.047674773354964,-1.981288595687317,-1.7566910294563611,-1.1583008761968996,-0.8692856930317713,-1.604719153301549,-2.6088272979924163,-0.9990783233581644,-0.8519292871214237,-2.138220324726785,-2.519262614202652,-1.07876193124239,-0.92164539794772,-2.114391088189503,-1.388917775216192,-0.9234195096261988,-0.819707531368435,-1.3281382418719,-1.9280444548853704,-1.149396256807374,-0.9946050175787154,-1.726059699114718,-3.461300623751641,-1.1599659129501994,-0.7857350083771278,-2.5851164473082284,related,8
UBERON:0004734,related,,tri-laminar disc,Mistral-Small-3.1-24B-Instruct-2503,-1,-1.2202092260279167,-1.0166406717759082,-0.8051043321590877,-1.2543915114029935,-0.5773159876530239,-0.7574181814125891,-0.6526435841046765,-0.7212920651860683,-1.1837433308667753,-0.6877244478946599,-0.0950972343393283,-1.192547417816877,-1.666510824779065,-0.9901280204624257,-0.8562716070611038,-1.5145325127931737,-1.6734606458328778,-1.1331111127893527,-0.8462523617414099,-1.547552593892749,-2.448731253339393,-0.9842612697349736,-0.8380636604573004,-2.035286085210921,-2.679617192937759,-1.111319036323733,-0.9470986927399708,-2.218933709356294,-1.401763528530834,-0.9276149726132416,-0.8249969334078183,-1.337770850733479,-1.950925535316979,-1.1189645833827473,-1.0103698721484935,-1.7415879608521032,-3.3982220270480226,-1.1525036430166455,-0.7840585123420175,-2.5499918683385325,related,9
UBERON:0004734,related,,blastocystis trilaminaris,Mistral-Small-3.1-24B-Instruct-2503,-1,-1.5786408862744088,-1.0637186089774908,-0.8514942658957062,-1.5196753797048403,-0.8410769884841272,-0.8209994580149808,-0.7239623052203168,-0.9441504047446834,-0.9552816420110534,-0.6872002310454253,-0.076648465428249,-1.0055199502603305,-0.7523334349181128,-0.7632961734047613,-0.6898689459042272,-0.8114640026170452,-1.8880224681843112,-1.1781967527663666,-0.8595345651530125,-1.6934884967679125,-2.192335137457715,-0.9496281854385468,-0.7946346119212823,-1.867745229679818,-2.486266556283541,-1.0371230443248398,-0.8853384946752957,-2.092721419343321,-0.9157529096486628,-0.8493152980694146,-0.7597617829129314,-0.9606552257698764,-1.7341932992819702,-1.0176849609396628,-0.9896704989969412,-1.5926434606169868,-2.440833747854414,-1.037608204445051,-0.7238716337342415,-1.9951658560445185,exact,9
UBERON:0004734,exact,,gastrula embryo,Mistral-Small-3.1-24B-Instruct-2503,-1,0.4092495899923343,-0.1332732709492073,-0.1807504893396181,0.2804083878624854,0.3367303639397737,-0.1332012793396135,-0.1667282426473476,0.194024728094436,-0.0752634450103883,-0.346705788699513,-0.0383420264409594,-0.2118982339278679,0.3011815899848581,-0.0567166086518348,-0.1091389711681191,0.1581714308404614,0.8227248092096686,0.5645210198650856,0.3677943227397857,0.8276842944514217,0.7907841199365352,0.292367007037455,0.1707147928564894,0.7352123932533942,-0.1089875522840577,-0.5492143361993946,-0.5123881944033276,-0.2746992383338317,0.7176318128893889,-0.0846997096112876,-0.1351189994293334,0.6553772464373637,0.9507796385171928,0.7117901481285581,0.6170937408648439,1.035767605076369,1.00211698764091,0.8100997959677492,0.4723693782576363,1.1336160735714582,exact,9
UBERON:0004704,related,,groove,Mistral-Small-3.1-24B-Instruct-2503,-1,-1.0917097543920178,-1.058490740999422,-0.8436602531682229,-1.1552412400712049,-3.527459349382927,-1.476579334100416,-1.1456375459630253,-2.7605146181380595,-0.1238761225656,-0.4492249302527609,-0.0792169152019861,-0.2597456234249707,-1.2271014961156956,-0.8301952094874768,-0.7487302787554516,-1.187246394948826,0.202065615434488,-0.3055935708006367,-0.3122893302631236,0.0347340839873203,-1.5234280839230312,-0.8783873044401275,-0.7475029075310204,-1.411049027593329,-1.3183465285843514,-0.930290301562599,-0.7913997716852392,-1.279907052562053,-1.4434512555396382,-1.0171191393626935,-0.9039067184656016,-1.3689187852956346,-0.9540275934905303,-0.996173418146676,-0.9638516019217376,-1.015236944457395,-1.7936226028999651,-0.9234680673369632,-0.6613829542322134,-1.589720866691834,related,9
UBERON:0004704,related,,fossae,Mistral-Small-3.1-24B-Instruct-2503,-1,0.0642181668150175,-0.3979403368303889,-0.3999687728459419,-0.1167007865800051,0.0465284206308673,-0.4591825985136072,-0.4553379302979076,-0.1284625289192703,0.0214773804634755,-0.301336281441482,-0.0649265541717606,-0.1148366769431827,0.6513180642297307,0.3871400819402308,0.2300014505120288,0.5546821012233855,0.1832962639233741,-0.295600679299513,-0.2971990552287727,0.0143904484713194,0.5545588107426161,-0.0328785185861754,-0.1206792913984147,0.4202627293542496,-0.2554470582634949,-0.5335754572395142,-0.4889936325468581,-0.4112531497038106,0.3205590845227121,-0.407544540520452,-0.4102059175047667,0.181249628214899,0.5647172560294264,-0.1420153286919554,-0.25306532930786,0.4635102598186838,-0.2523081802548509,-0.5033598428575932,-0.4416514309554467,-0.4399736384060795,related,9
UBERON:0004704,related,,depressions,Mistral-Small-3.1-24B-Instruct-2503,-1,-0.9401495551776464,-0.9445528325783904,-0.789071898645481,-1.0351536804085868,-2.7165023101286216,-1.356954263209943,-1.0726616976546808,-2.2711659227926413,-0.282084092942351,-0.5047490714252263,-0.0849618349474087,-0.4115720706258896,-1.2738497573723015,-0.8141802575831898,-0.7419302500177474,-1.222899674359864,-0.730915501050669,-0.8440642301947139,-0.6620179229724362,-0.8393943174353046,-2.6112547848008285,-1.0131484110654794,-0.8551630972931512,-2.13977197455649,-2.785179421261716,-1.1345427864107356,-0.9567821766049894,-2.2870978408250524,-1.7325102743492165,-1.0506207859862169,-0.9357932886859542,-1.5804698826445045,-1.911159765951257,-1.1874626492632203,-1.090074343741612,-1.7145720568977705,-2.5688470364195792,-0.9880937110536951,-0.7021253948375575,-2.0720626415231087,related,8
UBERON:0004704,related,,depression,Mistral-Small-3.1-24B-Instruct-2503,-1,-1.4072410499838734,-1.1008836046007688,-0.878549404629313,-1.394758031244528,-2.6122737906881603,-1.3474441498462997,-1.063327615485637,-2.2055225186561374,-0.1387406759273741,-0.3763049325778699,-0.0723030265351755,-0.2742588526724068,-1.0749949748274792,-0.7887022711232209,-0.7374587340149841,-1.0696867547770277,-0.8104918467504484,-0.8687338928854365,-0.6930372036701182,-0.904355125694162,-2.7113191149092684,-1.0234028320163218,-0.85801950057007,-2.2035088346067764,-2.8636923517282264,-1.1441765383379732,-0.9662587432794276,-2.3374790661369937,-1.3152762185091804,-1.0044558353329347,-0.8839576632307636,-1.2725941191173902,-2.54564275427726,-1.2430401630746053,-1.1114933979432495,-2.1309002619863766,-3.120276550259407,-1.0696858064487056,-0.7470254308560416,-2.393334581278234,related,8
UBERON:0004704,related,,concavity,Mistral-Small-3.1-24B-Instruct-2503,-1,-0.8801384073690479,-0.9055941577422618,-0.7487397656348972,-0.9865878304775788,-1.0482138828024408,-0.9949376403928892,-0.8229015401093206,-1.1106487603345243,-1.368690101949547,-0.8665007732316253,-0.1178946177858685,-1.3398161592157316,-1.1890209078501257,-0.775725159255094,-0.6975868452187621,-1.1580418380753883,-0.153726609411003,-0.5548351500859074,-0.4908797360139627,-0.3279726942221044,-1.3898843638404492,-0.8447769081621109,-0.7385547109472098,-1.31564230978194,-2.137950528492094,-0.9975916085838342,-0.8612138752785939,-1.860319403170624,-1.5608279029747794,-1.0190963530397874,-0.8978278515945578,-1.4557270323107452,-1.7827899489729857,-1.1302026174440616,-1.0635243080033627,-1.6264109297803082,-2.2454839895815613,-0.983542570808216,-0.699119545860797,-1.8758855283674896,related,8
UBERON:0004704,related,,concavities,Mistral-Small-3.1-24B-Instruct-2503,-1,-0.932202159207026,-0.9046084176495588,-0.7592940001664887,-1.028756392323088,-1.3388483675945078,-1.060816605234724,-0.8754629809324883,-1.3336598828505972,-1.410348489963353,-0.8151715425787577,-0.1129850538129143,-1.3725264234715489,-1.5589348625528572,-1.0099820962644352,-0.8640700221946056,-1.4359353123018948,-1.1436165033998094,-0.9786966448485196,-0.7533714013058778,-1.164836054080436,-2.034766980132832,-0.9470576579300524,-0.812588455825312,-1.7629352355805188,-2.068102906096239,-0.979117102028388,-0.8421342905524796,-1.812840557221351,-0.8644319673359894,-0.8512506782732747,-0.7615436431743742,-0.9191353862821002,-1.835177593431671,-1.1419102900109643,-1.0707944961552718,-1.6625680078166365,-1.803860796958468,-0.8899993147939619,-0.647262796915763,-1.5963823020541803,related,8
UBERON:0004470,related,,set of muscles of pelvis,Mistral-Small-3.1-24B-Instruct-2503,-1,0.3856479583752702,-0.0746885772036542,-0.1706687231197514,0.2510371114089604,0.0087870406971332,-0.4404738833275438,-0.4043135906411767,-0.1677328487814857,0.7047884754568376,0.1506167896463306,-0.0203522825660389,0.6684617685797359,-0.5080638792691515,-0.6741691827744746,-0.6220808603842709,-0.6065107102953037,0.108856315707122,-0.3225440153100143,-0.2640051398307237,-0.0648332313762391,0.5394880842435159,-0.0786538650658834,-0.128963324254706,0.4018063156526664,0.4225439329889769,-0.2436665475991538,-0.2614198377594439,0.2810298391292368,0.1502706213190834,-0.0520314383982025,-0.0850961051877134,0.0003749717951565,0.6301092349815475,0.1112179591127348,0.0030614197996037,0.54937182395914,-0.1680826378424208,-0.5803924054291948,-0.4760527931665538,-0.3643723228573977,exact,8
UBERON:0004470,related,,muscular system of pelvis,Mistral-Small-3.1-24B-Instruct-2503,-1,0.5497031799309934,0.1407747957616781,0.0303684563394669,0.4639614795331415,0.296117281304553,-0.1908909662599488,-0.2185379427574127,0.1464141572106117,0.8118964648303357,0.2648279367662038,-0.0064676526193268,0.8144898443697016,-0.478341755286045,-0.6340126773222827,-0.5483879590677486,-0.5809289373133263,0.0858754207818749,-0.343432488401338,-0.2772856442619296,-0.0888410463983336,0.29099489639289,-0.2824572609672532,-0.2941936844455869,0.1178500522017629,-0.1769914140354939,-0.5738537498373314,-0.5225152077987218,-0.3388019842078955,0.5727225465951473,0.2851070672219182,0.184766509487736,0.4720456041329261,0.4689944594264073,-0.0687224034225467,-0.1889775731247585,0.3435350400105239,-0.0650479420795306,-0.5334702807256138,-0.4526459978570438,-0.2689663853241405,exact,9
UBERON:0004470,exact,,set of muscles of pelvic girdle,Mistral-Small-3.1-24B-Instruct-2503,-1,0.9066233679668187,0.952262182178588,0.7280031542585126,1.0329869199728607,0.5828759769719257,0.1735429154082498,0.038040818416237,0.5052328466949968,0.9497045444643476,0.5486168523825141,0.0286701624678896,1.0176037398771074,0.304276953454252,-0.1520542150120748,-0.1766633679795798,0.1614466056259434,0.9478242873391782,0.9335074251391954,0.6814045255475747,1.0328426775345574,1.1861199133786515,1.7197620976407306,1.5682719811488686,1.482488302335498,1.1565881834966647,1.441755705895618,1.2643300988079311,1.4187371338526529,0.7269263261026655,0.5462909263451505,0.4669109926039229,0.6676360709453178,1.167375332971846,1.820538241851064,1.5419862428796114,1.4776156247082224,0.8438602358546957,0.3374906771275227,0.0944150782499759,0.8278542062577534,exact,9
UBERON:0004470,exact,,pelvic girdle musculature,Mistral-Small-3.1-24B-Instruct-2503,-1,0.9835249048673832,1.2454740308434349,1.043659964274199,1.1892909622795935,0.9927474717700652,1.2183060466469042,1.011974209072878,1.1673667117977418,1.2320714061588127,1.3490335165750875,0.1192209736738138,1.5182056643305226,1.2820075859477875,1.711305733929037,1.5520374634205467,1.5178753013802773,1.0243494789595546,1.1754435240577583,0.830992472013834,1.1720623595993382,1.2685377112299818,2.9177325931785014,2.9963937112941554,1.7485428865930872,1.2000131909431828,1.811420974625879,1.6721933740950088,1.5271781490805127,0.1448401466746749,-0.3350096834372516,-0.3576964371736482,-0.0052220573515252,1.182968238472963,1.8003267395766174,1.7037053440194596,1.51646696587016,1.181048276151481,2.736931980159507,2.7095639587132725,1.702568165188876,exact,9
UBERON:0004470,exact,,pelvic girdle muscles,Mistral-Small-3.1-24B-Instruct-2503,-1,0.7005166812823215,0.3924624588476885,0.1822111547019851,0.6818568887509828,0.641342073427367,0.2918591345056606,0.1132566018795035,0.5861624364724586,1.2133075245384042,1.2550802203416576,0.0973130210266117,1.4796975238644958,0.2564937645068338,-0.1983204939498998,-0.2117913872591426,0.1112712301947435,0.6140059901377716,0.2420920810713764,0.0696792950542126,0.5284315394541497,1.1639854018287217,1.5427877822990004,1.3306695152951784,1.4243973145259574,0.9908148566491464,0.7262294372241672,0.5689602047276171,1.0805567748090996,-0.324075058463268,-0.5988766429653929,-0.5793148943267606,-0.4567098804716429,1.1423846493798764,1.5595280742776212,1.3515873103546814,1.418061158234424,1.1481138103592363,2.0438881425882536,1.7282094557383596,1.55056747078986,exact,9
UBERON:0004470,exact,,pelvic girdle muscle system,Mistral-Small-3.1-24B-Instruct-2503,-1,0.7669679243473158,0.5439958947685011,0.3394337389363855,0.7868784302463276,0.6155759577877445,0.2420526820039727,0.1043984338146798,0.5501025032588487,1.0911363977741688,0.7801315671318064,0.0515494259542619,1.2501098498825047,0.0649641567454962,-0.3601361262719826,-0.3683416415934363,-0.0823199201645268,0.5266807502958263,0.1122189660604917,-0.0129092825557872,0.4148676455079321,1.0813010101731149,1.0543386222933229,0.9006300318070187,1.23432915123319,0.722988848082455,0.1676366760595581,0.072162176629524,0.6613619775428133,-0.3624173081126107,-0.6054057245736604,-0.5723369857499481,-0.4912703490969537,1.0091172074434096,0.9446063404439404,0.7363995222973926,1.1414462847209967,0.964047170441467,0.6998893930962501,0.3810799412606331,1.0519423464252715,exact,9
UBERON:0004470,exact,,muscle group of pelvis,Mistral-Small-3.1-24B-Instruct-2503,-1,0.3688771521812968,-0.1015766804477464,-0.177609143271092,0.2303966937367335,0.1820202929807789,-0.2946797066156617,-0.2902117463969332,0.0172390486539137,0.3850508704514335,-0.1783931632633518,-0.0474017439313215,0.2763860778582259,-0.3722876732731566,-0.5650276119570045,-0.5211305053078594,-0.4883920468330494,-0.2041981432867904,-0.5548922015943327,-0.4184764281712123,-0.3760111517195575,0.5178917042671253,-0.1013855486680665,-0.1392116766720027,0.3756387876054443,0.2005073653002462,-0.3887131124363591,-0.3928909612295116,0.0351714081050563,-0.6682667621606023,-0.7112179268279862,-0.6462775815507623,-0.7569220059617675,0.6657551659829316,0.1460947156236573,0.0434953616205369,0.5976839250837318,0.075413619932906,-0.4551221155531073,-0.4035872011327835,-0.1330063965843262,exact,8
UBERON:0004470,exact,,muscle group of pelvic girdle,Mistral-Small-3.1-24B-Instruct-2503,-1,0.8632161664945305,0.7980645195627938,0.6037078178259137,0.9520927636316232,0.8467169630324105,0.7033456241947061,0.5467592505349799,0.9009943385701112,1.2580759077809924,1.3124617304633912,0.1379619496079616,1.5733633801763154,0.4410803057298499,0.0057426831522124,-0.0714921584966316,0.3099097842203661,1.1302323046612106,1.634139750349637,1.2826835354529758,1.3893570186885689,1.176114469160805,1.6312231811502755,1.519928625484778,1.455748476412247,0.9169213172089384,0.4981235695563392,0.3663395319192728,0.9536595792163772,0.8687858073387568,0.6977725183699902,0.5576095944235293,0.8637398177393159,1.1880881902976006,1.979560461333826,1.7485799293605924,1.5295383832891378,1.0688837801024618,1.2181645284484086,0.8103371871378795,1.2966930649280417,exact,9
UBERON:0004445,exact,,base of proximal phalanx of thumb,Mistral-Small-3.1-24B-Instruct-2503,-1,0.8547264759865041,0.7517481094370049,0.557967971494041,0.9367852105071682,0.6739643986806795,0.2597150826992486,0.1559303509107532,0.6327688836537533,-0.3276556639144864,-0.4499464011597605,-0.0723853897179724,-0.4542841463587732,0.5334137120412786,-0.0850908430500931,-0.1520372731726968,0.4146586882119638,0.9131509032328768,0.830195062057406,0.4990273076781361,0.973506024026337,-0.9021918817039754,-0.7432948344313137,-0.6552804489061389,-0.9513469135267784,-0.6767345413073236,-0.7681659426546753,-0.6785529292814695,-0.7772417354363135,0.201668297005816,-0.2622773456305723,-0.2915049253546046,0.0538483656006504,-0.1738347223584963,-0.157949663459446,-0.2424540212478718,-0.3427653376134563,0.2503772921884583,-0.3426915668885085,-0.3335819457343751,0.0477887501233363,related,8
UBERON:0004445,exact,,basal epiphysis of proximal phalanx of thumb,Mistral-Small-3.1-24B-Instruct-2503,-1,1.082304550105231,1.8780687423714324,1.6947522090786085,1.425798193878436,1.0196007652847774,1.275709971629075,1.0751011406639075,1.2221544908566824,-0.1056621955525334,-0.3417854481433796,-0.0538121530627972,-0.2418880103268229,0.9577017109855478,0.612938236508061,0.4684392897773905,0.962628344908696,1.1225849715967584,1.582598182617446,1.2775806489430002,1.3724438597039756,-1.0405704192384362,-0.7719277303839014,-0.6792260123206549,-1.0575442812301885,-0.2114548966691691,-0.6076431069096249,-0.5632458669477801,-0.3708193756158838,0.2807936018462326,-0.2131253132460485,-0.2529760596294073,0.1380306962859975,-0.1714992179447723,-0.1429516153609849,-0.2152001247522845,-0.3405447379356808,0.5327457658206027,-0.1041476612131747,-0.1930897934214079,0.3761901147477832,exact,9
UBERON:0004367,exact,,posterior limiting membrane,Mistral-Small-3.1-24B-Instruct-2503,-1,-1.6126239820357564,-1.1201286343300614,-0.891431367239764,-1.5440518376584946,-1.4931095894022155,-1.0712764502895218,-0.878555280928153,-1.447644241174053,-1.560507264670015,-0.7644904756951771,-0.108820709459347,-1.4891334197428363,-1.14373637099675,-0.9200335172595632,-0.8089111011655246,-1.1231180152443974,-0.7333183929318985,-0.7821426136862417,-0.6309659394751586,-0.8413727895929761,-0.1383302760269841,-0.5131050477731038,-0.481683912340529,-0.3084533612379373,-0.1793627788979305,-0.5515069199549768,-0.4914395603508125,-0.3410149014435178,-1.4635031035493715,-0.7979781447730548,-0.7209793313220977,-1.3838406957664944,0.1090007956257731,-0.3487552648326676,-0.4103164127501338,-0.0614397371628291,-0.654122595244191,-0.7528154030103337,-0.5840770672103655,-0.7764703423188538,exact,9
UBERON:0004367,exact,,posterior limiting lamina of cornea,Mistral-Small-3.1-24B-Instruct-2503,-1,-1.0135671973000828,-0.9313051674164016,-0.7550873362002253,-1.0937706214791978,-1.460594428825162,-1.0616636135742714,-0.8728152839576669,-1.4238513239335255,0.0925904751763125,-0.1951784076110281,-0.0512596055116161,-0.0418030696294459,-1.6418208165605048,-1.0054630777495417,-0.8738697484563492,-1.4965739579276574,-0.4489495362071591,-0.6574283980032973,-0.52921194183416,-0.5992433153359044,-0.1587267937316309,-0.5230883198703834,-0.4912961744060388,-0.3272337652274993,-0.8997606727032643,-0.811733783795777,-0.7050146882138786,-0.9582388055363752,-1.054798670920047,-0.7180923656974924,-0.6616736042649193,-1.0713947344032833,-0.719536373480703,-0.6781354083161071,-0.7002440608655769,-0.8255770507040547,-0.89764878171542,-0.8238981471373359,-0.6152547735716387,-0.9648726261781412,exact,9
UBERON:0004367,exact,,posterior limiting lamina,Mistral-Small-3.1-24B-Instruct-2503,-1,-1.4393580963370205,-1.0538331680794888,-0.8569754650837678,-1.4184240381978452,-1.801728325915139,-1.156679103388893,-0.9245780985867325,-1.6677946315473815,-0.4527362776146945,-0.4151009249227442,-0.0648209792970685,-0.5693872504686348,-1.99904369912913,-1.0904844402021014,-0.9330846564220102,-1.7521160609811195,-1.4724972035251287,-1.0474853063679956,-0.777988542032696,-1.4064071686046613,-0.8965299008793411,-0.7469642213772523,-0.651971102250617,-0.9469479064414352,-0.675764140968156,-0.7186858531256636,-0.6228626001691961,-0.7764371273489565,-1.6537617939126197,-0.916075665094692,-0.8221788453893033,-1.5235677403115078,-0.875312444731683,-0.7926595234836941,-0.7879174512591027,-0.9525621578863251,-1.4212409962823265,-0.9104564975943432,-0.6615170787635881,-1.3408923927023837,exact,9
UBERON:0004367,exact,,lamina limitans posterior corneae,Mistral-Small-3.1-24B-Instruct-2503,-1,-1.0718158878621131,-0.9537134919682976,-0.7773562520130736,-1.139678981944631,-0.9902595365039166,-0.9076976333564376,-0.7750369957476978,-1.064747524258325,0.2401384086959855,-0.21473264648632,-0.0511779144684975,0.1148310495354795,-1.9094702365091865,-1.0761482550538823,-0.9202054050140668,-1.6888642963784877,-1.3675457145148484,-1.0363440248058051,-0.7318802123894177,-1.3308241985915743,-0.2327816846556568,-0.5541240574796618,-0.5102149898226839,-0.3945089479246484,-0.9876153373592036,-0.8074015888709746,-0.7002057125281791,-1.0275559981267766,-0.9157392247157096,-0.7777757403870932,-0.7008591986330462,-0.9606442022613456,-0.9595657485848432,-0.8506125905290515,-0.7632978298305461,-1.0196108920426836,-0.9156705007564564,-0.801637983240404,-0.6059250620734808,-0.9784307275684776,exact,9
UBERON:0004367,exact,,lamina limitans posterior,Mistral-Small-3.1-24B-Instruct-2503,-1,-1.446875828174158,-1.048727737602816,-0.8529887130497005,-1.4239459185647891,-1.3725174898304064,-1.0353052231351938,-0.8487667762742174,-1.358780913593714,-0.3540515608030531,-0.4280202356960426,-0.0720370328294654,-0.4788289002069301,-2.1560973549805302,-1.1330033944901563,-0.96679460279562,-1.861811645982435,-1.837278664185291,-1.1570313152123983,-0.8245923370255114,-1.6593927342548729,-1.0699775032836296,-0.7889865276296882,-0.6750001508672058,-1.0798009619658335,-0.6662905057242229,-0.6933739368811583,-0.6030609022568855,-0.7685737931312022,-1.47019992323956,-0.9356846963022204,-0.8208047908702161,-1.3888156360306143,-1.5958337857388445,-0.9602622622591592,-0.9193826090294256,-1.495257349611236,-1.980879745003296,-0.9764319483477903,-0.696513770348433,-1.7101942786891398,exact,9
UBERON:0004367,exact,,Descemet's posterior elastic lamina,Mistral-Small-3.1-24B-Instruct-2503,-1,0.1564019809293174,-0.3038606580396453,-0.3258232118984601,-0.0166338475891572,0.2633101358124754,-0.1848637256307799,-0.2021654555202662,0.108603711735193,0.5381033531305269,-0.1252702454529198,-0.0232305211544145,0.4570478504687826,-0.1862627996203295,-0.4399121604457032,-0.4584156743762305,-0.3208876145292663,0.4295451425215233,0.0104717624921548,-0.0063259186087843,0.2948361192727155,0.7176636383949735,0.1474601260830883,0.0766735029237815,0.631846469514706,-0.0272439633774651,-0.4168236332510703,-0.4065531863003971,-0.195909050865299,0.5091096020048326,-0.0355862619762111,-0.113365033179268,0.3956611480664211,0.5853479024560141,0.125167340415279,0.0565649568346663,0.4902321507615008,-0.068099637037546,-0.5643836107079192,-0.4624717981638404,-0.2718416872932364,exact,9
UBERON:0004316,exact,,second distal phalanx of foot,Mistral-Small-3.1-24B-Instruct-2503,-1,0.9682016079386384,1.1805327587895522,0.9928756710200524,1.15659713330064,0.9483774130207852,0.9215969488909452,0.7316545079608142,1.081322888468579,0.7780101784927164,0.6085075654315083,0.0371010977894896,0.7672988866929746,0.8017638685467388,0.2756047101484116,0.1882010357867647,0.7457053085067157,0.6709795938612382,0.3140637485460228,0.090561577298122,0.6058485706858635,0.5977173432454902,0.0028964926916668,-0.0736187695089708,0.4740551806768449,0.4455252963153829,-0.316716744168248,-0.3244114816771573,0.3079196540717505,0.2432421458225449,-0.2027071802622463,-0.2281002069262546,0.0977874918536208,0.5811944648546254,0.5228539376710177,0.3705557899321465,0.4848260596176912,0.4933714702894279,-0.1492819330141719,-0.2178004594941314,0.3269491898361449,exact,9
UBERON:0004316,exact,,foot digit 2 distal phalanx,Mistral-Small-3.1-24B-Instruct-2503,-1,0.9733728730273864,1.1987561119340406,0.980473193497318,1.167534638514061,0.7904935592221539,0.4720851679402841,0.3165853597989287,0.8092171046361853,0.7133345160521037,0.2442890776232756,0.0113297710393092,0.679790116433204,1.1838565508876502,1.2012731173019902,1.108105634892617,1.328739796752953,0.7130950280025703,0.381111807140452,0.1152472021427664,0.6649761341443914,0.8538618873703513,0.3818686477361904,0.2273652019221209,0.8298087793854273,0.8884306894359636,0.2579714008488633,0.2045782006831346,0.9074165213794496,0.0102805996739257,-0.4315350452217447,-0.4161031842263799,-0.1409063645115906,0.5599840528695651,0.4758087600826918,0.3170632717987575,0.4574251735251326,0.8697919028178522,0.4596210614829001,0.2190819606093586,0.8727762063999662,exact,9
UBERON:0004316,exact,,distal phalanx of the 2nd toe,Mistral-Small-3.1-24B-Instruct-2503,-1,0.9392688038692328,1.0510011637907846,0.8031879765658062,1.0970763088787885,0.8725094815632852,0.6868527865043765,0.5232737888730177,0.9448361472225688,0.9195143841231675,0.6968571083763302,0.0695731008993758,0.9714030030939288,0.8761353204997824,0.4254607895257268,0.3183355859364805,0.8463874262046377,0.6786074790597453,0.3287098483084034,0.1115438417980795,0.6164326551561895,0.4799433502501116,-0.1279508140340609,-0.1479997139621136,0.3304220409296701,0.4205978318045874,-0.3502846300512255,-0.3759472325331874,0.2787666474513831,0.4840441810581591,0.2379116867195377,0.2660447766475742,0.3661685122546811,0.8367338196833317,1.0777764270185817,0.8372757358114267,0.8474403443580307,0.5142766643770301,-0.1265556356600646,-0.2001118777013552,0.3529281888478416,exact,9
UBERON:0004316,exact,,distal phalanx of second toe,Mistral-Small-3.1-24B-Instruct-2503,-1,0.9701093723112554,1.1921265514615893,0.97494213087009,1.1606210459915265,0.9538560129556116,0.9380135889019224,0.7462784484677955,1.0916721930848123,0.7445988004724238,0.5448876528057381,0.0377804670822183,0.7216902788089348,0.8900841144140567,0.4507123284370592,0.368124657947575,0.8658070992819578,0.7006916112775192,0.3670354465097502,0.1487220601501868,0.647384652537204,0.3548039903397215,-0.2264941269929213,-0.2295544349563699,0.1875032351215816,0.3717426597710798,-0.3885150986980865,-0.4014772001405123,0.2226339096791477,1.017954509014694,0.9012297154656724,0.7607703505754354,1.092733386857306,0.7575597196439178,0.8241164195488734,0.6405828780705146,0.7277098834976916,0.4640898534332317,-0.1777218282724516,-0.2374568852969402,0.2911579086471881,exact,9
UBERON:0004316,exact,,distal phalanx of second digit of foot,Mistral-Small-3.1-24B-Instruct-2503,-1,1.03075111133194,1.496496282001709,1.3138170500585615,1.2960660828367048,0.999894113187529,1.1007067423664108,0.8859234499302452,1.1817326344524897,1.164095631221379,1.4864459592350727,0.1261363987238068,1.3831938553554042,1.0342372143506418,0.6751341660653215,0.5025459241236617,1.078298025114156,0.8528603579287563,0.6680555410751076,0.3729677022599456,0.8749724185119923,0.7353105509570823,0.1756771578530498,0.0766610408723362,0.6562383964837897,0.6853544396346173,-0.0697827113178223,-0.1223254044732259,0.609736370310518,1.158200145657514,1.5174907211476865,1.3886531026638336,1.3390457713499366,0.845862089000394,1.0840142761096814,0.8680420279502098,0.8617679785301668,0.6468463388872875,0.018616310371192,-0.10534522541887,0.5271699142236698,exact,9
UBERON:0004316,exact,,distal phalanx of foot digit 2,Mistral-Small-3.1-24B-Instruct-2503,-1,1.182665192494439,3.117125872723956,3.3242530287352663,1.7485793615313732,1.219586358851877,2.778225476793037,2.8307845802731624,1.741237997326229,1.3176572741142676,2.268080141914244,0.2256182746478544,1.7090692045064009,1.3753280028388986,2.210011821282375,2.1375129633674024,1.7268175963427657,0.8678416973285437,0.6858472867504151,0.4125481456552337,0.8989475894895845,0.8938391685568589,0.4665713991240213,0.2843074695256853,0.8928476720342022,1.121408724814427,0.9868153709400886,0.8293982581577007,1.3385250363128471,1.3837517893595597,3.0019339001427205,2.960861419493636,1.85863480610834,1.2098990992852716,2.9239431057849288,2.800433835699026,1.587158943377998,0.9131833517558836,0.5602203321377658,0.272724286398505,0.9518121571037306,exact,9
UBERON:0004316,exact,,distal phalanx of 2nd toe,Mistral-Small-3.1-24B-Instruct-2503,-1,0.9536743715808292,1.1198227520506998,0.8793992966629579,1.1263680698304286,0.9800158422971414,1.0359558202731332,0.839626918595184,1.142138227804919,-0.3448782101938141,-0.4695331964481013,-0.0668960736918005,-0.470314787612516,0.9433994771831964,0.5516071522047008,0.4177278204387317,0.9417589839473072,0.6712410596145014,0.3177397696651686,0.1051921626867676,0.6062104786337591,0.4491812394935954,-0.1522040199210212,-0.164052855411779,0.2944440943645896,0.4056532588501703,-0.3618090084005165,-0.386013110283337,0.2614577541666694,-0.0791900257315339,-0.3933955626308687,-0.3801050160400471,-0.2281770612420488,0.8723318538999838,1.1323643286572982,0.8903379660279537,0.9039923449580896,0.4809072004702086,-0.1796096830158756,-0.2373395506370561,0.3116307606636356,exact,9
UBERON:0004316,exact,,2nd toe distal phalanx,Mistral-Small-3.1-24B-Instruct-2503,-1,0.8175097752335233,0.6391870799236334,0.4510728451708563,0.8714548011042105,0.7576685529506999,0.4127114642486605,0.286303347729141,0.7577824074323206,0.6050804351316048,0.2514787521833151,-0.0057856375460207,0.5399465473077127,0.7839206830962823,0.2646903375837456,0.1663182974809519,0.722216290688723,0.6011228593860721,0.2021779300196041,0.0601550387375471,0.5113062991347345,0.5459410994660033,-0.0607423820785955,-0.0967561360493738,0.4096889628123119,0.5666679544546527,-0.2059310312603764,-0.2367719314425437,0.4551015728354699,-0.2014536604737979,-0.4741970086905784,-0.4565220750585537,-0.3440447499009872,0.4317114592155257,0.2876288308747025,0.1167442612278034,0.2984396101029697,0.5334124533224215,-0.1002124904394082,-0.1778373247057705,0.3770354148548283,exact,9
UBERON:0004292,related,,trigonum fibrosum sinistrum cordis,Mistral-Small-3.1-24B-Instruct-2503,-1,-2.625873515201956,-1.2884349545201053,-0.9965300686165018,-2.2227082900021777,-1.974188128796221,-1.177532821887557,-0.954903827146412,-1.786728661363579,-3.001530539004164,-1.0481760599580017,-0.1302686077325347,-2.5326292057553306,-1.1906963685478351,-0.9463349296182514,-0.8278116226190442,-1.159329883270619,-1.4463722369387404,-1.0769052803990715,-0.7850688460624348,-1.387717545471191,-2.1869365178448663,-0.963116647222824,-0.8135473956597905,-1.8641787410617832,-2.1060000973249986,-0.963153856770762,-0.8418830990206332,-1.8386401276106248,-0.9794313464181108,-0.8800769981052209,-0.792538424653194,-1.0116798428468097,-1.6287910628987787,-1.070041705594257,-0.961143628551686,-1.518626765826522,-2.011419399111376,-0.9311781726992266,-0.6800769229900012,-1.7295787211481877,related,8
UBERON:0004292,related,,trigonum fibrosum dextrum cordis,Mistral-Small-3.1-24B-Instruct-2503,-1,-2.5934074536465297,-1.2848318732896356,-0.9969861138713428,-2.2021851790111406,-2.063948640386115,-1.1989465314911472,-0.9693451795407692,-1.847578936729904,-3.0169950778332906,-1.0416555373233547,-0.1320049342285607,-2.543294094703933,-1.4090513675826972,-1.0292681674944029,-0.8942394731908375,-1.324836763987981,-1.0826949828894668,-0.967500710795086,-0.7340388137405699,-1.1184803617452244,-2.173365904414194,-0.962633272750847,-0.8243116806589451,-1.855206122357452,-2.0084377596962684,-0.9567220589018532,-0.8350384508347051,-1.7720295886698734,-0.781438713945861,-0.8281009752440078,-0.7536924795398526,-0.8512072092993715,-1.7589495030919684,-1.0909559554687809,-0.969066502126392,-1.6098729960363454,-1.9993235618589509,-0.9250714578325636,-0.6719184234280247,-1.7219096346629803,related,8
UBERON:0004292,related,,trigona fibrosa,Mistral-Small-3.1-24B-Instruct-2503,-1,-1.7247969118487103,-1.132705924150835,-0.9000852711924049,-1.6236508099790086,-1.2856605197226263,-1.0001221356100536,-0.8369306682478992,-1.2936880264937352,-1.9518713579825144,-0.8540360009552784,-0.1065400645985218,-1.7845767087206157,-1.5359715085268038,-0.9950662679828916,-0.8794474456781362,-1.4190374195425464,-1.0042358090445398,-0.9371967465067396,-0.707347630494687,-1.0579697162580666,-3.118911948315621,-1.061807474883897,-0.8761366697468802,-2.459055612674941,-2.180638154000216,-1.01549862627113,-0.8742251500811368,-1.889183770039464,-0.7480675161917824,-0.8162479901715559,-0.7417109148809522,-0.8236093926232817,-1.5774414204017484,-1.0728926060944126,-1.0031819930728985,-1.4821675615942056,-1.789111626010724,-0.9026094382583816,-0.6568549743491425,-1.586782980943183,undefined,-1
UBERON:0004292,related,,anulus fibrosus sinister cordis,Mistral-Small-3.1-24B-Instruct-2503,-1,-1.6136647703979312,-1.1039594077867427,-0.8701242478535094,-1.544796446100291,-1.8385308500981707,-1.1615981821369732,-0.9520441556448604,-1.6934063879949193,-1.5571671274851862,-0.7857808231159774,-0.1000717455908078,-1.4865608440139635,-1.4603763272741372,-1.0255885893799928,-0.90759361342244,-1.3630978050070195,-0.9262109708723888,-0.9126289296382536,-0.698439093987678,-0.9968476648382928,-2.2988119803062523,-0.9763075604012328,-0.8259150525861616,-1.937750124465066,-2.12939958903284,-1.0155239100475066,-0.8699530317144012,-1.8545237154132088,-1.2946955455903255,-0.9435284328669564,-0.8392519823175467,-1.2569707777064802,-1.005154909121118,-0.9468127698086036,-0.8416427826022254,-1.0554435182790474,-1.9502208921236053,-0.9138038978699136,-0.6692647918737568,-1.690661984673089,undefined,-1
UBERON:0004292,related,,anulus fibrosus dexter cordis,Mistral-Small-3.1-24B-Instruct-2503,-1,-1.729992510666701,-1.1198949152067363,-0.8905199092231596,-1.6273064088458298,-1.990128486111909,-1.1898301852242703,-0.9676751068822504,-1.797585872272803,-2.123096011149204,-0.9396090249966754,-0.1095947439005129,-1.9105070604583696,-1.4238974810737697,-1.0027351013976695,-0.887091302000601,-1.3359279558398265,-1.003323920219109,-0.9374646650736806,-0.7351399945809838,-1.0572609140325584,-2.18472808671586,-0.9651925179898562,-0.8129463840369596,-1.8627192995660136,-2.13570882216237,-1.013612076034727,-0.86949644292646,-1.8588004585865288,-0.8074816301034801,-0.8314193322315863,-0.750852439672044,-0.8726298125646994,-1.4613646349197726,-1.041440658912561,-0.94780890421441,-1.3987365647631016,-1.864820906403018,-0.9036065365720644,-0.653133465382439,-1.635863171308699,exact,9
UBERON:0004292,exact,,skeleton of heart,Mistral-Small-3.1-24B-Instruct-2503,-1,0.1419734699872922,-0.3810075899768534,-0.360794814566075,-0.0325502814848481,-1.143507353220916,-0.9817918397285976,-0.8189344706203096,-1.1850457304764666,-1.8537396746003687,-0.911015429547288,-0.1031702693510882,-1.711545278914727,0.6402778799158316,0.1814593530784868,0.0680822317897065,0.5412415129073536,0.0438183302383783,-0.4092585421516195,-0.4126834196560923,-0.1322565809961522,1.1672716173248032,1.6099170687596265,1.4016617563197056,1.4327827952885157,1.1088232847853985,1.4939591583435958,1.321656327601275,1.3111784354848388,0.5731330945837445,-0.1893535911070269,-0.243585504273154,0.4725460650795859,0.9431476075649682,0.4499897909190649,0.2706351103970893,1.0224658275651022,1.131317103802192,1.92254454284044,1.6070490621493625,1.4877241575129554,exact,9
UBERON:0004292,exact,,heart fibrous skeleton,Mistral-Small-3.1-24B-Instruct-2503,-1,-0.7618333777869685,-0.8744139350167759,-0.7310351518170919,-0.8890175248614121,-0.6502407732915314,-0.7943778488527735,-0.6736214861739653,-0.7842464891436651,-2.497450766616572,-1.0095797546260148,-0.1263605347372584,-2.1799971571916967,0.4343592141849673,-0.0152274068942811,-0.0760862143208794,0.3024363300815347,0.3134608306946119,-0.1930784706303242,-0.2473995584373433,0.1587948020338606,0.4111560638667902,-0.1628428791361991,-0.2058604351040842,0.2507572043020377,0.5673729217598715,0.1638369966672027,0.0493084020899353,0.455987197505067,0.7421732964029956,-0.0403435715085376,-0.1077831674444033,0.6878899889092731,0.7266991778514312,0.0193045116607147,-0.1084964749905372,0.6830359996765292,0.3717040972795002,-0.2104136897299569,-0.2525164813456026,0.1823863238475471,exact,9
UBERON:0004292,exact,,cardiac fibrous skeleton,Mistral-Small-3.1-24B-Instruct-2503,-1,-0.7183691658633117,-0.853080843618589,-0.7085174150050498,-0.8525268448871381,-0.5850745549030381,-0.7596969137886107,-0.6564890909636897,-0.728041802166552,-1.382402021267242,-0.7991925132544699,-0.0889059730152858,-1.350600720958302,0.8656451590939801,0.528371834357906,0.3949000705437698,0.8318994356377852,0.4394549106576008,-0.05129176385582,-0.1354899225006696,0.3068064379111416,0.5396360228881144,-0.0515872079897301,-0.1034339318870138,0.4019866961240451,0.552821401715941,0.1449319522243658,0.0145151546888146,0.4377795156424843,0.8921264379857167,0.1822625983707093,0.0895739343265858,0.8978315427310135,0.9602388960630748,0.4991835899453782,0.3247788641653044,1.0524124893787508,0.3672545258180584,-0.2168052385870381,-0.2578980973006377,0.1772942625959566,exact,9
UBERON:0004275,exact,,third ventricle epithelium of choroid plexus,Mistral-Small-3.1-24B-Instruct-2503,-1,1.1329458216566295,2.433738809278943,2.372035988588397,1.5727501884880442,1.2031800681611504,2.669128876391556,2.6669640883528176,1.6865417581388538,-1.0921718477902642,-0.6889992346623134,-0.0976721688144006,-1.1183041561101608,1.3597516653380446,2.061512096976829,1.950795017773438,1.6893045599147825,0.8710657213274594,0.7255572348202672,0.4102623372211263,0.9041494135399454,1.2369126884308077,2.4040660872853548,2.3043473039784788,1.6340957863531862,1.2915888108492246,3.106458648312989,3.16360537996978,1.813393443031716,0.098131026767243,-0.4119531909408287,-0.4196833704826138,-0.0529632534681784,1.181314012206248,1.9323048987758829,1.7522094356562932,1.512278014147615,1.1981138249596457,3.389489699522736,3.9982451933641774,1.812863875347536,exact,9
UBERON:0004275,exact,,third ventricle epithelium of chorioid plexus of cerebral hemisphere,Mistral-Small-3.1-24B-Instruct-2503,-1,0.8169250704822949,0.7006808926856736,0.5079186661413518,0.8704502251728576,0.9371942354642387,0.9697796023136388,0.7718599166166258,1.0604204220687583,-0.7802906272175251,-0.6498516702016023,-0.0951769226573708,-0.8578968396503245,0.7055078118899999,0.1610865765967327,0.072464465305494,0.6217351240364443,0.300661974028675,-0.1416441495614782,-0.1822836467380547,0.1442366327521516,0.782324995844492,0.2920116740100143,0.1887367703124159,0.722931423483184,0.8570007271902748,0.4257517181676463,0.2862938919202932,0.8578945323914388,-0.1968584554871425,-0.542762838533285,-0.5126970266549858,-0.3397561785355105,0.6872293677227101,0.2906740791124913,0.1769587411902909,0.6273460039165792,0.4485584082960476,-0.2343644478254244,-0.2917423716309515,0.2724438662879321,related,8
UBERON:0004275,exact,,third ventricle epithelial tissue of choroid plexus,Mistral-Small-3.1-24B-Instruct-2503,-1,1.1096438425339523,2.180135161769174,2.116825830636576,1.5021419861602632,1.1440795257600318,2.0603040710260383,1.9523197787975948,1.5136699365430075,-1.163605140007166,-0.7090744980977125,-0.0983066235704144,-1.1762988603777782,0.9720539096388208,0.6181265306053305,0.4969534183683056,0.9837947200965118,0.8205574525937755,0.6089542848497416,0.3117148538779978,0.824329708746234,1.1124514123335771,1.2751308799640635,1.074347233443822,1.3018146754767648,1.1021560636315877,1.1925144776193015,1.0203994270103056,1.296949279851313,0.0501237932196754,-0.4369219073590223,-0.4606030879022258,-0.1013102107428507,0.9427029538320828,0.8240919965203808,0.5874817970045001,1.0216942956718629,1.1510143138017463,2.0874968738754025,1.7661763958167618,1.562180442394398,exact,8
UBERON:0004275,exact,,third ventricle epithelial tissue of chorioid plexus of cerebral hemisphere,Mistral-Small-3.1-24B-Instruct-2503,-1,0.7954863597701912,0.6430124274788606,0.4618864565343985,0.8340520584577209,0.9087497794737708,0.8769833388377103,0.7119743856406877,1.0085294220467005,-0.8479920021304417,-0.6540162232081801,-0.0956432891321152,-0.9154958686631208,0.4518915527350177,-0.1087779465519432,-0.176552626317141,0.3219727411450551,0.2871846029286499,-0.1567477529378377,-0.1811332274245368,0.1289952400637264,0.5887052556849477,0.0263776483968848,-0.0357957661172652,0.4627038759308711,0.5191277156538407,-0.0516247929787919,-0.1022484816819938,0.3961907935853889,-0.2791112562549796,-0.5757473543263171,-0.549689779131267,-0.4157843755416072,0.6219632071901836,0.1940196188337711,0.0469110807143425,0.5384862407775327,0.4645217554758186,-0.2044243284649464,-0.2729470474675446,0.2916809375561532,related,8
UBERON:0004275,exact,,third ventricle choroid plexus epithelial tissue,Mistral-Small-3.1-24B-Instruct-2503,-1,1.2325590709333871,4.766625074939557,6.5886164539014365,1.9965456453764767,1.208660997762852,2.7180144201832688,2.647614595545241,1.7044096188673408,-0.283406062204926,-0.5337442617210133,-0.0799031194152628,-0.4128172161712311,1.2481633617636427,1.3957757297355575,1.2183916480465236,1.449792935517385,1.118258901860948,1.5643463756904823,1.156662133410668,1.3629730967013995,1.19028805616734,1.847051072529305,1.6317395777607822,1.4938819945935171,1.105534932375572,1.209292501740759,1.009877841316759,1.3041387947949972,1.274276235714492,1.4211151603425711,1.2383741726316435,1.578871216448679,1.086329683940963,1.2517023398818403,1.066293053449613,1.2944712066547968,1.1450781117731683,1.9786932485176447,1.5922832779620828,1.5386765721582767,exact,9
UBERON:0004275,exact,,third ventricle chorioid plexus of cerebral hemisphere epithelium,Mistral-Small-3.1-24B-Instruct-2503,-1,0.9647795903577274,1.238380719999253,1.069324700358171,1.1494113907103003,1.093949753939652,1.6941784957293728,1.5018539753723774,1.3873403575464238,-1.0164385955818778,-0.7107979557522006,-0.0991820085804884,-1.0561838986278826,0.8430790665875498,0.3567401763607802,0.2651639585285507,0.8010614351750878,0.4178807447023899,-0.0322769934446868,-0.1076102750589321,0.2808220062372891,0.702831743435225,0.1658900379457798,0.0769843209935612,0.6115985828868559,0.8413479250807593,0.3828488542121869,0.2525877272567963,0.8337718628771721,1.0265887242129768,0.5569846798814838,0.3983366646945619,1.1068947137227274,0.8440791848045482,0.5685942941422683,0.4789003403344479,0.8589603792243679,0.4756898031552789,-0.2052831993578124,-0.2720214219500129,0.3052555541259947,related,8
UBERON:0004275,exact,,third ventricle chorioid plexus of cerebral hemisphere epithelial tissue,Mistral-Small-3.1-24B-Instruct-2503,-1,0.955990247355314,1.1970915659228305,1.028577684563826,1.1311393839998845,1.078896999703412,1.59653342693164,1.3607651891170631,1.3520383059423575,-0.90388686378651,-0.6901384778514911,-0.0986221049240526,-0.9625823599077582,0.6536299624547544,0.0799246845961633,0.0058919333708275,0.5575058344000793,0.4676932120100343,0.0401506386792869,-0.0489709067049059,0.3412487345611937,0.6139054058315582,0.0529450728732055,-0.0109805043101603,0.4946089565065499,0.6985645239155808,0.1540476936836533,0.0491605110636177,0.6277014301618119,0.8172292886802455,0.1874419198713681,0.1151195808856747,0.7903809804431379,0.7551112646035122,0.3513619257202487,0.2528386769309783,0.7241273073073888,0.4907754139259216,-0.1745594831290069,-0.2520400570057515,0.3237483119860483,related,8
UBERON:0004275,exact,,epithelium of choroid plexus of third ventricle,Mistral-Small-3.1-24B-Instruct-2503,-1,0.94290009152163,1.1315052705680042,0.9294392145690982,1.1043984026418718,0.9622296122606764,1.0645915903845815,0.9414136806547292,1.1076337477130391,-0.8240703236957597,-0.6284528501370286,-0.0937205876894629,-0.8952160566044595,1.1236857648432812,0.9778189264420578,0.7231298387202181,1.223495371716954,0.4983733009755876,0.0827642162404193,-0.0468743499042208,0.3792475701528444,1.158408609323856,1.5657485715551749,1.3951596321794786,1.4103425379692225,1.213152329989266,1.9530054854646863,1.841363819059231,1.5625704750370837,-0.3123280097657288,-0.5846312947582927,-0.5328176656700656,-0.4460597666436525,0.8803220384216225,0.659004697006298,0.4890650410511915,0.9169446258367986,1.174802466923916,2.4476644542921235,2.337419707904852,1.6694557305630815,exact,9
UBERON:0004275,exact,,epithelium of chorioid plexus of cerebral hemisphere of third ventricle,Mistral-Small-3.1-24B-Instruct-2503,-1,0.7023041675075393,0.4388171667492455,0.265386322642378,0.6845999668520437,0.6933829486410291,0.3656144321886745,0.2228499501840047,0.6610463189836008,-0.805630488107109,-0.6642101296391635,-0.0954955315341254,-0.8795299385872187,0.4927861450225782,-0.1028373702619541,-0.175222151888025,0.3680774747731536,0.149783269151803,-0.2789044115285753,-0.2764763913239209,-0.0215587668892573,0.6819461535019055,0.1358192305807575,0.0709492987197372,0.5834617417033324,0.7551747440377309,0.2413964871896241,0.1328598854718751,0.7066498684440176,-0.4774411245750058,-0.6417306716513337,-0.5962225574898367,-0.5931822440626926,0.3667569852224494,-0.0919685378365904,-0.2041671002844233,0.2218368678928332,0.4461419241079539,-0.2532814504767056,-0.3011851725637964,0.2695485200226545,related,8
UBERON:0004275,exact,,epithelial tissue of choroid plexus of third ventricle,Mistral-Small-3.1-24B-Instruct-2503,-1,0.9327313736958668,1.0907153351608467,0.8791421549604969,1.0839956373429522,0.8717725302750996,0.7749343859497804,0.6213295634354505,0.9435669962812993,-0.8014140411665645,-0.6528176504671733,-0.0987447613142205,-0.875936527724692,0.8114074943225812,0.3185377736838078,0.1762931052060579,0.7585031511427768,0.5195174530060102,0.1072067574634172,-0.0150233559133203,0.4058016180413865,1.0630045366727687,1.029213406242364,0.8255479213121424,1.1965475001038934,1.025268961464418,0.8756984992593685,0.7171291456523012,1.14378294922833,-0.2370677209893913,-0.5594822495919572,-0.5323213998027668,-0.3771152508761181,0.7542734283093939,0.4018088550846374,0.2112986951125041,0.7229029304427916,1.1223513953315258,1.6729307030217389,1.2811066582192183,1.456736071577425,exact,9
UBERON:0004275,exact,,epithelial tissue of chorioid plexus of cerebral hemisphere of third ventricle,Mistral-Small-3.1-24B-Instruct-2503,-1,0.6885417054973534,0.4099070896660223,0.2394404244313167,0.6635886461832854,0.6557914439429324,0.2994664034627934,0.1503739319401043,0.6066707423523385,-0.7382242952682522,-0.6506673423678324,-0.0942207037385013,-0.8217820514569926,0.3300461205431286,-0.2381265222189246,-0.289872276210956,0.1888503529770559,0.164846721763359,-0.2676127480947647,-0.2678685897340179,-0.0054588179657857,0.586592281110682,0.0203333952768728,-0.0322319293293957,0.4600517140149354,0.5354732531315267,-0.0383693450505217,-0.0919364309137096,0.4162687832145278,-0.5021057724851916,-0.6648882769204449,-0.6188548504200475,-0.614706660314869,0.3487342114929125,-0.1082792642294449,-0.2149641633964301,0.2009973688597833,0.4889451193679101,-0.1895767421488939,-0.2597369027450161,0.3214948947334424,related,8
UBERON:0004275,exact,,choroid plexus epithelium of third ventricle,Mistral-Small-3.1-24B-Instruct-2503,-1,1.101545577442028,2.10096240697822,2.045035752743951,1.4788692850659586,1.1192328519804848,1.866678114913532,1.7009119108557726,1.4492137838050827,-0.9572736399449944,-0.6413826148266432,-0.0959907455707372,-1.007177431455086,1.3468300177033734,1.9788338136770325,1.7968896179501967,1.6590906139453,0.5832286618424923,0.1933629204115469,0.0253698633598876,0.4877403314067208,1.28397771388308,3.430942250068774,3.737975292955064,1.8138356807532656,1.2704960586030811,2.6913603578107987,2.5957338010939144,1.7372144022288154,0.0914801493519689,-0.4150719515520834,-0.4194055728705595,-0.0597039718771744,1.066042893536108,1.260586105136831,1.1523678667627566,1.252567279238815,1.197869235272446,3.4298809753575545,4.063192865840742,1.8109689963730649,exact,9
UBERON:0004275,exact,,choroid plexus epithelial tissue of third ventricle,Mistral-Small-3.1-24B-Instruct-2503,-1,1.0805066351389092,1.91689772217056,1.781980574425037,1.4209857421884124,1.083616128236926,1.6328861086939466,1.489542189805773,1.3629914253098212,-1.0146936731258327,-0.6672019707538616,-0.0969869196335881,-1.054744662731859,1.0409902506362776,0.7731467087391518,0.6063590796657884,1.0888546503343732,0.6164866734827819,0.2400589444060039,0.0452216358861972,0.531744618736718,1.1752565010831333,1.70625394260571,1.5287308798072905,1.4534937529603251,1.145411454884369,1.427378500830282,1.2975795218333896,1.3926037924342665,0.0630633860745683,-0.4298572548164615,-0.4388522625073456,-0.0883489061082481,0.887307820218657,0.6789551583225306,0.4395546811471406,0.9283503796839812,1.1380562205001428,1.8884233599356672,1.5035262634216966,1.5121129236017752,exact,9
UBERON:0004275,exact,,chorioid plexus of cerebral hemisphere epithelium of third ventricle,Mistral-Small-3.1-24B-Instruct-2503,-1,0.8218126738130151,0.7228648484739275,0.5392144899857515,0.8788675470227236,0.9007365019787356,0.8510517518702201,0.6563844771447415,0.9942223690111636,-0.8727430382829836,-0.6588543709340332,-0.0959057978617537,-0.9363974684336224,0.6987723861665743,0.1236385218357341,0.0761668942481653,0.6132998845261434,0.2965606351882312,-0.146301732268056,-0.1904858758950546,0.1395889360214112,0.5133527641044433,-0.0575172294204646,-0.1217055377738973,0.3701800597779931,0.8069309238078678,0.3104612697428374,0.2058989836923462,0.7818992668923027,-0.3072904881961205,-0.5830666097394718,-0.5533513039436871,-0.4414836398800922,0.5005927546792437,0.0443147946809261,-0.0623097739630121,0.3824454693291169,0.4625314971983303,-0.2271772526664122,-0.2888023152256057,0.2892719471009344,related,8
UBERON:0004275,exact,,chorioid plexus of cerebral hemisphere epithelial tissue of third ventricle,Mistral-Small-3.1-24B-Instruct-2503,-1,0.8215387455466846,0.7210812090134566,0.5409631309386852,0.8783945879872128,0.8800195510132789,0.7909440273268021,0.5933379528598549,0.9578270507563962,-0.7517010695438996,-0.6350928860612831,-0.0933399055726854,-0.8333799479884706,0.553900529563042,-0.039061840780951,-0.0922774393513899,0.438456233406756,0.2914307203266857,-0.1522827130025267,-0.1896143729865034,0.133787416606745,0.5650947804340231,-0.0038386974713781,-0.0793514183518415,0.4332641800314008,0.6788136151636393,0.1245273776850297,0.0432303439284179,0.6009016158872816,-0.2633877570393136,-0.5921126911473814,-0.572953004419392,-0.4013690880886481,0.5392554682413611,0.0838819667118568,-0.0230048129411386,0.4309710685394139,0.4944473553059078,-0.1742212326939669,-0.2563388649051197,0.3282773437779184,related,8
UBERON:0004230,exact,,vesical neck smooth muscle tissue,Mistral-Small-3.1-24B-Instruct-2503,-1,0.4560864567890101,0.0079074999814855,-0.0541757861470449,0.3398761743712755,-0.5229796140116728,-0.7352044709103684,-0.6382997763939984,-0.6736622749624417,0.5298332519708551,-0.0232321218448755,-0.0140288773735803,0.4469856674390863,-0.2097638901157286,-0.5568710191683544,-0.5096160891460237,-0.3424427285216621,0.87753537806523,0.7483220892887189,0.4895357615886472,0.9146341552715836,0.8535234159212699,0.4009179936771493,0.2519125414218692,0.8292859431205255,0.393533855622683,-0.0470056052370605,-0.0796314651217699,0.2475114307245808,0.6233758596787449,-0.0705113240274308,-0.1305779646543474,0.5345623134593048,0.4898081144633144,0.0203365615819148,-0.0857387925121455,0.3690915976696076,0.8411501408395626,0.3016870348114139,0.0706751483547602,0.8232492288919478,exact,9
UBERON:0004230,exact,,vesical neck smooth muscle,Mistral-Small-3.1-24B-Instruct-2503,-1,0.377277850765236,-0.0878890899561963,-0.1417531854783331,0.2407122637379286,-0.4285807356732714,-0.6850119905519814,-0.6070663401571652,-0.5893555073920653,0.2695392360073135,-0.1887785004465836,-0.0299020381208139,0.1469455665030936,-0.2657617920122209,-0.5759388437943771,-0.533352627972804,-0.3933305109959599,1.0011092791550382,1.0954196448757318,0.8140344240569989,1.1284564419818437,0.9471461399571915,0.6229357699370748,0.45415984144876,0.9813213448078532,0.785106701726234,0.4539656626028541,0.3378988034391313,0.7497846748972499,0.7777345721771979,0.1005170509801183,0.0326469329365011,0.7358528525925369,0.5880265480140869,0.1748558310294015,0.0379731288352119,0.4937258081140899,0.9014817476701692,0.4483765965813947,0.1765468988073985,0.9299784654173096,exact,9
UBERON:0004230,exact,,vesical neck non-striated muscle,Mistral-Small-3.1-24B-Instruct-2503,-1,0.0579004354542416,-0.3795026244504573,-0.361843360784321,-0.1234229730025508,-1.1577944236108428,-0.976112306391648,-0.804348071326441,-1.1960884456567031,0.1561000337259202,-0.2834168042419178,-0.0397494617327056,0.0247309780900818,-0.6627558768185855,-0.7029124219655225,-0.6603430907209731,-0.7373485988557444,0.1215773809092782,-0.2924708854080282,-0.2974030600621596,-0.0514546403522549,0.094847649210205,-0.3769931115943657,-0.3733343901757776,-0.085033242024863,0.0695237060743586,-0.3273878304371637,-0.3306143919244678,-0.0999533825979247,-0.1733575156255875,-0.559882602104313,-0.5378731052380369,-0.3177448955921031,0.1842230534861033,-0.2658437700889079,-0.3433724831023479,0.0181850394956444,0.0929750562714483,-0.4728298317063612,-0.4224733973497354,-0.1154741371713851,exact,9
UBERON:0004230,exact,,vesical neck involuntary muscle,Mistral-Small-3.1-24B-Instruct-2503,-1,-0.4046044990144659,-0.6469456052307619,-0.5614989218388707,-0.5774201161855653,-0.9283012694025624,-0.8896955431318626,-0.7648325793772855,-1.0150999887103234,-0.5662913205796497,-0.6203426178697216,-0.0932293215573425,-0.6713888225022231,-0.4629407043113751,-0.5953458173185008,-0.5748571832063604,-0.5676141309617929,-0.0572824813147518,-0.4450116299925071,-0.3791174650216418,-0.2340287526044953,-0.2465658393432486,-0.5326443999073037,-0.4987989139993077,-0.4068791781749411,-0.065478552203141,-0.3556081067399176,-0.3504642513493831,-0.2330077498921659,-0.1505330024500068,-0.5939944983775547,-0.5504530129203213,-0.2962394067554644,-0.3136969081629165,-0.6631663171825264,-0.5916619510627928,-0.4730556858404794,0.0784343541710227,-0.4816626671394744,-0.4234698110775011,-0.1299996698632899,exact,8
UBERON:0004230,exact,,urinary bladder neck smooth muscle tissue,Mistral-Small-3.1-24B-Instruct-2503,-1,1.1652617093401585,2.826227805682848,3.019891956839104,1.682096675715605,1.184565253272742,2.406379797468068,2.3552297225334136,1.6285047496655178,0.5851746953446577,0.0024013980298886,-0.0166603349078602,0.5150394848915666,1.4101420365884745,2.5189062640380206,2.562544208887549,1.8156445852109109,1.2081879948655565,2.1189572027266435,1.7917961191330558,1.576614082891106,1.2444278955154122,2.482981748408528,2.379989889003294,1.6594820724342323,0.8213389224570979,0.5316544999911341,0.3905634107324191,0.8034258172497105,1.3221363562328123,1.6686625075039274,1.4963077264819042,1.6925164937481685,1.1271606206089344,1.5751762670575349,1.420063485075875,1.3832340459093704,1.157607399104175,2.13740532900685,1.880991192366468,1.5895858308655686,exact,9
UBERON:0004230,exact,,urinary bladder neck non-striated muscle,Mistral-Small-3.1-24B-Instruct-2503,-1,0.5254577473631119,0.1036489042214134,-0.0130631678579431,0.4311051322421239,0.6567869882542644,0.2714049533752243,0.1513011306775371,0.6080915457770458,0.4932780116780808,-0.1056788328016172,-0.0299345932586377,0.4029415608797876,0.9290681654758004,0.6767717449495985,0.5273278288871249,0.9210633640319996,0.5499468805882697,0.1563359801117469,0.0079370013512281,0.4445651728473058,0.611856702802118,0.0234559459396861,-0.0465489384833561,0.491995919570259,0.6939795861786311,0.2669973899386291,0.1960172328380705,0.621447429792535,0.4416717186540875,-0.2511820506864848,-0.2524674118136082,0.3170409513423652,0.5705592340119647,0.1244613085387776,0.0220483223971953,0.4710440603109487,0.5818592718079127,-0.1109877971986035,-0.1907823858177394,0.4395616831217291,exact,9
UBERON:0004230,exact,,urinary bladder neck muscle,Mistral-Small-3.1-24B-Instruct-2503,-1,0.4918883249988877,0.0469602371090887,-0.0315676941477023,0.3864638305451184,0.9766859717768672,1.0781270457016046,0.8855666481686404,1.135614293436538,0.0584725074715694,-0.3023886137554104,-0.0513162570388771,-0.0770289914102744,1.357424613838561,2.209993437251695,2.1333033891725823,1.6838049947288656,0.8415654695625816,0.6426249656079067,0.4815068931921413,0.8571051296961777,0.7668747249564217,0.2340708938359162,0.1089619826040097,0.7007282562443848,0.8459210386118957,0.5470622749756331,0.4286841214597479,0.8407839140109122,1.177007153516108,0.8646753726860246,0.7259531996318124,1.375213378477813,0.8810605067593565,0.4858070463795402,0.7131769544508259,0.91814669931169,0.9452307929230306,0.5639965669093303,0.2732373685319799,1.013831808580452,exact,9
UBERON:0004230,exact,,urinary bladder neck involuntary muscle,Mistral-Small-3.1-24B-Instruct-2503,-1,0.1479122904212911,-0.3010741582009104,-0.3087012625826188,-0.0260108787922268,0.3539698988161938,-0.1335222397125471,-0.1856658068713824,0.2145157958463007,0.3674757990354191,-0.1428885622121253,-0.0277630465754049,0.256337342420027,0.9467536749622828,0.6883170450991084,0.5835975562017515,0.9466337096585437,0.2483839494939777,-0.2090241787658556,-0.1767002854743783,0.0856088587409641,0.2979731128189522,-0.2554175472668163,-0.2752723170629162,0.1253713016003649,0.1829671753041732,-0.2066222591175272,-0.2249584799819076,0.0166956862452751,0.8452750925250923,0.1450148883584693,0.0841944615528063,0.8299660715074396,0.0387519397263483,-0.5042701978271176,-0.3242482820672577,-0.1338299394582465,0.453608101711526,-0.2383655266968479,-0.2692508879591905,0.2785083076458601,exact,9
UBERON:0004230,exact,,trigonal muscle of urinary bladder,Mistral-Small-3.1-24B-Instruct-2503,-1,0.4546236520368287,-0.0079861483686063,-0.0845574170201376,0.3379941065635782,0.3770460257705948,-0.1156754573648019,-0.1430504964895883,0.2422176874210421,-0.186801089758628,-0.4338436384642893,-0.0633100779906679,-0.3208205361176226,0.5708599105193266,0.0815669699587662,0.0042542405255402,0.458318882608392,0.6181505464580935,0.2492829001544748,0.1155166445588283,0.5339696525208456,-0.8430251708795452,-0.7300426917413749,-0.6523639219906205,-0.9051586301677444,-0.4390582189085957,-0.6122402772936228,-0.5739900782116223,-0.5751622467139073,-0.2935820953578189,-0.6012867468984017,-0.5490083425849576,-0.4290032049672865,-0.588121178846336,-0.6311106367870233,-0.6693083070319489,-0.7151169911232477,0.11194262530539,-0.4791757005170271,-0.4064664025434342,-0.0963940925971058,related,8
UBERON:0004230,exact,,trigonal muscle,Mistral-Small-3.1-24B-Instruct-2503,-1,-0.57869077901338,-0.7495986026401371,-0.6539163473773496,-0.7327224393315825,-0.845445113875112,-0.8857523019406741,-0.7627352619473591,-0.9477338915595456,-0.1042359311894759,-0.3864538100105196,-0.0622026806769767,-0.2404861604619299,-1.3996641188287973,-0.9481355798831436,-0.8224351355909139,-1.3178135956120054,-0.704323785681596,-0.8093769764023603,-0.6066262933037784,-0.8174273831394634,-2.315423322356172,-0.9816338908894844,-0.8266726526608623,-1.9486151897763413,-2.0704632622153323,-0.9689294954725244,-0.8353538885581171,-1.8144501724502715,0.0840287033589303,-0.5078302439897967,-0.4992561941391262,-0.0672395322924466,-1.3058966758213226,-0.916052781917928,-0.8643051569153262,-1.284652125533059,-1.6183291989774915,-0.9341699454618166,-0.6717585964354009,-1.4742326168839122,related,8
UBERON:0004230,exact,,smooth muscle tissue of vesical neck,Mistral-Small-3.1-24B-Instruct-2503,-1,0.382646566685552,-0.0700718558761297,-0.1178281694447141,0.2473293604379079,-0.8661294495043159,-0.8776891481605518,-0.7363853120787738,-0.9646585903486992,0.3377767108278769,-0.1935342835648128,-0.034430462922224,0.2227556801543085,-0.2816153934808945,-0.5655101982805633,-0.5278140712753298,-0.4076196623449215,0.4705347613120277,0.0442520171727419,-0.0273407879975708,0.3447424123290016,0.7608362421828093,0.2261057859316492,0.1001533614512335,0.6921283154416057,0.3071604785432968,-0.1337702995797546,-0.1700239509913672,0.1503299223853145,0.3752655814984956,-0.2870318148079012,-0.3153377881398804,0.2417785167371782,0.3446529765073139,-0.0944169740095321,-0.174700051255719,0.1963022654333964,0.836941030969334,0.2926895746385094,0.0631918767886121,0.8161293250425492,exact,9
UBERON:0004230,exact,,smooth muscle tissue of urinary bladder neck,Mistral-Small-3.1-24B-Instruct-2503,-1,0.8241730455495436,0.6885815707051215,0.4406656265683577,0.8829488993589751,0.4647999176253238,-0.0131898078863385,-0.0917848779608715,0.350625147003135,0.0388888894525337,-0.343519794615155,-0.0500822582145894,-0.0970921847458216,1.052746324781415,0.8599515860026176,0.7126144167119524,1.1073795858758304,0.7885700348619059,0.5394232385622114,0.3328407068750466,0.7755060308238697,1.1316492086814771,1.3430024738764383,1.1978680829059642,1.345695335564003,0.6903968518171747,0.28206403126421,0.1649611661652657,0.6165743653287331,0.5910564467716437,-0.1224681644082469,-0.162652302734778,0.4944924458975223,0.8957784023423839,0.758115429653225,0.5919856458350528,0.942284955846347,1.137995331084342,1.822777587183522,1.456810892424709,1.5118879417549085,exact,9
UBERON:0004230,exact,,smooth muscle tissue of neck of urinary bladder,Mistral-Small-3.1-24B-Instruct-2503,-1,0.5925347148943436,0.1950006980825636,0.053794824192392,0.5233560510719827,0.4152098519643636,-0.0788435724396849,-0.1239893254465756,0.2887476480709346,0.3465940726255055,-0.1538703110824925,-0.0382566384541571,0.2326873710391904,0.8067689541460326,0.3381533607969821,0.2046368895055965,0.7523383068725528,0.7133370458898884,0.406490786998645,0.2426040206801298,0.665320903475384,1.045686968239766,0.9190025641113032,0.7796904891470063,1.161899772402612,0.705361403602104,0.2780131802448612,0.1490858092162725,0.6370097506760738,-0.1566658074034797,-0.5503645383264676,-0.5128575416074772,-0.3020303210210374,0.6393383020097622,0.2683288828998219,0.1057979426696268,0.5617731104495215,1.1257730708923308,1.6531793618854036,1.2461047119002402,1.4683796080744291,exact,9
UBERON:0004230,exact,,smooth muscle tissue of neck of bladder,Mistral-Small-3.1-24B-Instruct-2503,-1,0.4883251717883697,0.0402214939570026,-0.0656972253675787,0.3817810926111668,-0.0565150749257462,-0.5002748232977258,-0.4636551493829687,-0.2344502144108062,0.5175156542363651,0.0209576678947761,-0.0146303414882785,0.4320666499731649,0.3586096333519938,-0.2045033739040734,-0.232960926291356,0.2195197570339243,0.5426150351269285,0.1400908841750199,0.0709804781319418,0.4351645710081921,1.0155599668315265,0.8081826019243498,0.6763639015261527,1.103922259335839,0.5942542343485206,0.1383736365567603,0.0321831461682534,0.490032572011384,-0.3217334686854478,-0.612394713605879,-0.5682124227562412,-0.454589283818004,0.5443432505837161,0.1376412267173037,-0.0052945631264927,0.4374351387032132,0.9718864247198185,0.6544520431198374,0.3382267902929519,1.0682331493844035,exact,9
UBERON:0004230,exact,,smooth muscle tissue of bladder neck,Mistral-Small-3.1-24B-Instruct-2503,-1,0.610024408975083,0.2220318457481756,0.0940994671599739,0.5481367513387536,0.0514494536268976,-0.4150230223353395,-0.3878032389131366,-0.1233021294054506,0.0292998978524414,-0.3458961787161381,-0.0491968706019568,-0.1068753246600832,0.6386278111915411,0.1248462596895765,0.0539427801337527,0.539238850714966,0.6731188591152104,0.3266885279906865,0.1938763954391577,0.6088114835769212,1.0901834137290092,1.1158743391776296,0.9537064141132956,1.253144261383718,0.5742276992817568,0.138568364240559,0.0343688034619292,0.4646175991671005,0.5472456001646657,-0.1685196213606536,-0.1932183661681832,0.4411806053564671,0.718904154855641,0.3770618263752546,0.2541854466718683,0.6719126782119303,0.9945961127655168,0.7560803102378159,0.41673849908706,1.1169440895793674,exact,9
UBERON:0004230,exact,,smooth muscle of vesical neck,Mistral-Small-3.1-24B-Instruct-2503,-1,0.3057276485498145,-0.1555971478669548,-0.1834197246645334,0.1542947534118934,-0.8445311079044117,-0.8647715368692165,-0.7200933649131854,-0.9469843372032182,0.4184249177531031,-0.1074386485422618,-0.0248275513489345,0.3148308709675377,-0.3207509772872369,-0.5651607194054193,-0.5312846238629919,-0.4426780115650573,0.449077282552488,0.0155359563342425,-0.0406090295925185,0.3184870304116797,0.8353459778856008,0.3580604320603051,0.2189976622703851,0.801459638040722,0.7348130538958426,0.3643962716261279,0.2506351093082236,0.6778729757344185,0.4186658801168765,-0.2627634151276304,-0.2792355537785622,0.2907349709489997,0.3720620902895587,-0.0554922131344393,-0.1272453500749363,0.2280044305211564,0.9016303591256828,0.4474607810464907,0.2055733493521008,0.9302532274553268,exact,9
UBERON:0004230,exact,,smooth muscle of urinary bladder neck,Mistral-Small-3.1-24B-Instruct-2503,-1,0.8636082871600391,0.7986321255835389,0.5696714553089074,0.9528036266913325,0.6736467874300283,0.2963070808546713,0.1480394149249469,0.6323097749684453,0.035791209512369,-0.3426135315154805,-0.0532816830414899,-0.1002554837709231,1.2386290852926862,1.541573451386831,1.4479000851368655,1.4311998451608747,0.9114502953996684,0.8246671466629469,0.584321656025617,0.9706488233877556,1.2193616127284386,2.111748486181177,1.941474020413572,1.5781956421811818,1.199925120996435,2.080322639227628,1.876692003073776,1.5269454623186414,0.0075597417542585,-0.4921822260873135,-0.478144947236448,-0.1435933970176844,1.0292631670036048,1.1867991514504688,1.1134512334043571,1.1797714199283176,1.1984941258024016,3.4464344600440766,4.0329394595488735,1.8158366714877991,exact,9
UBERON:0004230,exact,,smooth muscle of neck of urinary bladder,Mistral-Small-3.1-24B-Instruct-2503,-1,0.630322910659821,0.2502674874383206,0.108218633742415,0.577304927878338,0.5004810954857631,0.0243835562827731,-0.0440883327241898,0.3962096464631022,0.362986876334204,-0.188877925358532,-0.0385869083488136,0.2512378305251905,0.9461504108195974,0.6160604891328593,0.479356846763681,0.945756094987575,0.7881810775430018,0.550419231127876,0.3862785049995118,0.7749200328578618,1.1446697109311414,1.4305915635395547,1.2723066755650172,1.3766030805127831,1.1431277522374454,1.61052676710114,1.3433866661617648,1.3873419908004725,-0.067402899730346,-0.5139083976760517,-0.4877785544714275,-0.2168048980621538,0.7262609580150025,0.4064820054979001,0.2650455850760594,0.6824089906905539,1.1706779830214105,2.3423448734767573,2.119124020146131,1.6489645411752327,exact,9
UBERON:0004230,exact,,smooth muscle of neck of bladder,Mistral-Small-3.1-24B-Instruct-2503,-1,0.4576257389759539,-0.0062414219070783,-0.1015685967914242,0.3418584162878754,0.0670822949150605,-0.4143928744000504,-0.3994356377235457,-0.1068462200649015,0.5094006487427246,-0.0761421697601454,-0.0270834053741085,0.4222814482182359,0.4977199692771148,-0.0327985463772431,-0.0621386322773325,0.3736920750668404,0.6130335968405115,0.2423236447374818,0.1456860596916807,0.5271342400880593,1.1096493251011816,1.2190185827243118,1.0577085012685676,1.295565018279847,0.99991908739422,0.9913877951084106,0.7960432878009522,1.096985291665041,-0.2490640309657216,-0.5860246449300099,-0.5531542957485072,-0.3881891882446651,0.6487496627709122,0.2838425055290932,0.1525036640215578,0.5744955714196516,1.0301895883850618,0.8817061367603712,0.5209888609565122,1.1985676277791704,exact,9
UBERON:0004230,exact,,smooth muscle of bladder neck,Mistral-Small-3.1-24B-Instruct-2503,-1,0.5700920640386324,0.1501728109608068,0.0351121419152605,0.4920126258627631,0.1973696914657933,-0.2948736242607011,-0.2967377142832689,0.0342487691823378,0.2834974610973659,-0.210429353105658,-0.0396503173680864,0.1623053053026206,0.8197376997959168,0.4418354530943015,0.3783517749193827,0.7696174295150756,0.7643833722480562,0.4948747219094421,0.2944644723120232,0.7394024164912391,1.1879860700085871,1.776006165418602,1.5852331521869958,1.4875702665232424,1.0501821553819906,1.1910457031529358,1.0001313337520223,1.191418859893159,-0.0920440877554691,-0.5662886724107968,-0.5352295066319562,-0.2405367544199129,0.8416207214807659,0.630371413885024,0.600848221952279,0.8550962898012573,1.0530427277662906,1.0356004420757654,0.6614665350820801,1.2551341463336694,exact,9
UBERON:0004230,exact,,non-striated muscle of vesical neck,Mistral-Small-3.1-24B-Instruct-2503,-1,0.183999906137417,-0.2753113203191042,-0.2689151908632939,0.0140873108085074,-0.8774027075133696,-0.8810345338031479,-0.7379959687242569,-0.9738523646404929,0.2126129689294982,-0.2387386399456384,-0.0368662037801438,0.0850497989165822,-0.6849877781909822,-0.7012762531797923,-0.6347935198864479,-0.7558508709548853,0.1161125305786763,-0.3084170000731467,-0.2731609424352189,-0.0572098256098335,0.1281771990147535,-0.3601650138984199,-0.3658434724619858,-0.051632655019125,0.091387478085782,-0.3126378362301541,-0.3243707646841268,-0.0778377873364151,-0.4747974887770033,-0.6602928089943554,-0.5948791243220695,-0.5908685096206467,-0.0639530642867847,-0.3997136176269957,-0.4880402859396647,-0.2365546406621409,-0.0409429575903975,-0.544094259958383,-0.4611548721795383,-0.2461429037486995,exact,9
UBERON:0004230,exact,,non-striated muscle of urinary bladder neck,Mistral-Small-3.1-24B-Instruct-2503,-1,0.6797683532312995,0.3471857086630988,0.2144954256343237,0.6503221427715498,0.2346342662457381,-0.2567711948806652,-0.2733708833977422,0.0760068616438599,-0.1306225916115792,-0.3879242528671214,-0.0550707613965492,-0.2663393281045709,0.6455291038381084,0.2128065182611291,0.1261315051719373,0.5476254874105,0.3907293629688938,-0.0496150985502717,-0.0940726129420794,0.2485104242402123,0.5811835834153604,-0.0127449049256131,-0.092150530299507,0.4532786839813825,0.615436279735117,0.1351718051752493,0.0486290885020369,0.5172500673671891,-0.2589904948328746,-0.5907664841958221,-0.5135770027426313,-0.3973278599398671,0.2971400809305337,-0.1355714059529027,-0.2623330776903149,0.1422728029217748,0.4792337735596837,-0.2242626489522409,-0.2660941469276417,0.3095836287778377,exact,9
UBERON:0004230,exact,,non-striated muscle of neck of urinary bladder,Mistral-Small-3.1-24B-Instruct-2503,-1,0.4633156601222717,0.0017525148972614,-0.0730691441693206,0.3492016326480359,0.1143551185908297,-0.3679146362668449,-0.3621185752101095,-0.0564883629675901,0.0528809815862852,-0.3271342151029741,-0.0515439310432243,-0.0827689161421712,0.4364053157850059,-0.0294401828654133,-0.0877677508556322,0.3047093940200828,0.4434201144364281,0.0212897205950748,-0.0538807624568066,0.3116128935171532,0.5063156004035412,-0.0894859180470671,-0.1617307550290711,0.3617443901384889,0.54006919961182,0.0300322469106468,-0.0524178545264826,0.4219470668917415,-0.4295844252899238,-0.6475310453808882,-0.568485100514988,-0.5510935219837224,0.2372419346749138,-0.1724216031024336,-0.2776146167675438,0.0757287626187954,0.4219089686432395,-0.2783334290147489,-0.3018489725451644,0.2407495936786059,exact,8
UBERON:0004230,exact,,non-striated muscle of neck of bladder,Mistral-Small-3.1-24B-Instruct-2503,-1,0.2502085071593927,-0.2306460273109509,-0.250081619434624,0.0893515707042535,-0.1480445802295363,-0.5516888966191523,-0.5028704345594976,-0.3255221706350633,0.418058153063952,-0.0951419465230026,-0.0199360815173085,0.3144056619090095,-0.0838635235879744,-0.4424763305622888,-0.4330271601721947,-0.2255185233044122,0.2274342761230072,-0.2098105386217468,-0.1913059850803981,0.0624777450667738,0.4721505205162602,-0.1215147003678217,-0.1692698145400533,0.3212522124631194,0.4168834002542438,-0.0723080996037649,-0.138647037816866,0.2744529242856035,-0.4531288636883659,-0.6535975122139644,-0.5760043986049154,-0.5718545519381338,0.1324795135504559,-0.2608881499131705,-0.3515693560947844,-0.0368299708614649,0.2726623023595461,-0.3964379921399126,-0.3657123533894916,0.071884812825618,exact,9
UBERON:0004230,exact,,non-striated muscle of bladder neck,Mistral-Small-3.1-24B-Instruct-2503,-1,0.5127423309597631,0.0661045815581704,0.0072276654407669,0.4140826226065305,-0.1959805824091101,-0.5716497182724738,-0.5114244331767942,-0.3721621552237217,-0.5315710582909386,-0.5412373766140439,-0.0643029757412207,-0.6404392589602759,0.1315329009955905,-0.2787274791339769,-0.3112268004763724,-0.0163139137056332,0.3098370450068226,-0.1372393706801909,-0.149105976082958,0.154664496158855,0.519459321472871,-0.0761977916084663,-0.1263486385568335,0.3775273343872736,0.4735494795555813,0.0013145773894521,-0.0652916535854146,0.3411312147974916,-0.398221491446733,-0.6363716346095059,-0.559343939751751,-0.5232713627705619,0.1629561661877022,-0.2470749095056851,-0.359286653774811,-0.0045590266084207,0.2970939224436105,-0.372223894828562,-0.3483354213580938,0.0986124302934429,exact,9
UBERON:0004230,exact,,neck of urinary bladder smooth muscle tissue,Mistral-Small-3.1-24B-Instruct-2503,-1,0.8770662299299896,0.8555172049177536,0.6564568363126253,0.9774125016876783,0.8451949140072852,0.663149494642039,0.4457750468441379,0.8984432731385253,0.3121543680056205,-0.222931574160922,-0.0348809295502994,0.1940747828033102,1.1056939134839348,0.9665979893631816,0.807573640697282,1.1932966124782098,0.9228143317336484,0.8669790025414192,0.6053339467493642,0.9898333959774812,0.90234697168877,0.4912118036219042,0.3202820000114392,0.9066106405614144,0.7501107220997214,0.3657387898551008,0.2199105630055235,0.6994513525448024,0.0145053339756328,-0.4793340822962753,-0.4554620312345539,-0.1367299082921901,0.8560469470910969,0.6566460309198301,0.5043903810727296,0.8778933263254883,1.1344214319840351,1.7714686149347698,1.3900531621708827,1.4988332167915688,exact,9
UBERON:0004230,exact,,neck of urinary bladder smooth muscle,Mistral-Small-3.1-24B-Instruct-2503,-1,0.9393800437743416,1.0912838912762537,0.8988291017532455,1.0973000088835447,0.8720186984082449,0.73481528967173,0.4998737897811587,0.9439908273087952,0.3996906697959314,-0.1448439677628122,-0.0319000955480663,0.2931891033361337,1.3023326320259931,1.8085402953577805,1.6976387946330531,1.5604838096854323,1.1570076943197662,1.7841210635305755,1.4191617729898718,1.450422858247551,0.9332566407848856,0.5674277499273874,0.3990290513704412,0.957735982849856,1.2091908133105462,2.137808557746164,1.928839005905229,1.551753744350814,0.2361000770637706,-0.3690531452002138,-0.3525993505556274,0.0901939446177684,0.964112101729912,0.9572737236806892,0.7451701349658713,1.059279788270828,1.1871573421994932,2.9355190093959567,3.03694691924766,1.7379973701045768,exact,9
UBERON:0004230,exact,,neck of urinary bladder non-striated muscle,Mistral-Small-3.1-24B-Instruct-2503,-1,0.5254459281231941,0.0948976802066692,-0.0049097515253142,0.4310892438556896,0.4601118513168126,-0.0165973779633116,-0.08771553922622,0.3447037020275087,0.3021986117163772,-0.1772107293465721,-0.0405898988737854,0.1830013375630919,0.7294618624273611,0.3309796482011196,0.2301495447801229,0.6519773005266754,0.5415929417278085,0.1495355034637565,0.000264605099563,0.4338571816465261,0.3866788735232177,-0.1911662011112038,-0.239419915478359,0.2230711924728221,0.5084280325864299,0.0022234736328724,-0.0755711426376193,0.3831448149743696,-0.1335778592685492,-0.5526014781622106,-0.4860842634518426,-0.2801809895066798,0.309795555260548,-0.112431432996594,-0.2066625869122224,0.1565527533522294,0.5594308103012944,-0.1390526034536779,-0.2116995241892314,0.4103398108505557,exact,9
UBERON:0004230,exact,,neck of urinary bladder involuntary muscle,Mistral-Small-3.1-24B-Instruct-2503,-1,-0.2042384866829922,-0.5560094374879225,-0.4972413173194752,-0.3890772761422398,0.0581309382249481,-0.400030547660772,-0.3889262880633095,-0.1162805830523315,0.2088371784098118,-0.2368453187274864,-0.041934006967384,0.0809855355587069,0.747504497733546,0.3392014632036954,0.260247442208908,0.6750138665659273,0.4369677446906088,0.0061614447879949,-0.0457992330833851,0.303796506445102,0.2024001847483232,-0.3195682706840898,-0.3277860093067633,0.0242638423851047,0.212314854133001,-0.194661848044658,-0.203970425364594,0.0476792040957255,0.0274786504153033,-0.4721729588389889,-0.4339836979902253,-0.1238723574654758,0.0912797001523096,-0.405917007168762,-0.2978620097772563,-0.0798738545496413,0.4384951423049727,-0.2532922992901147,-0.2847614269820454,0.2604148601985417,exact,8
UBERON:0004230,exact,,neck of bladder smooth muscle tissue,Mistral-Small-3.1-24B-Instruct-2503,-1,0.5794848835262613,0.1846371556003125,0.0527873741608596,0.5050698293213783,0.4735881976341728,-0.0100201346596188,-0.1006213688814798,0.3617672798439229,0.5684913277951313,-0.0698422462481979,-0.0214383279782005,0.494342697730072,0.6687041941586415,0.1711117142417008,0.0853654932382744,0.5759964692400856,0.7665183157540406,0.503084204079513,0.3130233661021944,0.7425622680557266,0.8029740360684535,0.2934623190853729,0.1604411286873345,0.7530700225651642,0.6693208165516638,0.2491739835192829,0.126046822019387,0.5881492884704015,-0.1901401309023131,-0.5636155528685591,-0.5298348958522414,-0.3334771668937524,0.8097872315685738,0.5224559207865888,0.3368574988734228,0.8058053454800448,0.9595671542721248,0.624494725844798,0.3073516069526286,1.0427446192226515,exact,8
UBERON:0004230,exact,,neck of bladder smooth muscle,Mistral-Small-3.1-24B-Instruct-2503,-1,0.5094864779871082,0.0748824987848002,-0.0247988649969902,0.4097463937921561,0.4292561901105208,-0.0652445559890178,-0.1548707851975738,0.3061071398280322,0.6523553644606999,0.0307926547671419,-0.0099215470463137,0.6000699096564576,0.9180185615588587,0.6166532052004514,0.5159678758444409,0.9052500821106282,1.0002578948014371,1.094951769262409,0.7913268099542402,1.1268823130257444,0.8422253150119313,0.3670744894950484,0.224708482622442,0.8119330553652842,1.0876917980719352,1.3464344051398554,1.1346411173421536,1.2666561943786183,0.0276687732338322,-0.4731816314203487,-0.4397846692605648,-0.1236835645914153,0.9370675754135378,0.8717269984200914,0.6525294382963938,1.0119485919554827,1.019292447004715,0.8568167678447053,0.4851442748518219,1.1728135659063927,exact,9
UBERON:0004230,exact,,neck of bladder non-striated muscle,Mistral-Small-3.1-24B-Instruct-2503,-1,0.4103161025825654,-0.0675539979204652,-0.1136976994525841,0.2817447818631221,0.0834256846001568,-0.3792621423763843,-0.3830984907544152,-0.0895389111054032,0.0910660733570813,-0.3242673108452366,-0.0508219880962739,-0.0433845026089851,0.2646159196173152,-0.1607655573619032,-0.1939241631878331,0.1197429833718935,0.3149820859863255,-0.1192947255321198,-0.1816698394657415,0.1605306833653392,0.2933200811565798,-0.2612160404780143,-0.2809133909236946,0.120353638454598,0.4138180768299319,-0.0720608563954885,-0.1486078396060419,0.2708988651496417,0.0552302282016554,-0.4663404048788649,-0.441347063478609,-0.0962012719854173,0.2454015451365747,-0.1713993614136166,-0.258786762983732,0.0846953552779974,0.3653427013643135,-0.3201266418806834,-0.315792572944191,0.1751102743166095,exact,8
UBERON:0004230,exact,,neck of bladder involuntary muscle,Mistral-Small-3.1-24B-Instruct-2503,-1,-0.377099737226895,-0.6415188153555572,-0.5532435165892099,-0.5522124684334119,-0.4668113456507958,-0.7098904094102748,-0.615039762706631,-0.6237448914699509,0.2052842176435551,-0.2721670582370289,-0.042680410781901,0.0771656827702793,0.4291800707033645,-0.0130871132759246,-0.0122628892165656,0.2966907851180235,0.0849829798223895,-0.3396256720188677,-0.2486993626245196,-0.0897692463436473,0.1460526748812421,-0.351926475058201,-0.3573088849780539,-0.0335496396109355,0.1829708448852877,-0.1987268930743047,-0.2055126119779095,0.0166995386189895,-0.1410713375556585,-0.5443715933031414,-0.5093506694779635,-0.2872869765514992,-0.0564246905552488,-0.5473540746524583,-0.3443330556449,-0.2291427866089523,0.3829959878385554,-0.3048531240349574,-0.3176109276221458,0.1953661782217136,exact,9
UBERON:0004230,exact,,involuntary muscle of vesical neck,Mistral-Small-3.1-24B-Instruct-2503,-1,-0.3829405274945167,-0.6407743858925156,-0.5680020828228745,-0.5575816867865726,-0.9890574283963176,-0.9117288899899552,-0.7556219079317762,-1.0637899965489177,0.4484472822868644,-0.1315705945220137,-0.0297624736097188,0.3498482809002638,-0.5434279359268239,-0.6122842154120183,-0.5625930306645694,-0.6367567017363609,-0.2012377459151318,-0.5388468134004742,-0.442010147804124,-0.3732138279667843,-0.2115515383932723,-0.5224848307442119,-0.4853090659259826,-0.3753649035499896,-0.1343333490419062,-0.3835275632341505,-0.3723935728382957,-0.2987385438736275,-0.5437910557559683,-0.6884521358757832,-0.6324553236897744,-0.6508334323190511,-0.3650022282621351,-0.6743857815217636,-0.5959225495086675,-0.5196007505925216,0.1892556709884366,-0.4254066784206805,-0.387845220366119,-0.0169902350740582,exact,8
UBERON:0004230,exact,,involuntary muscle of urinary bladder neck,Mistral-Small-3.1-24B-Instruct-2503,-1,0.0032934612857124,-0.4226139175965966,-0.3948803616649853,-0.1808461191814835,-0.0413217641213696,-0.4707401624337686,-0.4320179280217941,-0.2190622153592398,-0.1756938539836134,-0.4375212655900879,-0.0572054818022814,-0.3101081124409906,0.6720342286081838,0.2516304481564215,0.1888138087684724,0.5800999263213883,-0.0336943807972155,-0.4313180984592739,-0.3957418621494376,-0.2105979154096466,0.2716902343402801,-0.2748143342317926,-0.2846111958334644,0.0971610054955995,0.0904252323713132,-0.2660303254437408,-0.2759766207885728,-0.078814652218764,-0.1004261091893279,-0.5276230050835239,-0.4920595569550461,-0.248573136670948,0.0657013873506425,-0.4622774608729606,-0.3499749766126111,-0.1062735310118439,0.5002834510068133,-0.2047269633844922,-0.2517509762038173,0.3354984375513601,exact,9
UBERON:0004230,exact,,involuntary muscle of neck of urinary bladder,Mistral-Small-3.1-24B-Instruct-2503,-1,-0.1484676650072616,-0.5291728440350341,-0.4838532399502416,-0.3345549155006134,-0.1952948837921787,-0.5684252423343421,-0.4988772275162441,-0.3714998730049239,0.3755654042462852,-0.1978867253695836,-0.0415306194955062,0.2655490160291178,0.547670076472292,0.0763707522259806,0.0226527682600336,0.4311964424258642,0.3227461062464489,-0.1134148370467028,-0.1946227455817814,0.1694085290247848,0.253418480664867,-0.2874676307166727,-0.299092699659697,0.0777349930365946,0.0913051163763232,-0.2691074898375685,-0.2659270551200281,-0.0779214132025103,-0.4104768376539639,-0.64067183647926,-0.5819360930333327,-0.5341660848911562,-0.0637679110443132,-0.4922686704337892,-0.4203069947782848,-0.2363725687679362,0.4565617543898622,-0.2527839877894924,-0.2828044557325733,0.2820643913413009,exact,9
UBERON:0004230,exact,,involuntary muscle of neck of bladder,Mistral-Small-3.1-24B-Instruct-2503,-1,-0.4283820287314833,-0.6798916612627045,-0.5849673349504116,-0.5990575785497512,-0.6036365640089422,-0.7728706937230305,-0.6572504634849831,-0.7441394259086364,0.5860152137928276,-0.0692300656210751,-0.0274107933913998,0.5160864602628836,0.1429580603903616,-0.2675038529548668,-0.2430097508858501,-0.0048539833303019,0.0675576919354884,-0.347105929910965,-0.3206085160607037,-0.1078319703334774,0.1493841466722009,-0.3520207525129745,-0.3421397787975694,-0.0301660971754486,0.0454989585177298,-0.2816508029332737,-0.27338169008711,-0.1240644897488074,-0.4163300789771064,-0.6430813814121348,-0.589371520098209,-0.5393590497334431,-0.2575697401082131,-0.6182156598911929,-0.4888057182583913,-0.4213883000605196,0.3786413625848028,-0.3201863034120268,-0.3239114772090605,0.1903507658216783,exact,8
UBERON:0004230,exact,,involuntary muscle of bladder neck,Mistral-Small-3.1-24B-Instruct-2503,-1,-0.250925179607771,-0.5792963193168525,-0.5047521773813403,-0.4339795398047345,-0.5364054842134038,-0.7427433471973883,-0.6432756060571116,-0.68549019801968,0.0464308491726737,-0.3360910186855531,-0.0452987819966955,-0.0893788173429801,0.3211159273107745,-0.1000090686734606,-0.1046490941805795,0.1793256500526935,-0.0949940542564926,-0.4766929002544181,-0.407052959543369,-0.2711107500119841,0.1869928883251363,-0.3283053426749943,-0.3249545563630183,0.008330018798337,0.0513462321580674,-0.2735536778512069,-0.27184286307071,-0.1182142558396539,-0.3820537206576921,-0.6326291610760795,-0.5750533381392907,-0.5088529239325194,-0.0976302229724676,-0.5546642652738512,-0.4568010557417621,-0.269493053769745,0.4361039427047963,-0.2655516821490766,-0.2933813670761614,0.2575675040012228,exact,9
UBERON:0004230,exact,,bladder neck smooth muscle tissue,Mistral-Small-3.1-24B-Instruct-2503,-1,0.8464196360725005,0.7493569783435011,0.5458821999979899,0.9219579497401414,0.782119183361464,0.5147465028113879,0.3530344483513079,0.7959535358237502,0.8934656244325173,0.3012527649338353,0.0198281009385861,0.9323559213077064,0.857634810576135,0.4299537973100323,0.3273424425073923,0.8209021594659587,1.0863600799628286,1.4326002532543562,1.074006758141952,1.2951517344915653,1.18802181867849,1.7837366526147838,1.5917659716276225,1.487667919906428,0.73288815473567,0.3694459264970204,0.2380972215751867,0.6751752638142147,1.1367714956431636,0.8061696693046337,0.6502742373801439,1.2988726040723315,0.9260477405382528,0.7870436837006773,0.6416323984207786,0.9930614653808616,1.0126173157945548,0.8403732265015971,0.466119485425865,1.1573858744750036,exact,9
UBERON:0004230,exact,,bladder neck smooth muscle,Mistral-Small-3.1-24B-Instruct-2503,-1,0.8195996949507559,0.6781088266910458,0.5254052191095366,0.8750507689719021,0.8168273370236983,0.5946254313136299,0.4407944936037333,0.8515921573799533,0.9036068797565672,0.4322896805803055,0.0371292554493096,0.9474710329271344,1.0542432225692735,0.9113835860084648,0.7685419214318109,1.1097520447971612,1.2866730991984106,2.8491583843975703,2.6751555759347823,1.805336452372151,1.2796285459148828,3.258534430268308,3.3324597341192863,1.7946116704911406,1.2293192811860465,2.428622592558634,2.256636577561081,1.6081441170616255,1.3913132035638296,2.272028651971181,2.1414928359926195,1.8810788706938577,1.20356886004942,2.251942616403238,2.514348718787557,1.5700949135387798,1.077725645693533,1.2170329834215727,0.818506544157054,1.320861203091276,exact,9
UBERON:0004230,exact,,bladder neck non-striated muscle,Mistral-Small-3.1-24B-Instruct-2503,-1,0.3892340548162169,-0.0773032436356075,-0.13497053340003,0.2554751742570841,-0.0180204360357001,-0.4527180411362956,-0.4210058132194447,-0.195305338213198,0.5925184558886039,-0.0357487984544056,-0.0241841334228622,0.5242010800466712,0.4162105059575635,-0.0268318781838315,-0.0978262068304777,0.2823532817686004,0.3972940981623965,-0.0308920158411351,-0.1434740482865277,0.2562837827042061,0.5314750579152621,-0.0609747920665084,-0.1107806355511688,0.3920592375966908,0.5054401780967573,0.0326181237870477,-0.0393440714660547,0.3795152198307468,0.295313315709619,-0.3434215799878937,-0.3393050226617726,0.1537379377622028,0.4488599379043572,-0.0257700649672542,-0.1450743939698686,0.3190749306864853,0.4170486516311415,-0.2725272396572527,-0.2864812756084135,0.235024152789385,exact,9
UBERON:0004230,exact,,bladder neck involuntary muscle,Mistral-Small-3.1-24B-Instruct-2503,-1,-0.1765501790519916,-0.5268207559730541,-0.4916772765436145,-0.3621321398753072,-0.4214372004783079,-0.6847680607699299,-0.6113197229187343,-0.5828914926048162,0.6474346369523205,0.0973880221220838,-0.0063887290615359,0.5937459213205394,0.6048102076246905,0.179627047325965,0.1208859601955288,0.4985397907290544,0.0194652803269974,-0.3980852628258218,-0.335742717644374,-0.1570983218281205,0.2093863875793636,-0.3127597313780902,-0.3198231270542375,0.0315208690466929,0.1016839149618328,-0.251808589538314,-0.2639465184251932,-0.0673642679228604,0.5899719158350996,-0.1558480666953032,-0.1965362212785876,0.4931590048910863,0.035555722942216,-0.5145466202757055,-0.3778601580359561,-0.137080925699192,0.4087362143503382,-0.2764130346216611,-0.2962338223727179,0.2252704147786993,exact,9
UBERON:0004228,exact,,urinary bladder smooth muscle tissue,Mistral-Small-3.1-24B-Instruct-2503,-1,1.170506670866041,2.8910153492402086,3.080807318846804,1.70146285000817,1.1771336159408796,2.3544216648832954,2.2996837191704445,1.6063544987489888,1.0920889083782075,0.8603018528203977,0.0641948379189982,1.251780989743247,1.327045574930222,1.6621191559172823,1.5618750133202566,1.6142714248188104,1.1365053218655352,1.6779112253930852,1.283969887433158,1.403399372025282,1.2365685124067414,2.3391503072208977,2.218453801135541,1.6329557267027042,0.8551378031778138,0.5232821475926797,0.3953778021927368,0.8550053452950485,1.338664822754692,1.828594953803148,1.595677631897586,1.734547364113089,1.0721236405649226,1.30014693721641,1.0897233742656025,1.2649880903365662,1.1425584251854124,1.8774517541049625,1.4790927467826582,1.5289992639947634,exact,9
UBERON:0004228,exact,,urinary bladder non-striated muscle,Mistral-Small-3.1-24B-Instruct-2503,-1,0.522302705554462,0.0877193649795121,-0.0260282570833965,0.4268682297713594,0.5110267208741319,0.0645451471342066,-0.0531572694806027,0.4098622374062319,0.3288011745420626,-0.2003780404041416,-0.0537928764968796,0.2126785537450223,0.864587296717499,0.3824985745185271,0.2446395223072683,0.8304438726060227,0.3645892702645483,-0.061965934973487,-0.1160683908527489,0.2177982087295169,0.4956263677975501,-0.109923764166555,-0.1617017157258387,0.3489940301658472,0.6496555313590606,0.144127673548908,0.088248935018605,0.5619873843870458,0.3432457708735494,-0.2947850028974427,-0.2793349592847181,0.206196221676527,0.1038622569891497,-0.331833562301181,-0.3812471409317271,-0.0667973433867214,0.3815686986512251,-0.3061202344796495,-0.3044107755025479,0.1937209380011579,exact,9
UBERON:0004228,exact,,urinary bladder muscle,Mistral-Small-3.1-24B-Instruct-2503,-1,0.5338063022415314,0.0829882922386348,-0.0200838822333146,0.4423588856971449,0.98606676372764,1.1386981119331196,0.9638443246949538,1.154071491219104,-0.934741664860286,-0.7414000069641785,-0.1043698194144332,-0.9884001968377992,1.3031623761896596,1.6775319963454542,1.5004833603478305,1.562253204442234,0.8831363634574482,0.7574469042334011,0.5663534115517682,0.9237616723222104,0.6876073737165418,0.1017171802799746,-0.007847528518375,0.5910461451038452,0.7717718516873775,0.3152585582299737,0.2245905596173577,0.7304417112286112,0.9852294355950504,0.3783301217838746,0.2869207895742438,1.0400550354980422,0.6292749730743494,0.010219371816161,0.1935986005226164,0.5482544093388636,0.857272935726812,0.3166234816971826,0.1003191149092519,0.8508907298795901,exact,9
UBERON:0004228,exact,,urinary bladder involuntary muscle,Mistral-Small-3.1-24B-Instruct-2503,-1,0.0029819895514076,-0.4261787119976132,-0.3975717770482699,-0.1811702471138729,0.2494812332413362,-0.2245727798856132,-0.2596956128088756,0.0928324110712015,0.2131167412045231,-0.2322200192805811,-0.0514438631106577,0.0855924381375914,0.8850696092117203,0.4042771750011705,0.2649862439763976,0.8588051995704052,0.0644481942582499,-0.3524581140168307,-0.2791636195883467,-0.1110431568096747,0.0074919712522755,-0.441310118489323,-0.4214444449271045,-0.1707339101504952,0.0694172882220381,-0.3339408916241556,-0.3263431321460478,-0.1000606185729685,0.627004321901775,-0.1062251863306608,-0.1407411659832319,0.5391019491710692,-0.2506418633792876,-0.6521704905634421,-0.4771462114598128,-0.4149547975225605,0.191688151548478,-0.4300759496249229,-0.3858511845558693,-0.0144473689160619,exact,9
UBERON:0004228,exact,,smooth muscle tissue of urinary bladder,Mistral-Small-3.1-24B-Instruct-2503,-1,0.8513378303771256,0.7450377245564357,0.5758032245236653,0.9307189344510212,0.6080651117821257,0.2010466032742413,0.1128162796942368,0.5397099711047479,0.3503648600591909,-0.1380149228272139,-0.0383267919549431,0.2369445249888354,0.9652431270910544,0.5058198342846015,0.3674023746049077,0.9737218153469436,0.75107671019355,0.4758430941321955,0.2598631027362876,0.7198221608550773,1.1886105308168924,1.7633947546090762,1.6478800083714324,1.489277729032872,0.7602620066561321,0.3264795260540394,0.2113871074020471,0.7139097371407531,-0.150672784265172,-0.5384492030421908,-0.4879631916732277,-0.2963714992413302,0.8628482905230438,0.6549245281631423,0.4766177566049518,0.8887455052977872,1.1325766890900708,1.7326899494478472,1.317089876503238,1.492206699697949,exact,9
UBERON:0004228,exact,,smooth muscle tissue of bladder,Mistral-Small-3.1-24B-Instruct-2503,-1,0.516933989634146,0.0649197878934091,-0.0315553261196311,0.4196785986093631,0.0690399916458467,-0.392654747746259,-0.3872374168218885,-0.1047786740288668,0.261249507356407,-0.2270730858633918,-0.0487100104300105,0.1378582676332455,0.4050437713245267,-0.2364431180016134,-0.2666649130872032,0.270065767805106,0.393601164506802,-0.0460722101178105,-0.0486688640383523,0.2519079230131639,1.114621812962687,1.231781069552651,1.056463451725547,1.3066815583262117,0.6569571823144449,0.1709390700538943,0.0654488074722667,0.5716615617165858,0.7962131416449143,0.1218626243635782,0.040823968998279,0.7611940504605961,0.6842204488132015,0.2974447944469204,0.143898069061608,0.6231636020621666,0.9938143545880744,0.7403174476767647,0.3865776649721059,1.1152272994252304,exact,9
UBERON:0004228,exact,,smooth muscle of urinary bladder,Mistral-Small-3.1-24B-Instruct-2503,-1,0.8548147726611843,0.7476780851634893,0.5688515875293807,0.9369436071064992,0.8287210629771781,0.6402041573167534,0.4699897061860577,0.8710778062977987,0.5079678418825888,-0.017535031424915,-0.0288710320875378,0.4205573099552672,1.183614508044251,1.15938371864848,1.0512745678670026,1.3283021329711602,1.0015090408439118,1.1039373682816431,0.7510744792847767,1.1291961166888416,1.2520317136647765,2.591562063682624,2.514531682242215,1.6862076487129292,1.1933875583753364,1.9200843163250347,1.741788605341294,1.509832204377343,-0.059912842676475,-0.4965879507036609,-0.443283424058448,-0.2095592507062964,1.0022836945291802,1.0649275350352705,0.9471377690290066,1.12867405909845,1.1996216120187126,3.4515745596097944,4.044327878385403,1.82485012492768,exact,9
UBERON:0004228,exact,,smooth muscle of bladder,Mistral-Small-3.1-24B-Instruct-2503,-1,0.4223119358497414,-0.070645415707757,-0.1378110195230923,0.2968319313240551,0.2854652677955505,-0.2057259680458707,-0.2401519641629085,0.1340756214724867,0.4074569986805783,-0.0744745465856854,-0.0288896727922001,0.3021415841506891,0.5409137638029893,-0.0542028402860548,-0.087565506503386,0.4233462015533464,0.6326543327052265,0.2668260471640866,0.1115868044647521,0.5534629498306677,1.1745430489050694,1.639984634046701,1.4524600642193757,1.4516232476698878,1.063039144413492,1.1436164002913545,0.9374449184512424,1.2167027046997432,0.7289546286653777,0.024155662271445,-0.0519082918718679,0.6703200405167375,0.8394860976119627,0.6019542188787442,0.4640827207383523,0.851748052096726,1.0630518124975428,1.0852607487977346,0.7043155463189448,1.2811457291921786,exact,9
UBERON:0004228,exact,,non-striated muscle of urinary bladder,Mistral-Small-3.1-24B-Instruct-2503,-1,0.5662584588088185,0.1309160260098744,0.0184736793298986,0.4867081052007132,0.2331828837824936,-0.2522563575961622,-0.3019076468973049,0.0743679120376433,0.1656740160680095,-0.3086492079757459,-0.0560016310161277,0.0348738324011895,0.5386976998002253,-0.0373689605419559,-0.1139256662341516,0.4207763429730473,0.2997392808332748,-0.1357088650885358,-0.1695870578236587,0.1431902914528071,0.5375378802088084,-0.0715921124264001,-0.1335948207935438,0.3994299004243632,0.6209092561017757,0.0926010437049796,0.0155308526120503,0.5243404067207135,-0.3829183151717735,-0.6174056672740609,-0.5156166830064568,-0.5096252951639066,-0.1081853875481136,-0.4374736629273324,-0.5056980539801501,-0.2797448097668536,0.23530561374177,-0.4212405411754061,-0.3775591801188931,0.0316403797889591,exact,9
UBERON:0004228,exact,,non-striated muscle of bladder,Mistral-Small-3.1-24B-Instruct-2503,-1,0.1298038243683836,-0.3489543230523252,-0.3352614387050591,-0.0458994443805537,-0.0223015871966777,-0.4569879700452788,-0.4535694041351636,-0.1996846198689265,0.2545265143293556,-0.2288111439152841,-0.0503789385308541,0.130507254848817,-0.1600971901077465,-0.5641879382862147,-0.5414386574472112,-0.2967459938418477,-0.0230261458892752,-0.4156144640443248,-0.319656280635939,-0.1999395344645072,0.4612475565008492,-0.1437314252196043,-0.1878301960028242,0.3084865619422678,0.4385636932099423,-0.0867786473039041,-0.1379868042720431,0.2997418545367278,-0.3847985272100275,-0.6181400784742809,-0.5349205615274785,-0.5113044328961146,-0.2527593301908733,-0.5252776809770905,-0.584015484356962,-0.4169224947806412,0.0460174484130846,-0.5328259262115085,-0.435142895872826,-0.1620753214148008,exact,9
UBERON:0004228,exact,,involuntary muscle of urinary bladder,Mistral-Small-3.1-24B-Instruct-2503,-1,-0.1534129740387571,-0.5420860943150825,-0.4813323479547337,-0.339429728143198,-0.0990540155111255,-0.5011745958516558,-0.4618666922534329,-0.2771171328887726,0.2011389684653325,-0.2502523743868397,-0.0517071208787907,0.0727146090379615,0.5785389347388469,0.0067913804183818,-0.0405240946718627,0.4673620142686822,0.1059996402871712,-0.3127944087385944,-0.2766890363681454,-0.0678287672796198,0.0563611636196517,-0.4168871188632451,-0.3956987205084973,-0.1231092898255028,0.0627773850609686,-0.3259918889232832,-0.3144961103947609,-0.1067438491693044,-0.3193029268434314,-0.5966120054027549,-0.5414881757039344,-0.4523869021645499,-0.4000112035143218,-0.700515458930797,-0.5690377662524148,-0.5510024251887969,0.2246143611487497,-0.4232767785133712,-0.3771826269318158,0.0202560208635038,exact,9
UBERON:0004228,exact,,involuntary muscle of bladder,Mistral-Small-3.1-24B-Instruct-2503,-1,-0.517084729065283,-0.7253660936214312,-0.6071626814502059,-0.6785672378776084,-0.5862642381206361,-0.7607942284390447,-0.6504482517579725,-0.7290756811315865,0.0153994006777853,-0.3773562683518575,-0.058282923786127,-0.1210105027936745,0.0348959647375634,-0.4256375263034883,-0.3828614188013282,-0.1117216488435077,-0.2606272067637913,-0.5678608470716645,-0.4377682761643622,-0.4288625081895538,-0.0852054707211571,-0.4862721229508355,-0.4469658275220708,-0.2590009836896917,0.0495094029446429,-0.3251010766150832,-0.3057502343388387,-0.120053256569567,-0.5142472405003474,-0.6613571183193104,-0.5824932710225631,-0.6252613996852666,-0.6342643693552572,-0.8267934007721072,-0.6222198472102577,-0.7542711204026081,0.1367560942682051,-0.4785103644925829,-0.4114797463241534,-0.0712012058289282,exact,9
UBERON:0004228,exact,,bladder smooth muscle tissue,Mistral-Small-3.1-24B-Instruct-2503,-1,0.6766543311376585,0.3203883080683459,0.1772717910592555,0.6456367270014225,0.6956699049568426,0.3628427908586534,0.2070068018384135,0.6644039848629485,0.538226890869475,-0.0412813361335424,-0.0303460503139459,0.4571984379471662,0.599067116604406,-0.0512353143021833,-0.102407312945616,0.4916919634862731,0.966308403483096,0.9975767702049148,0.7163227700885942,1.0653670640963264,1.1408020090916378,1.396985398793864,1.1840452186962465,1.367318447305454,0.759221884275789,0.3330664480740937,0.2088504141425066,0.7124230864530181,1.105618723270326,0.7157555142484976,0.5860418828946224,1.2422679235018237,0.7281661062435224,0.3453444343700801,0.1565484138358452,0.6851363602794063,0.96162862220538,0.6278739307957147,0.2974823170382721,1.0469669988425525,exact,9
UBERON:0004228,exact,,bladder smooth muscle,Mistral-Small-3.1-24B-Instruct-2503,-1,0.5578466362343685,0.120740713149357,0.0522657416949043,0.4751180927663014,0.6993235991727685,0.3698523487848184,0.2348549835796411,0.6697804832132538,0.6356708423528655,0.1274424383533128,0.0014607147521991,0.5786905222368225,0.8807103807427831,0.4147651859187449,0.2852924582971701,0.8527371753787178,1.2252783472834012,2.237876458863349,2.0656161921223943,1.6221410149055715,1.2378398720182913,2.3561219865694816,2.2277651473859112,1.6371765288602398,1.2013317937569932,1.9986375746352547,1.8275033335942124,1.5306689705646794,1.3516997213926525,1.880357355284676,1.7436011301712186,1.7688931968646828,1.0767824964768415,1.3627209479866609,1.2742541952360529,1.274584012707288,1.0409210899139505,0.975732621650978,0.5969529206125824,1.224672933340805,exact,9
UBERON:0004228,exact,,bladder non-striated muscle,Mistral-Small-3.1-24B-Instruct-2503,-1,0.242531563208068,-0.2463322177350025,-0.2590943707280995,0.0805067569227442,-0.116747058872583,-0.5104991902962602,-0.4635515895521797,-0.2946872871909837,0.2340742836099904,-0.2842886129311029,-0.0630104859074662,0.1082466278966543,0.2137996184901761,-0.3339301918875413,-0.3459287881878878,0.0671100417388617,-0.0183284058265119,-0.4045620346684478,-0.3475938457389779,-0.1952338663893544,0.4040280072711347,-0.1877137351126971,-0.226711077347435,0.2426603662349593,0.53214861264179,0.0042408889311353,-0.0529398528309411,0.4121702598628041,0.2580067222362733,-0.3397977632020392,-0.3199861534330106,0.1135461112067421,-0.0454477483230074,-0.4404003838607113,-0.4916273324655956,-0.2183033087352697,0.1681884491333645,-0.4551500894575345,-0.3878549177835684,-0.0388965119338045,exact,9
UBERON:0004228,exact,,bladder involuntary muscle,Mistral-Small-3.1-24B-Instruct-2503,-1,-0.3922902415189158,-0.6616229204111518,-0.5798763066947955,-0.5661582357599785,-0.5313726272073642,-0.7351685742972596,-0.6319248489158299,-0.6810609599832191,0.1617108022496698,-0.3037698087570947,-0.0636137863087784,0.0306714476362905,0.4077545692610069,-0.1546417773300101,-0.1641547493587511,0.2730438394570877,-0.2844810947825786,-0.59004104830898,-0.4538099329813526,-0.4509425438150356,-0.1291135843769969,-0.5050061543125456,-0.468818244920765,-0.2999300336173837,0.2023160610584596,-0.2383881975316446,-0.2418797763607794,0.037083665365286,0.4516964207899405,-0.2789646378489253,-0.2935475978751901,0.3285833448883684,-0.3639313419408132,-0.7210018591385683,-0.5490712503110995,-0.5186356846397361,0.1119163086934762,-0.4769500537196917,-0.413835043946564,-0.0964206706070095,exact,9
UBERON:0004223,exact,,vaginal smooth muscle,Mistral-Small-3.1-24B-Instruct-2503,-1,1.0837791740973304,1.928583675200472,1.722494513238133,1.429763061998647,1.1030082753060233,1.7950900472246198,1.616260876604292,1.4091175348401872,0.7186812755761077,0.2302256709188107,-0.0053968673963606,0.6869044626722097,1.0575474554974384,0.9407145328660838,0.727930413083788,1.1150000920128158,0.9361598895200448,0.8825338791039232,0.602080432444408,1.0126452945661286,1.216250337531882,2.0925749556258832,2.028709527194386,1.5687209294235518,1.2256868036139268,2.2961951098265487,2.1488448902172936,1.5976932637100365,1.1761909450149683,0.9106217144956806,0.7657605986715011,1.3736251493636369,1.114028323063752,1.5060213931216735,1.258652644886634,1.353985966328375,1.1436998437256778,1.8983901955590856,1.5589325161753032,1.5333621380719953,exact,9
UBERON:0004223,exact,,vagina smooth muscle tissue,Mistral-Small-3.1-24B-Instruct-2503,-1,1.1246125622651626,2.308723635204178,2.2886468767562493,1.5468275347775444,1.1310613472614597,1.983916677240666,1.820529631603628,1.4794066194568964,1.0680841017453548,0.8126686184922614,0.0690546032955634,1.210146267037793,1.241148214784647,1.479161145893971,1.311226570342508,1.4360888931086668,0.9601369473564852,0.9546458924344012,0.6439631934070704,1.0544353277391585,1.2263139684145707,2.222657798458006,2.107537608302186,1.5998184621713143,0.7626264400875746,0.4124054941034596,0.2800800173088607,0.7172937050493091,1.2739272699241844,1.389444804751811,1.209103251414519,1.57808095320595,1.1253019394103785,1.6085081780306043,1.339698000061055,1.3790511962577263,1.1322516015311344,1.7304172137683018,1.3408924668191544,1.4910465737591618,exact,9
UBERON:0004223,exact,,vagina non-striated muscle,Mistral-Small-3.1-24B-Instruct-2503,-1,0.2110930802760852,-0.2428854216650781,-0.2797163733776164,0.0446124335663984,0.3166734852556214,-0.1440189834754226,-0.2274577944582353,0.1703980438485607,0.5742991409367669,0.0214808362367567,-0.0330425562497135,0.5015295134301897,0.6148498662762809,0.1677923774131796,0.0825284155838736,0.5105546845584907,-1.147918803521687,-0.9543653503294302,-0.7424590306972163,-1.1680895116062369,0.4910672714699229,-0.0873247718021004,-0.1384455962052356,0.3435786931592497,0.5450895943076903,0.0582405415865146,0.0009818012908701,0.4281665059588247,0.1697061585983155,-0.3971646066842456,-0.3779264751888797,0.0204882222332141,-0.1988268357052341,-0.5459311301570746,-0.4814741351340617,-0.3664320289826646,0.1652420206230046,-0.4535387730132871,-0.4015827681831197,-0.0419437895023939,exact,9
UBERON:0004223,exact,,vagina involuntary muscle,Mistral-Small-3.1-24B-Instruct-2503,-1,-0.0760838587529307,-0.4679133936984331,-0.4543571515483507,-0.2622646204091827,0.1076402421009016,-0.3271428114485815,-0.355704089531846,-0.0636973140612151,0.7603531334368393,0.2363138690917104,-0.0107573032637738,0.7430857636195874,0.4126716020492502,-0.055914618717333,-0.1346786279861423,0.278453518060166,-0.910920626491472,-0.8857426126581525,-0.706743195189558,-0.9847550510436271,0.1348329168016908,-0.3539261384833601,-0.3469795239445215,-0.0449137266007155,0.0180737324616648,-0.3178196800374057,-0.323777984710915,-0.1513516945187282,0.7302620285100175,0.0117908475446842,-0.03288797678649,0.6720517491338018,-0.7861936854026103,-0.9138502831585734,-0.5179687679478884,-0.8804139960713455,0.0854964943799167,-0.4941057751197488,-0.4282318583832046,-0.1229557551064737,exact,9
UBERON:0004223,exact,,smooth muscle tissue of vagina,Mistral-Small-3.1-24B-Instruct-2503,-1,0.7859357186671891,0.6055255119379372,0.4347366038544552,0.8181009006554489,0.4768062441444379,0.0574986261291737,-0.0368436554161002,0.3658610030158193,0.6954153862603275,0.2194443733234416,-0.0080381387955908,0.6560970007117853,0.789550329332097,0.3643810954313508,0.2563843820399081,0.7296009312637048,0.4193631042622131,-0.0313226848976115,-0.0792868576892133,0.2825984843757858,1.1565774407538256,1.5305280815743678,1.3374530038562955,1.4057743344888618,0.6625247523276105,0.2537021002761226,0.1634708181757241,0.579069515593312,0.7762629531371192,0.0974249738254,0.0172491182991304,0.7338472799738095,0.9087691541655224,0.7659354229529847,0.5387562980699518,0.9638846775001996,1.1109397899888624,1.4933570325615912,1.1196313289366426,1.4193659301127437,exact,9
UBERON:0004223,exact,,smooth muscle of vagina,Mistral-Small-3.1-24B-Instruct-2503,-1,0.8705878959562128,0.8499072938785059,0.6353496549153295,0.9655146079767156,0.7205383222938911,0.4476401703082969,0.2809646272102138,0.7013018746274012,0.8972502665658977,0.4981947310092947,0.0210876935471306,0.9379840727623588,1.014995832170295,0.8500245944459623,0.7093249624079984,1.0485464639362925,0.5451778316837074,0.1246358487115104,-0.0007739771776516,0.4384460431304526,1.256755101751958,2.720197947336424,2.734336266597333,1.703396286562912,1.2204902690245605,2.274133151088213,2.179707313289589,1.582960406540715,0.7901125940334025,0.1010932611793181,0.0074485478911614,0.7527952016505272,1.0296055932705694,1.1615578051089173,0.962590490189564,1.180431831113619,1.1942488950922912,3.123046384847318,3.4211879924870057,1.7843167586608013,exact,9
UBERON:0004223,exact,,non-striated muscle of vagina,Mistral-Small-3.1-24B-Instruct-2503,-1,0.3421726224611026,-0.1226335333676391,-0.1864298003040528,0.1979103013478422,0.0979651355682295,-0.340656103229203,-0.3694801868644737,-0.0740513659962279,0.566331918906541,0.0439712580813916,-0.0331454376844195,0.49167545537915,0.1325326075619824,-0.2785692106493193,-0.3187419311254505,-0.0153127384542426,-0.70641983345569,-0.809317235859233,-0.6286001430947524,-0.8191637208784214,0.5561910797981864,-0.0280801130942598,-0.0943976130401344,0.4222715928955002,0.4432485250994534,-0.0766870850909912,-0.1122343948726792,0.3052420113548869,-0.2907659316550844,-0.5918671176782454,-0.5341302730672816,-0.4264342727269546,-0.2404963235447079,-0.5136626793308476,-0.5462634406893169,-0.4055104856189883,0.0358592362143203,-0.5316058027633819,-0.4468087438077535,-0.1720414555048664,exact,9
UBERON:0004223,exact,,involuntary muscle of vagina,Mistral-Small-3.1-24B-Instruct-2503,-1,-0.32562416638718,-0.616689077172993,-0.5469356667070305,-0.5045048242612687,-0.1359699168154166,-0.4961748374734045,-0.4564993694857236,-0.3136626414766301,-0.1050040973170158,-0.3850121690269461,-0.0644896380917941,-0.2412412405968731,-0.0310662389861783,-0.3836281850557855,-0.3882671172260232,-0.1753720380547909,-0.6866413537894195,-0.8005796331314776,-0.6541669524577564,-0.8027462421114138,0.2137465843925307,-0.3063031319600154,-0.3102910959898538,0.0360603608537889,-0.0434545418163844,-0.3557244517702878,-0.3292063885769478,-0.211692016039275,-0.5036228450525793,-0.6685578491774284,-0.6015612983114044,-0.6160269370562006,-0.6814448469484495,-0.8354843312771626,-0.6062322471496769,-0.7938887251667401,0.1006785993942438,-0.4964018042144662,-0.4251761768265674,-0.1077431556444941,exact,9
UBERON:0004148,related,,coronary vein,Mistral-Small-3.1-24B-Instruct-2503,-1,-0.0185804755551297,-0.4872476728382493,-0.4493693775968312,-0.2035178339368538,0.0391891934183877,-0.4271746724490355,-0.4176625872172889,-0.1361413932626942,0.4716261948767808,0.0703150993881302,-0.0261907064264587,0.3771759584866178,0.6507905664593445,0.1700774662879836,0.0634900690556044,0.5540382674439939,0.8035665003796506,0.5180692923774365,0.2880514510966865,0.7982383260852803,0.4283142845052253,-0.1774328417362171,-0.2148181861120199,0.2703658158247213,0.7238352981261996,0.0839603331479567,0.000283186476124,0.6625391753557431,-0.608376608081174,-0.7639782034205317,-0.6751341991056371,-0.7062041723388871,0.6237375328574206,-0.0227166606692283,-0.1363841302163721,0.5408525075258854,0.9238771844088955,0.5848693174077971,0.2852031333653759,0.9721313160895456,exact,9
UBERON:0004148,exact,,vein of heart,Mistral-Small-3.1-24B-Instruct-2503,-1,0.0669873452028211,-0.4401297351707822,-0.4362688007662785,-0.113749048085889,-0.56883056433795,-0.777073547171163,-0.6858754125077985,-0.7138955145537665,-0.3976526855963286,-0.5613391305710413,-0.0822329297461552,-0.5190695319229783,-0.0193175367042914,-0.3718136122998513,-0.4081729405815958,-0.1641181410067365,0.2010154306734471,-0.2733664046142335,-0.3083909415980427,0.033591751560085,1.0576764636372284,0.9371110182437178,0.7691737635212642,1.1857771642294472,1.2135743318174337,1.802659495664668,1.6728288895317986,1.5637304580603089,-0.4390065016282288,-0.6285220029709506,-0.5588843922116289,-0.5594144822403561,0.7460108755044284,0.1637544321314783,0.0079989572529043,0.7108701855308601,1.1159136296405892,1.611280908522158,1.2712270152234213,1.435391337329467,exact,9
UBERON:0004148,exact,,heart vein,Mistral-Small-3.1-24B-Instruct-2503,-1,0.8600437434507073,0.6743380450251406,0.4725119969192238,0.9463541296760412,0.5632089292115556,0.1185596181610803,0.0014486935475772,0.4787028935134706,-0.3062643924380083,-0.4734844781452189,-0.0766101384774576,-0.4342889266485221,0.6944254441363882,0.3212905892338105,0.1930992748496003,0.6078715033658247,0.6044117096048052,0.1595772931690683,0.0270621960670705,0.5156652991202784,1.1346954517232102,1.347336333719947,1.146395123063595,1.3528388766532071,1.2742594179016178,2.577932321434012,2.5073691192833727,1.7501965764511775,1.337380882795115,2.440611278459225,2.3695802401576658,1.7312236217269965,0.8448920003902245,0.2575297386908021,0.1804668742756671,0.8602397909197166,1.164153011302759,2.404975650923591,2.1530371092185288,1.618378681722471,exact,9
UBERON:0004148,exact,,coronary vein,Mistral-Small-3.1-24B-Instruct-2503,-1,-0.0185804755551297,-0.4872476728382493,-0.4493693775968312,-0.2035178339368538,0.0391891934183877,-0.4271746724490355,-0.4176625872172889,-0.1361413932626942,0.4716261948767808,0.0703150993881302,-0.0261907064264587,0.3771759584866178,0.6507905664593445,0.1700774662879836,0.0634900690556044,0.5540382674439939,0.8035665003796506,0.5180692923774365,0.2880514510966865,0.7982383260852803,0.4283142845052253,-0.1774328417362171,-0.2148181861120199,0.2703658158247213,0.7238352981261996,0.0839603331479567,0.000283186476124,0.6625391753557431,-0.608376608081174,-0.7639782034205317,-0.6751341991056371,-0.7062041723388871,0.6237375328574206,-0.0227166606692283,-0.1363841302163721,0.5408525075258854,0.9238771844088955,0.5848693174077971,0.2852031333653759,0.9721313160895456,exact,9
UBERON:0004122,related,,urogenital tract,Mistral-Small-3.1-24B-Instruct-2503,-1,0.3840092555231355,-0.0786379931419931,-0.1557501728267574,0.2490119958356271,-0.0512725479009393,-0.4550961545495657,-0.4003929182272353,-0.2291495255667539,0.5690489794578595,0.1474379771529413,-0.0207072638031387,0.4950319236014086,-1.7933629807620812,-1.2004255940860624,-1.0167518580391737,-1.6060781532780135,0.6414944682143179,0.2763949829277893,0.0631080308468256,0.565431791848779,0.5442190784306766,-0.087850452383873,-0.1296298596218243,0.4075825180658177,0.2490930269874555,-0.2434570705786586,-0.2695497713342639,0.0870134250685893,1.0512230697716232,0.6000658313415976,0.4656947687961922,1.1479409432784369,0.8332495073134232,0.4159308774052261,0.2997701480538277,0.8420018789012891,0.9287865225608332,0.7530319012860743,0.4242009850569729,0.9815819673101512,related,8
UBERON:0004122,related,,genito-urinary system,Mistral-Small-3.1-24B-Instruct-2503,-1,0.488530965612821,0.03238298685136,-0.0673791282621157,0.3820512659111632,0.7668171547695785,0.4795704030026811,0.3386639767188744,0.7719700981552917,0.500402406143521,0.0577714864566792,-0.021231867284698,0.41147118134997,-0.0379134713022401,-0.6430638691917426,-0.5839574801877304,-0.1819146918405686,0.7585317254725442,0.4939569378459583,0.3218294620731522,0.7307677872898672,1.089177887311738,1.0769958596545794,0.9026067839481224,1.2509979778948468,1.01480453931957,0.9057841031531704,0.8074328760157146,1.1242706272246892,0.0848102107800814,-0.4056316377975347,-0.4021567302592099,-0.0664500195268901,0.8385917860045037,0.4807240775074888,0.3177074654151287,0.8503471757179338,0.89676849407759,0.6246767743779851,0.3141194756811906,0.9212971666560816,exact,9
UBERON:0004122,related,,Urogenitalsystem,Mistral-Small-3.1-24B-Instruct-2503,-1,-0.1447981386374833,-0.4984898052437207,-0.4781082825945414,-0.330932533019333,-0.46030846884651,-0.6890300697023981,-0.6033249608411169,-0.6179194517725392,0.279067420869855,-0.1188338326951524,-0.0360492398799525,0.1574224360369524,-1.026513506611033,-1.0137186369466684,-0.8858108453451665,-1.0316895586649937,-1.818020955151553,-1.15203457823792,-0.8441276080749431,-1.646386854309026,0.2902027210800399,-0.281546782731048,-0.2908308683882745,0.1169976742855481,0.3560572391627688,-0.1484076632609372,-0.1821208715427445,0.2048808529861597,0.2281936070500368,-0.4001101997306794,-0.4048001066972677,0.0818097454560586,0.5735695826762415,-0.0254575011511147,0.2055691636146852,0.4749363135926364,0.6664496347031492,0.1956308127941708,-0.0133435738989991,0.5545351720215016,related,9
UBERON:0004067,related,,prominentia nasalis lateralis,Mistral-Small-3.1-24B-Instruct-2503,-1,0.0107938118876768,-0.419039058517806,-0.4153102798507784,-0.1730295584784615,-0.9705707451860448,-0.9081649756955604,-0.7556878322869985,-1.049036329879662,-1.7731266817035347,-0.819969844801145,-0.1098704534111482,-1.6510492625075728,-0.5429389356645248,-0.7424416539062645,-0.6803039086615783,-0.6363398690020828,0.2308549396553689,-0.2219900912305595,-0.2903843530741247,0.0662408251329323,0.6357911979121633,0.0849509797546826,0.0190474145319598,0.522743072305696,0.6643228470737154,0.096794171007061,0.0426756089641271,0.581467827080723,0.2757839388901362,-0.3355625997393078,-0.3404267374178233,0.1326305470081042,0.4704163505433026,-0.0583875606784375,-0.1023681791937766,0.3452720587021651,-0.6298168820877147,-0.6949685233562204,-0.5393392002801574,-0.7570932447177162,exact,9
UBERON:0004067,related,,lateral nasal swelling,Mistral-Small-3.1-24B-Instruct-2503,-1,0.8633621688699858,0.7969860059336449,0.5644888477297173,0.952357406637347,0.345741515413016,-0.1474564801299243,-0.2230585552933072,0.2047140269262215,-0.3362374958172981,-0.4984107599891424,-0.0843624035805086,-0.4622795700347978,0.6754129992647727,0.2403185275123817,0.1574957170072643,0.5842704422660088,0.5128835698447023,0.0780885510484638,-0.0861956006828998,0.39743745545719,0.1712684175328102,-0.3335129552264828,-0.3171132848602843,-0.0078331738507024,0.0177732345415108,-0.4704558930664046,-0.4511726265924902,-0.1516493113767157,0.8549547388514814,0.2281106576464414,0.1708215700491146,0.8438041955818839,0.1199184030351375,-0.3359797988951249,-0.4142803938659783,-0.050022917058309,0.0254801708802787,-0.472676810389214,-0.43432245951807,-0.1821832746341429,exact,9
UBERON:0004067,exact,,latero-nasal process,Mistral-Small-3.1-24B-Instruct-2503,-1,0.2629475620425772,-0.2120365869136113,-0.2531967140877583,0.1040995007157596,-0.9535960157777712,-0.9218146251425726,-0.7493566803766374,-1.0354421549051267,-1.2521624561944524,-0.7572828190243633,-0.1027207261628908,-1.247431122325699,-0.3402769952986539,-0.539538552864537,-0.5333272096397964,-0.460057605916429,0.1727857728169892,-0.2722343734675227,-0.2888432148259617,0.003064811293972,-0.0861607968785644,-0.4660744321725105,-0.436602262482225,-0.2598973052594825,-0.7854809467105788,-0.7655856415955474,-0.6512250485489466,-0.8664435540536333,-0.4748463635375506,-0.6287495678061978,-0.5767737310794032,-0.5909112970794654,0.248955200612737,-0.2271545907893307,-0.3299453046585904,0.0886099536819173,-0.0144839263649664,-0.4949287000812561,-0.4283782369030565,-0.2208569308488418,exact,9
UBERON:0004067,exact,,lateral nasal process,Mistral-Small-3.1-24B-Instruct-2503,-1,0.8600326194601964,0.8162323802826509,0.5921643029941053,0.946334046485515,0.4435611212798242,-0.0808615318550135,-0.1295098840564165,0.3239204420815036,-0.9614531410196856,-0.6196095913768295,-0.0902912446523765,-1.0106534583431508,0.5171890601223178,0.0494671619013492,-0.0300636692657527,0.3959605986208891,0.6485151478205358,0.2826621175762067,0.0730343282271943,0.5749854188611483,0.6167641585088,0.039977216655814,-0.0534798866931956,0.4982609826598486,-0.0945921933031108,-0.5543393411372262,-0.4896184350834762,-0.2609655619508706,0.0033100813246724,-0.5400614346726996,-0.5189573128084708,-0.1477859587944358,0.3538949113284417,-0.1074183460762405,-0.1418779285046999,0.2069468978347618,0.6210163262877983,0.0054710018977754,-0.1321782260341147,0.4917988219238545,exact,9
UBERON:0004066,related,,prominentia frontonasalis,Mistral-Small-3.1-24B-Instruct-2503,-1,0.2519487164249394,-0.2040532047283683,-0.2367889922698838,0.0913609567302796,-0.1384409168143701,-0.4980663197856453,-0.4603633304986043,-0.3160933341180565,-0.9504409638786904,-0.772687561981051,-0.1068941614561114,-1.0014900993568343,-0.0355278544447091,-0.320712728623818,-0.3397068233592161,-0.1796365391215937,0.4194041608680974,-0.0223159458051925,-0.1153775378350551,0.2826477056460299,0.5446286669145651,-0.0551846418488446,-0.1326292044032805,0.4080833497799976,-0.1766958088901592,-0.454566737059403,-0.4081438284082662,-0.3385260271333175,0.1079172200716253,-0.4379556535138575,-0.4393252172252159,-0.0430193273944964,0.7404219641158472,0.2535748469629891,0.1617704274982406,0.702773585230313,0.0067484193295654,-0.4396060568542281,-0.4045403968993563,-0.2003837617287405,exact,9
UBERON:0004066,related,,frontonasal process,Mistral-Small-3.1-24B-Instruct-2503,-1,1.0642176367839384,1.75638404105803,1.5484263063197108,1.3784143465357226,0.6806862641712332,0.3639760327230978,0.1760500665765764,0.6425107816315236,-1.6752076294764326,-0.89394369529499,-0.1153286596618062,-1.5769211115035808,0.2287538526422595,-0.0970626938907345,-0.1651158591530079,0.0825082468326886,0.8692160131886713,0.7103928014924525,0.3952346828927054,0.901163129482234,0.7316980337718861,0.1648597808505418,0.0384819509042692,0.6512178255962207,-0.1420798347746149,-0.4959769233924367,-0.4334524433719706,-0.3060503237749826,0.9191771517058208,0.350115366654997,0.2430027658654014,0.93808420959288,0.5077522516806047,-0.0437619640437865,0.0354061720960641,0.3913536135350964,0.698882536833035,0.1652359712167274,-0.0285344992257631,0.6008695596816701,exact,9
UBERON:0004066,related,,frontonasal mass,Mistral-Small-3.1-24B-Instruct-2503,-1,0.909037969157088,0.9822226975568868,0.7692605092293668,1.0376254826540148,0.3406348856225953,-0.0938404936230915,-0.1695829133946574,0.1986506637134865,-0.4735548881704415,-0.6155658277298484,-0.0925724402359932,-0.5882583457648306,0.4598601273611087,0.1277742529051852,0.064081418349649,0.3308970451399391,0.8314007182952227,0.6222044687560851,0.3259645017526969,0.8411738567118647,0.3254486277743877,-0.2574897328339321,-0.275212909093624,0.1552108204110694,0.0210856430941991,-0.4124915838472973,-0.4039688377101576,-0.1483670375396056,0.86714557037479,0.2620491562293274,0.1853091596098638,0.8613654760669495,0.6339381182505729,0.1018397720274257,-0.0429256683290655,0.554507878473936,0.4709032758589395,-0.1088404433546515,-0.2030889489298407,0.2994256949684928,exact,9
UBERON:0004066,related,,forebrain prominence,Mistral-Small-3.1-24B-Instruct-2503,-1,-1.2973547954703135,-1.0082979819869895,-0.8156049320026842,-1.3128315307713452,0.1628409221529489,-0.2820035415842712,-0.3059221426179923,-0.0038636014208332,0.2191296808722001,-0.3374334645329317,-0.067078789233772,0.092076192692412,-0.0173910231080982,-0.2301127184063486,-0.2683990669040861,-0.1622693888137308,0.047530711759918,-0.382157720774431,-0.3919569535731239,-0.1284507819605686,-0.6276915364989292,-0.6711247920348404,-0.5897120908309293,-0.7326562862157434,-0.114674995280297,-0.4413396171270172,-0.438926387345418,-0.2801091031230382,0.4049985420774346,-0.2653009630598621,-0.2876252720292214,0.2752250949126898,-0.0777666399789763,-0.6384768122723647,-0.6023542265347867,-0.2501078869607331,-0.8028073244617231,-0.7266757914468859,-0.5595718637541373,-0.8926831839330418,related,10
UBERON:0004066,exact,,embryonic frontonasal prominence,Mistral-Small-3.1-24B-Instruct-2503,-1,-0.2116421976173933,-0.5470197274341172,-0.4958907238549458,-0.3962419659022635,-0.0299110557666796,-0.4213274362790283,-0.407478746425734,-0.2074524032362893,0.8802359256347659,0.2659926491233891,-0.0063649515492524,0.9127987122650306,0.4756482011564424,0.1080266355316037,0.0214907685743798,0.3486630807159158,0.987363959679768,1.04110404347332,0.7425739359631797,1.1032354145351169,0.6194669861364648,0.0306551479396825,-0.0426981764362711,0.5017200687207688,0.8826449832121026,0.6210587145120322,0.4568228840726052,0.898187031478653,1.1544578052424086,0.9466618666718296,0.7935514819116615,1.331952650253929,0.9436637490362596,0.5790161995392032,0.6186438875158102,1.023361872502472,0.6579416288749859,0.102747351413881,-0.0479597158502513,0.542601358929955,exact,9
UBERON:0003930,exact,,endocardium of atrioventricular canal,Mistral-Small-3.1-24B-Instruct-2503,-1,1.035530255755179,1.5073516129694242,1.2952121454108174,1.307447961416355,0.992781640217568,1.2080385845527024,0.9823987194012558,1.1674350397013318,-0.6062147923094126,-0.5021262961886049,-0.0791739701986873,-0.7067277156045918,1.3181944244538342,1.692119274709328,1.5779325387701306,1.5947411190569367,0.9715269141783918,0.9962132250535684,0.6671639221266663,1.0746690438683306,1.1644463314874705,1.584329598505427,1.4425811515471838,1.4255687682935332,1.144509961123907,1.3200683786414018,1.192838540039764,1.3905236164136008,0.9741852059541812,0.6419676441748937,0.4625169979103289,1.0226153745382778,0.9823207435793044,0.7906308990941147,0.7121558356878493,1.091983336902969,1.175852035328482,2.4407310591815268,2.2583375827937435,1.674833330399099,exact,9
UBERON:0003930,exact,,endocardium of AV canal,Mistral-Small-3.1-24B-Instruct-2503,-1,0.4261566650700661,-0.0571962855480852,-0.1345625059730513,0.3016893397942874,0.0854377402246975,-0.3559055498896515,-0.3129623256008014,-0.0874007748662287,-0.5964560806380552,-0.5000092151677439,-0.0796521981069308,-0.698113794707338,0.352447165222334,-0.2479401517181214,-0.2777834003152438,0.2128762666347778,0.7931683747209493,0.5438272170325239,0.3105110646328354,0.7824475114969558,0.8269994240732521,0.3406564456444926,0.2044427588734732,0.7888441018100582,0.8373346265352016,0.2945798852244802,0.2304861754925843,0.8276419546509638,-0.2733357258011073,-0.5413099356875526,-0.4983527852921476,-0.4104957272170612,0.8911810258854941,0.5606134151755102,0.3534723788263821,0.9347076387935538,0.8597466972467183,0.3567423558455129,0.129412320525667,0.8551852748128885,exact,9
UBERON:0003930,exact,,AVC endocardium,Mistral-Small-3.1-24B-Instruct-2503,-1,0.3756454051577635,-0.107286026318937,-0.1688126033952385,0.2387040495416473,0.3199350188808901,-0.1661297845761764,-0.2182842433018984,0.1742247411303286,-0.4573217983610061,-0.5203024639802766,-0.079607560643823,-0.5735505868810814,0.2848959154200995,-0.3247818034096243,-0.3587758635319377,0.1409970547138398,0.737795978626971,0.4433449246867197,0.1805964410588809,0.700472503718748,0.4436599715185794,-0.1266927058929248,-0.1715635774653983,0.288047972434813,-0.120321665153042,-0.5596257853796877,-0.4865190278597944,-0.2854712158900035,-0.1840459370096725,-0.4841529609925165,-0.4482260732059592,-0.3277721847689323,0.8016876708071738,0.2952582855309774,0.1661039897273042,0.7934760734642422,0.3312410164318877,-0.287195088048546,-0.3176285029947304,0.1365375761226507,exact,9
UBERON:0003930,exact,,AV canal endocardium,Mistral-Small-3.1-24B-Instruct-2503,-1,0.5579613523865119,0.1320184395893713,0.0347514405369227,0.4752756995076015,0.3314684230243402,-0.1390623965628202,-0.1523187103109738,0.1878043209026268,-0.4305352759115912,-0.5109872316919677,-0.0785727206106349,-0.5491754844556475,0.5275203169202708,-0.1060913704641865,-0.1901134835690167,0.4078518624499427,1.0482336192142567,1.238123405301744,0.9385833996839472,1.2182373889837854,0.9088353552761612,0.5200910728815187,0.3942824220034116,0.9171939325435864,0.8366834797529954,0.283300001186153,0.2126134742471301,0.8266494701137286,0.1423529101104237,-0.3705298847801461,-0.3133648368166928,-0.0077822864507431,1.1391748499254468,1.4439497385759803,1.2428280441275692,1.4106320024046404,0.9232161730390582,0.5513703188682739,0.266971147736856,0.9708648357288284,exact,9
UBERON:0003846,exact,,thymus gland epithelium,Mistral-Small-3.1-24B-Instruct-2503,-1,1.0176248025290953,1.390707873314354,1.1951407569367778,1.2653880966779398,1.0929689641851963,1.7018022218983162,1.4780147481630106,1.3850072174275772,0.4643405471010003,-0.1678660961311385,-0.0546124469220629,0.3685582187154451,1.1325917947460913,1.087529818648167,0.9519686150781416,1.2386481767336954,0.9129132070935464,0.7544740521371138,0.4764306880512463,0.9731063816383522,1.2239203287510667,2.1696401095430926,2.030725598634751,1.592301248343638,1.1427950435497307,1.4402946925926805,1.26247593625115,1.3865775481285534,1.2928794358216038,1.3687254545762555,1.2082612933039063,1.621756655068304,1.2050479413570403,2.0418675338660943,2.259327880381561,1.5740559000106444,1.0662139340231969,1.1687263551477458,0.7547041260459353,1.2895382549227674,exact,9
UBERON:0003846,exact,,thymus gland epithelial tissue,Mistral-Small-3.1-24B-Instruct-2503,-1,0.9782813338403146,1.1884523279519112,1.0269192889332548,1.178005863003774,0.9755739441217756,1.114293852009623,0.897857589830614,1.1334422958293455,0.183214450734786,-0.3307664320140907,-0.0682203461710153,0.0535359051257846,0.3221025283424984,-0.2489495458040988,-0.3115949758745079,0.1803764593098213,-0.4520698382543671,-0.711375536756374,-0.5514994065944869,-0.6019939329894073,1.0495896581391748,0.935878858035337,0.7242148417126212,1.1696188623395107,0.7315463112414681,0.2166156115343179,0.1388883811646458,0.6732969719069894,0.9158018607424256,0.2188981566799382,0.1240036950040467,0.9330164963060962,0.8560619595161622,0.517078466753773,0.3403476083118942,0.8779172054085514,0.928400545586096,0.5556327591407884,0.2524445740217407,0.9808360818423106,exact,9
UBERON:0003846,exact,,thymus epithelial tissue,Mistral-Small-3.1-24B-Instruct-2503,-1,1.185574811262442,3.14099906841228,3.377499822249977,1.7603724453513163,1.1674313299613304,2.285106285372631,2.1472165742462823,1.5782127661984406,0.5516651798681915,-0.0631584729453296,-0.0405687999703823,0.4736288975420881,0.6799479238078526,0.1232491450103305,-0.0165644329823767,0.5898791907151028,-0.2999767221929169,-0.6325538668598633,-0.5238004476323918,-0.4652049836670766,1.127226641848479,1.3248795565819786,1.105572150046482,1.33541544235263,0.9941847553059618,0.8053436726471846,0.6582560381276399,1.0866153877770133,1.1382040148748045,0.720801792743755,0.556612787976912,1.3015254793184232,1.0158020258617548,0.9584777635406306,0.746263724899308,1.1540501693071126,1.0448845780729823,1.0345729103966874,0.6284440690749555,1.234514427317312,exact,9
UBERON:0003846,exact,,thymic epithelium,Mistral-Small-3.1-24B-Instruct-2503,-1,1.1835078347756385,3.099801134483161,3.2301548411645538,1.7519724801887724,1.203723657098695,2.7189229583301486,2.7331049236803526,1.6882968580694937,-0.7516675873529697,-0.6749750878634997,-0.0917228101047277,-0.8333511664771005,0.8123637888053854,0.3583026553419077,0.2178897429500491,0.759776233690624,-0.643631317814608,-0.8011390062377355,-0.6103384202740655,-0.7667844418223461,1.033861764601858,0.8757448516528112,0.7068282642726246,1.1388118381527643,1.270794925598295,2.749628067298165,2.6762474186817533,1.73823671208486,1.001428974978447,0.3803081966445878,0.2908667884493726,1.0659396161794457,1.196059788007254,1.9817288840882137,2.08466259809472,1.5502219471905136,0.9653175919813104,0.6733974349857493,0.4073914711292706,1.0545652526040956,exact,9
UBERON:0003846,exact,,epithelium of thymus gland,Mistral-Small-3.1-24B-Instruct-2503,-1,0.7167604884258417,0.4031295945596675,0.2419591231812466,0.7069433239698408,0.8009258074892633,0.610318336484403,0.4663998981582621,0.8258809904739862,-0.638250321679427,-0.6359781946515306,-0.0896936295390917,-0.7348973441234822,0.8239232799305033,0.4412690308099485,0.2996315111980505,0.7752229925425618,0.4345799789273368,-0.0578798987129236,-0.1294488302107641,0.3009104114192136,1.1838175469149,1.7186976248764074,1.5543112397551462,1.476260446468208,0.951997619888735,0.643259267531043,0.4719601326388339,1.0125491907988151,-0.3232593387097339,-0.6631420436765972,-0.5955457304755395,-0.4559712778450079,1.0458075743029056,1.0709673839655798,0.9209462957454864,1.2120407390932957,1.040341092427848,0.9768405300183124,0.5882659322371062,1.2232420867729554,exact,9
UBERON:0003846,exact,,epithelium of thymus,Mistral-Small-3.1-24B-Instruct-2503,-1,0.7483866886976958,0.4687812535801578,0.3144153428068415,0.7568537015779003,0.8204041522327429,0.6579573302059357,0.502149006271074,0.8574287451556154,-0.4286406457282851,-0.630012278032884,-0.0921853467223828,-0.5474463757346233,1.0058260533822918,0.7606430615874773,0.5690669037379505,1.0345331802749,-0.3290901775128845,-0.6500218357781462,-0.5466248731085458,-0.4918326724054138,1.241433754258538,2.41048198959051,2.363658321725911,1.649252185956366,1.1838914979134814,1.768888604935958,1.5967071830584696,1.485510357049533,-0.3717685160481221,-0.6802152567327332,-0.6091759377047514,-0.4996532396149891,1.0958404126584973,1.3157391945438466,1.1555176038861048,1.3145918659254814,1.1911435348864512,2.9674112289567107,3.06027330697852,1.7632115538334938,exact,9
UBERON:0003846,exact,,epithelial tissue of thymus gland,Mistral-Small-3.1-24B-Instruct-2503,-1,0.6468336935756026,0.2660929897819727,0.168043543416054,0.6013674525874249,0.7061945633433345,0.4109908616840841,0.269622063498369,0.6799323806371038,-0.6318837023167554,-0.6445364010327204,-0.0896299025868229,-0.7293120591852048,0.2423705031622921,-0.2284412112687663,-0.2535366218733205,0.0965943351476981,0.1701624717883809,-0.3155445408736129,-0.3209626855145029,0.0002453992490288,1.076675740775667,1.04063558294824,0.8603465034105134,1.2246573850964642,0.5959426493924255,-0.0041879495397365,-0.0731973077270931,0.4921892165083586,-0.3969957124522071,-0.6984540731477678,-0.6375157042081154,-0.5221800381448631,0.8413676548868086,0.4888488551631161,0.3380329895336859,0.8546990131580136,0.91796781500423,0.516710137461152,0.2312134968350944,0.9608586443569164,exact,9
UBERON:0003846,exact,,epithelial tissue of thymus,Mistral-Small-3.1-24B-Instruct-2503,-1,0.7111602544530179,0.3895292440728783,0.2421653181500371,0.6982538936610666,0.6945741849698772,0.3865204374315456,0.2624095786809473,0.6627945378398062,-0.6705483206381099,-0.6595287819748437,-0.0956294282946768,-0.763133616900127,0.3559090741144729,-0.1494279176135877,-0.1913794702982867,0.2166065740470775,-0.1309099409092931,-0.5368470831413868,-0.5005091701940029,-0.3060083916672157,1.1243055191514069,1.296812752381272,1.0965420291550096,1.3286832857986584,0.8412125583107578,0.4183247844670081,0.2708200338472966,0.8335647433813004,0.5497758465181986,-0.2138896492281221,-0.2344403242370913,0.4442293060981043,0.8544799358652373,0.51729559079142,0.3837280297894743,0.8754026068679259,1.0506499801301192,1.0699477129688335,0.6732699706129674,1.249034395619271,exact,9
UBERON:0003837,related,,upper body connective tissue,Mistral-Small-3.1-24B-Instruct-2503,-1,0.2488499898182508,-0.2159283677741955,-0.2732666142951047,0.0877840621797085,0.3065557420166629,-0.1828221429649735,-0.2167338568017875,0.1585644143381109,0.2805879741613932,0.0030642910687106,-0.0107971650098439,0.1590975727150695,0.0343316076509234,-0.5241642813992753,-0.5287136382463704,-0.1122711260701244,0.588548733615502,0.1862551977772756,0.0205477717619126,0.4947203091519296,-0.2822224754364817,-0.5666415820922059,-0.5036747718046054,-0.4386662204264759,-0.975572587603886,-0.7966562136616997,-0.6917719189189009,-1.0181156714616093,0.856312479699485,0.2024760195226371,0.1011209200103129,0.8457526595278824,-0.6324292791103752,-0.7406127111814481,-0.7496925063230444,-0.7527217736801479,-0.1450385740218165,-0.4941006037521435,-0.4320208692299768,-0.3433249520212389,related,8
UBERON:0003837,exact,,thorax textus connectivus,Mistral-Small-3.1-24B-Instruct-2503,-1,-0.4165579220678191,-0.6652236388309851,-0.6027887455373953,-0.5883153464754709,-0.1445485268054983,-0.5408401938324322,-0.4880586127234985,-0.322093095867467,0.294229850275074,-0.1409002153024,-0.0472573041359728,0.1741659650606607,-0.6177219833157347,-0.7839310652835436,-0.7006541060539113,-0.6996439573714274,-0.91350503178819,-0.8791388783174956,-0.6982134166673356,-0.9868016601590732,0.1706857902743914,-0.3531248546343045,-0.3576215204870765,-0.0084301695910332,0.2360419578881203,-0.2881878165300955,-0.2824733228793957,0.0729893286025031,-0.6130534339179434,-0.7352056143846399,-0.6702142468239157,-0.7101860845417346,-0.3026649203721024,-0.662945011068443,-0.6323924845066946,-0.462963157317754,-0.0547431824732458,-0.4677369529174477,-0.4139464847093745,-0.2592338823991326,exact,9
UBERON:0003837,exact,,thorax portion of connective tissue,Mistral-Small-3.1-24B-Instruct-2503,-1,0.4756924900644455,0.0376159637277498,-0.074729375701884,0.3652622871012841,0.6058014521350643,0.1898360806020872,0.0749950766752557,0.5365880830172045,0.4530451183217939,0.0696032478208468,-0.0185978221717689,0.3552484976771721,0.5336160287327156,-0.0903256441295897,-0.1850230961762481,0.4148926684043464,0.5166456514681019,0.0920921956080288,-0.0345871134786793,0.4021770445197916,0.8252435558930173,0.3134746610086146,0.1545650918084613,0.7862027407350204,0.9165743379280008,0.5554147589744733,0.4617444805793924,0.9530881628700384,-0.1664041034425256,-0.5445980486211464,-0.493801295556777,-0.3112067795896365,0.6341954741088345,0.106857772128967,0.0179483598239657,0.5548535457949181,0.7241913773142293,0.1977950839602235,-0.0012170902869104,0.6380141754768396,exact,9
UBERON:0003837,exact,,thorax connective tissue,Mistral-Small-3.1-24B-Instruct-2503,-1,0.5472440827786809,0.1479489319112265,-0.0132309516099242,0.4606046336021213,0.5679404826350704,0.1193720627281438,-0.0110762821127409,0.4850552220600307,1.015380439252393,0.9863668897125256,0.0822831775598641,1.1219895940772782,0.573875002588879,-0.1156090296288188,-0.1998453043876532,0.4618658587044367,0.822080868759483,0.5903972214345617,0.3326883037748245,0.8266869849372699,0.7661175377034767,0.202115465402506,0.1113258661706077,0.6996475154748547,0.7093486073486251,0.1839663913385103,0.1193341506419472,0.6424911198722711,0.9167661597680232,0.300158969883666,0.2327689895101611,0.9344629704423962,0.7875466812730829,0.3673397839743778,0.1665207621050952,0.7721471480361488,0.7019708686429306,0.1659793910131865,-0.0237126970699585,0.6053541576656427,exact,9
UBERON:0003837,exact,,textus connectivus of thorax,Mistral-Small-3.1-24B-Instruct-2503,-1,-0.4996430071936217,-0.7002692454295639,-0.6145293863702137,-0.663079571339693,0.0462931242764729,-0.4000228666473814,-0.3920394729137615,-0.1287090357913756,-0.2008682281823947,-0.3871202678721105,-0.0698880541933877,-0.3343466636395389,-0.5582482478965188,-0.7474046220493016,-0.6866100707272839,-0.6493714631207089,-1.0491603793779567,-0.9338940016536516,-0.7180836578312706,-1.0927310252056943,0.2093365676244988,-0.3313920376619376,-0.3420880162109008,0.0314690462069101,0.2439804850324878,-0.3069166453821805,-0.2982324711831924,0.0815109407250725,-0.2848574618525236,-0.6216127235868559,-0.5868569589133231,-0.4210388976237652,-0.2352920161887511,-0.6264358500794402,-0.62116833529593,-0.4006553135968215,-0.1431897030318657,-0.522326648261538,-0.4499006325836337,-0.3416292441915332,exact,8
UBERON:0003837,exact,,portion of connective tissue of thorax,Mistral-Small-3.1-24B-Instruct-2503,-1,0.1286733488327149,-0.3232732942524703,-0.3364294661480085,-0.0471360275358442,0.318890551565179,-0.1735164616552629,-0.2459539190896546,0.1729986443259987,-0.5439394565909774,-0.5164553745602068,-0.0818967942331085,-0.6514878860707951,0.1836183912457319,-0.3794286993555201,-0.4273249816892734,0.0362559360741279,0.3564233274415573,-0.0935766864854287,-0.1194099041223692,0.2082812365536881,0.7716540178784514,0.2120460600594083,0.0995150410410937,0.7075655746421056,0.8467874674861525,0.4088528016574401,0.3128870073185328,0.8421157076443804,-0.4433333841794796,-0.6430170670429816,-0.5941800495769373,-0.5632299832616696,0.6327585705668738,0.1360155209057243,-0.019476579406297,0.5529242977808545,0.7129314794990695,0.1711121505417011,-0.0191060303533318,0.6213766711206857,exact,9
UBERON:0003837,exact,,connective tissue of thorax,Mistral-Small-3.1-24B-Instruct-2503,-1,0.289994849720388,-0.1676897293412112,-0.2215081570434906,0.1357126182107937,0.4666061860092226,0.0034343410007059,-0.1007365310103352,0.3529107433548418,0.7386139550569063,0.3401020715071605,0.0154946872466365,0.7136126878437177,0.3331173206829783,-0.2511540991862989,-0.306773092022223,0.1921329701586891,0.4648149278501444,0.0281792656894452,-0.0456756026051496,0.3377151497608202,0.7453688575697855,0.1658744890484559,0.0810808232651796,0.6702928539158916,0.6502365483688564,0.1099193632130609,0.0504842909548073,0.5627554997169064,-0.3038306438969784,-0.6284484837562977,-0.6005588150415802,-0.438337538268129,0.7173793213954409,0.2559052046161431,0.1068637341165652,0.6697441278166407,0.7181158520461073,0.1623122662612376,-0.0200980731098329,0.6290143355385429,exact,9
UBERON:0003729,related,,tunica mucosa oris,Mistral-Small-3.1-24B-Instruct-2503,-1,0.1335046369614738,-0.3592742411704308,-0.385618819136962,-0.0418471692681104,-0.0621948027674641,-0.5175576112887285,-0.4840680100632474,-0.2401823149317978,0.1180142339696058,-0.2724230578489267,-0.0362053690140471,-0.015322095685411,0.1363942352614948,-0.1565208721718324,-0.2188556804408358,-0.011442609638838,-1.2265162733022243,-1.0081631962673332,-0.7805482397376979,-1.2270701085850897,-0.1974319546965908,-0.540005815355639,-0.4891587325976402,-0.3625701713164017,0.388848208270702,-0.1222221737715023,-0.1636330036294925,0.2421408009176904,0.0348587392579428,-0.5671726767010868,-0.5450026240819109,-0.1165360662328692,0.08659081939026,-0.3693778815782618,-0.4102102876906621,-0.0847315189839471,0.0230915513400938,-0.4327157729589862,-0.4055616837765654,-0.1845114883133179,exact,8
UBERON:0003729,related,,oral mucosa,Mistral-Small-3.1-24B-Instruct-2503,-1,1.0463010595673436,1.5874473574589452,1.3743993223845823,1.3335418212026529,0.9499709051634164,0.9533102809841948,0.7587409849939126,1.0843255279505448,0.8840829139167744,0.7391328975983972,0.0439467704081026,0.9184671112274352,1.013265492046163,0.7974190857585882,0.5988635655860598,1.0458941356105642,0.6320255183729984,0.2376491082055158,0.0827806335765095,0.552614134276529,1.009559514557811,0.7482836027412947,0.5911858189537116,1.0926937290947527,1.1773131621688886,1.768893272796494,1.6106015020113025,1.4690115197329914,0.9017860456602816,0.1772013510560339,0.1370267556126486,0.9121116538242708,0.7170504777987734,0.2497877139987607,0.3373464354131903,0.6692767741470047,1.1314951279416094,1.848267839573948,1.5110638357541806,1.4883556668187046,exact,9
UBERON:0003729,related,,mucosal lining of mouth,Mistral-Small-3.1-24B-Instruct-2503,-1,0.5503017896703605,0.1104451610792232,-0.0222790277176734,0.4647794729792802,0.6133581149225618,0.1700214349244861,0.0682351594161176,0.5470282631396415,0.6189093496911695,0.2810990906012465,0.0015657391108542,0.5573899456988569,0.3863732989981538,-0.0027896698644245,-0.0809195422084375,0.2496370206293412,-0.2595230001529026,-0.5835122902477231,-0.4696472753258095,-0.427836713997092,0.9372726615739868,0.5310743648520242,0.3942926721008108,0.964514785528102,0.3681900975210092,-0.1459996940371356,-0.1645796931380001,0.2186019139524973,-0.389203609378154,-0.6833354388623701,-0.6110824335476569,-0.5152356482575841,0.8458420724336403,0.479973361447594,0.3973378286742484,0.8617364328466269,0.9947287278490828,0.8408355544050893,0.4859200855704463,1.117235617848735,exact,9
UBERON:0003729,related,,buccal mucosa,Mistral-Small-3.1-24B-Instruct-2503,-1,0.6765062430139823,0.301707166869579,0.1834889231607586,0.6454142131687259,0.6966786507138006,0.2982953863144602,0.1870343284415732,0.6658868730695602,0.9558621887732844,0.8357795175421443,0.0582580978950516,1.0271579798055657,0.2163642078055167,-0.2366475164286222,-0.2683138466101443,0.0697454999540115,0.5206562336008014,0.0791123372883603,-0.066472604997528,0.4072404879706428,0.3362454866950866,-0.2603894119751457,-0.2675219702105344,0.1670375457103926,0.8185149759238731,0.4406125787949861,0.3005003888075763,0.7991856608759721,0.7994393645886404,0.0537613542305048,0.0055654740115241,0.7656489177647329,0.2588962855154755,-0.2697896456393782,-0.3454189860609934,0.0995916247612717,0.6941584469884913,0.1022259393747623,-0.0383907857770064,0.5940347179008023,related,8
UBERON:0003729,exact,,tunica mucosa oris,Mistral-Small-3.1-24B-Instruct-2503,-1,0.1335046369614738,-0.3592742411704308,-0.385618819136962,-0.0418471692681104,-0.0621948027674641,-0.5175576112887285,-0.4840680100632474,-0.2401823149317978,0.1180142339696058,-0.2724230578489267,-0.0362053690140471,-0.015322095685411,0.1363942352614948,-0.1565208721718324,-0.2188556804408358,-0.011442609638838,-1.2265162733022243,-1.0081631962673332,-0.7805482397376979,-1.2270701085850897,-0.1974319546965908,-0.540005815355639,-0.4891587325976402,-0.3625701713164017,0.388848208270702,-0.1222221737715023,-0.1636330036294925,0.2421408009176904,0.0348587392579428,-0.5671726767010868,-0.5450026240819109,-0.1165360662328692,0.08659081939026,-0.3693778815782618,-0.4102102876906621,-0.0847315189839471,0.0230915513400938,-0.4327157729589862,-0.4055616837765654,-0.1845114883133179,exact,8
UBERON:0003729,exact,,oral part of viscerocranial mucosa,Mistral-Small-3.1-24B-Instruct-2503,-1,-0.1432227034813792,-0.5321162981003622,-0.4905361510328199,-0.3293759827761487,-0.0773648169030888,-0.4928819969943762,-0.462651115695599,-0.2554384815896562,-0.1457653935255634,-0.4446858730382865,-0.0474518135529777,-0.2810988527241381,-0.1341642038355202,-0.5304678266767386,-0.4804543002633438,-0.2726672584147069,-0.4829098318954699,-0.7082745699412727,-0.5773487305688222,-0.6290607810242322,-0.0545760864092807,-0.4740415315474485,-0.4482046355097925,-0.2301224979012916,0.015513180306214,-0.4381338450555905,-0.4223052012043044,-0.1538867574232474,-0.8375625789775157,-0.8033073091111332,-0.7202360588396867,-0.8972514509729802,-0.1674966194714203,-0.5331370378225059,-0.5400460432522473,-0.3367354673096464,0.2022457570339355,-0.3366310767309418,-0.3408771879026478,-0.0033777022233536,related,8
UBERON:0003729,exact,,mucous membrane of mouth,Mistral-Small-3.1-24B-Instruct-2503,-1,0.5285919316895539,0.0860867704444348,-0.0265574219369381,0.4353227143348793,0.6961311789981305,0.3082089457170462,0.1793036642565741,0.6650819301962855,-0.0683892048449987,-0.109465338653009,-0.0432769713428706,-0.20508369012496,0.1623210783143455,-0.2847650615083581,-0.2908400433949352,0.0146589671795988,-0.3643124236136394,-0.6405916062727199,-0.50368291969286,-0.5237597346883187,0.8563566881635808,0.3468062130049832,0.2226432781841791,0.8336679099486438,0.7926680774782778,0.2961638547483614,0.1937219271897965,0.7608458784620852,-0.6432805183260154,-0.7569781091639127,-0.6741370991744404,-0.7358340403460126,0.7118447406880484,0.2320372159191003,0.2345546614073006,0.661893082204609,0.8993645504410962,0.5355098711157054,0.2313618941814967,0.9260709669809392,exact,9
UBERON:0003729,exact,,mucosa of mouth,Mistral-Small-3.1-24B-Instruct-2503,-1,0.752714616255837,0.4846096712716713,0.3456734662158365,0.7637990464640737,0.866048538762753,0.6821934323018931,0.5218077302409148,0.9337430590981984,0.3887900999580355,-0.0153196228039998,-0.0194713211718247,0.2806688687531435,0.957809012550642,0.8261539885939226,0.6488565116585213,0.9627857489135282,0.259127814991705,-0.2034117246908302,-0.2501776883249888,0.0975506045234973,1.2313157397609968,2.2098487799187363,2.094902287557291,1.6157861125113158,1.158025436099844,1.6412858877389394,1.4447585914584515,1.4221452407814608,0.6764748657801284,-0.0913700531018991,-0.1245979112025749,0.6018626156402013,1.0863940229055284,1.2261138496473316,1.036795243981075,1.2946062665580171,1.1949883402858716,3.2667603339858107,3.660475021147655,1.7895647015406526,exact,9
UBERON:0003729,exact,,mouth organ mucosa,Mistral-Small-3.1-24B-Instruct-2503,-1,0.8587769990312802,0.7612551524230524,0.5786933508128904,0.9440689040301148,1.030108339447518,1.283999843061017,1.0285623978967504,1.2442214281981276,-1.0366183505405726,-0.6113797271899637,-0.086332692559945,-1.0728020470130724,1.2017992564919917,1.5194590585486505,1.364745657632611,1.3615368281927798,0.680076873375605,0.3032389846500397,0.1118913110320343,0.6184777245433916,0.9547644096965168,0.5928235391367975,0.4368155814404547,0.9944296572879044,0.8923958756957979,0.5745627348968558,0.4466299654771169,0.9137725048322488,1.003809664564705,0.3745372904418516,0.2526091132689516,1.0697749612232457,1.0639118440542252,1.1349238502985428,1.0444785540066677,1.2482415600237713,1.008027389069572,0.9344144300473628,0.5495388614467784,1.1469225994022785,related,8
UBERON:0003729,exact,,mouth mucous membrane,Mistral-Small-3.1-24B-Instruct-2503,-1,0.8984208154638548,0.8977460096160866,0.6849826533876229,1.017343865748371,0.9209976147922796,0.8512972172696965,0.641581246948605,1.0306563241733533,-1.3643239472817414,-0.6808906842076384,-0.0944424590271599,-1.3363784049698162,0.4226412279999585,-0.1951646151182968,-0.2621063870418518,0.2894533075248225,0.3648096794119272,-0.1051857070155103,-0.177993354548834,0.2180555873409783,0.9079450612735775,0.4608009746257064,0.3332114787165695,0.9157372260003545,0.8909508761991549,0.4966674458291458,0.3863923016057833,0.9114533373109762,0.7334647915686809,-0.0335538248093984,-0.1062970835005704,0.6762995373034755,1.008847698669619,0.9344842199067728,0.7841059071836518,1.1409404320211978,0.8733121366703347,0.4793207543832831,0.2006272798421228,0.8789998512598053,exact,9
UBERON:0003663,exact,,muscle organ of lower extremity,Mistral-Small-3.1-24B-Instruct-2503,-1,0.1817167070850578,-0.3209482028100037,-0.3328046987077021,0.0115316517311738,-0.0594737518572399,-0.5158079759641593,-0.492366247315018,-0.2374375498484874,0.4944656673241671,-0.0630929976194365,-0.037582625843004,0.4043616767842459,-0.710263849537976,-0.7824748480865696,-0.7124533034338008,-0.7767992182585558,-0.392280615716834,-0.6528269339194511,-0.5367284009114756,-0.5488927559442417,0.0259998943320477,-0.43252871529702,-0.4172042978659118,-0.1527899000748532,-0.8332103728044049,-0.8299423487742223,-0.7441628491934947,-0.9050149828955494,-0.1825591667938242,-0.634746168018361,-0.6012817807358483,-0.32637902184726,0.1371712538220418,-0.2960229271560446,-0.362097776371263,-0.0318862765470264,0.2856983134728947,-0.3317715510875215,-0.340365664149554,0.0861047079742749,exact,9
UBERON:0003663,exact,,muscle organ of inferior member,Mistral-Small-3.1-24B-Instruct-2503,-1,-0.10321527160898,-0.5442069165357802,-0.5084588249752962,-0.2895706617231756,-0.4694446457753877,-0.7359773019031182,-0.6358160251991989,-0.6261010950451374,0.50121560004507,-0.0407482939661868,-0.0342431808644451,0.4124464192056073,-0.1478009222055131,-0.3812985712589417,-0.3526557208860118,-0.2853479859984557,-1.1362544057025534,-0.9850596869643194,-0.731867429515942,-1.159262620876926,-1.031922663866905,-0.7723919265505164,-0.6745309488122422,-1.0509791343914885,-1.0789247087688267,-0.9047739860685295,-0.7933584827266581,-1.0985259571987829,-0.6281713748504286,-0.7272569456025427,-0.668360916950908,-0.7230327070167005,-1.2865342218740574,-0.940402246652262,-0.786465360682417,-1.2702453049829667,-0.285807679185247,-0.5978275423792855,-0.4970960986427654,-0.4694929778933456,exact,9
UBERON:0003663,exact,,muscle organ of hindlimb,Mistral-Small-3.1-24B-Instruct-2503,-1,0.6125627645597856,0.207001741072269,0.0943748959267118,0.551759934680665,0.6225183650758164,0.1926505643771638,0.083849382740847,0.5597556268043676,0.8088784494134179,0.2479216026750826,0.0125584427511376,0.8102470747706989,0.9718905000034294,0.9222998832793088,0.7933962285821391,0.9835524338300644,-0.2311550463608344,-0.572069913848073,-0.5064495426553294,-0.4013691740061785,0.838222985202793,0.3628738536245621,0.2530901555145462,0.8058313280506482,0.3708586984537203,-0.2983820509424681,-0.3354015412677536,0.2216300397670436,0.5268301239364606,-0.2135991216619508,-0.2300739537615976,0.4167132123905921,0.5719067778809179,0.0758521219532268,0.1520829705344859,0.4727855231522714,0.9669100050081004,0.6916251494615093,0.3674832007555705,1.0578622232629893,exact,9
UBERON:0003663,exact,,muscle organ of hind limb,Mistral-Small-3.1-24B-Instruct-2503,-1,0.443133960337898,-0.0427001192340033,-0.121011643627623,0.3232679998726375,0.0644171560098409,-0.4264080458659504,-0.4109449791193199,-0.109658466774892,0.5622378551466365,0.0067751722732758,-0.0279140513569686,0.4866258191640955,0.4362849086852439,-0.0434324591688939,-0.0862442215810452,0.3045755805546613,-0.2132133095893885,-0.560458187959376,-0.4969099082632304,-0.3845143770670099,0.5439673165213599,-0.0467408407737865,-0.1023108107471251,0.4072747314230363,0.1319396112508818,-0.4615520551843547,-0.4593966570343627,-0.0363658561204709,0.5474797102676873,-0.2020903163583003,-0.2479942453456241,0.4414625330232474,0.2190089869944633,-0.2534022269319944,-0.3110814695350798,0.0558008273455679,0.6407842299311215,0.0105052986608789,-0.137635631031663,0.5188000881482088,exact,9
UBERON:0003663,exact,,muscle of posterior limb,Mistral-Small-3.1-24B-Instruct-2503,-1,0.1542140310457077,-0.3313168183762427,-0.3424205172130107,-0.0190537407631805,-0.054521656636207,-0.5078384756886141,-0.472298331543239,-0.2324357946406361,0.4964703653994954,-0.0364489329565934,-0.0347740787852698,0.4067603809536654,0.0683396510184182,-0.2808086498211082,-0.3035431911217096,-0.0790035795973097,-0.1860079060060447,-0.5468657269854953,-0.4795814109830503,-0.358783225702839,-0.0098932914705433,-0.4377255748273874,-0.412424152077459,-0.187489374409021,0.6021299708827067,-0.0655133500057644,-0.1038948431320903,0.5001112630510813,-0.2717761321920435,-0.6874721901888646,-0.6292277362601363,-0.4090663470656873,-0.2782325560170836,-0.5703569291529139,-0.5882579871549959,-0.4405025897152743,0.01160976836566,-0.4930909334666581,-0.4141074910683818,-0.1956729036316279,exact,9
UBERON:0003663,exact,,muscle of free lower limb,Mistral-Small-3.1-24B-Instruct-2503,-1,0.1254863255513463,-0.3720427044397528,-0.370193662912305,-0.050619043949686,0.1682496320815195,-0.3299208687409251,-0.3420395733537626,0.0020706841882825,0.377780231933656,-0.1018489748527434,-0.039750702026907,0.2680759522634607,-0.2061631444657008,-0.4680717658365568,-0.4379114964224823,-0.3391478923214516,-0.0381392986026912,-0.4432230811642721,-0.4222807831399276,-0.2150273901122588,0.2942708436539996,-0.2692627476067722,-0.3100742127686486,0.1213780788963452,-0.7493054006213721,-0.7978264966278539,-0.7163648994763008,-0.8369779902864182,-0.2423901824129903,-0.5998773972396291,-0.581884313546537,-0.3820325084351432,0.0771472891468273,-0.3275114221503063,-0.3931290782215562,-0.0944900532432993,-0.1498441937620935,-0.5774638908826968,-0.4794119759961454,-0.3477275448278126,exact,8
UBERON:0003663,exact,,lower limb skeletal muscle,Mistral-Small-3.1-24B-Instruct-2503,-1,0.4840820646578739,-0.0004758691180696,-0.0944423673889168,0.3762182964871792,0.1840463266065708,-0.3204400969964591,-0.3312235169057823,0.0194780092905011,0.360447617762306,-0.0990628339792595,-0.0284188175439538,0.2483569610600429,-0.9437504169908972,-0.968587869927473,-0.8364051522905783,-0.9661976056540568,0.0853957067552265,-0.3484556759792308,-0.2690235415229143,-0.0893400199129545,0.5251007658275609,-0.0826839642243669,-0.1465535443368002,0.3843376806593453,0.0583172130819118,-0.5351171139735186,-0.4947856787655607,-0.1112246322449963,0.9756656224511584,0.3717055482523592,0.2734737547787572,1.0249435265243845,0.5037396449238759,0.0210745900854997,-0.1099807596664645,0.386356697552813,0.6567615094348469,0.032307030692733,-0.111868934008676,0.5409530275230617,related,8
UBERON:0003663,exact,,lower extremity muscle organ,Mistral-Small-3.1-24B-Instruct-2503,-1,0.3961740343961955,-0.1095756254240374,-0.179426836622227,0.2640888534783842,0.1401010437842006,-0.3822106489027288,-0.3889844972381466,-0.0286713761176343,0.1520613887647961,-0.2472617883907403,-0.0539542974346582,0.0204614342870277,-0.6379266222941782,-0.7590362372782662,-0.6819628522896324,-0.7165981090897383,0.047653881577571,-0.3809226064015013,-0.3633884087859516,-0.1283244260441557,-0.0512415721783301,-0.4645701298539085,-0.446931802942125,-0.2269618851917357,-0.7261291417646626,-0.7965756388590454,-0.7173775765288859,-0.8179928494097441,0.3175376468256791,-0.3782737144340923,-0.3860278878118078,0.1779433410414623,-0.0659604399812252,-0.5030763616990568,-0.3503916129916715,-0.2385279135556393,0.3242397656387945,-0.2915684076589599,-0.3186828809425028,0.1287060533563363,exact,9
UBERON:0003663,exact,,inferior member muscle organ,Mistral-Small-3.1-24B-Instruct-2503,-1,-0.0581610242916736,-0.5230362375488353,-0.5140796073462134,-0.2440837518688252,-0.5460285615191965,-0.757491426312527,-0.6695328786364081,-0.6939438368618103,0.438813262912763,-0.1070940980474346,-0.0451331230482833,0.3385655264434525,0.2676088960971154,-0.0701707411388099,-0.0979834779363762,0.1228705885211981,-0.9319264825862844,-0.9048990505438476,-0.6664689309066228,-1.0013580699901343,-0.9067642887065666,-0.7398313350649978,-0.6542035490737569,-0.9548961988294444,-1.056439962086583,-0.898932824800383,-0.7836648738224192,-1.08114746774889,-0.330593485277459,-0.7185374477211508,-0.6381079205275861,-0.4626070204235042,-1.5501831457475403,-1.0894739042389867,-0.7188144430139404,-1.4627036638768316,-0.2520336618717491,-0.5756959475236064,-0.4838400857618996,-0.4397304819496022,exact,8
UBERON:0003663,exact,,hindlimb muscle organ,Mistral-Small-3.1-24B-Instruct-2503,-1,1.038772898989102,1.5377063790957464,1.3644295774903905,1.3152381055824265,1.0148280544131345,1.2650791797124368,1.0463058712537503,1.2122521986979788,0.4288975313115278,-0.0471782635150831,-0.0332201519088556,0.3269983177734808,1.3779757303897893,2.6154557540667374,2.697674262116941,1.7333211100689356,0.6751133458115905,0.2976922385412334,0.1123376195009896,0.6115776785740424,0.8656604696583317,0.4223334274641925,0.2986582994805523,0.8481448387181268,0.6322759874695556,-0.0210408362451581,-0.1139753874025911,0.5391442033536115,1.09193134657906,0.6418518874701402,0.4998089675652659,1.218020040836806,0.408209865214553,-0.2225551420514562,0.4379784159943005,0.2704446863018826,0.982021932390657,0.7676799846816891,0.4368949502401279,1.0896836901483022,exact,9
UBERON:0003663,exact,,hind limb muscle organ,Mistral-Small-3.1-24B-Instruct-2503,-1,0.8406170845222599,0.68588974610032,0.5073427136630835,0.9116866664104336,0.3249057514369246,-0.165482697178359,-0.1979535147232348,0.1800681990832121,0.691845107119452,0.2055694275521934,-0.0097240931711186,0.651403436356497,0.7952475509810435,0.4592756604456725,0.3894876667541416,0.7370987979694681,-0.0026815172365999,-0.4290297818193182,-0.4021816127559077,-0.1795058827843631,0.4590007145669468,-0.1241270624781116,-0.1568392821010681,0.3058650086903554,0.42857142383516,-0.2368214311240307,-0.2729845531113534,0.2880530544149155,0.9462254216878976,0.3020702219617879,0.1942356558904703,0.9791805436664256,-0.1550899224710588,-0.5973729734205581,-0.2717232931695365,-0.3248989800157612,0.6701607929950071,0.0574944923827631,-0.1039924595733817,0.5597686455718981,exact,9
UBERON:0003663,exact,,free lower limb muscle,Mistral-Small-3.1-24B-Instruct-2503,-1,0.3094799095990175,-0.1855600909118395,-0.2212428002918791,0.1587481155082643,0.2905183152478418,-0.2272076057075829,-0.2632503942068705,0.1399211790168847,0.1094366354472564,-0.2701739697487678,-0.0583182172940033,-0.0242789018336223,-0.2660415132677906,-0.5616742144191984,-0.5458119833723598,-0.3935830718403586,0.3159415140396221,-0.14937680216725,-0.2031392356212398,0.1616260790488359,0.2867476501644165,-0.2707529869844219,-0.2995104823983206,0.1132834510823944,-0.7206255855553831,-0.7817876769164915,-0.701837462937133,-0.8134719667518387,0.9394538236140716,0.299791788567686,0.202245252093058,0.9688093470250688,0.1587140837906901,-0.3166313179125608,-0.3982767262679615,-0.0090733830957184,-0.0534350920575256,-0.5192032869846928,-0.4467524418655955,-0.25799583916374,related,8
UBERON:0003635,related,,digitus quintus (V) pedis,Mistral-Small-3.1-24B-Instruct-2503,-1,-0.6649955641426769,-0.8207812721850767,-0.7028154012593275,-0.8072160989633299,-1.441487277670463,-1.1278742807441349,-0.9229393571274416,-1.4098128565994306,-0.2418080960759015,-0.5811500175549132,-0.0897490644552313,-0.3734566329360633,-0.8825180826384217,-0.6479632328787378,-0.6283169609122274,-0.9172119584138756,-0.8950662939981445,-0.8814670414641204,-0.7008067254697273,-0.9721757737341892,0.4285588206195617,-0.1430572606015788,-0.174888053905562,0.2706465004064387,-0.1322033610705567,-0.5995825375911944,-0.5512879200953481,-0.2967252022095842,-0.2478133258433167,-0.4984524988553352,-0.478631136559799,-0.3870361695601322,-0.1137142492364337,-0.5858385771533078,-0.5865526164106033,-0.2851012894618308,-0.7083410079307988,-0.7155188181857924,-0.5472880011168211,-0.8193001070227605,exact,9
UBERON:0003635,exact,,toe 5,Mistral-Small-3.1-24B-Instruct-2503,-1,-0.5796808141688486,-0.8282898682009368,-0.7046286846295287,-0.7335859098724289,-1.1410751810032156,-1.0610153587727762,-0.8609541337273815,-1.1831630276601093,-0.697274036349974,-0.7386545145976453,-0.1011737220500068,-0.7863766313091096,-0.0360868874078902,-0.2599842124007728,-0.2677950117415256,-0.1801705185290464,-0.5438767307596846,-0.7617318577708797,-0.6243207863899793,-0.6819468435599892,0.0742579365660825,-0.3749582151768227,-0.3614708929840743,-0.1054675491857716,0.4749190487737595,-0.244065938756132,-0.2638810373921221,0.3427665139488914,-1.0221933406637442,-0.8526614026480623,-0.7658318894595574,-1.045648772513898,0.1943743123397554,-0.2980307774266154,-0.1221816756757254,0.0291083455869175,-0.3174583071256922,-0.6063022746654165,-0.4859078153617291,-0.4971104533276588,exact,9
UBERON:0003635,exact,,hind limb digit 5,Mistral-Small-3.1-24B-Instruct-2503,-1,0.5593650609391043,0.0671112264983979,-0.0167797903439098,0.477205239943632,0.3114216395633137,-0.3301389351099961,-0.3332568514605811,0.1642485104668057,-0.1901223691577609,-0.5458691908926693,-0.0810961627637522,-0.3240181940357073,0.2206325166276948,-0.0845966620722481,-0.1646724561845646,0.0741365800328483,0.0054692994684336,-0.4355800162664144,-0.4304546884424514,-0.1712791606568053,0.761552356495866,0.2467121521946658,0.1341851005177899,0.693145954456043,0.4323319290150522,-0.2888196784849131,-0.2707193483261491,0.2924452881137155,0.5214954438227248,-0.138564704528093,-0.1680470601700738,0.4103576856969905,0.6065661780922992,0.0950379483336648,0.1624751590272266,0.518062483127062,0.46572251539589,-0.1362317618860695,-0.2139036698210315,0.2931358003227974,exact,9
UBERON:0003635,exact,,hind digit V,Mistral-Small-3.1-24B-Instruct-2503,-1,0.6108607940116202,0.134057495356039,0.0132006519448623,0.5493298289408862,-0.383151455051404,-0.7723478208235289,-0.6735184510186288,-0.5480374072281401,-0.9435363203445252,-0.771824382019957,-0.0946178599631931,-0.99573691328161,-0.1191157736530106,-0.2894196932484504,-0.328844043078249,-0.2586240979164164,-0.4261458329494126,-0.6970670673602661,-0.5614390763279995,-0.5790729439418884,0.4989483319635348,-0.0790859709357686,-0.1291495908872868,0.3529484590753473,0.1241054633026602,-0.4867835471313815,-0.4489937303959815,-0.0444245865312798,0.3182302021826341,-0.318247712569961,-0.3423266779117438,0.1787008565201413,0.3103467257236583,-0.2171173510661125,-0.2263447937703818,0.1571764791271653,-0.1530537883915923,-0.5009555199429804,-0.4306024660514694,-0.3506640193817851,exact,9
UBERON:0003635,exact,,foot digit 5,Mistral-Small-3.1-24B-Instruct-2503,-1,0.7708571495296841,0.4606715450082863,0.2897826509421735,0.7932321255382696,0.7332357833193122,0.2545892349134963,0.1122144686655431,0.7204234346935562,0.747088413037081,0.0725814822286323,-0.0290217108267135,0.7250585246355616,1.158450243289893,1.5812550683934274,1.496361388508006,1.2834559222267323,-0.3611359388425898,-0.6663121925791948,-0.5555371562043159,-0.5208931269178284,0.7532529605033893,0.2330205680778111,0.0912184210165111,0.6813886408070421,0.8596888992222632,0.2794006126685565,0.1744659941152469,0.8620724194894033,0.8442858673716153,0.2491796030882331,0.164576593921235,0.8285570468139462,0.957524506635799,0.7751787854648365,0.6590304043968225,1.047617899438772,0.6262213393147685,0.0381672722140928,-0.0884852047842383,0.4988658705344336,exact,9
UBERON:0003635,exact,,fifth toe,Mistral-Small-3.1-24B-Instruct-2503,-1,-0.1136878134255716,-0.5719300602362577,-0.5088061124588026,-0.3000424805193396,-1.1139811552447336,-1.068071580388549,-0.8716769564265309,-1.1621336854542903,-3.871458088819944,-1.227216129540296,-0.137784996876448,-3.122202379388392,-0.6778292894265558,-0.5862239426703042,-0.5487649582084206,-0.7499012092965551,-0.9350619107514496,-0.9081229876175508,-0.7009223089985988,-1.0038301449182283,0.2025397566829444,-0.3088560000998963,-0.319358732996326,0.0244086275585446,-0.194751371167202,-0.6664637369741329,-0.6032890340491952,-0.3553396506249692,-0.2846834677049752,-0.6167395189079117,-0.580034722024615,-0.4208798977322925,-0.3665556568176975,-0.5973836339339048,-0.347726447134165,-0.5210001941097278,-0.3857385627782922,-0.6328343203723592,-0.5022194837119898,-0.5558279356741542,exact,9
UBERON:0003635,exact,,fifth digit of foot,Mistral-Small-3.1-24B-Instruct-2503,-1,0.3275327556993706,-0.2115692344421592,-0.2627995527166541,0.1802923878581556,-0.2862637159346725,-0.7278132637300526,-0.6178495394260112,-0.4581812524813347,-0.7769035379948404,-0.727793711466661,-0.0997310589007166,-0.854998354906168,-0.2637152808642239,-0.4707942145855789,-0.4712836789209438,-0.3914822258482057,-0.6817275263272651,-0.7913723501421904,-0.6374319781905082,-0.79865583314787,0.5472318546325005,-0.035295883984797,-0.1268627685350586,0.4112692662456341,0.1856810344039631,-0.4421718360660275,-0.3928286283858431,0.0195461988080351,-0.1598177407111739,-0.4593920384978777,-0.457128340691722,-0.3050029456655805,0.3816035587346076,-0.1544395911757543,0.0363333810880658,0.239135856991543,0.2754157423825373,-0.3218887568569756,-0.325529512557154,0.0748805523327907,exact,9
UBERON:0003635,exact,,digitus quintus pedis,Mistral-Small-3.1-24B-Instruct-2503,-1,-0.7488488998631375,-0.852288320455827,-0.732767547253205,-0.8781538067468491,-1.7138928957197783,-1.2063014848351117,-0.9699714691824648,-1.6061372834198473,-0.4480918743946787,-0.6521049035820669,-0.0941501899300824,-0.5651665227014033,-0.9386064946337148,-0.7480433768595567,-0.7080007891560852,-0.962100224398834,-0.7045809296868715,-0.8032381640150948,-0.6415725815835837,-0.8176404425369024,0.1221265464811741,-0.3537108475415969,-0.336970779257175,-0.0577264422502656,-0.1710108122813295,-0.6181501249161887,-0.5644008992040607,-0.3332144248462986,-0.0906325846708636,-0.5707844926695539,-0.4925684774605605,-0.2391816556357894,-0.1446412746256378,-0.6236772146628996,-0.6263418612255509,-0.3148961792980468,-0.814372185367885,-0.736800407306658,-0.5552312622957734,-0.9015633102515656,exact,9
UBERON:0003635,exact,,digitus quintus [V] pedis,Mistral-Small-3.1-24B-Instruct-2503,-1,-0.6474356498718374,-0.8111981657573187,-0.6949544784775779,-0.7921845108280686,-1.3534530492350858,-1.1077223752061525,-0.915911063450251,-1.3445737546114316,-0.177559235356452,-0.5791373142922551,-0.0889164611954841,-0.3119091977862701,-0.8938830384833117,-0.6879811681571483,-0.6587896648605915,-0.9263390875777392,-0.677390652221485,-0.7875996588402848,-0.6467431502223043,-0.7950418344085127,0.2930945602921919,-0.2482793806818429,-0.2571772332974087,0.1201107034214619,-0.0591048975384902,-0.5618580180968012,-0.5254655416495255,-0.2268539703338788,0.169445167376993,-0.39386128019329,-0.3528213532072263,0.0202172772771663,-0.2007098227348482,-0.6271847266953943,-0.6301005361908162,-0.3682081211514822,-0.6850508063869999,-0.7013174230814756,-0.5377334416354317,-0.8009677455728836,exact,9
UBERON:0003635,exact,,digitus quintus [V],Mistral-Small-3.1-24B-Instruct-2503,-1,-0.4974460190677219,-0.7539491572615535,-0.6602716629729541,-0.6611237403070099,-1.085399248908629,-1.021382341882601,-0.8567367380687322,-1.139836068688988,-0.4455399156813936,-0.6573089561859672,-0.0978434668457111,-0.5628456715899691,-0.618761416034089,-0.5331752259452527,-0.5346205786673949,-0.7005176861704229,-1.311617973804435,-1.022392042544348,-0.7791928556328414,-1.289987912379513,-0.2886697860839847,-0.5460182328345102,-0.4871415812585521,-0.44438179798355,-0.1364955477808164,-0.6047377845485832,-0.5467979206587342,-0.300781058746998,-0.3675960777402007,-0.6108853455354658,-0.5732749444792243,-0.4959150580471057,-0.4833265882395953,-0.7513435804671647,-0.7466223811528312,-0.6246179401247054,-0.8691370547607049,-0.7395627744310832,-0.5588275129659419,-0.9433205505171378,exact,9
UBERON:0003635,exact,,digitus minimus; digitus quintus [v],Mistral-Small-3.1-24B-Instruct-2503,-1,-1.0796374436900795,-0.9643097799292656,-0.8031310528190672,-1.14580450349808,-1.1467153045080551,-1.0423481706219253,-0.8788995403549226,-1.1875276856056338,-0.6382707188762003,-0.689216936096823,-0.0950920746086004,-0.7349152277940382,-1.1670060668956674,-0.9018503889729236,-0.8026190140945954,-1.1410905340990094,-0.8124085419830477,-0.8453159577470931,-0.6674914774022129,-0.9059058005356464,-0.214458209500384,-0.5206875179112228,-0.4721273732626925,-0.3779925973396648,-0.3346174553463534,-0.6974516108100816,-0.598445136947737,-0.4828504561693734,-0.2724887262008229,-0.5398294391650615,-0.4774564418945893,-0.4097195119278252,-0.4423669736424931,-0.6897749407526945,-0.7061039150164367,-0.5886189083982436,-0.828016058615245,-0.7347045195309458,-0.561810678748362,-0.9120116590078676,exact,9
UBERON:0003635,exact,,digitus minimus pedis,Mistral-Small-3.1-24B-Instruct-2503,-1,-0.8775103646108512,-0.8997642490271855,-0.7636768874127412,-0.9844471447827812,-1.7624167505075257,-1.2229054282738636,-0.9927340101210568,-1.6402929696434536,-0.3421084248131003,-0.6561840977822165,-0.0912005042682499,-0.4677407338122856,-1.1970967840413107,-0.8482344733341458,-0.7637549432634422,-1.164247683048182,-0.5941840382119347,-0.7555077753874336,-0.6113990858111439,-0.7249869441269613,0.1626936807210808,-0.3372524094233687,-0.3399636235580339,-0.016605912817347,-0.4325430815054192,-0.7095558392911196,-0.6340031149158806,-0.5694710412123122,0.0269297868543573,-0.5277655995737173,-0.4697253926351827,-0.1244173219558977,0.0198434329179611,-0.4259861947439773,-0.4937290445614551,-0.1530102885432065,-0.5679532356341207,-0.6597299116897207,-0.5067934880650701,-0.7072599063097256,exact,9
UBERON:0003635,exact,,digit 5 of hind-paw,Mistral-Small-3.1-24B-Instruct-2503,-1,-0.4620480907632708,-0.7434641096102623,-0.6590270861911419,-0.629455254575222,-0.6682925853517685,-0.8813563470297155,-0.7450365272871667,-0.7996652340352957,-0.0990323368956547,-0.5426650001478688,-0.0837775407187866,-0.2353673109031519,-0.6456273525554923,-0.5984673606623955,-0.5583611320112929,-0.7230436927126336,-0.5701356715336953,-0.744160949925552,-0.6185202721756801,-0.7044786062675702,0.7018117654279932,0.1509610254381966,0.035937453688455,0.6102144150374011,0.3914858216295573,-0.2662992081876494,-0.2593166426833047,0.2451625464488593,-0.6343315496698081,-0.6261672909914524,-0.5913930497147544,-0.7282565006374014,0.4506578545252681,-0.0821465302636528,-0.0708603912068405,0.3212488267823769,0.0681703595126045,-0.4475199914494929,-0.4033289861810206,-0.1402010249503635,exact,9
UBERON:0003625,related,,manus quintus,Mistral-Small-3.1-24B-Instruct-2503,-1,-1.523212127306888,-1.1112080839828855,-0.8889372646303348,-1.4796445089699646,-1.8197281087484969,-1.2108044717204094,-0.9795051097577708,-1.6803372164684856,-0.852130708811586,-0.5724857709542268,-0.0888176957047125,-0.9189966162951578,-1.5309660133795515,-0.8700350162820267,-0.7694469392504152,-1.4153482816912428,-2.066396133759711,-1.224888776989462,-0.8811314412972748,-1.811407681896548,-0.8662446925915308,-0.7109359898512659,-0.6271475110273621,-0.9233431762024348,-0.9615784361581242,-0.907677733244406,-0.7915483102828328,-1.007121510424594,-1.943428814743406,-1.0381032647361854,-0.9174251628554768,-1.7304163719600296,-0.7788969319435098,-0.8831818179527632,-0.8779412336380811,-0.8744484399789964,-1.7604662519484462,-0.8938854693783671,-0.6600385258740047,-1.5680861093020877,exact,9
UBERON:0003625,related,,manual digitus minimus,Mistral-Small-3.1-24B-Instruct-2503,-1,-0.8071184479073757,-0.8946810875494869,-0.7475904903487174,-0.9266618641596844,-0.7758129240868759,-0.9232012134484436,-0.7871669891040299,-0.8902139167264764,0.3270058363732381,0.0136350043591869,-0.0322392361875103,0.210666799125434,-0.350795415513584,-0.3939133753249316,-0.4216904406497134,-0.4693894365321823,-1.2224516693196772,-1.0148386603600348,-0.7734333228290372,-1.2240408474552746,-0.0098206532157404,-0.4119791945430548,-0.4091659526227087,-0.1874195664085097,-0.2163427787136825,-0.674620136922115,-0.5979735098143537,-0.3753357168488428,-0.5283779112697775,-0.7322629191641997,-0.6667486160963968,-0.6375118453384183,0.2976469289958323,-0.391119687431776,-0.4880603910349106,0.1428431919457542,-0.6023382111536196,-0.6667827455532627,-0.519178522942191,-0.7350507153635085,exact,9
UBERON:0003625,related,,manual digitus V,Mistral-Small-3.1-24B-Instruct-2503,-1,-0.131427797292806,-0.5850243431760022,-0.5314938271824381,-0.3176964348875717,-0.0600678169104139,-0.573041810666617,-0.5454834137600673,-0.2380370080013052,0.6391972482780399,0.3147097223429571,-0.0029459472783304,0.5831943723748025,0.1411408960990543,-0.0362091435370258,-0.1001984670538441,-0.006679322549786,-0.30492296276498,-0.6372503973146167,-0.5307547756789702,-0.4697443505841636,0.7847003808680455,0.3069928835238431,0.1959974851557508,0.7263709637688986,0.4780924209753318,-0.2308906289621629,-0.2389271949402577,0.3465600548595148,0.3049308910901132,-0.3342141403067498,-0.3640197515045015,0.1641883154255073,0.7648564731030183,0.0736177246958693,-0.0610689584636903,0.7384267004074399,-0.0403237431924234,-0.4577470625801281,-0.4143796826793939,-0.2455539642932235,exact,9
UBERON:0003625,exact,,hand digit 5,Mistral-Small-3.1-24B-Instruct-2503,-1,0.4702570302010642,-0.0839928398714013,-0.1585902397965763,0.3581941333482527,-0.1521424642629988,-0.688936966187056,-0.6091316832403025,-0.32953670732602,-1.1347950616967266,-0.7218175601120334,-0.0995297807128302,-1.152976809091522,0.9779681917057056,1.0502031683223594,0.913488195732016,0.9925841529425288,0.2234820375881434,-0.2748634040302521,-0.3110426930100109,0.0581364990195032,0.7194647628700854,0.1888919124421073,0.0742652323254931,0.6343208225077901,0.8410119545431651,0.2234745089181992,0.1078597896261231,0.8332578536976836,1.0472539504675784,0.60004641403825,0.460725029201119,1.1412613201297086,0.1166764340984254,-0.4914647767529893,-0.352706177509061,-0.0534179450824971,0.6078941411707316,0.0212697502225927,-0.0994956792352637,0.4741135811314442,exact,9
UBERON:0003625,exact,,fore limb digit 5,Mistral-Small-3.1-24B-Instruct-2503,-1,-0.3184867359756331,-0.7052609319783066,-0.6062907689936908,-0.4978336662926708,-1.1680876684210657,-1.0751934757615282,-0.891359613006709,-1.204026719425555,0.2106432924561769,-0.1768548393735264,-0.0271482972769568,0.0829290140683036,-0.0367728802381674,-0.2475457136053638,-0.2949198257350948,-0.1808256600241047,-0.92969213887658,-0.9257824133044306,-0.7174158962934835,-0.9995954663520686,0.330421495940892,-0.2146130911890335,-0.2377101945884562,0.1606508395190028,0.2082982937375637,-0.4571630187098775,-0.4191903053910462,0.0434179778569783,0.5082611361617319,-0.1753905375355802,-0.2216976651426615,0.394657406913766,-0.2862692075686862,-0.6894865002857632,-0.4952794517043387,-0.447907335179405,0.0978493056075007,-0.3935923198256592,-0.3656586733437778,-0.1105854072250725,related,8
UBERON:0003625,exact,,fore digit V,Mistral-Small-3.1-24B-Instruct-2503,-1,-0.2568118563362502,-0.6740104034907313,-0.6001442473546735,-0.4395951648433589,-0.6475989310550637,-0.8884844148481826,-0.759843929553035,-0.7819845990723746,0.0619958345745893,-0.1793161232901009,-0.0464150672773641,-0.073407408436912,-0.2790540805492209,-0.3640826753101452,-0.3889766344396483,-0.405314549754355,-0.9293053424316698,-0.9224190080511688,-0.7260621317564764,-0.9992902524181178,0.1262730118849212,-0.3463019315457639,-0.357286494320995,-0.0535518831275372,-0.2106227172186476,-0.6559021081698606,-0.5809850695742789,-0.3700498500345285,0.0972561685534467,-0.470106104543218,-0.460475044005297,-0.0538507286012599,-0.3286535727922199,-0.7043270387618386,-0.5819572200281475,-0.486690607884044,-0.3228392802440867,-0.570699373826253,-0.4747192528893945,-0.5017800320618282,related,8
UBERON:0003625,exact,,finger 5,Mistral-Small-3.1-24B-Instruct-2503,-1,-0.5586815010819249,-0.8163238436833987,-0.702581273759502,-0.7152253829438396,-1.4459454835139551,-1.149057243591456,-0.9311862595578654,-1.4130922011596057,-2.342553684614183,-0.9752685254830918,-0.1160833178006705,-2.069386373935218,-0.3088749055902956,-0.3956588255265699,-0.397069925586316,-0.4320712015205872,-0.5883345523104166,-0.7791184995995862,-0.6292071145180914,-0.7200095453160198,-0.8318559933648567,-0.7153639328538943,-0.6279083063379276,-0.8963840776780783,-0.6228760992898134,-0.8003216824880445,-0.715111899464345,-0.7323442414353528,0.4811576377002366,-0.2238875977780765,-0.2709081375823039,0.3627931069725857,-0.6211520883768286,-0.8040676210257502,-0.5624777827339765,-0.7431865146399977,-0.1769327596254649,-0.5245953408266532,-0.436395995766934,-0.3724130083374251,related,8
UBERON:0003625,exact,,fifth digit of hand,Mistral-Small-3.1-24B-Instruct-2503,-1,-0.5013352442500901,-0.7743086426462279,-0.681871673075013,-0.6645852933803729,-1.2905543732717797,-1.1080425778905256,-0.9090643713761718,-1.2973808227371206,0.1129949841522835,-0.1625784666324541,-0.0461449618539285,-0.0205660460397698,-0.546044537832878,-0.5683963855458826,-0.5695958693024226,-0.6389864818439804,-1.0898042583294352,-0.956176456667222,-0.7248693645459537,-1.123917727749283,0.4831109105865153,-0.089632685746465,-0.1442133459570088,0.3341603332868784,0.3071311218943809,-0.3997028617852141,-0.4078357315164357,0.1502975195641628,-0.1498047685178523,-0.505643410784101,-0.4578118313528018,-0.2955511545720666,-0.7835893870924797,-0.8520062302941853,-0.4787593516631663,-0.8782858529756429,0.0614090542987262,-0.438147087692908,-0.3960362156529634,-0.1468979192886843,exact,9
UBERON:0003625,exact,,digit 5 of fore-paw,Mistral-Small-3.1-24B-Instruct-2503,-1,-0.8698918216097087,-0.9168261056511394,-0.7648546265674976,-0.9782347349544214,-1.36764460328313,-1.1020203283429977,-0.8919562174066359,-1.3551537759294583,-0.1217486564568622,-0.4415242823894659,-0.031251146401233,-0.2576640126240347,-0.6212375429904207,-0.5477581674355411,-0.510778744359733,-0.7025984085616533,-1.3029507082148566,-1.0300942239084756,-0.769991859938778,-1.2836235505297366,0.2010831885368973,-0.3062537177310155,-0.3363490531073684,0.0228980488558671,-0.1625459041126489,-0.6110899036680594,-0.5672311332799537,-0.325289664337075,-0.3028345762770248,-0.5636991476265322,-0.5155513857368857,-0.437431318347473,-0.4480366661754731,-0.7495675281981606,-0.5730456943489866,-0.5936237832167427,-0.109617962421706,-0.5274494293477434,-0.4476040485643053,-0.3106527390716171,exact,9
UBERON:0003553,exact,,pia mater of neuraxis of mature diencephalon,Mistral-Small-3.1-24B-Instruct-2503,-1,0.3353737785107309,-0.0855090843478907,-0.1396775954111219,0.1897118642595908,0.7104066010536815,0.4603301991423399,0.3109758751802974,0.6861825486703127,0.5773852752938523,0.0170352546795945,-0.0267876778056958,0.5053562715479489,0.6900412332419901,0.2802344952363038,0.1737054166558192,0.6024088640923816,0.6448373402828987,0.2778059910487847,0.1018796640363345,0.5699753559731155,0.775131907094013,0.2486323140994669,0.1258969247612382,0.7125583603981274,0.25833670181488,-0.1825537306742406,-0.1984018243311348,0.0969911194169834,0.7268158691438287,0.1623413673748845,0.0685859499365513,0.6674899985944722,0.5326106829565234,0.1760461462929639,0.03306784871006,0.4225567875967112,0.7645347433782336,0.2337823279684213,0.0218293462411403,0.6992012967694815,related,8
UBERON:0003553,exact,,pia mater of neuraxis of interbrain,Mistral-Small-3.1-24B-Instruct-2503,-1,-0.0555663535050096,-0.4343419283200114,-0.4081313242402077,-0.2414421463753365,0.3451008570223382,-0.0779374597605401,-0.1436117616000391,0.2039525152889768,0.3606488957606544,-0.1821491762587408,-0.0500615676726374,0.2485852178992661,-0.4695282832218276,-0.5943832515266169,-0.5594213588198026,-0.5733143415900155,0.2055964835405392,-0.2450735464161728,-0.2972655967430542,0.0385783299019798,0.5992476905613371,0.0034416842252773,-0.0658666312620237,0.4759891665924542,-0.2658829392218967,-0.4929704440183754,-0.4640375997522957,-0.4207752611138625,0.4298327854067195,-0.1633283993336614,-0.2059407202344147,0.3034722613684174,0.4499808656425633,0.0819308087832468,-0.0407947011868175,0.3204300322317336,0.307722737584835,-0.3251903520910563,-0.3292993368386989,0.110344712304964,exact,8
UBERON:0003553,exact,,pia mater of neuraxis of diencephalon,Mistral-Small-3.1-24B-Instruct-2503,-1,0.3948850419957467,-0.0276037382110802,-0.1114564899114437,0.2624864978881472,0.686400937016079,0.4144485116743733,0.2649820604454857,0.6508315089433676,0.5918834488192447,0.016365797767906,-0.0288224969151954,0.5234076355413692,0.7555512960196865,0.3575463714412967,0.2444010852768783,0.6853614228102013,0.6722955661235301,0.3199533625411354,0.1288756891910696,0.6076707123099288,1.0952798810201785,1.1467844732856745,0.9354643852797606,1.2640885599697174,0.3656976364817941,-0.0910751533527944,-0.1382552237703697,0.2157769974321373,0.7865975212548421,0.2383292880644121,0.1302578896043446,0.747970577813517,0.8075153512420311,0.6115728088149404,0.4969279506691759,0.8023386322940274,1.002720721678935,0.9053398073659302,0.5546553570195539,1.1349668905076942,exact,8
UBERON:0003553,exact,,pia mater of neuraxis of between brain,Mistral-Small-3.1-24B-Instruct-2503,-1,0.0688902428295894,-0.3557665706707897,-0.336442747874119,-0.1117188263055936,0.2017634431924053,-0.2264177862705852,-0.2729237270941236,0.0391379536059842,0.4863602831497593,-0.0970714036705413,-0.0404675775328232,0.3946839978550799,-0.5845166539466539,-0.6281751842525114,-0.5794261877017688,-0.6716442967845401,0.1242525429137404,-0.3103703539102944,-0.3215674720774774,-0.0486330066339513,0.6103335812812516,0.0278505142297957,-0.0864478417009152,0.4900554808691758,-0.286368987390443,-0.5037539839426891,-0.4757629689612093,-0.4393917703297532,-0.7565624383225054,-0.6711900752593998,-0.5911540289931673,-0.8306505146350045,0.3158770171667465,-0.1057804162545408,-0.1443457605957818,0.1634431897913147,0.4051261944101495,-0.2444066339115324,-0.2774197521287263,0.2210493419886224,related,8
UBERON:0003553,exact,,pia mater of mature diencephalon,Mistral-Small-3.1-24B-Instruct-2503,-1,0.6150774816646527,0.2918877580621706,0.1583665230403694,0.5553561552791414,0.8668926547271976,0.8228027091590204,0.6308958923277168,0.9351880609143908,0.5663376916980807,0.0364895971025748,-0.0231956690384749,0.4916825822496343,1.022639635265395,0.8810801205798877,0.747232776037707,1.0603084495002244,0.8035146394037967,0.5630332005347717,0.3006573467617327,0.7981592408388652,0.9465095093889192,0.6068593515154935,0.4590041579983613,0.9802315407258914,0.886155141413739,0.6882049081432862,0.521970024317775,0.9037802291938216,0.9091676007457374,0.4247718965866109,0.3108472719650734,0.9230937320930674,0.8094819789255802,0.6131119671487427,0.4533624494932244,0.8053391691167299,0.8929309128461458,0.511834509949472,0.21201483817963,0.9142751661728906,exact,9
UBERON:0003553,exact,,pia mater of interbrain,Mistral-Small-3.1-24B-Instruct-2503,-1,0.1570402198848795,-0.2822474204639488,-0.3375179459430841,-0.01592752111823,0.2339804064094343,-0.207971962507794,-0.2062113356101458,0.0752683731878392,0.1726109872347964,-0.257474827668358,-0.0564925061534699,0.0422420351228911,-0.6402430255467438,-0.668924744653379,-0.6349062700043735,-0.7185378991356655,0.4699794166955925,0.0283631469977252,-0.0991498289430779,0.3440592108795545,0.6286760716864728,0.0318470794942427,-0.0554210558156888,0.5135519927629896,0.1798533318629028,-0.226971555501496,-0.2333723689109629,0.0134286659273755,-0.2649238907633146,-0.533830401673683,-0.5028767118994182,-0.4027798292147619,0.5035723636160058,0.1169504767279574,-0.0369755469905697,0.386148617935536,0.5125309957867416,-0.1786530771800041,-0.2367680248656895,0.3507447753861207,exact,9
UBERON:0003553,exact,,pia mater of diencephalon,Mistral-Small-3.1-24B-Instruct-2503,-1,0.7509222632847706,0.5597771583140045,0.3927535208426182,0.7609192456589352,0.9657808011340938,1.1483066692088897,0.9296966526813184,1.1144565539762217,0.6476482302392867,0.0919775275725402,-0.019157926433429,0.5940201002425535,1.2661523462872806,1.695566485264894,1.6115143456792735,1.485559100698747,0.952805101895144,0.9280474458206742,0.6038758955470335,1.041543160539356,1.1963516390708842,1.85813015304433,1.67673164226416,1.5107422999899716,1.0555201727098824,1.25766169741547,1.1245909550882172,1.2018556822305573,0.9937531938344965,0.586516948853469,0.4447185186304273,1.0536288774319202,0.967722232519415,1.0294440557329192,1.0961608316509812,1.0657083191763346,1.1006014896026874,1.5374693747650547,1.1457969622254145,1.3872251925043289,exact,9
UBERON:0003553,exact,,pia mater of between brain,Mistral-Small-3.1-24B-Instruct-2503,-1,0.1156137839729355,-0.324930191773046,-0.317021285474359,-0.0613792180703461,0.1524420657777173,-0.29603569593901,-0.2918544675436474,-0.0152363308709307,0.2740470164942248,-0.1887129480713692,-0.0483229220208424,0.151897886723567,-0.7287815604758753,-0.6870449279901854,-0.6426186134086957,-0.792088287324773,0.1111878987465524,-0.3223016858735,-0.2946704045836198,-0.0623859308536508,0.6571962844740731,0.0806648726175104,-0.0346397106281109,0.550660844061457,0.2883897556801617,-0.1443001166118434,-0.1622147965807145,0.1296940252410128,-1.215854691856294,-0.8203344585014515,-0.7197650998580123,-1.196700462464802,0.3619930423350735,-0.1497158390143512,0.0013041250490655,0.2163114517855627,0.5571526173287482,-0.1160299063938315,-0.2081169263674521,0.4073986137336453,related,8
UBERON:0003553,exact,,mature diencephalon pia mater of neuraxis,Mistral-Small-3.1-24B-Instruct-2503,-1,0.4379821622325442,0.0403611092389408,-0.0362292220123696,0.3166973499248374,0.8625253058918378,0.8192396182389395,0.6006209882180753,0.9277256086552146,0.4438178883248517,-0.0668594119362702,-0.0304647445516654,0.3444211552685618,0.9167825458204848,0.6401043037840706,0.493674736580722,0.903488800269103,0.781691972939286,0.5156066858775573,0.2932469226228429,0.7651700195629338,0.7232335854098575,0.1688811894708822,0.059590415279518,0.6395094313194369,0.3541250008403673,-0.0905262035521446,-0.1255850277142007,0.2027026427028554,0.8110329465380611,0.2820035965547338,0.1834643082237384,0.781734192902338,0.9060862193431451,0.832114955201519,0.6831580289797703,0.9594005835173772,0.7508810659029057,0.23060931535707,-0.0024766962097439,0.678206187500057,related,8
UBERON:0003553,exact,,mature diencephalon pia mater,Mistral-Small-3.1-24B-Instruct-2503,-1,0.9077983394645311,1.0325933518893036,0.8002944015752811,1.0352421563488248,1.0519730396268192,1.5366160094036672,1.3677777569524858,1.2913874483609795,1.2106004701590876,1.2195238873852468,0.0942061365097445,1.4742251482263449,1.3623875159981422,2.2530233140352074,2.255177766840698,1.6955658957440611,1.263798087098865,2.563790224386593,2.326422364105392,1.7328633674674994,0.8958642926763629,0.4823573753377815,0.3270624468385456,0.8961121118968524,0.8621528190750322,0.6546563604362824,0.4936553569242248,0.8659110079704297,1.3535036888044525,2.1423704444858696,2.050592031814744,1.7737364957016657,1.1194513828992312,1.6439695345450516,1.4370535805963196,1.3659788419327423,0.9781162375754358,0.8180422267603508,0.4811551354801291,1.0813644398074849,related,8
UBERON:0003553,exact,,interbrain pia mater of neuraxis,Mistral-Small-3.1-24B-Instruct-2503,-1,0.0217947432535355,-0.3647769382738079,-0.3737411049251882,-0.1615247731690642,0.465154803545978,0.0585973720731797,-0.0237254666087617,0.3510740273340367,0.5054178074331502,-0.0158292135927325,-0.0329605292862825,0.4174914085495077,-0.3226922346099316,-0.5186116668021683,-0.4863550471505919,-0.444409176953435,0.5115935280703372,0.0840222263164581,-0.0701562605880544,0.3958144637774038,0.5149713421800507,-0.0876067093328411,-0.1422027951027524,0.3721250264169148,-0.2190737625253401,-0.4790839612559554,-0.4453627190765994,-0.3778564861979394,0.4918998213209237,-0.1204052375973146,-0.1860899989453024,0.3753763308926996,0.4693383154481402,0.0909863653685346,-0.0527391192030941,0.3439549852541552,0.3723398240614203,-0.251447545756194,-0.2863547517811141,0.1831148843259948,related,8
UBERON:0003553,exact,,interbrain pia mater,Mistral-Small-3.1-24B-Instruct-2503,-1,0.3259072625859674,-0.1143136930936822,-0.1823263940841289,0.1783444119726893,0.3051206672215447,-0.1607717644332674,-0.1887254528582818,0.1568905012770257,0.6961265941780098,0.1775649166013386,-0.0040533363815674,0.6570330360595718,-0.5795942970349518,-0.6732929311951076,-0.6343342866227346,-0.6674789832083012,0.6195615971761177,0.224883357835751,0.0516106459482148,0.5358583939642759,0.5925843666744204,-0.0098065466875976,-0.0951086871466864,0.4675819853765007,0.1670395623423052,-0.2352819281445487,-0.2448563553261133,2.4912814480662908e-05,0.8927901572339488,0.2956992399479145,0.1800635888057205,0.8988094752178887,0.5119242760939788,0.101448088363404,-0.0621431607266863,0.3965606578952834,0.5643556288131814,-0.0850423607197788,-0.1919512635124324,0.4167146703292753,exact,8
UBERON:0003553,exact,,diencephalon pia mater of neuraxis,Mistral-Small-3.1-24B-Instruct-2503,-1,0.5755198761585375,0.234775463426736,0.1227449528734366,0.4995474252067856,0.9027741839389034,0.9314862539955348,0.7156385462605884,0.9978480291470716,0.6725432013275501,0.1270052389593737,-0.0176880813742872,0.626181227148682,1.0725184811158153,0.9951387756306064,0.828175096910624,1.1389735333084037,0.8072226991773486,0.5663860301031138,0.3055764370440305,0.803822220644804,1.2217058127420766,2.1457015008470672,1.9739390177821368,1.5854151997795602,0.6545022325488447,0.2403729448403276,0.1351158815437122,0.5684037546513486,1.0168690005829388,0.6553167803606448,0.5234692103924965,1.09096099481891,1.1574428265977164,1.94268269419458,1.8177024919268387,1.453568103427866,0.9986504190362518,0.9185879181883116,0.5733304186236969,1.1258960897913195,related,8
UBERON:0003553,exact,,between brain pia mater of neuraxis,Mistral-Small-3.1-24B-Instruct-2503,-1,0.0134350643846052,-0.3827527354611273,-0.3766492369579284,-0.1702716980115758,0.3947732375795551,-0.0229306520194482,-0.0929939226312779,0.2637175784384291,0.7224689965316425,0.1624304692570701,-0.0170121238436681,0.6919570124826274,-0.4410548709638047,-0.5599080036381657,-0.5222601471946595,-0.5486222589637413,0.1815394733663241,-0.2622027264301202,-0.2863255149891305,0.0124941177030129,0.2108528436553839,-0.3145982423644374,-0.3399173288703609,0.0330467427027336,-0.1925255663556405,-0.4724397861192194,-0.4515530663713724,-0.3532715184660424,0.0870506298035688,-0.3873709890754119,-0.3734003103276112,-0.0641855919318784,0.1197118034711442,-0.2754143767394988,-0.3511465990382471,-0.0502393925083792,0.4287043306490063,-0.2049871984253306,-0.2482869412540153,0.2487825667352508,related,8
UBERON:0003553,exact,,between brain pia mater,Mistral-Small-3.1-24B-Instruct-2503,-1,0.2139157928682224,-0.2424056064136369,-0.2728020683733499,0.0478141303256075,0.259821071389063,-0.2003898934774128,-0.2498597636089571,0.1046154172391538,0.5296504469054335,-0.0004696857573739,-0.0290885863609528,0.446763664824678,-0.6185943204670722,-0.6401615329258555,-0.5959424747076923,-0.7003772397491251,0.2335430669037946,-0.2238324694810081,-0.2292513655530831,0.0692017873773744,0.302810592405824,-0.2532018451228767,-0.2871373544664184,0.1305987107664101,0.1646119305694463,-0.2390079596194005,-0.2219297911797816,-0.002507236609723,-0.6431690838719676,-0.6292663437670247,-0.5748938054818554,-0.735739764017054,0.1762028441143341,-0.2412878177598239,-0.3544357867860407,0.009585622485749,0.5914581270005072,-0.0550493699537361,-0.1625592202454727,0.4522197229679645,related,8
UBERON:0003533,exact,,terminal segment of free upper limb digit skin,Mistral-Small-3.1-24B-Instruct-2503,-1,-0.9162260230851738,-0.9266518756745944,-0.7524796534356131,-1.0158648527866312,-0.3632584296041402,-0.7125218343658595,-0.6079024031160107,-0.5297848129631998,0.1917497154525114,-0.130269959184113,-0.0453342306806737,0.0626546354325024,-0.375854016894681,-0.4090429035525788,-0.4259310673803587,-0.491536896529153,-0.1344213611493991,-0.5384701236061411,-0.4749461794968201,-0.3093988968603959,-0.7387067490526501,-0.6746821368579417,-0.6010164744886256,-0.8224905977912197,-1.2499247423170972,-0.8723103429573666,-0.7481477499795063,-1.2287267498812968,-0.5655618290941496,-0.7220078854732404,-0.6374542811750435,-0.6695785473217355,-0.8844156933403031,-0.9360467409257132,-0.7658640209746169,-0.9598596324828844,-0.1061627460810108,-0.521611915321512,-0.4552203996829578,-0.3074443219579993,related,8
UBERON:0003533,exact,,skin of terminal segment of free upper limb digit,Mistral-Small-3.1-24B-Instruct-2503,-1,-1.1310712995653789,-0.9786705877065676,-0.7928277951526643,-1.1858614579105655,-0.5176974826499877,-0.7742392275347754,-0.6520454103850521,-0.6689980011606059,-0.1326349867422937,-0.333475246444789,-0.0634729749514224,-0.2683039985362316,-0.5907110668170669,-0.496018114665021,-0.4944099637504726,-0.6768806174256145,-0.7307750442410649,-0.843376495935906,-0.6480535889047103,-0.8392786361446335,-1.042398165063476,-0.750062676934183,-0.653235692306493,-1.0589306792987938,-1.479111692673048,-0.9091636415044304,-0.7792849346746571,-1.3982756909165657,-1.094271393780848,-0.8511672207089197,-0.744344031374618,-1.102388542962271,-1.2767697116851815,-1.019398102954329,-0.8253280087563808,-1.262962648157717,-0.1026414802045317,-0.5244492439468481,-0.4539499385120735,-0.3041706125330077,exact,8
UBERON:0003533,exact,,skin of hand digit,Mistral-Small-3.1-24B-Instruct-2503,-1,-0.6194532517417054,-0.7968243176487146,-0.6605161289869096,-0.7681004241826905,0.1253449337967351,-0.3923075584997255,-0.384337985329378,-0.0446490446156894,0.5285590044516745,0.0419086047555826,-0.0300778560971139,0.4454385642991147,0.5541589543247762,0.4955765565505173,0.3229381210796808,0.4387577814600897,-0.2696639818063285,-0.6277607064449636,-0.5065765011055293,-0.4372452016278345,-0.2984919232923288,-0.5562122135023834,-0.4986336978699226,-0.4530706386811133,0.5423153909851286,-0.1137094342839909,-0.1387865483585904,0.4247275555043783,-0.184891959114746,-0.599439910941969,-0.5435804300353604,-0.3285647049844039,-0.2387963451254132,-0.7386057033629071,-0.5298556480588562,-0.4039253428794478,0.6434427237464234,0.0101827788575591,-0.1199423988976511,0.5224653401862522,exact,8
UBERON:0003533,exact,,skin of finger,Mistral-Small-3.1-24B-Instruct-2503,-1,-0.5427310891881292,-0.7632248902702842,-0.6571744161512035,-0.7012145002926423,-0.1334562062570845,-0.5727089809605415,-0.5119045577200999,-0.3111879615928781,0.5246204212105705,-0.0395342824797384,-0.029786894381285,0.4406620858603948,-0.5878249823544024,-0.4585853778684484,-0.4259387338008967,-0.6744416733887825,-0.4206961087367682,-0.6987011429146829,-0.5612067546096074,-0.5742345800036166,-0.7450068816655525,-0.6899264782928579,-0.6061877170664366,-0.8275296968584936,0.1013736314920401,-0.4454424443226866,-0.4241113447783808,-0.0676804422564304,0.2223037096564839,-0.4398705151978276,-0.4160800763926469,0.0755789137135868,-1.0400738098229132,-0.972432477348814,-0.7802913947337349,-1.0826847367776464,0.2748945702642425,-0.3337767760412096,-0.328220208269503,0.0743132007659539,exact,9
UBERON:0003533,exact,,skin of digitus manus,Mistral-Small-3.1-24B-Instruct-2503,-1,-0.7532380093690887,-0.8448505351098881,-0.7167926405594259,-0.8818295827014428,-0.365938323066236,-0.6896103718166896,-0.5996551592927651,-0.5322494957910654,0.580757355258534,0.0849491417476595,-0.0219806185842618,0.5095438697511567,-0.1396804052868651,-0.1112975519504815,-0.1654577113967194,-0.2778018743126668,-0.2570660864218254,-0.6166777509368299,-0.5105421688509276,-0.4255530873929184,-0.5351119890751765,-0.6336117858133038,-0.555954806482401,-0.6561436937050363,0.2036803297705835,-0.3726665913261299,-0.3540809279185659,0.0385269340940729,-0.4551273526471442,-0.6856067926525535,-0.6161877774414055,-0.5736119085366227,-0.3551783832503825,-0.781950607862603,-0.6662563041539584,-0.5107374562787083,0.1803580761015478,-0.3984377939682184,-0.3789972015806033,-0.0262676388115454,exact,9
UBERON:0003533,exact,,skin of digit of terminal segment of free upper limb,Mistral-Small-3.1-24B-Instruct-2503,-1,-1.375680898405678,-1.0607610164844232,-0.8506415309554314,-1.3713813487895288,-0.76779188103559,-0.8779905736003839,-0.7400050225288769,-0.8835328896394828,0.2261670986117766,-0.1569178666466688,-0.0484906934535576,0.0996809142561187,-0.7459723360286413,-0.6145965062232926,-0.5840668736194758,-0.8062384732173408,-0.6757138140022098,-0.8143745070648198,-0.6361108713309681,-0.7936435202915089,-0.9621032297163848,-0.7317250940392228,-0.6406289284546087,-0.9976301792316168,-1.2354470216266915,-0.8664949217601756,-0.7472724948337981,-1.2178324596443322,-1.0303363645185268,-0.8326490666005384,-0.7213488882184714,-1.052091111367041,-1.1247810608149515,-0.9909889641058818,-0.775366679988986,-1.1480555023958046,-0.2517431471166996,-0.5974897461146045,-0.4913932754427914,-0.4394731341267419,exact,9
UBERON:0003533,exact,,skin of digit of hand,Mistral-Small-3.1-24B-Instruct-2503,-1,-0.7990737170197848,-0.8777835140052916,-0.7108079239236105,-0.920001863809439,-0.4425579603687978,-0.7417795192995298,-0.6296658889425907,-0.6019681030947371,0.3727332727169434,-0.1361697243355706,-0.0459122643073178,0.2623208634248034,0.0855058536936818,-0.0761212269600519,-0.1753129245193394,-0.062088408974564,-0.534898299314983,-0.7530270378068729,-0.6102207878288579,-0.6742091884130185,-0.1723721370945995,-0.504465323006882,-0.4642456061421557,-0.3397360601759759,0.3627297608226338,-0.2696582660323811,-0.2795414971477015,0.2124174424128957,0.3141388959772211,-0.3734829129977813,-0.3728943709428929,0.1742286438012438,-0.4495564954939847,-0.8160703774798579,-0.6101456049028473,-0.5949641964283554,0.5757667181438464,-0.0986504355371913,-0.1945900440167745,0.4315752204242311,exact,9
UBERON:0003533,exact,,hand digit skin,Mistral-Small-3.1-24B-Instruct-2503,-1,0.4637001330443042,-0.0550020130363839,-0.1271109708641421,0.3496987275409994,0.2290057910752745,-0.3151260479957943,-0.3435516393696092,0.0696567599638741,-0.0563283039076375,-0.4563031525478315,-0.0741610172820893,-0.1930978251253465,1.0079323585322115,1.292301128568171,1.118200588196426,1.0377428187829518,0.7509989187297693,0.3959200195355506,0.1907468753830773,0.7197082667334856,-0.0395673496250122,-0.4411263104177413,-0.4142214670732004,-0.2158701874842867,0.7544750772385662,0.1606023790980697,0.06845767761887,0.7056536245322462,1.0596769371034866,0.494201598271821,0.3737632701432182,1.1622555975244082,0.1267240357313888,-0.5615779429624104,-0.4690304307808016,-0.0428826426038678,0.6713135637992353,0.0755286359809218,-0.0679992228487264,0.5613977862980725,exact,9
UBERON:0003533,exact,,fore limb digit skin,Mistral-Small-3.1-24B-Instruct-2503,-1,-0.3228570737475972,-0.6885777687607516,-0.5984628034046312,-0.5019201520509533,0.2225564966091182,-0.3092134292325751,-0.33623258022973,0.0623995942404145,-0.2980339311135753,-0.4880727876521391,-0.079126154876492,-0.426570365665201,-0.0642830356980936,-0.1688321307541325,-0.2432811214164005,-0.2070014590540118,-0.3085035309728911,-0.6534202872222857,-0.5584774861742174,-0.4730264152942716,-0.2001534172692051,-0.5061193101100723,-0.4564868447445542,-0.3650402089490585,-0.3969803554623339,-0.6816592634202,-0.6017837809109962,-0.5382508619069974,0.5242001730714114,-0.2442170198524338,-0.2442121127085774,0.4135780512086041,-0.2933622209733296,-0.7572397877491399,-0.6611089391952504,-0.4544290102857468,0.4896448316376207,-0.1237604694007111,-0.2044719035341615,0.322356043855541,related,8
UBERON:0003533,exact,,finger skin,Mistral-Small-3.1-24B-Instruct-2503,-1,-0.3809674096776484,-0.7133616224588435,-0.6256222001120934,-0.5557688602365618,-0.0700760658062383,-0.5532730967921738,-0.4862816596868344,-0.2481180467776808,0.1227929508061103,-0.2463857727831639,-0.0596608152119797,-0.0103220588734301,-0.2487651421917242,-0.2570516845727705,-0.2927787308680026,-0.3779540701133018,0.0009401075771955,-0.4517835070533587,-0.4132446855327985,-0.175853397193932,-0.5027849232479075,-0.6124101221036965,-0.549752235296441,-0.6290610859615364,0.486963837185252,-0.1527028285486456,-0.1751729576007507,0.3571984928027004,0.6530433280785505,-0.1452396156949601,-0.1969729049864935,0.5719314228117466,-0.4919172697638445,-0.8294544901971466,-0.7124178717620824,-0.6321223270560699,0.3355419764378158,-0.2661005898201113,-0.2731236760488323,0.1413631322055623,exact,9
UBERON:0003533,exact,,digitus manus skin,Mistral-Small-3.1-24B-Instruct-2503,-1,-0.925185006942878,-0.9191814245587804,-0.7505768440057294,-1.0230992758986754,-0.5027068528637528,-0.7656790622240227,-0.6416230507522129,-0.6557272489971372,-0.1565370376857409,-0.4615801013389723,-0.0743010921618813,-0.2915641956743636,0.0132697847956024,-0.0766159836683919,-0.1605422886123588,-0.1327162618864588,0.0223565297308508,-0.435753759538345,-0.3995525425871425,-0.1541602199646291,-0.1930869700833824,-0.5055591086690677,-0.4483857529681006,-0.3586226851918994,0.570361591712014,-0.0694304971056561,-0.0996910872886838,0.4597457908290361,0.034324538125161,-0.5412541991760519,-0.520425519708368,-0.1170676378333126,0.0977943777532484,-0.5769939708440305,-0.5713736546213093,-0.0731109253696419,0.2537391103574591,-0.334038519154951,-0.3381828420148915,0.051406872036099,exact,9
UBERON:0003533,exact,,digit of terminal segment of free upper limb skin,Mistral-Small-3.1-24B-Instruct-2503,-1,-1.1330590176197923,-0.9877821022072436,-0.8013247761372795,-1.1874018070130898,-0.5812997180096021,-0.813373539915509,-0.6892540189658116,-0.7247593726647328,0.1790645833233317,-0.1716983056459638,-0.046494801736556,0.0491113110418785,-0.6502458248820806,-0.582868860809513,-0.5584434183833858,-0.7269051258592307,-0.4646634118908824,-0.7227209133786842,-0.581925954599246,-0.6130728018446955,-0.7436138244543331,-0.674122793603645,-0.5994962866237421,-0.8264160023755673,-1.2802057179427129,-0.8858166229947078,-0.7632199999239662,-1.2514389968072863,-0.8794164801721805,-0.8015183263385748,-0.6994733234315264,-0.9312956759371842,-0.600535024620538,-0.8642082551032915,-0.6934099585910112,-0.7256910395112631,-0.0768857733327995,-0.5158343896333158,-0.4499197436470746,-0.2801024634042745,related,8
UBERON:0003533,exact,,digit of hand skin,Mistral-Small-3.1-24B-Instruct-2503,-1,-0.0180896294738369,-0.4830541281510715,-0.4475720774522854,-0.2030110946415395,0.257016929026957,-0.2860223576662221,-0.3043349312871714,0.1014145422575537,0.6011437761543474,0.0024967068471245,-0.0307308707128386,0.5350021209064854,0.6170389001137921,0.4841122262522443,0.3327314650530706,0.5131819020738126,0.365935494762755,-0.1360663883683227,-0.1996099490842656,0.2193706516056259,-0.0036197802075687,-0.4221865889676481,-0.4058313433992877,-0.1814541777037743,0.8133669613514651,0.2760553762785695,0.1873004528590034,0.7914823954179496,0.7926462616201736,0.0662135686676834,-0.0156211922822175,0.7562794468972739,0.253541853908866,-0.4851690016011509,-0.4584574876425645,0.0936710434373765,0.632756115261388,-0.0068217542610803,-0.1314812456242227,0.5077811589002481,exact,8
UBERON:0003481,related,,caudal vein,Mistral-Small-3.1-24B-Instruct-2503,-1,-0.4499660465696355,-0.7631620005072216,-0.6499652130281619,-0.6185778591247436,-0.5071417620384931,-0.7648311872580059,-0.6607206460976399,-0.6596585383295839,0.7619979941728642,0.3571398855413193,0.0072601825857539,0.7453308167124736,0.9305654728116174,0.8239416799836964,0.6811535592650763,0.923215690323605,0.4566122501692569,-0.0012716241053753,-0.1048760810141455,0.3276737826439604,-0.1748749242928073,-0.499810767508893,-0.4673439648169303,-0.3420238804378588,0.4022487030383846,-0.2146540201828255,-0.2103228221352018,0.2575318828218703,0.4402792767260955,-0.346980446034499,-0.357311581699161,0.3154415640653761,0.0359231699176229,-0.5321590090833821,-0.5725789545482953,-0.1367073658843441,0.2844908453968453,-0.3351358430601374,-0.3471236376105713,0.0847836487937664,exact,9
UBERON:0003481,exact,,vein of tail,Mistral-Small-3.1-24B-Instruct-2503,-1,0.2222184612857844,-0.3481421227743766,-0.3532756835353218,0.0572554068676919,0.1172120667354401,-0.4220137161042689,-0.4193065925733995,-0.0534154768730092,-0.8662482629481322,-0.6208335148126297,-0.0830804825937121,-0.9309207225299034,0.93514503808216,0.86886826465913,0.755878768727368,0.9298129160023848,0.2804340325716709,-0.1791674942250174,-0.2118886172735251,0.1213947481271119,1.0931627230909238,1.1442560398874226,0.9953076705215804,1.259528628867974,1.27893772609137,2.9192083017680384,2.888097259697804,1.7666794655861764,0.5198346794593282,-0.2579445593785245,-0.2787187623549169,0.4083822813147502,1.0426949981727085,0.8569791029563325,0.6983553728134149,1.2059123369411595,1.1335318272989456,1.7481468808044986,1.3749437769697352,1.4956284047272403,exact,9
UBERON:0003481,exact,,vein of post-vent region,Mistral-Small-3.1-24B-Instruct-2503,-1,-0.9348892981648116,-0.9394612015720945,-0.7739966900687739,-1.0309205747520802,-1.1511781696852978,-0.9918408411989558,-0.8087165973680126,-1.190978164934532,-1.44161431379475,-0.7618732602740599,-0.0987614827871649,-1.3969710747895283,-0.2076076201148873,-0.3193524776815116,-0.3310186040163888,-0.3404699841901584,-1.2234197408689491,-0.9920169633272958,-0.7508636229038956,-1.2247625336953762,-1.316461539824708,-0.8316878560981837,-0.7151108246141886,-1.2624664267311527,-0.357550298655801,-0.6154475539191696,-0.5766174444960359,-0.5033218498357162,-0.9094001682727272,-0.8280672445374668,-0.7367258703156945,-0.9555352351019044,-0.5962314627684967,-0.7805642749178097,-0.7752923758215909,-0.7220286945846432,-1.353554154427785,-0.9002617911554232,-0.6573194863401249,-1.2941663956947234,related,8
UBERON:0003481,exact,,post-vent region vein,Mistral-Small-3.1-24B-Instruct-2503,-1,-0.8741877676951312,-0.9271224321691804,-0.7487697741618705,-0.9817390146870016,-1.7409667310320085,-1.1637429790839622,-0.933511427676838,-1.6252232310755146,-1.054334278070154,-0.7176116075592188,-0.0972136474052512,-1.0873515390540105,-0.0637981309153783,-0.2590491877391032,-0.300700003959101,-0.2065417004474246,-1.1979948974565884,-0.99567103160422,-0.7291776189507748,-1.2057661541308158,-1.1883405887224097,-0.802901136405849,-0.6917782439731148,-1.1683542604776649,-0.4910981796182539,-0.679276026098046,-0.6114198117822528,-0.6203144167851543,-0.6645205117646532,-0.7724902915339736,-0.701166350483973,-0.7537666738440961,-0.5014451555385963,-0.7618435493506601,-0.7769322226112887,-0.6404271033356661,-1.265548308115723,-0.8766858537680181,-0.6432499740629893,-1.2326459020412486,related,8
UBERON:0003450,related,,premaxillary tooth,Mistral-Small-3.1-24B-Instruct-2503,-1,0.3559566372029034,-0.1438776223696847,-0.2139575457508639,0.2146214364550816,-0.1343748715615352,-0.5534958853767454,-0.5137708696822283,-0.3120925937764927,-0.4521378315584197,-0.4163494464183577,-0.0722614593100588,-0.5688436186402156,-0.9751754413849246,-0.8171167512804929,-0.7237847882992343,-0.991159984100302,-0.5927211265180566,-0.7504390581876825,-0.5987254223258365,-0.7237427950363864,-1.2052626399564856,-0.8039325853307876,-0.6880969490770984,-1.1808849498983611,-1.0136999431147713,-0.7847707301617372,-0.6899423892479015,-1.0479387209300788,0.5987781701905088,-0.112166350435716,-0.17337951311771,0.5040070618035115,-1.1835611388419016,-0.8106164898652874,-0.803394159773206,-1.1928473132354485,-0.1545620914626574,-0.5159321922896053,-0.4412241713420227,-0.3520428862932906,related,8
UBERON:0003450,related,,maxillary incisor tooth,Mistral-Small-3.1-24B-Instruct-2503,-1,0.5973785175124272,0.1512777427224168,0.0206067280653924,0.5301873702065237,0.4577798547747455,-0.0505320066550734,-0.0999423398440182,0.3417639012463244,-0.7969778432947445,-0.654550525307782,-0.0954020939560114,-0.8721531560729341,-0.3105176024513353,-0.5815225137377007,-0.5544425717754017,-0.4335399813467116,0.6623490631295562,0.2851821615936328,0.1426095976461556,0.5939376647452607,0.6888205466632494,0.1223962514203849,0.0306179416282195,0.5926754981351025,0.5314493535738605,0.0286426307428626,-0.0472048286453276,0.411309196346604,1.0973373838431948,0.6735645817939266,0.5462551516220268,1.2275537830725771,0.4132118622708209,0.0454108080030081,-0.0328512456769691,0.2763759088361961,0.503103972589585,-0.0951188049814835,-0.1773597785750883,0.3389984156731678,exact,9
UBERON:0003450,exact,,upper jaw incisor tooth,Mistral-Small-3.1-24B-Instruct-2503,-1,1.158911301257257,2.680403432122468,2.7750975462218896,1.6593291627034088,1.0824202325743273,1.5296129608928786,1.3193164112018607,1.3602061006542558,-0.4779960891282623,-0.5406837195524499,-0.0804290157739041,-0.5922739313333836,1.2323597251458906,1.4557250789698748,1.3115071648324963,1.4191043783406017,1.0789072255578285,1.3555052998547463,0.9705115742824918,1.2797824501022066,1.1099071718904818,1.2377352083212754,1.044066254892459,1.296138538076098,1.1169436600605511,1.4604307882883003,1.2979737662306827,1.3287480657441948,1.296041632829013,1.4814253035444502,1.3395296461193105,1.6292006357450854,1.0515416058004508,1.3775349802414352,1.2217865681659588,1.2234025194230755,1.0886594239257597,1.4446537712407477,1.029215867205401,1.3518373267856634,exact,9
UBERON:0003450,exact,,upper incisor,Mistral-Small-3.1-24B-Instruct-2503,-1,0.9836382305207128,1.2296935906142037,1.036313931519098,1.1895360087913842,0.9722106817096235,1.0253451104047604,0.7961505332061648,1.1268934224743083,-0.1157588079553437,-0.2874106199969651,-0.0392765374293835,-0.2517972701178907,0.8830849398054379,0.5969948610075747,0.559352483504153,0.8560403815954629,1.173045701102576,1.8374329211884568,1.5296040188565327,1.4885126749629434,1.1486016843154705,1.4930782080495435,1.3081833458925118,1.3861356757240917,0.6896352098702985,0.20882193958165,0.1024625200558072,0.6155399773610809,1.17373254455944,0.9258385289846364,0.7708423218633308,1.3688518455737877,1.05348535740771,1.3290225265643043,1.2092193192503338,1.2272755011395655,0.8941997863499943,0.5515515924615433,0.2864487378090936,0.9165923924903074,exact,9
UBERON:0003450,exact,,palatoquadrate arch incisor tooth,Mistral-Small-3.1-24B-Instruct-2503,-1,0.4823933038484401,0.0181075795829976,-0.0646619240756716,0.3740083694164783,0.2527396606441046,-0.261550275509089,-0.2912429671968711,0.096539800254722,0.2219537304933864,-0.2212750058102742,-0.0426579727051137,0.0951257804914045,-0.2819929966985157,-0.5649500553435711,-0.5388299172049781,-0.4079593832252823,-0.2674663729545207,-0.5912700269042501,-0.5166793699593066,-0.4352086776332513,-0.6690219428717645,-0.6609412709233016,-0.5774967171894606,-0.766335967646887,-0.3576130892659824,-0.509449779870131,-0.4728004453113791,-0.5033777411071167,0.7093729558521092,0.0014399090954375,-0.0477236331462908,0.6445391209075315,-1.4683404084334304,-0.8769972503849772,-0.8424062285316452,-1.4037913591455182,0.1482894784424701,-0.3548589828942787,-0.3500542012760483,-0.0593994740871711,related,8
UBERON:0003450,exact,,palatoquadrate arch incisor,Mistral-Small-3.1-24B-Instruct-2503,-1,0.4699455584667594,0.0041030973501953,-0.0876334044715221,0.3577898117146255,0.3002361323398923,-0.2129318906909996,-0.2496370852185061,0.1512014192964944,0.2676457603823154,-0.2070340308041687,-0.0428985002406128,0.1448676466964431,-0.3373049057647307,-0.5778977646402618,-0.5445413034610349,-0.4574169685867164,-0.2876381316876831,-0.6046320276115813,-0.5146804795090191,-0.4538534602363586,-0.6348789206744236,-0.6523173454181438,-0.5708487257316261,-0.738533796824289,-0.1227448118823166,-0.3929043508420993,-0.3798041970839906,-0.2877695241745351,0.8697207815080262,0.2304066613655759,0.141158999308725,0.8650944862098862,-1.3371511150524262,-0.8572886878892204,-0.8290303474692614,-1.307812322337791,0.1207592063085439,-0.365947523057558,-0.3615210140490481,-0.0874732475443293,related,8
UBERON:0003450,exact,,incisor tooth of upper jaw,Mistral-Small-3.1-24B-Instruct-2503,-1,0.8012145196338902,0.5837273112093386,0.3768436580459823,0.8436956827827065,0.7943281908987199,0.4849782036305303,0.3033076584627125,0.8153239398783438,0.6430157574551195,0.1693665890870422,-0.0063170972911784,0.5880802211709381,1.0933865877868252,1.020143624855481,0.8341420637651297,1.17294440674448,0.7317714619319461,0.4161349645432742,0.1775797517346944,0.6917568068639973,1.0164955171289871,0.8329809871657988,0.6311054754548824,1.1056820442647062,0.9639021487554064,0.8468850718262612,0.6821004735223046,1.033070723035597,-0.1950339606759124,-0.5637331231133047,-0.5301913372330777,-0.3380520465576563,0.7138220915323584,0.4609853501638597,0.2545846759472094,0.6646944562133245,1.05071086954592,1.140028172831656,0.7516710822223811,1.2491890734173474,exact,9
UBERON:0003450,exact,,incisor tooth of palatoquadrate arch,Mistral-Small-3.1-24B-Instruct-2503,-1,0.332229165443185,-0.1524377598185536,-0.179638695080062,0.1859296528274154,0.1940180773880172,-0.311779505680139,-0.3208571225033909,0.0305252997190044,0.2208322695236212,-0.2470084931230888,-0.0370424782134817,0.0939144170840631,-0.1853437740017374,-0.4961619051132493,-0.4789263834161437,-0.3200422435461149,-0.4560782595130727,-0.6882169525404865,-0.5795976096576686,-0.6055241692791868,-0.5731538981219364,-0.6353817486865293,-0.5598619625052803,-0.6877676455021489,-0.4811487220231408,-0.5605774179834394,-0.5117094340293313,-0.6117233587582916,0.5968520158773405,-0.1098682707719734,-0.1522049850501359,0.501630269052636,-0.667297423517902,-0.6015455888471654,-0.6339106504184786,-0.7820524208976689,0.1149287867396199,-0.3866526928239071,-0.3698729531172895,-0.0933763496152916,related,8
UBERON:0003450,exact,,incisor of upper jaw,Mistral-Small-3.1-24B-Instruct-2503,-1,0.8642708598448438,0.765671062649647,0.5867769615667066,0.954005563318935,0.9507319296759792,0.9366800201716986,0.6900974637943615,1.0857617086495943,0.5667456356335477,0.130516983934097,-0.0174461434542503,0.4921862622062711,1.25194307987148,1.6239613635311023,1.493080337104804,1.457232090819517,0.8698491492688872,0.7042111343566189,0.4321145039613803,0.9021847393357544,1.19419759155673,1.860990844954971,1.708120280892165,1.5047129745048944,1.185016020659458,1.920727092763935,1.7492592546950494,1.4883587529964382,1.0220384840060248,0.5061527775205694,0.3660363599069757,1.0994175289254688,0.8524646965195721,0.737848795154832,0.503332432511258,0.8722046713312945,1.175906732600303,2.636701358925096,2.566462274346604,1.6751155110326128,exact,9
UBERON:0003450,exact,,incisor of palatoquadrate arch,Mistral-Small-3.1-24B-Instruct-2503,-1,0.3275167649630112,-0.1561645908847702,-0.1738664478527688,0.1802732168128487,0.2262948353881761,-0.2828538503799112,-0.3007925240065276,0.0666037546732053,0.2098324076712438,-0.2120976398775933,-0.041093882024995,0.0820563158743437,-0.3264621235667681,-0.5637898896781486,-0.5462112751818726,-0.4477689792369557,-0.4085282272770534,-0.666217766579802,-0.5678693153713575,-0.5634064251459094,-0.3483666420769761,-0.565524988483236,-0.5044895058271075,-0.4968527148524866,-0.3655524318728197,-0.501516993258608,-0.4735346383868968,-0.5104377555515647,0.4049408698599888,-0.2904191352230526,-0.2852723329836913,0.2751598309680086,-0.697746910814554,-0.6200868690463845,-0.652583064873352,-0.8074823950734362,0.0533350145611429,-0.4188942025904298,-0.3912130286177983,-0.1548712256850651,related,8
UBERON:0003301,related,,roofplate medulla diencephalon,Mistral-Small-3.1-24B-Instruct-2503,-1,0.495317295073868,0.0690877173371022,-0.0553737565329399,0.3909801005319253,0.8582123159502325,0.7893239792885913,0.6084710451244147,0.9203893438178036,-0.5292065228763069,-0.6005204234731093,-0.0854643456770821,-0.6383240452792512,0.4561144017338163,0.0045884553332916,-0.0738511515906545,0.3266985404427842,0.8089643636164412,0.5832249032160708,0.3822421914559216,0.8064880013352781,0.6112212131488427,0.0212490538601045,-0.0417786025957571,0.4911860814420015,0.4695606448841202,0.0163711765346486,-0.0496454897576941,0.3363750241593819,-0.3482563349916412,-0.4899754047706874,-0.4676032948504161,-0.4785416473984309,-0.1362679158261429,-0.5039292698427273,0.08939040329571,-0.3068571930565768,0.6427223709967803,0.041721106483617,-0.1024739858343704,0.5214713826365546,exact,8
UBERON:0003301,exact,,roofplate of mature diencephalon,Mistral-Small-3.1-24B-Instruct-2503,-1,1.0439990887809971,1.6292209484272189,1.386442817741445,1.32791191555487,0.7949672961781474,0.6195467554298063,0.4318771151447041,0.8163438124132559,1.2094674636062432,1.329954927387528,0.1130562435136987,1.4719407723396314,1.0083173336130835,0.9187552772816312,0.7313002587082987,1.0383300442258871,1.200501766069214,2.0456719375397823,1.7330888949253185,1.5567473963734533,0.8836667704444652,0.4490090572501586,0.3293301871111859,0.8765571992205677,0.7872142644796616,0.4844567816545053,0.3551859381941933,0.7528608801588715,0.4631135648537856,-0.0329086585067605,-0.11645313504523,0.3417891288668046,0.5595172379377739,0.1000739382851192,0.7409724301294893,0.4568259358646131,0.7651353813442684,0.2091145923966306,0.0168290688989978,0.7001319424989949,related,8
UBERON:0003301,exact,,roofplate of interbrain,Mistral-Small-3.1-24B-Instruct-2503,-1,0.2321591373060743,-0.2383861105900862,-0.2669313210146545,0.0686066763756731,0.0420671085648747,-0.3763993139258581,-0.3839478295326577,-0.1331327639790791,0.9471714435367584,0.5161260079744663,0.0193130824889145,1.0136865474503531,-0.7341286186204116,-0.7023113105912255,-0.6538026030321548,-0.7964940350408347,-0.8769149524492892,-0.8772157987522616,-0.6097600561246319,-0.9577226519121328,0.12218701497601,-0.3734357438373186,-0.3528607731044791,-0.0576656098214761,0.4865442817444941,-0.0031234965346313,-0.0390559208409386,0.3566942574933296,0.9894399962161988,0.9573091812749434,0.8545777661851837,1.0467476264290063,-0.0159218826065609,-0.423630236474366,-0.0294790622489082,-0.1889529562864071,-0.1636686712088624,-0.5986472946559691,-0.4956869769314055,-0.3603532853191874,exact,9
UBERON:0003301,exact,,roofplate of diencephalon,Mistral-Small-3.1-24B-Instruct-2503,-1,1.0747068645862965,1.846753940173237,1.6108770379411526,1.4056198157851636,1.0936725235815044,1.7634729294733402,1.6302901896629167,1.3866803911120338,1.3562564674648396,2.135363566896236,0.2101058448368831,1.8057305423976195,1.119084903078903,1.199304020451247,1.0153753168358606,1.2157211750045134,1.336801054109166,3.6102880745314674,4.004296168166472,1.9908936802128208,1.0804027297655523,1.068527515101135,0.885789964989635,1.2324441767305607,1.2276532913600635,2.426541256123932,2.35488940417012,1.603335027164534,0.7204660602535259,0.2006779216929513,0.1392804762690301,0.6591084627720749,0.7192901886430334,0.3576578447524828,0.8456281411495038,0.672462057821519,0.7950713014143238,0.2796137390085395,0.0762069180994053,0.7473071644402123,exact,9
UBERON:0003301,exact,,roofplate of between brain,Mistral-Small-3.1-24B-Instruct-2503,-1,-0.427517138469262,-0.6879917237393509,-0.5999293400378208,-0.5982729994930985,0.0046262556580404,-0.4276609419021108,-0.4002938263774438,-0.1720295680855926,0.8468549509832488,0.2333320396548728,0.007628416372729,0.8642293931606785,-0.6598423526427099,-0.6131543944387574,-0.5627452409663538,-0.734918448543729,-0.6464555801246502,-0.7869423247519667,-0.5366906902011659,-0.769156990678849,0.1585186924424111,-0.34895576270717,-0.3425501680791664,-0.0208669058706918,0.5917735975151189,0.1294798899873094,0.1223700606375494,0.486867983813768,0.5489757666880395,0.2214412973304623,0.1119871507515911,0.4432648953920254,-0.8751980643502334,-0.8927719505224488,-0.0895434804391087,-0.9524703832184288,0.067651251442303,-0.5126345139824476,-0.4337642641381845,-0.1407158362291066,related,8
UBERON:0003301,exact,,roof plate of mature diencephalon,Mistral-Small-3.1-24B-Instruct-2503,-1,1.129379887448484,2.353473388944911,2.3117040946110308,1.561559272002376,1.0330592508227612,1.4085360012960608,1.1797848050669155,1.2504864354659404,1.331211788649315,1.9731693754281028,0.1942606903438639,1.742109550314252,1.3815838479030678,2.542396205895106,2.5611760144498663,1.742245915741484,1.2810397006962837,2.7688400841605274,2.567126537910151,1.7869331654297194,1.1038424480719409,1.191714156270612,0.9616563307370788,1.2827317354004786,0.90308577321357,0.7639675934896993,0.5736865584379816,0.9310346455711898,0.5499473969277194,0.036549125527663,-0.0593981689076953,0.4444361390857805,1.1523607632744337,1.9625423305222345,2.037812280060292,1.441460731488028,1.042330834693338,1.094844126838434,0.713851341302927,1.228160592374146,related,8
UBERON:0003301,exact,,roof plate of interbrain,Mistral-Small-3.1-24B-Instruct-2503,-1,0.4453830921693176,-0.0170129983341888,-0.0980251373483598,0.3261427994363657,0.43082483247315,-0.0152781254087835,-0.0649298057449853,0.3080538312478431,1.0233064820363031,0.6994037157902602,0.0390199661277143,1.1349805754268676,-0.2085237788977709,-0.4052615581916208,-0.4164255366611523,-0.3413082884236761,-0.554957692600462,-0.7385545228558106,-0.5177210090578759,-0.6914727592632589,0.4836285056901106,-0.113618030037349,-0.1483222781619396,0.3347717985666193,0.6263463521197593,0.2074755461507652,0.0981030130534943,0.5314083341943333,1.002922587660772,1.00574169135822,0.8903858525807967,1.06834490595369,0.7610368832399856,0.4971497957660297,0.5481882483898883,0.7328092822119712,0.546243091660442,-0.1174330426954397,-0.2031484088131756,0.3933814127610183,exact,9
UBERON:0003301,exact,,roof plate of between brain,Mistral-Small-3.1-24B-Instruct-2503,-1,-0.1701281602801762,-0.5543536318123699,-0.501518516970419,-0.3558480100213725,0.3144051662748096,-0.1708375656923129,-0.2202844874443614,0.1677401398105261,0.9926925987961144,0.546637547205981,0.0385796166031051,1.085289816802643,-0.1495615688785647,-0.325684017506734,-0.3351971830784868,-0.2869821129920412,-0.150243280532818,-0.5163733685862405,-0.3266685259903705,-0.3246296349675182,0.5291688884015207,-0.066418995359634,-0.1184817052179856,0.3892623699331502,0.7091088613824779,0.3223988528366385,0.2440551125885258,0.6421610912900791,0.5204065141577313,0.224906060198092,0.1404942349665889,0.4090622838600453,0.1312785195452351,-0.349324426833719,0.365900403657853,-0.0380940587899859,0.7412497019544178,0.1218010749299975,-0.0516829605889525,0.6635760812388051,related,8
UBERON:0003301,exact,,roof plate diencephalon,Mistral-Small-3.1-24B-Instruct-2503,-1,1.0040069523955508,1.3873255499460542,1.145976783630869,1.2344078982565845,1.0857493265389766,1.7073820669756468,1.5682950877123047,1.3679762749738211,0.7258718647178689,0.270507545622431,-0.0041677608124527,0.6965052074509728,1.35470644403883,2.1294602041627755,2.079116328444828,1.6774140806199282,1.0492902865972795,1.2598354440043675,0.9750809479175254,1.2203141448445958,1.2263268987845355,2.206929568737197,2.0049902598455502,1.5998592834735406,1.0098073853040914,0.9975668955464194,0.8446098841704024,1.1150504453085648,0.2790262905048428,-0.1996959381119438,-0.2127735169584237,0.1361245096292855,0.7797766789857347,0.3949560437489514,1.0629348888895072,0.7605314168919407,1.1937741640538442,3.316363906669148,3.727941991914104,1.7809953274850674,exact,9
UBERON:0003301,exact,,roof plate diencephalic region,Mistral-Small-3.1-24B-Instruct-2503,-1,0.8796775867024199,0.8728192232504353,0.6450601704345273,0.9822361757895428,0.8682384256254334,0.7904716831761929,0.5780297915742121,0.937494481981029,0.9123715167248008,0.4567333241499576,0.0142215365747971,0.9606228369963736,0.5021877279550213,0.0450777924457409,-0.0093844011260322,0.3787862259211296,0.9356953016113538,0.8883469874413678,0.5922793802715286,1.0118459141742355,1.1129214693123015,1.2442633918586858,1.0363902754110126,1.3028667782186478,0.8882256006247866,0.6682151020706688,0.5334156534997881,0.9070884563498371,0.2338396193884588,-0.2159156375124821,-0.2202660168366792,0.087794545777836,0.6196691656647351,0.1939612120976947,0.5895000150754902,0.5354307878793798,0.87270840263231,0.4921976259686889,0.2065006418991233,0.8779302513732212,exact,9
UBERON:0003301,exact,,mature diencephalon roofplate,Mistral-Small-3.1-24B-Instruct-2503,-1,0.8701151263595002,0.8512189249294336,0.6480449888470199,0.9646501286342832,0.7848441170498135,0.5967072748464542,0.4245300798296765,0.8002584620873525,-0.0749370898620147,-0.4582918331285538,-0.0725469965100091,-0.2115749890857075,0.9888867402759676,0.8232713303308362,0.6368587416754652,1.0089162329876449,0.6884329731100601,0.3385812724521997,0.1824913514633807,0.6301461439194376,0.5414166108932822,-0.056583538388483,-0.1284705905317838,0.4041589767347237,0.3800799480632228,-0.0570776485905943,-0.1151845754552905,0.2321222859833473,0.0375502723212816,-0.3448010118828447,-0.3331877650935477,-0.1138564936712935,0.1472781902778821,-0.3320070961775035,0.1096820857864405,-0.0212067696914677,0.7329491329495756,0.1732577649599549,0.0102768717748599,0.6510828761449229,related,8
UBERON:0003301,exact,,mature diencephalon roof plate,Mistral-Small-3.1-24B-Instruct-2503,-1,0.9271519972052508,1.0489053987616757,0.7722166836531821,1.0729325236672966,0.9493418951071146,1.0658862308783412,0.8545933147578215,1.0831395416234002,-1.095234890981191,-0.6863843482498502,-0.0892960234917874,-1.12080266534554,1.21037068571281,1.5159860885282013,1.346303035172541,1.377458546027691,1.0617628512901358,1.3062869341805488,1.0660806787243788,1.2450558453155671,0.7737533014727543,0.2464742258820464,0.1345389896651223,0.7105775112754597,0.6069224438182431,0.2057308677166335,0.1153966048426995,0.5062679320371549,0.0927885266918197,-0.3338727952453005,-0.3359311841961966,-0.0583790245433,0.9221924068060172,0.8341741512849815,0.7157752238758002,0.9865057656260998,1.042514534964737,1.122010072853009,0.7435671772025014,1.228616093290652,related,8
UBERON:0003301,exact,,interbrain roofplate,Mistral-Small-3.1-24B-Instruct-2503,-1,-0.0380071344835771,-0.4597292868066957,-0.4460894437439964,-0.2235006733586832,0.0514098492900194,-0.3792072207061703,-0.3875822598633694,-0.1233436976241561,-0.4999865763665538,-0.5603359549073416,-0.0846251999697317,-0.6121050579083517,-0.7857603297326742,-0.7061244679742016,-0.6464973421564644,-0.8388320089254515,-0.4161625950975423,-0.6605636020488798,-0.4915935007959707,-0.5702043164122117,-0.1149791687853556,-0.4922742304621686,-0.4582603860497463,-0.2868135798726363,0.3896950660456816,-0.1115937740175519,-0.1007253451187655,0.243110584650898,-0.3193767277318578,-0.5819218847765468,-0.5281128038379665,-0.4524537936440259,-0.3284205227650164,-0.637663207236415,-0.3267983879697983,-0.4864785738506152,-0.1504861126879932,-0.5679156661528972,-0.4727803350655726,-0.3483150919707004,exact,9
UBERON:0003301,exact,,interbrain roof plate,Mistral-Small-3.1-24B-Instruct-2503,-1,0.0928958143520799,-0.3614860508006046,-0.3652772067480882,-0.0859742818589352,0.246917823123,-0.2147006287138438,-0.2426017412395194,0.0899195488832332,-0.6709643464817324,-0.6125036705197864,-0.085338369698728,-0.7634962668829366,-0.4251418850411668,-0.5424916818074177,-0.5061149159326944,-0.5347605648662247,0.0885613871563067,-0.3347549680028851,-0.2133576444400028,-0.0860456121997977,0.3204244184330226,-0.2460431103380723,-0.2575496540295252,0.1497270050227445,0.5420140776025048,0.0725992330793718,0.0170219231879012,0.4243543654901864,-0.2363619694470886,-0.5573479341906926,-0.5259729635606973,-0.3764627443755039,0.4627199806265126,0.0309234187528236,-0.0651426769954119,0.3358853049511679,0.5662942858908384,-0.0582584434586616,-0.1610339068568631,0.4192304872241388,exact,9
UBERON:0003301,exact,,diencephalon roofplate,Mistral-Small-3.1-24B-Instruct-2503,-1,0.7439405687403762,0.5116627992222724,0.3393308150408206,0.7497483499299202,0.8158946937179964,0.6666929579997338,0.4596750826028403,0.8500735460704667,0.0372959838403655,-0.4594345386464567,-0.073722106375013,-0.0987191800614934,1.0410131853219464,0.8338124927737564,0.6814189744776759,1.0888906068940347,0.5521077545821811,0.1265474762808885,0.0236349613379917,0.4473432484650594,0.911329395459393,0.5099103606593424,0.3727196278758327,0.92128246502093,1.0179444775598767,1.0179756304810912,0.8593264131066468,1.1300960523896466,0.1517510378160605,-0.2921811784163282,-0.2910596019876916,0.0019025093694966,0.3071061865417143,-0.1933190816103817,0.1676908833824396,0.1535115325433441,0.7406748645882985,0.195338135394246,0.0249590619494798,0.662707486061913,exact,9
UBERON:0003301,exact,,diencephalon roof plate,Mistral-Small-3.1-24B-Instruct-2503,-1,0.9130453867386344,0.9956311176466224,0.785570060061229,1.045358442475022,0.9284300286797668,0.9970532276821896,0.779876636697203,1.044241774658884,-0.6672732235712939,-0.6230781438498123,-0.0890343664805138,-0.760277780582051,1.272150585685632,1.662924474609251,1.5739476286483018,1.4976942029331752,0.8346485119080714,0.6289125619011587,0.4287146436734729,0.8462491139367917,1.2441833594010758,2.4703990349011224,2.406878092150607,1.6586406165272418,1.2446781090751668,2.616514875636516,2.588249160577003,1.653840918881903,0.1668572488060144,-0.2946109747197128,-0.2967006690127427,0.017531924772876,1.0550244884155913,1.3681521196789577,1.1474766744787956,1.2303500960685978,1.1770466031045737,2.739950957015024,2.7228701645541857,1.681040856305582,exact,9
UBERON:0003301,exact,,between brain roofplate,Mistral-Small-3.1-24B-Instruct-2503,-1,-0.511466418607879,-0.7259424695179252,-0.6381337240346177,-0.6735859999552317,-0.1799454853071642,-0.5551528208363796,-0.4930814359617869,-0.3566379992133225,0.7395914810909501,0.2369141636827088,-0.0017537982482896,0.7149301635955845,-0.766714301928472,-0.6460490901709678,-0.5911449881997664,-0.823256992004714,-0.5578359767603519,-0.7396512401698668,-0.5306717169366465,-0.6939428589634861,-0.4087868381780045,-0.6000985777979561,-0.5498913824410953,-0.5491642985588101,0.3410718930848573,-0.1680287397813702,-0.1292687273722206,0.1880372948495457,-0.2931681261359833,-0.5617743979957629,-0.5466406336959861,-0.4286256861463657,-0.715747523345185,-0.838832839688458,-0.4830234883385507,-0.8224367599094946,0.0787083565421262,-0.4968549411255608,-0.4241328464165866,-0.1297267545230239,related,8
UBERON:0003301,exact,,between brain roof plate,Mistral-Small-3.1-24B-Instruct-2503,-1,-0.0348284541950916,-0.4568375032950955,-0.4591439667952733,-0.2202406463822394,0.0584788351449767,-0.3887659017029722,-0.3979269110071929,-0.1159145020391622,-0.663964259460779,-0.603571518130189,-0.0867668135646444,-0.7573907296797621,-0.3759592707199832,-0.4615958451825516,-0.4372079545870327,-0.491629674820325,0.133645862165273,-0.3067673770946254,-0.2432680012423225,-0.0387025974200526,0.0087473580538686,-0.4268491432514038,-0.4180825824256667,-0.1695202732096838,0.477144853585321,-0.0133758534585892,-0.0280813747157597,0.3454266520175935,0.3617800575682896,0.0250908936334524,0.014733721431131,0.2267384498879092,-0.0576464160046073,-0.4732443102101213,-0.3735928638786681,-0.2303468277031826,0.7573812690456383,0.1730125040485366,-0.0221470645607798,0.6881635098986263,related,8
UBERON:0003283,exact,,oesophagus mesentery,Mistral-Small-3.1-24B-Instruct-2503,-1,1.0099791448010824,1.4649977468239568,1.266658748752716,1.2478927395077568,1.0485942461021658,1.4161863780175648,1.290509076033839,1.283983130150227,1.3125318049326162,1.5806410978361698,0.163678239609918,1.696807220754336,1.2462241521807398,1.5569280595628214,1.449798369843272,1.4459914230492807,0.96221138639064,0.9472491203460496,0.6140848607326538,1.0581016202883349,1.227851541525398,2.219625006106369,2.0686854294668287,1.6046889649106253,1.1524631665927323,1.522129425359031,1.300180216584913,1.4090167488918408,0.8766947210905179,0.2992399654962201,0.1747752352619907,0.8752274560585065,1.126584429437382,1.4126177690920112,1.2105923399695562,1.3819358020926382,1.1644249496258694,2.260726761269632,1.9573899004598685,1.6196133292795725,exact,9
UBERON:0003283,exact,,mesentery of gullet,Mistral-Small-3.1-24B-Instruct-2503,-1,0.0456862938732895,-0.361580061360495,-0.370119178567605,-0.1363719842626674,0.3025611398813339,-0.1892384844226561,-0.2349584222904419,0.1539077734401877,-0.3898009193968952,-0.6355903475280511,-0.0897091302373066,-0.5118502804781561,0.4650302607876273,0.1727822901335918,0.0930047430737505,0.336702478358909,0.3317612725490471,-0.1266395446883231,-0.1922051432404448,0.1797560286199803,-0.0357034508354983,-0.4480704962456424,-0.4216779866886156,-0.2121900106380406,-0.1653441635780723,-0.5081905553490688,-0.4862739673867021,-0.3279114705483716,-0.5209513914046181,-0.6168456186390425,-0.5749808285739254,-0.6310779723487357,-0.304398498028448,-0.5837809533601588,-0.6380360015718133,-0.464551115440244,-0.2444611857965248,-0.619662505526596,-0.5041279970926392,-0.4330149547035689,exact,9
UBERON:0003283,exact,,mesentery of esophagus,Mistral-Small-3.1-24B-Instruct-2503,-1,1.0447437008958198,1.6906621906149768,1.4950274866965472,1.3297297839041695,1.1850125493127788,2.431896053627678,2.3512344678984416,1.629855347625319,1.191539482200773,1.018517320158771,0.0993272687930744,1.436253203854058,1.1567690489207665,1.417208460855532,1.2628767370055325,1.2805046484809717,0.8865138095099315,0.7478532093257826,0.4364597215725926,0.9292886503456076,1.2247672679837682,2.171452122611005,2.048425724508653,1.5949521293226308,1.313747372543513,3.7795051413115206,3.928096313396905,1.904834574054414,0.2659361633874643,-0.2730269082595363,-0.280472412272806,0.1220435991116135,1.2577751525731542,2.726637500128762,2.649553628582519,1.72730371722745,1.0438164332364772,0.9453573379031456,0.5758596349334459,1.2318511464142283,exact,9
UBERON:0003283,exact,,gullet mesentery,Mistral-Small-3.1-24B-Instruct-2503,-1,-0.1491344091885078,-0.5058106693975866,-0.4802024674984871,-0.3352126205495858,0.1581963429594413,-0.3244230363448692,-0.3543768891028906,-0.0089490800991378,-0.1947475297393113,-0.5557353389869741,-0.0815218196212909,-0.3284669584607949,0.078699166625499,-0.2215535012392626,-0.2442136053670542,-0.0688055632832979,0.2029407694020221,-0.2497542547977219,-0.268056533999356,0.0356863985797868,-0.10903766378648,-0.4798008377563567,-0.4406230089933083,-0.2812834136857113,-0.4112774512156592,-0.6071537337491265,-0.5737807290973341,-0.5508338772482441,0.0440227568605582,-0.4294987048910584,-0.4090436770621991,-0.1074039408232319,-0.4846705577216281,-0.6920944619466869,-0.7320160581082613,-0.6257930017225635,-0.2002436016491963,-0.6031343321756625,-0.4904213929807026,-0.3934809954207012,exact,9
UBERON:0003283,exact,,esophagus mesentery,Mistral-Small-3.1-24B-Instruct-2503,-1,0.7744418554718169,0.5818392093701047,0.4206365562041228,0.7991101303987309,0.8621051892986782,0.7089003583491161,0.5170123746622293,0.9270095556481582,0.9709049289672486,0.454763440003048,0.064376599337328,1.0506932063733043,0.9034009758285592,0.6555022211217433,0.5181706554916967,0.8845165603318881,0.5088816312079785,0.0714647334203686,-0.057845970454198,0.3924063671001321,1.1313852770121935,1.3368787526575605,1.1459133363908411,1.345078842780969,1.085595651793086,1.1257247126630996,0.957479853628034,1.2623289169373386,0.6118130688284689,-0.1018736724980799,-0.1746415303147298,0.5201517915785988,1.0023809178534122,0.9039973938877316,0.6926324938456324,1.1288549948172106,0.9728152463167796,0.6251185164180196,0.3161373790674284,1.0701803479100551,exact,9
UBERON:0003066,related,,pharyngeal arches 2,Mistral-Small-3.1-24B-Instruct-2503,-1,1.0679963173106048,1.8030859134694228,1.6346300954001964,1.3881309948787717,0.8425406468808165,0.6319644698245774,0.5043619251259919,0.8940038525891855,0.9887386214442384,0.7637980255703583,0.0573083355227928,1.0789653275050606,1.328836118604235,2.0218940520836703,1.916174481013148,1.6182601438843238,0.6133836584275252,0.2118875407539326,0.0586049133940272,0.5276011783981015,1.1815600564410265,1.7651395344575442,1.5637960189230915,1.4701981003317823,0.9667122324266432,0.6522681774253297,0.5083267403293841,1.0379568199305471,1.0352762129002562,0.6299442368292739,0.5099540327938934,1.1212595077406935,0.9320877395561756,0.7772734540658484,0.5810219462212008,1.0033859577465032,1.132050872863791,1.9193344844219336,1.5519948083611192,1.4903313665012357,related,9
UBERON:0003066,related,,2nd visceral arch,Mistral-Small-3.1-24B-Instruct-2503,-1,-0.5855980818712327,-0.7293642168827601,-0.6278742795802897,-0.7387423079059657,-0.2221365289725148,-0.572949937404838,-0.5171914523703176,-0.3973218016151375,0.84645354954486,0.3619051404129099,0.0048342947353044,0.8636518971450353,-0.4483796361993311,-0.604806010168803,-0.5664575574082764,-0.5549877890479163,-0.1331486063669853,-0.5175076116558713,-0.4344395303221416,-0.3081704033268897,0.2962822767935409,-0.2394911759157835,-0.261973173625643,0.1235467852554021,-1.1729642485276377,-0.8950041230573508,-0.7839673139024247,-1.170546828172305,0.015642649653568,-0.4671297776724515,-0.4637591749807239,-0.1356047049354485,-0.242760340220026,-0.4939622304457609,-0.5235851474545099,-0.4076203760095527,-0.9332427733469632,-0.7911789167627741,-0.6012431402773284,-0.9916033322767024,exact,9
UBERON:0003066,related,,2nd arch,Mistral-Small-3.1-24B-Instruct-2503,-1,-1.934208118964348,-1.172516768954649,-0.9226917256113416,-1.7689229123704393,-1.112953772152774,-0.9933623847585462,-0.8093469500471188,-1.161334222792768,-1.7148678619119884,-0.8304139669347609,-0.0891324135502955,-1.6070329629459452,-0.7789958261042039,-0.680722986621835,-0.6362388284510284,-0.8333059468898604,-0.635856493184515,-0.795524641145167,-0.6089853872662876,-0.7602449578305521,0.3207145911472351,-0.2216757767309503,-0.2632451099273445,0.1500433856638206,-0.5026300421361863,-0.6865854605561946,-0.619075441304069,-0.6302477237308393,-0.0039859429298258,-0.489696718185306,-0.4647172963767442,-0.1549718771396348,0.0952429803695383,-0.3207890813831002,-0.3852903849916977,-0.0757614584275736,-0.2991445252936114,-0.5834642412233327,-0.4775031603662835,-0.4811621195029184,exact,9
UBERON:0003066,exact,,hyoid arch,Mistral-Small-3.1-24B-Instruct-2503,-1,-0.142925136735213,-0.5148573316346571,-0.4777763734065783,-0.3290818913928247,-0.3082666430152351,-0.6440088597162172,-0.5460685493769991,-0.4788025530275738,-0.5604015337981514,-0.573669656915802,-0.0874555108064653,-0.666153029233065,-1.0245353899720844,-0.8160854396647432,-0.732184110986815,-1.030133561994535,-0.0924139707077625,-0.4682885395105474,-0.4524890691118174,-0.2685882740427852,-0.675308384504704,-0.6782368345972928,-0.5901444352915861,-0.7714338822458957,-1.6415069662390518,-0.9514728406922418,-0.8015930558055508,-1.515375142400285,0.2482283488935786,-0.4061328662313056,-0.3954053802126298,0.1031002000471689,-0.8488348161808684,-0.7715300485263754,-0.7715376392276866,-0.931261758331838,-0.4966068366875525,-0.6564844368270607,-0.5261962850266017,-0.6488276178324415,exact,9
UBERON:0003066,exact,,arcus pharyngeus secundus,Mistral-Small-3.1-24B-Instruct-2503,-1,0.1257213198508887,-0.293076378301054,-0.3289131698368633,-0.0503623829018512,0.0024022003478572,-0.4384694010225916,-0.4012232102324089,-0.1743236721698736,0.2085677814712958,-0.297570643193485,-0.0588794467223101,0.0806957474598318,-0.2376520583412344,-0.5566088752534285,-0.5382535542540591,-0.3678680162827394,-1.7185170294799232,-1.1270645083130306,-0.8284938386969983,-1.5785894512220868,-1.13806502846885,-0.7834952430267558,-0.6659744706153297,-1.13093741706559,0.3725222418922934,-0.2570992571297119,-0.2561509526880964,0.2235195798875876,-0.6840660172551167,-0.7289458260480051,-0.677975905573251,-0.7702044098409977,-0.8260116408173687,-0.8303213410190164,-0.7812691681276719,-0.912810404948494,-0.9360803233256794,-0.7378097539736307,-0.5675733970970528,-0.9937260853505144,exact,9
UBERON:0002529,exact,,free limb segment,Mistral-Small-3.1-24B-Instruct-2503,-1,0.2466863736638836,-0.3423100746333574,-0.343465428704661,0.0852896679305339,0.6249186985128892,0.1485387364933557,0.0306079459162959,0.5631038467325497,0.6975578616270683,0.1498639445853936,-0.0202098260988545,0.6589178340913764,1.0026954687884777,0.8427521284952333,0.7188646270886131,1.0297727763928992,0.1103473187629209,-0.3691708108581308,-0.3833218540465073,-0.0632684763164967,0.2189655098933673,-0.318414040437959,-0.3283308096619133,0.041504350667214,0.5023556913044029,-0.2153079183718809,-0.2351206893592811,0.3757743385527126,1.0004549010007395,0.3809038063288362,0.2745434108773378,1.0643727088459012,0.3387845480615654,-0.358433512416646,-0.3967940310736105,0.1895664591748011,0.1832338109681389,-0.3643720560465023,-0.3526502930505185,-0.0232732473382028,exact,9
UBERON:0002516,related,,physis,Mistral-Small-3.1-24B-Instruct-2503,-1,-1.1573454699026828,-0.976916827458318,-0.8070130791634641,-1.2061767324482515,-0.7850461704688865,-0.8668209161076859,-0.7480356002340178,-0.8978903028157875,-0.9728817288570728,-0.7412511269862945,-0.1078133877576387,-1.0201473548792117,-0.7456369162507327,-0.7479245775109831,-0.6537246234662296,-0.8059627756536273,-1.2250447181123707,-0.9974557634781708,-0.7627529406139097,-1.2259736494334488,-1.0896723582651808,-0.7721449555370818,-0.6742200999497246,-1.0946486853682516,-1.8130761925913048,-0.9449400191750792,-0.8048435597820173,-1.6366587577412783,-1.29929514930543,-0.9483070374214948,-0.8427851624737736,-1.2604663337674962,-1.891586423175694,-1.0607686158299705,-0.866288180355926,-1.7012242170478953,-0.5603198701430956,-0.6562366402912122,-0.5322951238824469,-0.7010583792786681,exact,9
UBERON:0002516,related,,lamina epiphysialis,Mistral-Small-3.1-24B-Instruct-2503,-1,0.3700785431564724,-0.0926020858550007,-0.1871021329624627,0.2318690715414164,0.2975461436546707,-0.1456509351255624,-0.168857128142129,0.148073862235352,-1.0722749596170114,-0.7479818111654051,-0.0972795873470098,-1.1020482868668788,-0.1574719876945665,-0.5774790591926915,-0.571680829486395,-0.2943154308698281,-0.2254935564967867,-0.5619661292339281,-0.5103578919928944,-0.3960603900337959,0.1946301733144098,-0.3132879905626185,-0.3049605585733292,0.0162162140837896,0.4518324907887378,-0.0809497448936472,-0.1106115201628191,0.3153533017464262,0.4835060699445335,-0.170721843295671,-0.2479146492447142,0.3655389427483004,-0.1050284890201046,-0.4058349851045667,-0.3452221555957651,-0.2766822006808366,-0.3045414947839535,-0.5747341739241048,-0.4754076798879443,-0.4858710146346244,exact,9
UBERON:0002516,related,,growth plate,Mistral-Small-3.1-24B-Instruct-2503,-1,-1.537272851312647,-1.0916672917305836,-0.8596273215902728,-1.4898315077493232,-1.747006780683756,-1.1262617714979168,-0.9079265812774708,-1.6294712677155554,-1.560277507566738,-0.8287117392746357,-0.1019215375172079,-1.488956490657206,-1.635566200140211,-1.02347351772211,-0.8753554622801961,-1.4920170975747076,-0.7536500563406103,-0.8311573100811407,-0.6377552916337929,-0.8580705842028371,0.411655784635434,-0.1639106165180164,-0.2091278449158728,0.2513259155891222,-0.0870459036067599,-0.4752732125666384,-0.448425728067208,-0.2537424843224202,-0.559270181168898,-0.7540427498236397,-0.70279460487621,-0.664169818072262,0.094871244129827,-0.3646833514650265,-0.3243838023410939,-0.0761474330108691,0.404145255601359,-0.1918288481337474,-0.248066224685833,0.219903909299198,exact,9
UBERON:0002516,related,,epiphyseal growth disk,Mistral-Small-3.1-24B-Instruct-2503,-1,0.9233719261797706,1.046844409030503,0.8237766339868045,1.0654885725166583,0.7176122606986501,0.441920296929213,0.2932404091632939,0.696922929186943,0.3070627658676682,-0.2151857752317605,-0.0536434082502191,0.1884066867601871,0.8673578886559019,0.4428038220731857,0.3519653773805856,0.834258166862366,-0.2001011261943344,-0.5540155685563734,-0.4527661302616212,-0.3721391546201618,0.306578274030599,-0.2379233454745597,-0.2718651383453397,0.1346777988860258,0.5211088817244356,-0.0065737804584278,-0.0553043618251753,0.3986147460302582,0.2926594162119016,-0.3035065074390133,-0.3301795354632832,0.1508607468995166,-0.8056297717204338,-0.8212615709095178,-0.4873441291261517,-0.8962604494228429,0.2424152270545087,-0.3176750415154172,-0.3256361845535881,0.0392432333592788,exact,9
UBERON:0002516,related,,epiphyseal disk,Mistral-Small-3.1-24B-Instruct-2503,-1,1.1589210347489538,2.768913149389977,2.844954266452651,1.6593635215533244,1.06321212918837,1.5673256355467504,1.3080014802087123,1.316339383927405,0.7506513799753397,0.1121677753520304,-0.0242180490658907,0.7298872543451674,0.8801550337112273,0.0698201822032121,0.0036529327079229,0.8519653880914764,0.5777854202518296,0.1639751542561113,0.0461454809061095,0.4806215084109922,0.1750794539274676,-0.3257773187767842,-0.3557723092082189,-0.0039248433929556,0.7057181684326803,0.2603477662296218,0.1720440492919089,0.637499576708531,1.194259455241693,1.0882012039678146,0.9404869499497488,1.4091985747700233,-0.741764770860665,-0.8110340085099218,-0.5079783771101128,-0.8439494081018293,0.1868814997842044,-0.3528772379102473,-0.3556925708517959,-0.0194694243850242,exact,9
UBERON:0002516,related,,cartilago epiphysialis,Mistral-Small-3.1-24B-Instruct-2503,-1,0.6241650866626391,0.2761924530675676,0.1401848272125362,0.5684089308034971,0.0187339416985776,-0.3910239790615211,-0.4024622416753726,-0.1574350051595595,-0.3972347354888595,-0.5762434295225227,-0.0907934079239315,-0.5186855496605741,-0.0886265663438689,-0.4677744775543997,-0.4659769279757883,-0.2300088246627913,-0.1882163192278221,-0.5339749788260771,-0.4795618098008516,-0.3608798863818537,0.1202219790463428,-0.37301176138477,-0.3477988828367194,-0.0596417811125793,-0.2596169256032712,-0.5920149981251254,-0.5415479015490535,-0.415061054756923,0.1569952996227839,-0.4016192432926823,-0.3963502201276123,0.0073196366876077,-0.0382775281608855,-0.3360526772452536,-0.363189424278617,-0.2112019166790162,-0.2146774892659713,-0.5383978851120548,-0.451271108683864,-0.4064469593135093,exact,9
UBERON:0002516,exact,,long bone epiphyseal plate,Mistral-Small-3.1-24B-Instruct-2503,-1,1.0112730039473796,1.4339557483145404,1.2355893725495009,1.2508348709295407,0.7539302141716419,0.4998025409956322,0.3041122661282269,0.7520167435524046,-1.2620077597389043,-0.7714696687265831,-0.0900093072114778,-1.2552888437927725,1.1047028074246683,0.9694064150376154,0.8281489618225927,1.1916486527254302,0.959747990037581,0.9543723345855064,0.7310212963291973,1.053748820215888,0.7720423092823977,0.2545010628560823,0.1539311953421054,0.7081222728500626,0.657556954961048,0.217030609735387,0.1139647319480941,0.5724582822888508,0.9077600076419756,0.3489680723855157,0.2209732834109269,0.9209948366617898,0.7755767743543821,0.5411953584391138,0.4243836585898691,0.7542827760508584,0.7552790361645164,0.2456088854515456,0.0304374465463217,0.6849357363721215,exact,9
UBERON:0002516,exact,,epiphysial plate,Mistral-Small-3.1-24B-Instruct-2503,-1,0.784180909164097,0.5882441633422126,0.4052550232203856,0.8151871373305364,0.7254259633980438,0.4643898434016506,0.3028445408600239,0.7086392242581457,0.5820289088083296,-0.0253322409201069,-0.0397294407504351,0.5111246487239772,0.7315685771252392,0.2289654507279925,0.1001872645200957,0.6546555326241369,1.0336347545113918,1.1849653776104172,0.8598910293213237,1.1898426980766352,1.1317944851910828,1.3716805696928471,1.1633152926436372,1.346034837662778,1.2716234354677023,2.924088933065874,2.937719295183081,1.741078446850972,1.2028663005740694,1.1107936674033054,0.9679569211857308,1.4264606099160553,1.062015989231698,1.3669624986675295,1.1265667321479425,1.2444049585468897,0.79619723959464,0.324625864851692,0.0902589386087438,0.7491129210650361,exact,9
UBERON:0002483,related,,trabecular substance,Mistral-Small-3.1-24B-Instruct-2503,-1,0.5296111673201137,0.0834793611555085,-0.0311203714381667,0.4366961460250612,0.7285888744589293,0.4836515146672909,0.3126315550233408,0.7134027664956951,-0.7931304701599668,-0.5894777172195839,-0.0863586986895128,-0.8688697255364431,0.6218306112267729,0.2158289641951155,0.1347123241154261,0.5189422440173835,-0.4974914096063836,-0.7088691706887049,-0.546947449427425,-0.6417838850667471,0.2265773144477099,-0.3089849760832622,-0.3157804034862299,0.0494650059451236,-0.3895788103543882,-0.4891711508328309,-0.4631134108347275,-0.5317197069502845,0.7727513015917971,0.1211564056070066,0.0235159399895319,0.7290688632667738,0.4563375553416249,-0.1516860002610167,-0.0846346750934017,0.3281294093999092,0.4164103447892299,-0.1804412902942483,-0.2502016944584302,0.2342734623740008,exact,9
UBERON:0002483,related,,substantia trabecularis ossium,Mistral-Small-3.1-24B-Instruct-2503,-1,-0.0238880095276359,-0.4454637318175332,-0.4198249286881582,-0.2089913957759772,0.3681249547498599,-0.0727286776317432,-0.1151947867841514,0.2314706081142449,-2.3896113645550034,-0.956949641950888,-0.1190657424123394,-2.1031165344411207,-0.6643850585969989,-0.6883243449091598,-0.6526770516696927,-0.7387069397998529,-0.9927356376489436,-0.8999368078660962,-0.693921749015997,-1.0490212854074552,0.3095682319324848,-0.2546194674191661,-0.2863263302639182,0.1379197151669887,0.01253592682865,-0.3011225559574487,-0.3100297068724533,-0.1568317019378304,-0.1941366200722643,-0.5738524488081153,-0.5432461377196901,-0.3372136147254485,-0.0090318943789906,-0.3882584967828236,-0.4413761412514365,-0.1820624687257077,-0.8242594912675357,-0.7592007316352513,-0.5807313808134671,-0.9091379387175214,related,8
UBERON:0002483,related,,cancellated bone,Mistral-Small-3.1-24B-Instruct-2503,-1,-0.2021888914313616,-0.5814195360365891,-0.5169471611695258,-0.3870908715919013,-0.5412053745319242,-0.7399903656472804,-0.6313467313496339,-0.6897092874293558,-0.6421781290429902,-0.5564158730517754,-0.0885074837505482,-0.7383399204760422,-0.749162714624378,-0.6763122672059578,-0.607786459806688,-0.8088600152198546,0.2080404320276529,-0.2352873690611699,-0.2651028975258921,0.0412424152277121,-0.2920875871097093,-0.5634139625355529,-0.5113158169290201,-0.4474077779308947,-1.1737854192348154,-0.8313687347385718,-0.7326367502784742,-1.1711711457628995,0.7595839523527539,0.0707642564156334,0.0107352693889353,0.7112431678155355,-1.8175930395385629,-1.1282693454984134,-0.9112972862635018,-1.6504593330346415,0.0973874748690117,-0.387332963273077,-0.3836125772672276,-0.1110490349741303,exact,9
UBERON:0002483,exact,,substantia trabecularis,Mistral-Small-3.1-24B-Instruct-2503,-1,-0.3986642880816531,-0.6781584027709016,-0.5979420976261987,-0.57199236670158,0.1990462750603064,-0.2223952578129589,-0.2521932566161243,0.0361133346012549,-2.0454804440461296,-0.8896318241296555,-0.1120132671842073,-1.8536502216736608,-0.6120866034085027,-0.6622425179986015,-0.6309300966920837,-0.6949040709300471,-1.043194206280767,-0.917346461199598,-0.7227801390904874,-1.0881322768957418,-0.0385945294376523,-0.4583994623466478,-0.4411962074242506,-0.2149440507219844,-0.2828881858377227,-0.4494682317003414,-0.4376452648704753,-0.4362356408260791,-0.4403544675241228,-0.6790438700092762,-0.6307775195578561,-0.5606035208400678,-0.2358131618017308,-0.5356714316052288,-0.5732171790740247,-0.4011418221670702,-1.0742007389017758,-0.8023602318941657,-0.6120477912790432,-1.095648697291119,related,8
UBERON:0002483,exact,,substantia spongiosa ossium,Mistral-Small-3.1-24B-Instruct-2503,-1,-0.5244342105459436,-0.7119858842704212,-0.624630805893812,-0.6850724715600922,-0.0630342593981582,-0.4369978286221475,-0.3896412532393389,-0.2410285776440356,-2.0199858723432835,-0.8743692821019624,-0.1081330458975921,-1.8348933310573736,-1.378236569646648,-1.0053748104614295,-0.8713237450132081,-1.301752553599198,-0.9971243727305776,-0.898395480020137,-0.7192777946581865,-1.0524386444674494,-0.5924726314595081,-0.6703757922653656,-0.5957142513627687,-0.7037278221875011,-1.5275265149728154,-0.8578732548417916,-0.7453846476104216,-1.433434718528687,-0.2529222045633241,-0.5918981851122254,-0.5428465393446286,-0.3917437968471499,-1.3371654126001074,-0.8599699126589756,-0.8409686315665386,-1.3078228905500455,-1.142641990297849,-0.8145876786214334,-0.6056116149755151,-1.1451837491065535,related,8
UBERON:0002483,exact,,substantia spongiosa,Mistral-Small-3.1-24B-Instruct-2503,-1,-0.802425514410596,-0.8298005529832795,-0.7041862619661101,-0.9227781429301304,-0.2292319177187243,-0.5225647901127999,-0.4915859632757605,-0.4041126690583204,-0.5460865501909499,-0.5517159891178064,-0.0681382592231043,-0.6534032142720393,-1.3835246528851783,-0.9601346021597094,-0.8464706930617228,-1.305720113768749,-0.9080315379616126,-0.8676778182195494,-0.6773343676231265,-0.9824658601662782,-1.2310811660314178,-0.8234433800746428,-0.7111456114418879,-1.1999433381112274,-1.8142606518288185,-0.9013321432942372,-0.7850275565525167,-1.6374879597714842,-0.5776773934862153,-0.7123458591383289,-0.6388595028542571,-0.6799745755882609,-1.8674621709732049,-0.973161095222133,-0.9375465787421008,-1.6847267492723854,-1.968332397252348,-0.9382447042516008,-0.6735902926514894,-1.702209364750931,exact,8
UBERON:0002483,exact,,cancellous bone,Mistral-Small-3.1-24B-Instruct-2503,-1,0.2031853135216596,-0.3011710495548923,-0.322665040686189,0.0356646790229325,-0.3493906992517478,-0.6395855278437971,-0.5608559434787804,-0.5170016883884982,0.4243451079033768,-0.0109520711500934,-0.0243867526134911,0.3217029606700335,-0.3366574104425408,-0.5259208409373659,-0.5065802083744438,-0.4568414581491475,0.3136725963460152,-0.1341049092285629,-0.2125657926381751,0.1590363739683389,-0.258186058586713,-0.5583348933349563,-0.5172288708146263,-0.4172716391831342,-0.8802205609997891,-0.7083489040963025,-0.6278849519484717,-0.942677239295652,1.0898820278693122,0.6929575197031992,0.5856362682208229,1.2144205181884768,-0.0988369359967609,-0.4905278317828227,-0.5656985114943018,-0.2706667953542069,0.2791320607943782,-0.2741965412440444,-0.304017038391107,0.0789304671605304,exact,9
UBERON:0002453,related,,ethmoidal air cell,Mistral-Small-3.1-24B-Instruct-2503,-1,0.7304575969917763,0.4651054752171406,0.2766975319031233,0.7283810956032349,0.87681625905989,0.7792958558329476,0.6219216154468157,0.9522731610449826,0.5851054218461822,0.160500382730032,-0.0188472447910465,0.5149532140934816,0.5784627588185892,0.0346061580125186,-0.0704133891899845,0.4672721528733177,-1.3649245743602338,-1.0281714062264478,-0.7495006198967631,-1.3289191900486217,0.0195377517895851,-0.4314324770030754,-0.3997524820726145,-0.1590677820920572,-1.016289851919138,-0.8550938222813805,-0.7514351514320201,-1.049957688063998,0.8907774945946118,0.3042431874768989,0.2116944349310488,0.8958454641215338,0.816080297180454,0.4587646396492883,0.3239262452411,0.8154427976995328,-0.0034278532891397,-0.4704384448580471,-0.4153506754667264,-0.2102167351931841,exact,9
UBERON:0002453,related,,cellulae ethmoidales,Mistral-Small-3.1-24B-Instruct-2503,-1,0.2332124401575738,-0.232092658557717,-0.2777470883057232,0.0698124965464213,0.0278173128449509,-0.4341269823007797,-0.4372247716143292,-0.147998873674169,0.5159727794842071,0.1042355631800111,-0.0209820981735923,0.4302035759044832,0.249188248025351,-0.2764168955990408,-0.297466961819226,0.1036707853674108,-1.232789290506549,-0.9823990313231686,-0.7271342120310731,-1.2317408572267856,-0.1500539382301678,-0.5126283172487052,-0.4682002893440983,-0.3192617512607017,-0.6699841429815842,-0.7683128395473734,-0.665428362902393,-0.7716413828942625,-1.456139632125318,-0.9308776347489114,-0.8351627896537179,-1.3783655498623013,0.1865800042213492,-0.3513775619938489,-0.3351539126319044,0.0207173515842051,-0.0773212874593746,-0.4990548492342708,-0.433878453097012,-0.2805112636227659,exact,9
UBERON:0002453,exact,,ethmoidal sinus,Mistral-Small-3.1-24B-Instruct-2503,-1,1.197737504387281,3.466219111932771,3.9446036365215313,1.8122459782134908,1.18144427621561,2.4135351541080023,2.3302238919552765,1.619136869546867,1.1517280026268788,1.1746875818900009,0.0932614201637248,1.3598582281940936,1.3812455612894503,2.198291431563456,2.1462884219770664,1.7414060560386058,1.153986792476278,1.7720466370099797,1.3774660734844937,1.4433808605502856,1.1687977812856614,1.5920573262950737,1.4350477947157068,1.4367040116621252,1.0551903181408124,0.8798865822347609,0.7140757630555717,1.201208290522535,1.4480250319648682,3.336085405495961,3.4420040758134185,2.0711544374414728,1.3066320176319677,3.6579179546810425,3.724896903485774,1.8999128094149167,0.8473226763633672,0.3759407786966377,0.1224000253155429,0.8337615207258602,exact,9
UBERON:0002453,exact,,ethmoidal bone sinus,Mistral-Small-3.1-24B-Instruct-2503,-1,1.084231781461242,1.875139992770356,1.7309593858515435,1.430983246140255,0.8119497911426715,0.5857652622469588,0.4014816058201543,0.843664905985931,1.00196254745045,0.7604156888461124,0.0514134191216591,1.1001994819641725,1.1714480668448222,1.1833990472729023,0.9810250289850612,1.306459981158129,0.6631464256333095,0.31796965249266,0.1957651410018415,0.5950352594778902,1.067515714570526,0.997003637252716,0.7836056700114251,1.2057462452596996,0.8081386237257732,0.2372984978153111,0.13127401365828,0.7836935239691055,1.3469095061114131,1.9891313653868608,1.89898994259166,1.756140857056467,1.194584281086554,2.0115669600027366,1.841111641577096,1.5463621392135596,0.6246103498560394,-0.0046602206528822,-0.1182690866706725,0.4966753622374155,related,8
UBERON:0002416,related,,surface,Mistral-Small-3.1-24B-Instruct-2503,-1,-2.5348201766233247,-1.3039266662313942,-1.0022093573461377,-2.1649734945687413,-3.127732777270623,-1.3746661410289005,-1.070347089507392,-2.52373513675709,-1.7107335810376911,-0.8812668964836992,-0.1148773306511421,-1.6038996731689346,-1.5986065446367117,-1.022811202324682,-0.8848718092400901,-1.4650270992141932,-2.3492912744206027,-1.2942303682652496,-0.902051855517058,-1.9926967622710905,-1.7973944809095264,-0.9217031667883696,-0.7894309275085322,-1.6020063787032317,-1.450475504849198,-0.9587149938392768,-0.8310557310036293,-1.3773766737999529,-1.4670230638039867,-1.0113999377603384,-0.899899440080345,-1.3864561423331094,-1.955716643544949,-1.1265533928733709,-0.9722572911985036,-1.7448337976194763,-2.1876952898786346,-0.9813953043829512,-0.6937816516082499,-1.840121983073727,related,8
UBERON:0002416,related,,organism surface,Mistral-Small-3.1-24B-Instruct-2503,-1,-1.1395582090757772,-0.978193417143673,-0.8010657937972139,-1.1924343027739257,-2.0263796558011453,-1.1973724563061512,-0.9644398218995732,-1.8221946506572944,-0.217491558699909,-0.5430138810220372,-0.0902219941020111,-0.3502723857213284,-1.8495885913234296,-1.1243720729345643,-0.9503818588432468,-1.64628355725168,-2.1892137289516502,-1.257774132755616,-0.9025506019874904,-1.890939217179078,-1.6292053557259671,-0.8896846425049516,-0.7578959321736183,-1.4854980082363978,-0.8943382550097388,-0.8162046371264117,-0.7211846795937615,-0.9539258334935884,-1.2379118712912824,-0.9427941098319124,-0.8423383230777112,-1.213630380198043,-2.0714459986182714,-1.1451106393325017,-0.9808301549925832,-1.822656124944204,-1.19881557244606,-0.7976824686093165,-0.5976656723300785,-1.1853889430958846,related,9
UBERON:0002416,related,,integumentum commune,Mistral-Small-3.1-24B-Instruct-2503,-1,0.6063534921064909,0.2336952446805296,0.1278610056694603,0.5429090559454086,0.508611632880183,0.1027029701415184,0.0110165205903274,0.4067281680775214,-0.8882614564998129,-0.7002622200266918,-0.1010963053803144,-0.9494608365330168,-0.0731636736274844,-0.5011092831779289,-0.4874972810944267,-0.2154113647843334,-1.1064602750745038,-0.9637982689269056,-0.7263052909474185,-1.136627658919982,-0.1801623046934581,-0.5159132446502752,-0.46659586122674,-0.3468517491752759,-0.8383661342702768,-0.7725614013197221,-0.6881765775435055,-0.9091612012924004,-0.674197714353015,-0.7306177616094893,-0.6640058885327315,-0.7619128243227513,-0.9005633436914506,-0.9016041980609962,-0.4437508763497957,-0.972772054129558,0.2701838967316549,-0.2776431595384316,-0.2973759554972655,0.0691918335704658,exact,9
UBERON:0002416,related,,dermal system,Mistral-Small-3.1-24B-Instruct-2503,-1,-0.4588019712823131,-0.7092318184123038,-0.624574250438936,-0.6265362456513242,-0.5720882151850933,-0.7396764808083818,-0.6384866101770829,-0.7167369287700565,-0.8591169411328444,-0.7222143715117932,-0.0975452255120895,-0.924900731917902,-0.963014733856913,-0.8531656072417568,-0.7874851513540114,-0.9815141816645278,-1.575389379619211,-1.1029818005222836,-0.8148458449099434,-1.4792399207665132,0.2326302488112832,-0.3136840313792497,-0.3128955521079835,0.055812943817767,0.7239996138138822,0.2754067637338022,0.2039266963189841,0.6627677812859986,0.258101539271735,-0.3932895028523281,-0.3716972428217615,0.1136475787374232,-0.25414976670287,-0.6227861311143195,-0.5521255169249057,-0.4182139459108744,0.5615412993743892,-0.0687904775975477,-0.1691332595704711,0.413068878311164,related,8
UBERON:0002416,exact,,integumentary system,Mistral-Small-3.1-24B-Instruct-2503,-1,1.0266421873369815,1.5118068358955798,1.3769572866297333,1.286372752952318,0.8905209127310191,0.8490580693282171,0.6449575267406854,0.9761710587242748,0.8114646600231715,0.2308265815880779,-0.0107451204372789,0.8138823190519766,1.3200279706634763,1.5812430945978284,1.372553106160598,1.5987617498690234,0.9081160668270634,0.7989467944316653,0.5213148212968599,0.9650607951301364,1.1530246314534671,1.469493063442935,1.320208919005667,1.3969751165517137,1.3136087439236317,3.915392518776211,4.084811873874113,1.904214486504442,1.003036465852847,0.5411048505608959,0.4606651432021195,1.0685284252980656,1.1121281789769206,1.5279987247422824,1.289295409419715,1.3498114835615784,1.1160777214560522,1.75392432289707,1.3785751522421912,1.4359267283055392,exact,9
UBERON:0002400,related,,pleura parietalis,Mistral-Small-3.1-24B-Instruct-2503,-1,0.8438944902265295,0.7831449783756707,0.5638190059376188,0.9174795320378272,0.8981420296353968,0.8348112871384882,0.6581445940653895,0.9896181493699926,-1.24867953863221,-0.7525574250490275,-0.1052825103254311,-1.244648972384914,0.8927515002669492,0.4929011973593467,0.3753339415734194,0.8695412044925648,0.832463868300227,0.5969526708737379,0.3631700904757383,0.8428336767690179,1.2429903426193136,2.4129144009168413,2.341192773001286,1.6545507504481394,1.2633081646622464,2.69190479619394,2.637265810214113,1.7130548551270322,0.8014451847615008,0.1032141212870847,0.022364508662153,0.7684232576328774,1.067859396969005,1.2577490315458586,1.1108450002128205,1.256265611615036,0.8699616707652968,0.4173225278702825,0.1334652556811791,0.8730756356106079,exact,9
UBERON:0002386,related,,antebrachium,Mistral-Small-3.1-24B-Instruct-2503,-1,-1.2132560367092065,-0.9595160375616246,-0.7925105850617393,-1.2490852985659928,-0.809841591577179,-0.8346564341379468,-0.7201031209767547,-0.91842973563742,-0.8986567146516067,-0.7612127040579681,-0.1014686536034751,-0.9581938556760548,-1.3535060161802088,-0.950486433917752,-0.8381759064435989,-1.2831636319289792,-1.4561221003992684,-1.0790771549594145,-0.7952297888145774,-1.3947020553005731,-1.7214878849455255,-0.8787453156160684,-0.7528504458449544,-1.549696236681683,-1.0724332197772768,-0.8688855909137382,-0.7524648739788038,-1.0935151015714897,-1.017952477691057,-0.7983052247076133,-0.7200711409413096,-1.042290323362792,-1.6267715342888092,-1.015758291199109,-0.8939109337546177,-1.5171979074554331,-1.8117444282686737,-0.9334670306452366,-0.668352215606165,-1.6015056822329836,exact,9
UBERON:0002386,exact,,zeugopod of proximal segment of free upper limb,Mistral-Small-3.1-24B-Instruct-2503,-1,0.31163101126406,-0.1399875016885444,-0.2047637913961102,0.1613049290666465,0.1525826223458538,-0.2713414906536487,-0.3034990063621926,-0.0150829298179248,-0.836162397707435,-0.6822299773095342,-0.0917729900334766,-0.9054769581466968,-0.6333544288868862,-0.6090835925651215,-0.5817624178841713,-0.71276690935233,-0.6048479513718872,-0.7682434077770561,-0.6090313856999121,-0.7340429333672392,0.071632691158207,-0.3534938970781213,-0.3572081608358488,-0.1080622988256364,-0.2624665592042976,-0.4671715935619514,-0.4362443779779089,-0.4176609116025017,-0.291906668566258,-0.4597797586337713,-0.4783345593244588,-0.4274750717602802,0.3365591347649865,-0.2993972911228756,-0.3918441978627062,0.1870168147079074,-0.8183950149067232,-0.7451939763948068,-0.5722452553182142,-0.9046471102985614,related,8
UBERON:0002386,exact,,zeugopod of brachial region,Mistral-Small-3.1-24B-Instruct-2503,-1,0.5673354001401536,0.1980650435927044,0.1044646884211562,0.488196826127335,0.4639309518808772,0.0541403363350642,-0.0482355972272573,0.349526402551747,0.7634231039776138,0.197448691819034,-0.0116572581154983,0.7472776694980613,-0.1754200174223669,-0.3544730206624519,-0.3700060651260263,-0.3109019785259003,0.4426335563026444,-0.0340655990823635,-0.1330172392043934,0.3106586934967398,-0.3808587602737973,-0.564431932526608,-0.5199986565433232,-0.5250807709022907,-0.2532163606771141,-0.4842802300844675,-0.4500954481913571,-0.4092143561640265,0.6949979112799427,0.1787425572021844,0.0849437981060549,0.6257951691510952,0.5357339822474815,-0.1293357830988938,-0.2885711733814582,0.4265078900272913,-0.7343609129456666,-0.7109653525490155,-0.5577742985748251,-0.8396666511916145,exact,9
UBERON:0002386,exact,,regio antebrachialis,Mistral-Small-3.1-24B-Instruct-2503,-1,-1.0663248080461774,-0.899468854093194,-0.7478974607652173,-1.1353731440131822,-0.1673481999573765,-0.5040602854538497,-0.4756806993627917,-0.344387889744863,0.4854362516506494,-0.0606554308092968,-0.0387122859070161,0.3935828225849476,-1.7451743393358723,-1.0597137024047896,-0.9269618463303284,-1.571441201055578,-0.7823291759878017,-0.8476362544172334,-0.6562336005865438,-0.8814955604102551,-1.9176071797107868,-0.915727047223666,-0.7699877934641596,-1.6839879059371294,-1.2759967084043815,-0.881903051425975,-0.762853522229364,-1.2482879487632343,-0.8364677843412566,-0.7025749571247024,-0.6412205065264702,-0.896357622773489,-1.419981098033923,-0.9749388719223828,-0.8903483753841184,-1.3686383935923547,-1.26912220721603,-0.8160029617104575,-0.6097964430626229,-1.235161710619426,related,8
UBERON:0002386,exact,,middle limb segment of proximal segment of free upper limb,Mistral-Small-3.1-24B-Instruct-2503,-1,-0.5533871768481504,-0.7642694176900754,-0.6647607404023564,-0.7105810853951551,-1.4438798455512851,-1.069626418713464,-0.8818616912765883,-1.4115730578851846,0.005531005967175,-0.3609140992761545,-0.0669201813149339,-0.131012299410432,-1.5739218605416103,-1.0467458174568345,-0.8879471148847164,-1.4469404283594902,-1.103919087257664,-0.9645404241137068,-0.7446865761322743,-1.1346911407378122,-1.4970455655346293,-0.8441374586078799,-0.7331089278390596,-1.392329554172208,-2.4958239802962554,-1.07260202772275,-0.9064759675141856,-2.0990038589160345,-1.202436126348038,-0.7762042189123265,-0.7089838992895473,-1.1863746762128633,-2.0609873424894736,-1.0691659716400692,-0.9248945296424314,-1.8156682401310416,-1.64807471062017,-0.9146194742345634,-0.6609676217265053,-1.4940265944329958,exact,8
UBERON:0002386,exact,,middle limb segment of forelimb,Mistral-Small-3.1-24B-Instruct-2503,-1,0.136875901335679,-0.3449131568182732,-0.3756413293630747,-0.0381502512874465,-0.5721876143051015,-0.765184579492868,-0.6636856134510435,-0.7168235922630091,0.2840227851274721,-0.1876601146066499,-0.0482363657552959,0.1628848242806402,-0.5773884717311472,-0.6960373127889945,-0.6422069623305928,-0.6656111673797089,-1.3568126533870908,-1.0500042712456492,-0.7985189268848122,-1.3230180903965376,-0.780054649455438,-0.6978333710082586,-0.6202442540601603,-0.8554513397746082,-1.3077328768075138,-0.9083343107114734,-0.7669583380727104,-1.2720005047029608,-0.1774361143932581,-0.5757845951833281,-0.5458106967423606,-0.3215744556867402,-1.5726646097214594,-0.998077230488256,-0.9073797046248264,-1.47876222769865,-0.4371782508539915,-0.6295929213423173,-0.5051904691977349,-0.5993236385401896,exact,9
UBERON:0002386,exact,,middle limb segment of brachial region,Mistral-Small-3.1-24B-Instruct-2503,-1,-0.583989274743596,-0.7472111612931344,-0.6455329589396192,-0.7373411162630017,-1.157613486150203,-0.9789488122770854,-0.820885108214953,-1.1959487734751026,0.2556930030731299,-0.2374936932438953,-0.0563581585135445,0.1317815083249658,-1.310459249371391,-0.8887496955922393,-0.7777610980390468,-1.2506714982439255,-1.4223389963784585,-1.0626373787216932,-0.8011310303878048,-1.3704519864209563,-2.0856557821972275,-0.9403364152645836,-0.7891767750796632,-1.7969505183877093,-2.5379481212376835,-1.123664617106758,-0.9312324741425492,-2.126637952367759,-0.8073071472083263,-0.6639858572279638,-0.6104930278735216,-0.8724866150488035,-2.016187406585201,-1.0713004341983043,-0.977300878382942,-1.7856351400228587,-1.6920544132362767,-0.9076198804628584,-0.6591337834496078,-1.5231423233512864,exact,8
UBERON:0002386,exact,,middle limb segment of arm,Mistral-Small-3.1-24B-Instruct-2503,-1,-0.5325999148303403,-0.7353970693556424,-0.6548384730243532,-0.6922858006804962,-1.5006025746284577,-1.0899072073769658,-0.8857385626620982,-1.4531101383780385,0.2715843436234192,-0.2048685338306626,-0.0538096080446859,0.1491914044877675,-1.2553713630384065,-0.8889071498831634,-0.7789682454468908,-1.208832641307911,-1.0080497516437932,-0.9406695369860264,-0.7326730139467341,-1.060932860492411,-2.1047282680479675,-0.946773813416323,-0.8015985451007411,-1.8096576231151893,-2.439467980599093,-1.1202325819145216,-0.9372655909727248,-2.061890365500953,-0.8578719969753332,-0.6810539031438985,-0.6186216139531728,-0.9138019587999668,-2.0207633367205693,-1.0760812515835323,-0.989047458774871,-1.7887102829530346,-1.4572447014405292,-0.8647760753986663,-0.6382617929271849,-1.3655459416059337,related,8
UBERON:0002386,exact,,brachial region zeugopod,Mistral-Small-3.1-24B-Instruct-2503,-1,0.762495384912533,0.5831985997089884,0.4412500063907605,0.779601845616967,0.5394905907552268,0.1446818122369199,0.0498381043998476,0.4471413349113989,0.9111750094650204,0.3357564026419573,0.0108929876151658,0.9588225121602372,0.2135518419753596,-0.1107236281011388,-0.1567370348893866,0.0668555331712525,0.790004855193863,0.4975258936091049,0.2702811461737339,0.7776692694920935,-0.0191347029454635,-0.4076536967254851,-0.4022052325064269,-0.1963572371763814,-0.0731630627881381,-0.3843545319766276,-0.3624130119489241,-0.2404112004770215,0.9037302836348524,0.4669352791499365,0.3579419647496676,0.9149983282129408,0.6711853745922514,0.0269430672042881,-0.1084794820970186,0.6051438841226475,-0.2166491711115204,-0.5361710056854027,-0.4627819154247867,-0.4082134893709391,exact,9
UBERON:0002386,exact,,brachial region middle limb segment,Mistral-Small-3.1-24B-Instruct-2503,-1,-0.6664743596312177,-0.782081090765554,-0.6641567651556332,-0.808479123178128,-0.9244759563934974,-0.9104622901094828,-0.7669021531537045,-1.0120147103820656,0.19101580122144,-0.32134370160658,-0.0626675316031886,0.0618695727073806,-1.2282916424827317,-0.9078737114664296,-0.7947559596164956,-1.1881567715687509,-1.967125582479424,-1.208184170580269,-0.8990439325366075,-1.7461461793008195,-2.1245855132640776,-0.946325116825008,-0.8009379546367433,-1.822864031711741,-2.6491001409271107,-1.1286717362901446,-0.93762480000625,-2.1991333429777145,-0.5092126514163718,-0.7065619279347619,-0.6388107727494525,-0.6208880128203891,-2.278425877379933,-1.112566284226358,-1.0121957417625478,-1.9591983598518008,-1.5253299045577675,-0.8700168622652019,-0.6374490945508514,-1.4117997063463088,related,8
UBERON:0002386,exact,,arm zeugopod,Mistral-Small-3.1-24B-Instruct-2503,-1,0.6815238579837986,0.3937382668258265,0.2272537267614106,0.6529688810709046,0.7117671265087936,0.4657772273686354,0.3094354722557749,0.6882058133546948,0.5252315674082325,-0.0140409796091572,-0.0047613380726403,0.4414027062516655,0.5679955320984559,0.2502635016167497,0.1742973108670003,0.4549536375163102,0.7965523033954144,0.5027645606668666,0.2092192904525076,0.7875719870760977,0.1062043170893847,-0.3366429117931977,-0.3510079805742747,-0.073697773818392,0.4708780245042256,-0.0141638627224335,-0.0169235215053428,0.3379447557678579,0.7782374934632295,0.2335350446441318,0.1238718256899575,0.7365386712956001,0.9176071832646564,0.4702873178065546,0.2829032801851445,0.9787433268767728,-0.0117640271218654,-0.4397268425714599,-0.3978030556558595,-0.2182434524407223,exact,9
UBERON:0002386,exact,,arm middle limb segment,Mistral-Small-3.1-24B-Instruct-2503,-1,-0.6078571868835143,-0.7652326472584612,-0.6610168821558388,-0.7580720382669042,-1.2385771756193726,-1.0214563867636692,-0.8385387526432562,-1.2580019278734058,0.3819631966832708,-0.14025579056829,-0.0456654300969615,0.2728541546904957,-1.0130479792876403,-0.7926868578956294,-0.7081709956728917,-1.0210886218804345,-1.201858540157702,-1.0115064953438786,-0.772531491033419,-1.2086586161356003,-2.098917207663738,-0.9449974809732952,-0.8024859009461464,-1.8057883450277872,-2.4650135656620646,-1.1196110972802933,-0.9406948067417416,-2.0787340975093107,-0.483587614461432,-0.7200802514589091,-0.6683446600039684,-0.5985566858514674,-2.1301410062365185,-1.099576874766857,-1.0027768012066107,-1.861711314510265,-1.3570480716683535,-0.8368380251547255,-0.623877512093781,-1.296590657774409,exact,9
UBERON:0002386,exact,,antebrachium,Mistral-Small-3.1-24B-Instruct-2503,-1,-1.2132560367092065,-0.9595160375616246,-0.7925105850617393,-1.2490852985659928,-0.809841591577179,-0.8346564341379468,-0.7201031209767547,-0.91842973563742,-0.8986567146516067,-0.7612127040579681,-0.1014686536034751,-0.9581938556760548,-1.3535060161802088,-0.950486433917752,-0.8381759064435989,-1.2831636319289792,-1.4561221003992684,-1.0790771549594145,-0.7952297888145774,-1.3947020553005731,-1.7214878849455255,-0.8787453156160684,-0.7528504458449544,-1.549696236681683,-1.0724332197772768,-0.8688855909137382,-0.7524648739788038,-1.0935151015714897,-1.017952477691057,-0.7983052247076133,-0.7200711409413096,-1.042290323362792,-1.6267715342888092,-1.015758291199109,-0.8939109337546177,-1.5171979074554331,-1.8117444282686737,-0.9334670306452366,-0.668352215606165,-1.6015056822329836,exact,8
UBERON:0002382,exact,,rectus abdominis,Mistral-Small-3.1-24B-Instruct-2503,-1,1.128302946117149,2.2930708209117703,2.143217160746976,1.5582088041903983,1.0377861449125254,1.3955302227907906,1.1765705934530637,1.2605858412476485,0.6859372322577961,0.301348037822956,0.0323665460257662,0.6436563119727003,1.2455062146097091,1.376807800792011,1.2821962731236325,1.444586610133729,1.058543149039208,1.3109947354756375,0.9474938473451452,1.2386280639452378,1.157497778851328,1.489184390454149,1.3207619383626683,1.408067458385459,0.8771385728841785,0.3721549161513894,0.2604023806079601,0.8894515632611584,0.8665747131715977,0.3143486859392234,0.1999028766133255,0.8605397729255038,1.045406528090448,1.1566743520527665,1.1041242016679351,1.211249584000781,1.1298578218709665,1.893748043976765,1.5318908779591012,1.482572436502712,exact,9
UBERON:0002382,exact,,musculus rectus abdominis,Mistral-Small-3.1-24B-Instruct-2503,-1,0.8333183562483053,0.7042610583527646,0.4723789425644874,0.8988648004853046,0.9375778539430204,0.9718464470713596,0.7805350609039345,1.0611325877936972,0.7595884309842232,0.351680899182194,0.0043655588674522,0.7420427583996092,0.743118239099356,0.1285898074118287,0.0982019657793767,0.6693927357223343,1.0095150789913532,1.1370306891765187,0.8080156467925024,1.1440848830283057,1.2375957162089537,2.3246072870696244,2.230826961079816,1.6363639228775215,1.2773141403138213,2.7520056601646625,2.646927576358812,1.7609143756754904,1.001924076302791,0.6353326964714147,0.4946672971402648,1.066736563961081,0.993156140089502,1.0831020387275263,1.0140066886840915,1.1117856448083956,1.1082038943738135,1.6610187686808986,1.2531302128590516,1.410712304136925,exact,9
UBERON:0002382,exact,,m. rectus abdominis,Mistral-Small-3.1-24B-Instruct-2503,-1,0.9346280140779728,1.0374237634653127,0.8193993783220281,1.0877773567069535,0.900328810275577,0.851129040092329,0.6559193704607463,0.993497970368251,0.8435733114193547,0.4287897000002856,0.0117361889486785,0.8595125414444488,0.9042729034319382,0.4464413913921383,0.3502462987162528,0.88574746753842,0.4538484923310443,0.0341106109659148,-0.0940975698871933,0.3243000485875335,0.9910759309979724,0.7012971988109478,0.5363218751939566,1.058716933555014,0.9352989871615872,0.567366137303943,0.4379191276730744,0.9842300570556768,-0.0832363671572434,-0.3897130919316705,-0.3919744020090637,-0.2320724639876557,0.867949655535696,0.7124491164313848,0.715055486570664,0.8969302049556179,0.9583658783400552,0.7408300228656318,0.4053979945653344,1.0402918385522404,exact,9
UBERON:0002369,related,,suprarenal gland,Mistral-Small-3.1-24B-Instruct-2503,-1,0.7246939794083238,0.4278130275156525,0.2355364210584541,0.7193278563487583,1.014147791685578,1.2867168628167152,1.0672036433563608,1.210846799860809,-0.6656460660626573,-0.6162185972558157,-0.0860757127982136,-0.7588583072979902,1.101430519237257,1.072805308761104,0.9519103765494652,1.186218950474001,0.1536123378690139,-0.2873475671016528,-0.2775144381186011,-0.0174751783972146,0.1499933952805475,-0.3639496949609631,-0.3663098102466705,-0.0295468666159906,1.1073558600708335,1.0113758141114602,0.9001945076200432,1.30803174297058,0.8258542176740243,0.1041199415134167,0.0350034695405582,0.8024756060390505,0.2864247838208583,-0.2173387451089878,-0.2439598320238541,0.130243522928924,0.0164540890058103,-0.4795365768486352,-0.4297501397060221,-0.1909697848209843,exact,9
UBERON:0002369,related,,suprarenal capsule,Mistral-Small-3.1-24B-Instruct-2503,-1,-0.2281091798205383,-0.5865014845044818,-0.5453047725431328,-0.4121174484585821,0.4124010502685073,-0.0357117753503397,-0.1254149722017694,0.2852917230508749,0.0602963247453227,-0.2260584205223585,-0.0506503241370328,-0.0751547722710337,-0.3046143781793266,-0.5734689615429616,-0.5361032845646485,-0.4282592726563448,-0.7905426580386588,-0.8378113779798231,-0.6758453570357755,-0.888176993561705,-1.099246536614198,-0.7918255093920678,-0.6927635054423484,-1.1018498988884888,-1.1879341008186208,-0.924511306925792,-0.7799180077404195,-1.1819159213367565,-0.0247083526542678,-0.5776631307511634,-0.5460743531826187,-0.1752992310256121,-1.290165084107698,-0.9170152348077611,-0.8004884367605279,-1.2729503439715475,-1.173610450376526,-0.855917072719112,-0.6240196213441352,-1.167397989374355,related,8
UBERON:0002369,related,,glandula suprarenalis,Mistral-Small-3.1-24B-Instruct-2503,-1,-0.0262796674874762,-0.4632661467227753,-0.4362763933034008,-0.2114543939801881,0.4963971894535517,0.0569835447800906,-0.0517288354811441,0.3909450193772751,-1.3187927858503834,-0.7360528504111653,-0.0998720829070485,-1.3004199539134864,-0.101574425047876,-0.4460217040132713,-0.4264158850184431,-0.242187788276061,-1.0158634720057766,-0.9273692289977176,-0.7050416297653231,-1.066996510875026,-0.402322413805548,-0.6128892314577904,-0.5562013333282619,-0.543604264722312,0.7547841375146541,0.1179240766208177,0.0415721256506369,0.706093624185281,-0.3376158108728925,-0.6984022397886269,-0.6426323181951185,-0.4689500420385667,-0.1551442531522474,-0.5115503253833238,-0.4325865844949479,-0.3249509099215209,-0.1685140238730094,-0.5593437852812136,-0.4737638747783082,-0.3647647974081616,related,9
UBERON:0002369,related,,epinephros,Mistral-Small-3.1-24B-Instruct-2503,-1,-0.7313863205092683,-0.8236090332321874,-0.6937160434446379,-0.8634932027255298,-0.845457538765113,-0.8800030727960991,-0.7411389307231901,-0.9477440799289067,0.0646028272338856,-0.3342568739555767,-0.0682639300945835,-0.0707253417959829,-2.4618034046392165,-1.419656435624075,-1.1582500166394476,-2.071362647077344,-1.188130507674383,-0.9926914328784816,-0.7412925988388916,-1.198371971534352,-0.941150325798248,-0.752963937577842,-0.6585674288098609,-0.9814977102702296,-1.915252009143431,-1.087442636375018,-0.9239838933434548,-1.7078021831020378,-0.7815569908663854,-0.8209036879217035,-0.7427065571654891,-0.8513047281520559,-2.506127191995959,-1.1742438872615588,-0.9930130536306192,-2.105813726051879,-1.080203506478136,-0.8125137725804783,-0.6012842088155452,-1.100018084209822,related,9
UBERON:0002369,related,,epinephric gland,Mistral-Small-3.1-24B-Instruct-2503,-1,0.0284302035932786,-0.4215695035951996,-0.4125642548231518,-0.1545621287088295,0.1329373181429855,-0.333968858364059,-0.3386484434928926,-0.0364398149038696,-0.8000793717626024,-0.7493471875205102,-0.098277959702219,-0.8747985563857853,-0.4502750241506879,-0.6685392495253578,-0.5989185083686774,-0.5566334292061704,-0.8183336584743526,-0.8457328753342425,-0.6542067428369032,-0.910695353343048,-1.0375724749315722,-0.7768429589201301,-0.6866889118524251,-1.0552693647909768,0.0239271220705266,-0.5868860635061232,-0.5242454948104467,-0.1455485571095638,-0.4649115909611046,-0.7393390379725218,-0.6811803292976075,-0.5822047076333361,-2.063966236548852,-1.1208508641707733,-0.8757582019553383,-1.817659465244391,-0.2599683783697882,-0.6044474645635757,-0.4965555760278187,-0.4467504112584816,related,8
UBERON:0002369,related,,atrabiliary capsule,Mistral-Small-3.1-24B-Instruct-2503,-1,-1.2615800419873062,-0.9916575498837188,-0.7951547303975632,-1.285828737930478,-0.3623382111884394,-0.6451283661989168,-0.5569600330612368,-0.5289380755459699,0.0230879893030318,-0.3831412684932745,-0.0737726511207324,-0.1131989108419919,-1.4878393847188505,-1.0040486085449711,-0.8826610901221644,-1.3834763033823885,-1.456372761782562,-1.0720886787446071,-0.8091218616371322,-1.394881471637812,-2.5237654296357617,-1.00292226817651,-0.8482299856437523,-2.083679590317801,-3.225235384646888,-1.1985531654154438,-1.001269151343296,-2.566339844622007,-0.9319974138117628,-0.8482378539589772,-0.7616869816617664,-0.9737227725622184,-3.449252056993414,-1.3152291819201118,-1.0292756558090137,-2.679990264919625,-2.0322693799151583,-0.976116501854102,-0.6952189845465665,-1.7427722180884837,related,9
UBERON:0002369,related,,adrenal capsule,Mistral-Small-3.1-24B-Instruct-2503,-1,0.855755445108761,0.7485642226943948,0.5694114111584765,0.9386321379405892,0.7849753549504493,0.5564767652018267,0.4248092227322528,0.8004660594243183,0.7225625157545845,0.2749078344339852,-0.0051098230634526,0.6920818938658083,0.5221716205839009,0.0429035884147222,-0.0435991676296479,0.4016889955983424,0.1132817856466525,-0.3384423232312446,-0.3538847694459521,-0.0601862942029711,-0.5209733901285466,-0.6437853333881667,-0.5727009447639179,-0.644322849640862,-1.008144197307419,-0.8790928456369308,-0.7609962349035821,-1.043604815471213,0.7911145266246218,0.0194609874562295,-0.0417286345070931,0.7541723696515398,-1.117269129263249,-0.9354099653008552,-0.6491333762962772,-1.1422981104873258,0.0353163915920964,-0.4843448417622652,-0.4209843888539668,-0.1725729137388609,related,9
UBERON:0002369,related,,adrenal,Mistral-Small-3.1-24B-Instruct-2503,-1,0.7254059148010205,0.4215369531151128,0.2442722417341056,0.7204435626917034,0.7193214596294158,0.4182670314715441,0.2774249767403019,0.6994795629794177,-0.6729455685381329,-0.5996007064603679,-0.0794225893072111,-0.7652229336495953,0.7212586168211216,0.2676504589420815,0.1804472248325044,0.6415773918301818,-1.5790369349209337,-1.130065279072128,-0.8090301642303909,-1.4817996724045186,0.756846082133638,0.2042945605851871,0.1033194402513311,0.6864690263563237,-0.1279548016024361,-0.5915997268416378,-0.5532865136950232,-0.2927055800170377,-1.339401289062924,-0.9281942759652094,-0.8194858448554163,-1.290851730267983,0.8428202857312186,0.3590917342259994,0.762045520189921,0.8569806453617606,0.9001344403425773,0.5233367718456319,0.2178936561010684,0.9274903856809807,exact,9
UBERON:0002369,exact,,glandula suprarenalis,Mistral-Small-3.1-24B-Instruct-2503,-1,-0.0262796674874762,-0.4632661467227753,-0.4362763933034008,-0.2114543939801881,0.4963971894535517,0.0569835447800906,-0.0517288354811441,0.3909450193772751,-1.3187927858503834,-0.7360528504111653,-0.0998720829070485,-1.3004199539134864,-0.101574425047876,-0.4460217040132713,-0.4264158850184431,-0.242187788276061,-1.0158634720057766,-0.9273692289977176,-0.7050416297653231,-1.066996510875026,-0.402322413805548,-0.6128892314577904,-0.5562013333282619,-0.543604264722312,0.7547841375146541,0.1179240766208177,0.0415721256506369,0.706093624185281,-0.3376158108728925,-0.6984022397886269,-0.6426323181951185,-0.4689500420385667,-0.1551442531522474,-0.5115503253833238,-0.4325865844949479,-0.3249509099215209,-0.1685140238730094,-0.5593437852812136,-0.4737638747783082,-0.3647647974081616,related,9
UBERON:0002369,exact,,glandula adrenalis,Mistral-Small-3.1-24B-Instruct-2503,-1,0.3274110870531578,-0.1726481900218519,-0.2160478725410787,0.1801465251564857,0.6948234593255228,0.3653987493344299,0.2035005895117156,0.6631605657670888,0.2825314806464015,-0.1225189367693225,-0.0389376995974346,0.1612399453615364,0.3461470889786603,-0.1496597922227896,-0.2006072171564284,0.2060997062192386,0.1095045779052955,-0.3430030515906501,-0.344366605330828,-0.0641530107427343,0.9155302444779924,0.5137567841442755,0.3792505284195268,0.9281951045051366,0.8825923858827948,0.3510908019425083,0.2627265006914634,0.898103367810618,0.2685656255049081,-0.4214140622275727,-0.4064592027604703,0.1248667587601691,0.7993793317340441,0.4452798066743329,0.5023319173421325,0.7899774632289158,0.7751676866154446,0.2563995762172069,0.0180509711638046,0.7157665560403842,exact,9
UBERON:0002352,related,,nodus atrioventricularis,Mistral-Small-3.1-24B-Instruct-2503,-1,0.6929523677349194,0.2947620294510347,0.130011310698463,0.6702954688636431,0.7775351755067115,0.5315902259765242,0.382160695015473,0.7887350330663152,-0.6603485676931249,-0.6633493198863339,-0.0921390589101989,-0.7542341215513723,0.2037816658803795,-0.3678322947913745,-0.365672738628287,0.0568359658425173,-1.3289265744956649,-1.0352276791755035,-0.7871747294647794,-1.302668593596035,0.6859834713709488,0.1155011627123231,0.0210143050413274,0.5888674064946731,1.15632968189371,1.6637655273703225,1.4428662428008328,1.4181253362238442,-1.0786182742203705,-0.8363580686551257,-0.7455581035274593,-1.0901204142102543,0.1404446773636525,-0.3330097326892669,-0.2881415874165075,-0.028431882553591,-0.198667184994354,-0.5785276992810514,-0.4793062713204132,-0.3920612619159602,exact,9
UBERON:0002352,related,,downstream pacemaker,Mistral-Small-3.1-24B-Instruct-2503,-1,-0.9881328882463504,-0.9485857413477824,-0.8018834398334357,-1.073560722635742,-1.0466110719923087,-0.9508226319823364,-0.8057586702476227,-1.109386103430233,-1.1988218623682851,-0.7595607842756,-0.1079744015316701,-1.2046851563431316,-1.5820739126530532,-1.119820162130465,-0.9661894428896146,-1.4529189234484243,-1.265204561289213,-1.035624466922485,-0.7831461043031162,-1.2557922424245282,-1.579504436325848,-0.8694026177890045,-0.7510855534987437,-1.450635449012884,-2.8527508840384934,-1.0868906548446324,-0.9307162961537138,-2.330473657863167,-1.1565969771783475,-0.8696073378670562,-0.7584452620436288,-1.150947517000382,-1.8237088155591965,-1.13657925029074,-0.9351091701487932,-1.6546738137156234,-1.043125464339448,-0.8252678046017007,-0.6062482642189948,-1.0729510243806573,related,9
UBERON:0002352,related,,atriovetricular node,Mistral-Small-3.1-24B-Instruct-2503,-1,1.0816989878717949,1.769005308506063,1.6002256364998766,1.4241746519845169,1.181997183820655,2.444626623924755,2.350520480277118,1.620789423199175,0.1687139680927778,-0.2981251679627375,-0.063350252694845,0.038100781221654,1.2529243567797452,1.4185511342028625,1.2352564387956686,1.4591698815841805,0.2901838960321988,-0.1739221206350774,-0.2543922414406947,0.1323793266339722,0.2732278074511073,-0.2756849069309771,-0.2981368004747622,0.0988025724915648,1.2405428988903608,2.4578745119255667,2.3059200984085333,1.641284312937065,1.061853330190657,0.7026907178938695,0.6297898773014367,1.1659604166027515,0.1251727518079786,-0.3515404972224267,-0.3506543178444821,-0.0445118002579357,-0.0373169412782611,-0.5095523269785566,-0.43957099501966,-0.2426922675988838,related,9
UBERON:0002352,related,,atrio-ventricular node,Mistral-Small-3.1-24B-Instruct-2503,-1,1.0956839296921983,1.8681959125067529,1.6805993338567788,1.4623839824591278,0.8983819853235416,0.8565303162749205,0.6668767521059632,0.9900434132598894,-1.1349759424983017,-0.7360792429667888,-0.1037262682166425,-1.1531235181498292,1.0901925232594631,0.7853621937873705,0.5980801677471416,1.16770164776222,0.2252128976572664,-0.2340244579088837,-0.2196452994592503,0.060036851147116,0.9034795199756964,0.4999103829985419,0.3705977875925307,0.9084524642228096,1.3149163379940985,4.012403709103797,4.352554179614473,1.9100919573082744,-0.5988127949372819,-0.6286496340856782,-0.5603849743286617,-0.6980499536434008,0.5510495153235832,0.0690097118538718,-0.0478172831121816,0.4459842002565076,0.2889264845343328,-0.3232796056900437,-0.3395118076248204,0.0896405438361422,exact,9
UBERON:0002352,related,,A-V node,Mistral-Small-3.1-24B-Instruct-2503,-1,-1.506186859829978,-1.101061415609339,-0.8777612513465777,-1.4672799085842008,-1.0906324572659352,-0.9654302774065104,-0.778817366860398,-1.1439274593247497,-0.4564147003837458,-0.6495503420468293,-0.0929716944837957,-0.5727273097188181,-0.99383772275213,-0.950446798215158,-0.8339513825754279,-1.0059287598833515,-1.085372305767923,-0.9677991738867368,-0.7084274127232454,-1.1205289248966044,-0.0573264521618166,-0.4600188582309076,-0.444885278718804,-0.2327269307676117,0.3775964571111764,-0.1266341871135448,-0.1766057508170454,0.2292920896435132,-2.491183407372564,-1.0439516573885097,-0.897707140354643,-2.105343730508971,0.1875829771911853,-0.2937094239793811,-0.3703077108352681,0.0217956599633078,-0.387271118413278,-0.6260534520012886,-0.4962991368609263,-0.5571327915531415,exact,9
UBERON:0002352,exact,,nodus atrioventricularis,Mistral-Small-3.1-24B-Instruct-2503,-1,0.6929523677349194,0.2947620294510347,0.130011310698463,0.6702954688636431,0.7775351755067115,0.5315902259765242,0.382160695015473,0.7887350330663152,-0.6603485676931249,-0.6633493198863339,-0.0921390589101989,-0.7542341215513723,0.2037816658803795,-0.3678322947913745,-0.365672738628287,0.0568359658425173,-1.3289265744956649,-1.0352276791755035,-0.7871747294647794,-1.302668593596035,0.6859834713709488,0.1155011627123231,0.0210143050413274,0.5888674064946731,1.15632968189371,1.6637655273703225,1.4428662428008328,1.4181253362238442,-1.0786182742203705,-0.8363580686551257,-0.7455581035274593,-1.0901204142102543,0.1404446773636525,-0.3330097326892669,-0.2881415874165075,-0.028431882553591,-0.198667184994354,-0.5785276992810514,-0.4793062713204132,-0.3920612619159602,exact,9
UBERON:0002352,exact,,node of Tawara,Mistral-Small-3.1-24B-Instruct-2503,-1,-2.046857989870456,-1.2110491911732133,-0.9437335556384032,-1.8454090444182607,-1.4922639203265209,-1.0536196768277155,-0.8637735071166074,-1.447026952719666,-0.771562551262376,-0.6851420810639783,-0.0965950031634444,-0.8504245152562274,-1.0412637858798457,-0.9064424753610336,-0.8209365836737492,-1.043278121411262,-1.2561591427507002,-1.0246145989932107,-0.7575803892031362,-1.249094879839587,-0.0945659176607542,-0.4747817384724298,-0.4296801766394781,-0.2677720069671354,-0.222880749066016,-0.4579972502224973,-0.4619706605975106,-0.3813673058846968,-2.575553951514915,-1.0078903810190103,-0.8688078057802727,-2.1614839372455794,-1.2542896774660306,-0.9677064441780884,-0.827429495143802,-1.2461518888493612,-1.747385863803243,-0.9086516603906044,-0.6640342772238887,-1.5595248345564272,exact,9
UBERON:0002352,exact,,atrioventricular nodal muscle tissue,Mistral-Small-3.1-24B-Instruct-2503,-1,0.7864223932520404,0.5048905999449884,0.3757295978911328,0.818909925740856,0.6334841070573447,0.2598584546910932,0.1363212729406609,0.5750969288527712,-0.7691094997108032,-0.6682913536388446,-0.0921719495222963,-0.8483224410909783,0.4754000150936675,-0.1755223995362216,-0.2197682294044825,0.3483829242853795,0.3376971934103215,-0.1271014745803462,-0.2372928344773897,0.1865923406126903,0.6475517497002469,0.0728243370116191,0.0034876982102632,0.538031500267054,-0.6269183467530521,-0.5995745535161773,-0.5447018812010256,-0.7357311881265007,0.1941112815299953,-0.3465130324392402,-0.3600613027489285,0.0459284477432037,0.1227014206912831,-0.391782177164554,-0.4402371756310139,-0.0471052434296003,0.438187599153979,-0.2047071896207572,-0.2569066087935896,0.2600484149411485,related,8
UBERON:0002352,exact,,Aschoff-Tawara node,Mistral-Small-3.1-24B-Instruct-2503,-1,-2.2280128705896307,-1.236171657634009,-0.9832231269211024,-1.966170244630917,-0.8426433011798812,-0.8519688866434477,-0.728145166149,-0.9454357394560744,-0.7564112825874671,-0.6993760797581556,-0.1012044747948282,-0.8374272608400165,-1.4805338682373677,-1.0447543149921468,-0.9210300275075732,-1.3780616922631352,-1.846079903962492,-1.180931759533726,-0.8535552552269646,-1.6653245216008936,-0.9226366981434913,-0.7390162821564967,-0.6523124739909393,-0.9671950194790304,-0.4597660728689517,-0.5825382405089542,-0.5499218880762957,-0.5931940493050786,-2.560127122095771,-1.0064621971219398,-0.8845100135088881,-2.151247837613354,-1.323426184155858,-0.9936042143369872,-0.8520974705005522,-1.2976561980016998,-1.4083664969244494,-0.86755957499355,-0.6285888330973933,-1.3320431289409589,related,9
UBERON:0002352,exact,,AV node,Mistral-Small-3.1-24B-Instruct-2503,-1,-1.404867468508613,-1.0641311245716885,-0.838411964114203,-1.3930041146109324,-1.0337979041787533,-0.9525639759588186,-0.7874329133336285,-1.099278400963423,-1.2558608913075078,-0.7502187358582405,-0.1053826208569447,-1.2503840706738407,-1.0320710724061737,-0.9042333629195384,-0.7987713618235389,-1.036058773268543,0.6936882186632525,0.3144506024734652,0.1086193720524498,0.6375185164946109,0.8237755785970011,0.3347452482182632,0.1855879394708534,0.7839977717783895,0.3148706761960954,-0.1618707656135048,-0.1905347949489999,0.1588543483341827,-2.990623344210312,-1.2046421102765743,-1.046081304989392,-2.432405944829287,0.9319168838613856,0.7061213321502324,0.5928585522622133,1.003092990420451,0.5849476036178083,-0.0408498942213029,-0.1462981307108326,0.4436241469680485,exact,9
UBERON:0002352,exact,,AV nodal muscle tissue,Mistral-Small-3.1-24B-Instruct-2503,-1,-0.8505437258642444,-0.888204347529416,-0.7242983571126883,-0.9624126455856308,-1.0657252121476333,-0.9460829885232128,-0.7815441605197947,-1.1244189661748485,-1.692051288204376,-0.8525538466222313,-0.1096153841663225,-1.5897244085512088,-1.818063637227559,-1.156590817628642,-0.9835387481523648,-1.623768164350372,0.1465506016569116,-0.3110591636850162,-0.3515907840202488,-0.0250015943034623,0.4363181835135039,-0.1487762414345302,-0.1974113932772813,0.2795710354364654,-1.4530735682782636,-0.7893113153003948,-0.6858802054725452,-1.3792759880182253,-2.130024830551241,-1.0798425640725666,-0.953715492762817,-1.860327348962856,-0.2636576359108681,-0.626156917925396,-0.5803615828203766,-0.4270314272142593,-0.0871755685911332,-0.5183754400589122,-0.4535676381721812,-0.289744240865298,exact,9
UBERON:0002326,exact,,urethra lamina propria mucosae,Mistral-Small-3.1-24B-Instruct-2503,-1,0.874037723513401,0.8355914081811262,0.6272905905581033,0.9718383250575714,0.8266888169063856,0.6381831740204186,0.4226441534865179,0.8677325178710251,0.7680016973740778,0.4423836102656438,0.0097792138101389,0.753543476305717,0.9723508319086422,0.7119814391369608,0.5814640204924325,0.9842350416694744,0.2984686869248549,-0.1719349402567134,-0.234533036009359,0.1417501241209221,1.0408491083478952,0.8757593391681945,0.672451417912686,1.1524002686069734,0.7959503139195803,0.1647112882596619,0.0627952207980348,0.7656687076520768,-0.0885241275008538,-0.4608858987490581,-0.4417394828454828,-0.2371564831874618,0.7953231174568877,0.5133963486855517,0.3790617421135632,0.7838458121289732,1.074848878802945,1.1317057902742256,0.7397620517227189,1.3129157129989415,exact,9
UBERON:0002326,exact,,urethra lamina propria mucosa,Mistral-Small-3.1-24B-Instruct-2503,-1,0.8810437517870381,0.862811954032798,0.6186692538140853,0.9847661814298172,0.8361262974177881,0.6625693211148791,0.4628357666557294,0.8833238749735609,0.945962236135591,0.8610389633473735,0.0773762813930945,1.0118193143630865,0.8406512662903063,0.4454407054892494,0.3233199321777352,0.7977697339586836,0.5623286885733817,0.144529350231842,-0.0129804417738488,0.4605302794674762,0.9666253620043276,0.6292839129189599,0.4495865769743445,1.0150913220550348,0.7241141862909016,0.0609441872335712,-0.0204978375974333,0.6629271977007407,-0.0062859891611809,-0.442005243104535,-0.4208934891874307,-0.1572340636322793,0.7585169404611741,0.4518308769296946,0.3138444082227382,0.7291123221370617,1.1446477577665766,1.8647916049344169,1.532300471295571,1.537011667528642,exact,9
UBERON:0002326,exact,,lamina propria mucosae of urethra,Mistral-Small-3.1-24B-Instruct-2503,-1,1.0130500614314937,1.4247077277037294,1.2402503099889692,1.254887975697606,0.95517460440697,1.034150594795186,0.8469011561080332,1.0941740497430774,0.979801955288124,0.932569002968279,0.0626271418569389,1.064746589626148,1.166730074364349,1.3648822573242592,1.215762963295249,1.2980711871673567,1.0757588321486995,1.3550590812239414,1.0123733425104688,1.2733406007079382,1.077019156189735,1.020841141342768,0.8285280245909167,1.2253726083003886,0.7952302605586684,0.1711185626679955,0.0758265804791123,0.7646095621572516,1.3494778747781728,2.602939325236727,2.5231710071992883,1.7629588893192274,1.0608485944635282,1.3267600869589402,1.112665381089342,1.2420479663022423,1.1044457789901097,1.4033724233175704,0.9872328568783024,1.3990020939156798,exact,9
UBERON:0002326,exact,,lamina propria mucosa of urethra,Mistral-Small-3.1-24B-Instruct-2503,-1,1.036986803262698,1.560651040397345,1.370343296587178,1.3109403296562112,0.9816357373310248,1.128241658650026,0.8830484472664907,1.1453229283198094,1.1547071479140965,1.4615858297882165,0.1300875864094568,1.3654481746289862,1.0050184248083776,0.8960232477514475,0.7804797861759878,1.033303942832578,1.2021613172965375,2.036935023724335,1.7811522934931523,1.561006647430721,1.070821325621555,0.9928937469782664,0.7942679807742459,1.2125342523381224,0.758722821244217,0.1099667127296444,0.026988705163926,0.7117101994602434,1.3903831168706149,3.0784047760537163,3.065447054749023,1.878288713470228,1.13003871695716,1.712472799665248,1.5007213882138857,1.3897400067307333,1.161646741026959,2.204585751131781,1.9148947703746155,1.607149597095134,related,8
UBERON:0002318,exact,,white substance of spinal cord,Mistral-Small-3.1-24B-Instruct-2503,-1,0.5568503438342373,0.0960736119300599,-0.0027146114890425,0.4737498241286901,0.8909379231016784,0.7351548789682041,0.5550006812350383,0.9769038945035764,0.9626456036851174,0.7432158747828805,0.0482515231813486,1.037736421036929,1.1685533818750318,1.1796161133478018,1.0239493192946962,1.301307814951297,0.9670495832630076,0.9838375808609204,0.8150711498674816,1.0666849386719195,0.8789346353423075,0.4173383258444423,0.2491631051704891,0.8690387239786543,1.0528825593510271,1.3899022795112643,1.192215730200716,1.1966880681207313,1.0859920856773542,1.144381933311974,1.011596218019041,1.2076097223144906,1.108697482410817,1.589618846789268,1.3816263289943087,1.3423100672968165,0.7791306587624784,0.2162031788916764,0.0209778435212346,0.7219902785284801,exact,9
UBERON:0002318,exact,,white matter of neuraxis of spinal cord,Mistral-Small-3.1-24B-Instruct-2503,-1,0.6490119099675153,0.274170047434957,0.1088111886604249,0.6045652463839554,0.7595812094552324,0.4278461444679903,0.2942711386577443,0.7607393917186579,1.2536223915345537,1.4829619047167373,0.1436655522188459,1.563760103143631,1.0558261254283907,0.8516556329999375,0.7097666904979641,1.1122642238107876,1.0170694944740672,1.1469175178179754,0.7850406007788228,1.1582678662263333,1.2892875322786697,3.4927161342551134,3.738410081383744,1.838360937574199,0.5189246654988384,0.1565632687128237,0.0388906759130458,0.3959425103761526,1.0656186417432196,1.041364460346818,0.8534969148406811,1.1723892566641334,1.1402114221323338,1.7623123309418138,1.5695320753733617,1.4130260009991669,0.8645724414549293,0.3815477471178982,0.1140418699923597,0.8636052299085597,related,8
UBERON:0002318,exact,,substantia alba medullae spinalis,Mistral-Small-3.1-24B-Instruct-2503,-1,-0.1921369755059628,-0.5727629571895391,-0.5258513930587653,-0.3773300371304329,-0.6884861378259319,-0.8253274321554754,-0.7125150038072283,-0.816837962974334,0.294732467991791,-0.216106135995877,-0.0536972559724892,0.1747225125051966,-1.61540620188923,-1.116384904660496,-0.95589514573851,-1.477308507546753,-0.2517071189169252,-0.5578128426396441,-0.5001455440674099,-0.4205664051005896,-0.0789559186731174,-0.4856475883464544,-0.4606863526028987,-0.2531309304287347,0.4693453627920696,0.1520011829046532,0.0828598177969416,0.3361186045198547,-0.7125639126350258,-0.7005498199955884,-0.6544509186003552,-0.7940625791920217,-0.2917973543796222,-0.4895575828795462,-0.5299343697794968,-0.4529912868680013,-0.7267951450264204,-0.7341682348712082,-0.5707363483529558,-0.8337570127774235,exact,9
UBERON:0002318,exact,,spinal cord white substance,Mistral-Small-3.1-24B-Instruct-2503,-1,0.588697633417495,0.1262259500426617,0.0142704545446207,0.5179615150497313,0.4872757670815503,-0.0341180339261116,-0.1012080044428685,0.3792311326560801,0.7203346030730573,0.3235224967906457,0.0032914895132706,0.6891085885058076,0.9183748682826444,0.5351885002134753,0.4341655537669793,0.9057580892336884,0.4742514645815552,0.0378112893022103,-0.0101140127915516,0.3493199141810114,0.8813142037208498,0.4265789302792557,0.2787204103060901,0.8728147355019649,0.880714375814641,0.8257961540458933,0.6449776403704501,0.8951189412143974,-0.2667205269610327,-0.5674932216458649,-0.5489484326800309,-0.4044291423049013,0.8855742425623114,0.7132869695554456,0.5528248192136009,0.9255127522662124,0.8356515169855531,0.3361661417111083,0.0981631136043917,0.8139558040239351,exact,9
UBERON:0002318,exact,,spinal cord white matter of neuraxis,Mistral-Small-3.1-24B-Instruct-2503,-1,0.613487446271003,0.2142281797413645,0.0985315529945611,0.5530815075381447,0.579565520342278,0.1124395206329967,0.0207717103268843,0.5007437772222458,0.8363680978723597,0.5126963714492068,0.0262590756043646,0.8491914070468493,0.883166030301196,0.4737659232026982,0.3221925138636621,0.8561532766050037,0.8929834662477022,0.7765570645617045,0.5259598640359959,0.9399248676980804,1.2265037406090558,2.157317677455386,2.0227311307921307,1.600417807748161,0.6168759787257058,0.3020539998161955,0.182945162816922,0.5191128820731574,0.0945059857774511,-0.3623832273436939,-0.3961633718406763,-0.0566389951171996,1.1424432693253692,1.7939448429981704,1.594577449772339,1.4181972773358882,0.8678790463401107,0.3999723724768439,0.1318470228335022,0.8694073580182161,related,8
UBERON:0002240,related,,spinal medulla,Mistral-Small-3.1-24B-Instruct-2503,-1,0.1261551554808133,-0.3891048986963135,-0.3929461005354368,-0.0498884810142359,0.1545341066316396,-0.3326114732978161,-0.3194311526479432,-0.0129522132540655,-1.2445073497601358,-0.7473072853067314,-0.0939529524921651,-1.2413145978744329,-0.0774782613689589,-0.5709593960979293,-0.5322774319232852,-0.2194902994896133,0.6107646791469046,0.1978042343080876,0.026559632965061,0.5241102233250055,-0.1157850350781686,-0.5011645114110813,-0.4494520975215602,-0.2875628959057229,0.7472961533849003,0.3065897230373389,0.1949128814458479,0.6954624682300825,0.7279629597738734,-0.0642405094534772,-0.0971444598251725,0.6690074103074497,0.254220987423723,-0.3172587231812062,-0.3841656196318538,0.0944212498253514,0.5713181787064012,-0.0451665263470672,-0.1596423333310212,0.4257668990431826,related,8
UBERON:0002240,related,,spinal cord structure,Mistral-Small-3.1-24B-Instruct-2503,-1,0.6835901392211955,0.285785950974723,0.1604009903071909,0.6560891640997987,0.8338859344394786,0.6071346045609191,0.4628629288539665,0.8796095906544756,0.0929299153188427,-0.0842688181280441,-0.028879017909742,-0.041450833254836,1.2349431536673166,1.2097087613418018,1.1267803790274666,1.424076262400707,0.4058144243203889,-0.0598397819618239,-0.1485029770498445,0.2664096642045779,1.2967928514333014,3.827743189041172,4.218868275655595,1.8753688013579937,1.3054410718252256,3.527220611732986,3.667207834524126,1.868856684968238,1.0030139834629954,0.36486886151428,0.2442170547500917,1.068492192530231,1.1646638030541063,1.661082812125542,1.5047109392390936,1.470998894707949,0.7818706824735137,0.2629512301492294,0.0463052654129629,0.7263095071855495,related,8
UBERON:0002240,related,,medulla spinalis,Mistral-Small-3.1-24B-Instruct-2503,-1,-0.1440034685653619,-0.5728039088648338,-0.5314062813133746,-0.330147490678051,-0.3000180691658056,-0.6361921621964808,-0.547665769095491,-0.4710871364219672,0.0514666476590763,-0.1621748281627027,-0.0479519285641947,-0.0842193272767384,-1.333435708932112,-1.0469218980494712,-0.8984862274669765,-1.268036007683743,-0.2159035977118081,-0.5601367794670532,-0.4763158922652384,-0.3870474385749521,-0.1022404725399266,-0.4918641866587785,-0.4562748305573503,-0.2749446547901162,0.7228302406320617,0.2721405490617577,0.1596190080613346,0.6611414756392124,0.4982481639684101,-0.2669938242073177,-0.2702548298175549,0.3828408450879186,0.5113059071567669,-0.0571520462129199,-0.1115443085195889,0.3957881303326884,0.4567712552611768,-0.1449982245241629,-0.2230737594702408,0.2823168728110662,related,9
UBERON:0002240,related,,fissura cerebrocerebellaris,Mistral-Small-3.1-24B-Instruct-2503,-1,-1.6686318837592504,-1.1054118335503005,-0.8806734273431424,-1.5839585839996986,-1.1178289883669257,-0.975768651371364,-0.8017902708919384,-1.1651265577251275,-1.7114513314524515,-0.8698281677631777,-0.1047845306963258,-1.6044437355593528,-1.6706042566230173,-1.171587590453801,-0.9967131676432998,-1.5175053854786384,-1.5153754261863115,-1.088260628941042,-0.8077238897352957,-1.436907284749256,-3.004038921852369,-1.0580134936792185,-0.8840413943689223,-2.387642194715616,-3.075639202277024,-1.162980087678573,-0.9793221450179852,-2.472234443115446,-0.9019863558453098,-0.8494631218974587,-0.7628773409800268,-0.9495531579575308,-2.677559077957853,-1.1389594311566564,-1.0749309729621896,-2.2139255592499283,-1.4473733919128262,-0.8581613531838159,-0.6398945804437464,-1.3588001576411164,related,9
UBERON:0002240,related,,fissura cerebro-cerebellaris,Mistral-Small-3.1-24B-Instruct-2503,-1,-1.754551500717108,-1.1259343084688298,-0.8889918327825209,-1.6445495139216233,-1.497583326358209,-1.0966444796806183,-0.9022234689764734,-1.45090845602076,-0.8159333815942688,-0.6481720090223996,-0.0723460019477035,-0.8883000428730707,-2.039722459642628,-1.2748336242376173,-1.072824111726332,-1.7806723625434446,-1.3295164930960026,-1.0277440305683423,-0.7790386625056765,-1.3031001038734675,-2.8098240043694407,-1.0386368152004204,-0.8681843039565135,-2.2658421319873017,-3.0793100065852275,-1.1662412063738945,-0.9834529243679012,-2.474553165735882,-1.2014928434694752,-0.8854362014198582,-0.8048537098813708,-1.185648048752603,-2.627615599275269,-1.1447234907441115,-1.058963787472764,-2.1826206763583587,-1.4355474289355186,-0.8621227787972975,-0.6391807633582776,-1.350705131129039,related,9
UBERON:0002240,related,,cerebrocerebellar fissure,Mistral-Small-3.1-24B-Instruct-2503,-1,-1.7885429394713388,-1.1353038159962656,-0.9041512885685142,-1.6683169964242273,-1.2589959292248047,-1.01485142551103,-0.8259965529272792,-1.2735133910629026,-2.0479835264577124,-0.8724686954175198,-0.1086341055613304,-1.855489599965648,-1.549012334617362,-1.1643884043537378,-0.9875648689129986,-1.4286390069019947,-1.4844662845774037,-1.0760923672278435,-0.8080620766430331,-1.4149427042290157,-2.800600086924473,-1.0378759190931923,-0.8704253436460273,-2.2600218897651017,-3.20028549491817,-1.1914042955910435,-1.0012444577699775,-2.550698949769156,-1.0866268924836475,-0.906007463632559,-0.8015705196131071,-1.0964008577390354,-2.266408788553885,-1.090877398277163,-1.0281165311085574,-1.951359061762273,-1.4899056808736688,-0.8765238396915456,-0.6488715714405873,-1.3877933781120717,related,9
UBERON:0002240,related,,cerebro-cerebellar fissure,Mistral-Small-3.1-24B-Instruct-2503,-1,-1.7791466437366754,-1.140558912923172,-0.8996164551833024,-1.661758228637174,-1.4022129769328526,-1.0663308257766255,-0.8770897076416,-1.3808226743219103,-0.4379783284700189,-0.4524828291035751,-0.0724904898388245,-0.5559618052246496,-2.0265253910059493,-1.2960773409432171,-1.091635934124866,-1.7714193755974,-1.0757261642591027,-0.9424346511741892,-0.7363996549360999,-1.1131431783202916,-2.578375516115058,-1.0158288111281375,-0.8522163166771968,-2.1187330382258653,-3.18360398690289,-1.1896954837132474,-1.0028968578026694,-2.540229608087622,-1.209248290473118,-0.8833771510227093,-0.7811073780952861,-1.1916192495358495,-2.225582856027602,-1.095459800634516,-1.0167026154499714,-1.92464710938974,-1.4475570921842251,-0.879392994617758,-0.646196053008193,-1.358925786697364,related,9
UBERON:0002240,related,,SpC,Mistral-Small-3.1-24B-Instruct-2503,-1,-1.3088236296870364,-1.0484975357499733,-0.8546236920579551,-1.321453128406246,-1.6069456550359682,-1.134046133165174,-0.9145167211012006,-1.5300127742664569,-0.6087059442851469,-0.5643544590476831,-0.0706789196681104,-0.7089241549701735,-1.963799640023261,-1.1708485405011744,-0.97962909337445,-1.7272905577555977,-1.4079648625709602,-1.0842450323188706,-0.7567601817582945,-1.3600920477898255,-2.603411754807113,-1.013775356758638,-0.8488531439932312,-2.134757759203846,-2.5744255923063664,-1.0758931241552077,-0.9181800948584616,-2.150495703087996,-1.4127613271491837,-1.0302820505562815,-0.9036297739093684,-1.3460047050638109,-0.991083977570665,-0.8950089965001828,-0.8341325146073517,-1.0444165471464473,-2.58411067132964,-1.0334923305886763,-0.7136008741167201,-2.081168119986953,related,9
UBERON:0002149,related,,nucleus salivatorius superior,Mistral-Small-3.1-24B-Instruct-2503,-1,0.5465105946543694,0.1307325799455308,0.022405225753119,0.4596044507952848,0.4930595533770268,0.0180231802440922,-0.0964532209811267,0.3866516411921546,0.5906361409939156,-0.0370900256333187,-0.038069566355839,0.5218498097642578,0.7988351910964033,0.4034408912571354,0.2888686587945016,0.7418331472111456,0.4293225725001505,-0.0383507624722545,-0.1244205246986123,0.2945679521205999,1.0653301017414576,1.0204500456545174,0.8436244865404193,1.2012803054805192,1.2340860670537814,2.1451267720011016,2.033420332382476,1.622057647197245,0.5495627525622123,-0.1873412133095362,-0.2369467802931563,0.4439724086202356,0.8990625490447556,0.6987103700191308,0.6271380552156459,0.947718981767526,0.737187655503708,0.228794112119803,0.0165046780722961,0.6574491296069721,exact,9
UBERON:0002149,related,,nucleus salivatorius rostralis,Mistral-Small-3.1-24B-Instruct-2503,-1,0.1198513291081759,-0.3319631131810679,-0.3451379893323009,-0.0567660789413691,-0.2254384434902868,-0.5941302215649258,-0.5365667512794021,-0.4004838047054136,0.3174534057862301,-0.170582321810914,-0.0471975139841962,0.1999847248854551,0.2386047096850393,-0.1962324376592937,-0.2159939818475785,0.092692440286505,0.3437714102072063,-0.1115820149875762,-0.2032093037201335,0.1936071283220856,0.5803058394777425,-0.0050201571149131,-0.0845255318306585,0.4521816692772424,0.6460573032106762,0.0395164188619893,0.0289831286053409,0.5572369241634735,0.3542777818242819,-0.2997963233338356,-0.3293647841983763,0.2184056329419544,0.2382113084076992,-0.2342635798462946,-0.3362732414694362,0.076792425876971,0.4420711054532729,-0.1367141888639725,-0.2061441306020967,0.2646807933158767,exact,9
UBERON:0002149,related,,nucleus salivatorius cranialis,Mistral-Small-3.1-24B-Instruct-2503,-1,0.3641202557390794,-0.1022427855256454,-0.1591585167616699,0.2245761314159333,0.194027396055518,-0.297009927112524,-0.3109035614339823,0.0305356450209911,-0.3895576924466922,-0.4938319100262796,-0.0623972146307462,-0.5116264572456546,0.2330049604501859,-0.2524130688127187,-0.2999810896246283,0.0868991930602806,0.2426425072921553,-0.209557215838467,-0.2835706530381723,0.0792494214972771,0.7396380415403382,0.2013146294092215,0.1074837923017743,0.6622714447388505,0.6386651359211344,0.0211800565423287,-0.0029067868583275,0.5475122640792003,-0.0006253143945947,-0.5296396160302521,-0.5074414223643056,-0.1516638552764608,0.3759352959563958,-0.0876011777688745,-0.1882817466099697,0.2325170147627355,0.4057861737559902,-0.1717384344910521,-0.2376836345746718,0.2218203644044745,exact,9
UBERON:0002149,related,,nucleus salivarius superior,Mistral-Small-3.1-24B-Instruct-2503,-1,0.61223113059268,0.2328861686311404,0.07311390729537,0.5512861793954879,0.5201489198017584,0.0456347426208266,-0.0073468291003142,0.4217405413541965,0.4925721916991689,-0.0674016479250759,-0.0415621433112886,0.4020979293875661,0.1896403844256693,-0.3635141963119978,-0.396327293407025,0.0423887051755059,0.3305101265065724,-0.1331860301661574,-0.2072087544438625,0.178317454596699,1.0790172786543124,1.0853385489338276,0.9054249557713836,1.2295431827804424,0.8384889136613293,0.3307643138373321,0.2151998000511905,0.8294027516673743,0.2747140703817561,-0.3352816435868671,-0.3628490519968999,0.1314785541811674,1.0001283392162392,1.008627430207681,0.9396577788327324,1.1246685904596645,0.598849482864324,0.0338061458016303,-0.1022641496489617,0.462030706264861,exact,9
UBERON:0002149,exact,,superior salivary nucleus,Mistral-Small-3.1-24B-Instruct-2503,-1,0.9419768003092264,1.0477188782348892,0.8551604671884502,1.1025328206241138,1.038349924296322,1.3372872803147977,1.1438951529103063,1.261795724457361,0.5075675950025079,-0.0205275067369372,-0.0116270515199931,0.4200758713584822,0.4850440504174683,-0.1620970591433227,-0.2000778075736947,0.3592901161315203,0.998042998957678,1.054139869151781,0.7628774811718106,1.1227946616193465,1.1545409074843525,1.5179418234833408,1.3202991928226917,1.400720252036478,0.8918034422114237,0.4247534675699165,0.3051721119406869,0.9128212672990792,0.8127386756811612,0.1308199353177509,0.0830765504779358,0.7841109880989588,0.863363002239567,0.5324644196389662,0.544974290405285,0.8895695541411841,0.9605981462447516,0.772146387878065,0.4554669137995282,1.0448542357279818,exact,9
UBERON:0002125,exact,,lobule of thymus,Mistral-Small-3.1-24B-Instruct-2503,-1,0.7955204269911308,0.6154507604859799,0.4695271416989191,0.8341092405801263,0.4442305122286293,-0.0302573531072429,-0.1256691165202275,0.3247573771604305,-0.4544646514016593,-0.5634462987000852,-0.0845342331393087,-0.5709569465420834,0.8891007897659997,0.681264239196341,0.5448296149943127,0.8644322105368858,-0.1797413714237017,-0.5568893062584798,-0.4895709838901628,-0.3528260968500111,1.218277363176381,2.1060802471221653,1.90505074002544,1.5748801070499554,1.2659421084399871,2.6133201312529803,2.6245592990335407,1.7218147999996254,0.9065361836378718,0.3172909234550054,0.211750809925143,0.9191717768055562,1.027463820627926,0.8900723581552725,0.7353613450083628,1.1763062216081537,1.1784367394280253,2.491327611721684,2.3535163597933373,1.6883868285586945,exact,9
UBERON:0002094,related,,ventricular septum,Mistral-Small-3.1-24B-Instruct-2503,-1,1.0553163586270091,1.588610053317618,1.4056309835509484,1.3558810038783764,0.8458549862885896,0.6580587490458861,0.4632616252149605,0.8995491222588646,0.1552829912966781,-0.3672775834151151,-0.0663241664427958,0.0238667907957084,1.0420902964524712,0.6048185774786895,0.4524237863618423,1.0905800805161774,0.537558589981176,0.142323369936797,0.0817536287267869,0.4287040747941226,0.7072333934932796,0.1106838754567858,0.0234133706703674,0.6175839651030942,0.889946226436252,0.3203090815837381,0.281091286978664,0.909842883477962,-0.5608493246821807,-0.7850449730252959,-0.7162424865184823,-0.6655280054606197,0.7019200979651433,0.2682089664850299,0.1424168831022549,0.6478920492890344,0.920790400634995,0.5784795146732957,0.2680205366920187,0.9662291340664316,exact,9
UBERON:0002094,related,,septum membranaceum,Mistral-Small-3.1-24B-Instruct-2503,-1,-0.4094781973570475,-0.7061500202704476,-0.6084643330260547,-0.5818667003974944,-0.4370296608739674,-0.6867756762074576,-0.6057868737911168,-0.5969850666125462,-0.3172265387189935,-0.4839457248576611,-0.0824106826641307,-0.4445474238000106,-0.6432798236580901,-0.8114705675971323,-0.7317247900102668,-0.7210797340951798,-1.6521738761188571,-1.1008782742084504,-0.8151502245429941,-1.5328141410145733,-0.3841856684047685,-0.6160018770449264,-0.5637329427307476,-0.5279583052730055,0.2289637436494856,-0.4459011454964838,-0.4289591573809106,0.0654139886937294,-1.0151162753364975,-0.8300408970682441,-0.7364503172667451,-1.0400429966816362,-0.824776332697713,-0.729927453817285,-0.7456976414542694,-0.9118092943540156,-0.6235906813160856,-0.6875798660218791,-0.5436284995600255,-0.7521115275583594,exact,9
UBERON:0002094,related,,septum inferius,Mistral-Small-3.1-24B-Instruct-2503,-1,-0.4486986069008015,-0.7345103289991424,-0.6430508641681105,-0.6174347467511425,-0.4015565999210452,-0.6809275948630705,-0.6068348290588957,-0.5648374279174182,-0.0876222219911943,-0.4842607552890534,-0.0755022894166237,-0.2241190901684154,-0.3131296993298474,-0.7305652490406492,-0.6939489733286592,-0.4358744366957218,-0.6846360627230698,-0.7912083463372194,-0.5940574511436476,-0.8010775415923164,-0.0355079740660288,-0.4608615927710667,-0.422538844556541,-0.2120037077198742,0.348539490652864,-0.3416009779168457,-0.3350489270173754,0.1964167490450303,0.2318988026471262,-0.3967185348694516,-0.3799274246368928,0.085735943962977,-1.6233880196300532,-0.946614072647488,-0.8828361921333343,-1.5148030825941103,-0.2936489975115917,-0.6009596780106011,-0.5031107217442419,-0.4763594312260961,related,8
UBERON:0002094,related,,s. interventriculare cordis,Mistral-Small-3.1-24B-Instruct-2503,-1,-0.2493337537153075,-0.6267078156901725,-0.5479192670972213,-0.4324596473014065,-0.792397822571367,-0.8543852181672128,-0.7449741205759364,-0.903991457655965,-0.907743088534982,-0.664268006564914,-0.0942306589544077,-0.96581576144643,0.0649846341434149,-0.5278574598501611,-0.5055240756273344,-0.0822998112544686,-1.5629384236662942,-1.0827199237706386,-0.7937542021611379,-1.4704909225040486,-0.0548681606484881,-0.4765065695847333,-0.4526396561939652,-0.2303991817738978,-0.3394401003932757,-0.6879440575117993,-0.6178750140349673,-0.4871651960248408,-1.1512974868922057,-0.7750368025764738,-0.6836299783675382,-1.1468362665287952,-0.1012861059145505,-0.4290686117172025,-0.4344522078798133,-0.2730476808291132,-0.5376736515731897,-0.6679908418212915,-0.5198488469377032,-0.6825902132631892,exact,9
UBERON:0002094,related,,intraventricular septum,Mistral-Small-3.1-24B-Instruct-2503,-1,0.9547269791829216,1.0643987732300486,0.8252862624954989,1.1285345260964286,1.000802683268854,1.1893758256374527,0.9718947478517498,1.1835698685814997,-0.8692431871988915,-0.6319072303515741,-0.0838745453693951,-0.9334469013402316,1.4471418277918942,2.593371570730884,2.673166731798041,1.9195047421666624,0.1950903141821422,-0.2441195923381706,-0.1912312063613335,0.0271558083750998,0.8552887917264789,0.3642181394281812,0.2352268695181755,0.8320148440823073,1.0378323840067596,0.7567305363214835,0.5937431268735888,1.1675899619819297,0.5114971340575674,-0.1832099436343333,-0.2278684341608216,0.3984876789907229,0.6393304383585374,0.1701872896767893,0.0970761977962589,0.5617625125947547,0.6553502166194645,0.036760665471596,-0.1001908227714118,0.5389840123170987,exact,9
UBERON:0002094,related,,interventriculare cordis,Mistral-Small-3.1-24B-Instruct-2503,-1,-0.0059491843300194,-0.4903435717377246,-0.4475432665214584,-0.1904483118570658,-0.4066981747145937,-0.6945017728287338,-0.6401639353750528,-0.5695157876659906,-0.9528316692816352,-0.6381857444435525,-0.0901859634972795,-1.0034807216688508,0.2217448488826398,-0.4498432684011523,-0.4695396856815797,0.0752818994337196,-0.5099726177952155,-0.7080256925194697,-0.5794391148158683,-0.6526369161636623,0.3471229702755667,-0.2433955400713597,-0.269777105986535,0.1790116227840014,-0.2852807527243765,-0.6579843296802447,-0.5827687469024981,-0.4384053475606734,-0.649212448013639,-0.7416179264869878,-0.6700085585756334,-0.7408496704554464,0.0363435178194502,-0.4099944042517586,-0.2016911536052751,-0.1362799666364784,-0.2035011853945381,-0.534996433127777,-0.4452652418070557,-0.3964125222878106,related,9
UBERON:0002094,related,,interventricular septum of heart,Mistral-Small-3.1-24B-Instruct-2503,-1,0.9882393910957776,1.210847895113182,1.004849184303414,1.1995270135995522,0.5192395731648085,0.0698741449067716,0.0040281644859023,0.4205535673014108,0.3295289311288251,-0.0920738014876451,-0.0450077913381685,0.213494408558712,1.09207275793636,0.7765385428677802,0.6592433510708692,1.1707859507333105,0.49139151710126,0.0799998321810675,-0.0070335358463731,0.3705458678026132,1.261599426828811,2.7465605589972,2.698101526770796,1.7215417886155926,1.1021821584306242,0.9841489101309744,0.7986538658484343,1.2970046356512044,0.0675799026967426,-0.4198280645957474,-0.423376768547885,-0.0838128054276527,1.0406390108161516,1.2265191105976232,1.0019782745782058,1.2018791045425774,1.11386557801929,1.6361862266079774,1.2297898687999758,1.4287455605494428,exact,9
UBERON:0002094,exact,,heart ventricular septum,Mistral-Small-3.1-24B-Instruct-2503,-1,0.912381423555016,0.8788010203039771,0.6821391894449514,1.0440742158946716,0.7167898882917073,0.3944022319845543,0.2426401905880937,0.6956940526616643,-1.772820916178319,-0.8782297535069947,-0.1134765361696077,-1.650818906386271,0.8673484690528593,0.2452320238399962,0.1104201833786967,0.8342451872723369,0.1547748880777382,-0.2736460653644135,-0.2789539375593924,-0.0162341500405963,0.8277661189511715,0.3004730438132801,0.1906775514403106,0.7899988053542366,0.7193616710163897,-0.0019846682973921,-0.0389568968394679,0.6563257071806124,-0.8231929106290093,-0.8583619826234635,-0.7800313898612329,-0.8855059309556561,0.5253360906963287,0.0113112446782695,0.0302537771174362,0.4133809100024193,0.8798587808929154,0.4839554629257438,0.2072321403308883,0.8906580607308129,exact,9
UBERON:0002094,exact,,heart interventricular septum,Mistral-Small-3.1-24B-Instruct-2503,-1,1.0787942358496398,1.7622455686407223,1.6144082356722294,1.4164240143733675,1.0655464553973124,1.5213365139961743,1.3695033973973314,1.3215859736723017,-0.3158603113879481,-0.4907732287847062,-0.0842709213285949,-0.4432702476045911,1.2238820824075405,1.15832079911024,0.9746292305523204,1.4029077896518127,0.9068735642805644,0.8302822226453492,0.5616610518216438,0.96298306762863,1.2515460641810945,2.5450469192756016,2.461990248255982,1.6844668912623486,1.1278961364936275,1.115600403164687,0.9185390848506304,1.352882741821445,-0.1402267816934015,-0.5679938329521607,-0.5396658028903474,-0.2864867942627322,1.1563740849085469,1.819180265630567,2.102428365585664,1.4510111633496248,1.1504239960756777,2.1401941927361032,1.8226027317432296,1.5597962024913818,exact,9
UBERON:0002059,related,,submaxillary ganglion,Mistral-Small-3.1-24B-Instruct-2503,-1,0.6335391344162808,0.2934188558552835,0.1651607100311283,0.5819680286332927,0.7879596582175702,0.5633122825500523,0.4000345981541637,0.8051933338617544,-0.9632257728751208,-0.714245314667631,-0.0701248998683824,-1.012127071921454,0.2486795894610499,-0.4034784841749203,-0.3989909583932672,0.1031422760197027,0.5285045279466875,0.1037773787570742,-0.039990562846243,0.4171816083156824,0.6770987859850606,0.0996933548718354,0.0147757371446239,0.5769921841551284,0.9482183590720352,0.5191508981242869,0.4096220695363549,1.00609314555869,0.7995674164612743,0.1452542116121409,0.0855333965005806,0.7658259254514789,0.6104014952577812,0.0060502992978581,-0.1051851444501238,0.5231316515562878,0.3480418510849186,-0.2434476687236593,-0.2814000747217307,0.1554513701517291,exact,9
UBERON:0002059,related,,maxillary ganglion,Mistral-Small-3.1-24B-Instruct-2503,-1,0.3642259336489328,-0.0854720074072492,-0.1583453665601815,0.2247052786184111,0.6819132220588343,0.3353897590730203,0.2432261918164954,0.644294263286122,-2.057248664452432,-0.9304332190910948,-0.1114432350349716,-1.8622946582177629,0.0575492909591274,-0.5580035202446335,-0.5438226632421161,-0.0895936554574292,0.1927133527888397,-0.2597415077257425,-0.2829384360080051,0.0245782332811147,-0.23587204307727,-0.5489653479716057,-0.514709382234469,-0.3972863480226855,0.1841259474738852,-0.4118955238870796,-0.36823831472683,0.017912447257895,-0.2675274492576683,-0.6722354140595785,-0.6269256278902194,-0.4051696640504686,0.0289323839789001,-0.519389302979574,-0.5550934994848548,-0.1438063008105329,0.0859954779822842,-0.4268878516705338,-0.3847769525392712,-0.1224572860616487,related,9
UBERON:0002059,related,,lingual ganglion,Mistral-Small-3.1-24B-Instruct-2503,-1,0.4634533195048439,0.0357479152578082,-0.0567589807368251,0.3493796027419703,0.6546910646222167,0.2835793793495452,0.185481330655602,0.6051015047653097,0.2411709686760404,-0.1137656259945603,-0.0125588375318595,0.1159535301688824,-0.0595171261064905,-0.5405674403822505,-0.4930499742151799,-0.2024801865369509,0.1019523232965753,-0.3503361421187539,-0.3372285687637638,-0.0720673397405039,-0.5176833715824752,-0.6440883011603146,-0.5711539035571415,-0.641566832040962,-0.4722075837720451,-0.748873823441618,-0.6625569328293758,-0.6039863677158369,0.2041462473655632,-0.389973485259141,-0.3994358459621093,0.056449733522342,0.0584317992321363,-0.4931674377268019,-0.5251433738240787,-0.1137326335801188,-0.0319906654316877,-0.5009095317480791,-0.4283068633108585,-0.2376152491624233,related,10
UBERON:0002059,related,,ganglion submandibulare,Mistral-Small-3.1-24B-Instruct-2503,-1,0.963377272303949,1.171280302496522,0.9390478495803046,1.1464784888552415,0.9820403228116832,1.1304457523280125,0.9087782276806248,1.1461194699935116,-0.927072703726274,-0.7008448210922787,-0.0764771892812107,-0.9819945554547744,1.201147665690218,1.0956742610438874,0.8853894769573732,1.3603333464279332,0.6736742037316457,0.3002221838286591,0.1321039855869007,0.6095813332802802,1.260049303653018,2.7797037858868863,2.683812289662458,1.7156756711345382,1.286327854724737,2.9186605459707886,2.8739886646256445,1.793561996410013,-0.5473706432184513,-0.6990570796674165,-0.6426472285257455,-0.6539212488448172,1.0570197111945028,0.98061185678964,1.163416910607305,1.234346175029772,1.025428861688638,1.0164118661796808,0.6287418624865495,1.1872266120294854,exact,9
UBERON:0002059,related,,Blandin`s ganglion,Mistral-Small-3.1-24B-Instruct-2503,-1,-1.484572251017921,-1.0574577448819111,-0.8455918217060769,-1.4515348086813895,-0.0625512417993685,-0.4821314027382068,-0.4240941262940591,-0.2405416732077274,-1.2734367324290607,-0.761297081549324,-0.0930190385539695,-1.264398184904601,-1.044519282600964,-0.9570636665978632,-0.8416322726369742,-1.0458324731868462,-1.0971641951526971,-0.9429847074203348,-0.7220739592665512,-1.1295389788336048,-0.5159381519422116,-0.6336100283179279,-0.5733566075758867,-0.6401040556765504,-0.1965396803636681,-0.6033080297418844,-0.5122611432281786,-0.3570003534539719,-0.3227349125290615,-0.6180904806090763,-0.5986656875233012,-0.4554963559582775,-0.4368173805100353,-0.771075273279732,-0.699655624560195,-0.5837131666534977,-1.2103148998284363,-0.8523510209186426,-0.633475668236484,-1.1935707870061072,exact,9
UBERON:0002033,related,,pilomotor muscle,Mistral-Small-3.1-24B-Instruct-2503,-1,0.0097224325515972,-0.3928889666582539,-0.3780410083075469,-0.1741474555661141,0.057256536591126,-0.3947008864198293,-0.4017134495658763,-0.1172004792919638,-0.3709516004617002,-0.6280617805017262,-0.093845515729851,-0.4944706014198585,-0.2801590409409151,-0.4865601491468386,-0.4636571012449417,-0.4063091465764533,0.2358768108172189,-0.2420429483328937,-0.292398213975194,0.0717750815678853,-0.5383909787762778,-0.6234738030054764,-0.5577768038063806,-0.6588798738531412,-0.2422316734764771,-0.5454146188564986,-0.5097526830030066,-0.3991569764450224,-0.4517256693130534,-0.6485346298559274,-0.5942569049934113,-0.5706202103982632,-0.280549473618822,-0.6282283267217541,-0.6334049993336762,-0.4426390222856702,-1.2533848732915196,-0.8518088961980347,-0.6218994513648405,-1.2240722490448672,exact,9
UBERON:0002033,related,,erectores pilorum,Mistral-Small-3.1-24B-Instruct-2503,-1,-0.7740183188928295,-0.8272230164730309,-0.6945157332407572,-0.8991836594756046,-0.4437328890295196,-0.6873756234627126,-0.5866394705502919,-0.6030262200440984,-1.137181533719209,-0.7778797293479249,-0.1033505300864435,-1.1549121416225323,-1.1540201202315314,-0.9118030240558428,-0.810195750156427,-1.1310677648537897,-0.6377170056932727,-0.78361200254901,-0.6049064577438366,-0.7618109467385473,-0.757811370675803,-0.691780826564142,-0.6121785930086516,-0.8377523968812133,-0.1105923824247988,-0.417444698649184,-0.3923623136408955,-0.2762266653878591,-1.0017211697133042,-0.7407153048108771,-0.6633260635151831,-1.0294153332016107,-0.4578912509147403,-0.6580038200680067,-0.5891845388250939,-0.6023060239252788,-1.80937386914843,-0.9424070080084368,-0.6771013026990655,-1.5999656670969034,exact,9
UBERON:0002033,related,,erector pili,Mistral-Small-3.1-24B-Instruct-2503,-1,-0.2763831271413391,-0.5829614888322544,-0.4993653541409997,-0.4581929389177193,-0.6620257814575022,-0.7969101422465549,-0.7005366573938949,-0.7943197724387829,0.1809646014454081,-0.2476953356748916,-0.0306000070559652,0.0511363886162972,-1.2125895737586565,-0.8639241368276043,-0.7824097576342292,-1.1761343480749766,-1.1144122913720975,-0.9632566047386564,-0.6727953663464278,-1.1426814462437296,-0.7559258184909201,-0.6978381240037117,-0.61886371042998,-0.8362486101409078,-0.1698300226249305,-0.5351279793962237,-0.4943958747406716,-0.3321101212811898,-0.3700794043236081,-0.5597658294378749,-0.5145953945681309,-0.4981403526450583,-0.2856501237540902,-0.591308032721031,-0.541208286885526,-0.4473375132729398,-1.7889991353950925,-0.9419520038271982,-0.6829722011831705,-1.5867096963821443,exact,9
UBERON:0002033,related,,arectores pilorum,Mistral-Small-3.1-24B-Instruct-2503,-1,-0.2096586510594211,-0.559377923981591,-0.4907310798012654,-0.3943241044355192,-0.3825558368869799,-0.6654784924952782,-0.5966417215009934,-0.5474923383853649,0.1033898287358802,-0.3833971047798582,-0.0701704213557712,-0.0305791967068918,-1.0230577409382695,-0.7578568179098548,-0.6933052542830163,-1.0289709430812597,-0.6474214907999285,-0.7830076673426567,-0.6258858456608467,-0.769968051463334,-1.5243377734805623,-0.8548132928086872,-0.7407196856969711,-1.4116933915543783,-0.0374674163624609,-0.3741034649874949,-0.3799301249327607,-0.205872174056607,-0.948643179758956,-0.6793216293260208,-0.6351298058524817,-0.9870765782724588,-0.4843302760868156,-0.6967159968522709,-0.7319554071635808,-0.6254955225861137,-2.6383368241962217,-1.0354918737579435,-0.7308508230779097,-2.113411007207576,related,9
UBERON:0002033,exact,,arrector pilorum muscle of hair,Mistral-Small-3.1-24B-Instruct-2503,-1,0.9419740193115986,1.1227543016652557,0.935833166981884,1.102527205400642,0.9809399434909676,1.133337122228294,0.9225598539175272,1.1439541176785135,1.056110947239396,0.7678193542129018,0.0724664531214629,1.1897405068454774,1.1020403361472766,1.1122160458013022,0.9416327134925856,1.1872295097659942,1.0599671650011957,1.2651403552967937,1.1480804729209602,1.2414673929697428,0.89944334302165,0.5164673712129156,0.356031823851106,0.9018990654679544,1.0425119153902165,1.05288765125854,0.9133888431496804,1.176568038469812,0.4301612237975972,-0.0685885085110614,-0.1010288422866827,0.3038477819203042,0.9688124205301064,0.8138892971235067,0.7411611871101302,1.0676549102506578,0.8037980963297714,0.2674227364112737,0.0538260160652954,0.7613653902213993,exact,9
UBERON:0002033,exact,,arrector pilorum,Mistral-Small-3.1-24B-Instruct-2503,-1,0.0117838470431456,-0.4144876866955899,-0.3910018876423367,-0.1719961363040743,-0.0248005431981336,-0.4475319566080272,-0.4505213324974447,-0.202237834024705,-0.938198027581446,-0.7568827723898954,-0.1037899777604812,-0.9912847460499502,0.2367891835855655,-0.2220059036905973,-0.2592658893297297,0.0908130176465876,-0.106319194858582,-0.5047352136603219,-0.4655886711529401,-0.2821581857972621,0.205506515979893,-0.3001399253870206,-0.3172653902385827,0.0274880998782688,0.5090384062451416,0.017742804034378,-0.0420003959528798,0.3838870048348028,-0.410556503513656,-0.5465071846228202,-0.5337649878736923,-0.5342368091405193,0.1004093992241399,-0.387955783276782,-0.3251258813396661,-0.0703917338094696,-0.8623411767429398,-0.7708204592137444,-0.5868433886425345,-0.938164807542046,exact,9
UBERON:0002033,exact,,arrector pilli muscle,Mistral-Small-3.1-24B-Instruct-2503,-1,0.0791917532920761,-0.3647722424010609,-0.37799480242753,-0.1007013598655107,0.4827950411249312,0.0195925990135232,-0.078222270135297,0.3734992767346454,0.9150243068636446,0.3765162397020423,0.0043734656501953,0.964619935365958,0.5487844564670288,0.0901688669618029,-0.0205619051478051,0.4324934761890496,0.8256160586135219,0.5793054737435475,0.3101131385942924,0.8321687708624413,-0.768511251821765,-0.6874299512085078,-0.6117976305329795,-0.8462756259218729,0.4484177416960785,-0.0601147039357442,-0.1327227942221185,0.3113257676830342,0.1372801987132213,-0.318778346235316,-0.338778562376792,-0.0129974865206023,-0.235803868395738,-0.5999214317157665,-0.6217037143134304,-0.4011331470645567,-0.1994355268598401,-0.5544413539386357,-0.4657109267888339,-0.3927533267726232,exact,9
UBERON:0002033,exact,,arrector pilli,Mistral-Small-3.1-24B-Instruct-2503,-1,0.0748172440236705,-0.3739899678232198,-0.379368197862041,-0.1053854175847106,0.0258596161141646,-0.4164185906540599,-0.3969914971483752,-0.1500352219375205,0.7609696675732717,0.2203852691109473,-0.0049657722209699,0.7439270134783188,0.1710489548552627,-0.2336488786992316,-0.285265003824427,0.0234923980478169,-0.3512499403204454,-0.6520877729293485,-0.5371879579044737,-0.5119555270170508,-1.712380721135241,-0.8822079504749623,-0.7518132064444514,-1.5433906031069693,-0.53626134531934,-0.6212663737452476,-0.5739992261953543,-0.6590715477103481,-0.3746687443389978,-0.5328751202478874,-0.4974863678221639,-0.5022495374737762,-0.8358983950389186,-0.9612962638048544,-0.8505308242757814,-0.9208137546821183,-1.3119713275438358,-0.8348795046268551,-0.6215539911392635,-1.2652086575611294,exact,9
UBERON:0002033,exact,,arrector pili smooth muscle,Mistral-Small-3.1-24B-Instruct-2503,-1,0.1511445049141102,-0.2920168080527901,-0.3066395742979292,-0.022444845171792,0.3578821860552661,-0.1421366217805194,-0.211376078713288,0.2191900520318904,0.6334294598244125,0.0886175233887248,-0.0165408435746165,0.5758319710070591,0.9160121861107824,0.6014992600783527,0.4689555053779192,0.902391829159478,0.192170973416368,-0.2688240431218353,-0.2709542330265956,0.0239904223263829,0.2342142191319845,-0.2851724304860174,-0.2960369468083383,0.0574767044883888,0.6484033887365463,0.1470137496236399,0.0546441318652684,0.5603330168506073,-0.0710274519725324,-0.4121867292280445,-0.3813654556831467,-0.2203057842342196,0.0815323470206514,-0.365678328412969,-0.3010338938906086,-0.0899628525694584,-0.4104952704212931,-0.6489275370350114,-0.5173307945135556,-0.5768383435296306,exact,9
UBERON:0002033,exact,,arrector pili muscle,Mistral-Small-3.1-24B-Instruct-2503,-1,-0.0970650953552743,-0.4782244946363961,-0.4366222024191365,-0.2834033639294362,0.3869820549932883,-0.1103721945869097,-0.1786563425468414,0.2542444211465765,0.8622024945705051,0.3384728541777876,0.0059577688130283,0.8864249954949367,0.9694786720765624,0.7249292129220299,0.5750017841947033,0.9799799297925528,0.7133500111338519,0.3646869941109268,0.1727851309057265,0.6653393749186848,0.5833018822596117,0.0178795813021531,-0.0519043532598663,0.4559286126685293,0.9503002347576616,0.7726804322961572,0.6199308346539874,1.009646128784406,0.122207711308045,-0.335041028101417,-0.3295771404789159,-0.0284432611446698,0.3864554315402229,-0.1418788869449381,-0.1473145003994405,0.2448155420298479,-0.0123770493758597,-0.4833932651101901,-0.4238028876437124,-0.2188327224177415,exact,9
UBERON:0002033,exact,,arrector pili,Mistral-Small-3.1-24B-Instruct-2503,-1,-0.0331904465923637,-0.4340103795323116,-0.3962092186652794,-0.2185592530870502,-0.0761759102411158,-0.5018939515180636,-0.4756742281706839,-0.2542456264514992,0.6593308209044176,0.1066341450272065,-0.0109897438331482,0.6090616243005895,0.5881960755973156,0.1644390734624974,0.0621656467213818,0.4787792584665969,-0.0500327490651792,-0.4677818757043456,-0.4312676401516628,-0.2268470290234064,0.0547828978739349,-0.3886604303203694,-0.388533873874573,-0.1246598007443729,0.4506158207836637,-0.0227549240127348,-0.0677114888019503,0.3139175052687948,-0.2380579236380792,-0.4835376405626005,-0.4600302234726606,-0.3780305567429421,0.2637138442066559,-0.2761666117915513,-0.3205604856058845,0.1049299619976983,-0.5943477653597629,-0.6984834013938345,-0.538236979502351,-0.7286134968960305,exact,9
UBERON:0002020,related,,grisea,Mistral-Small-3.1-24B-Instruct-2503,-1,-2.035073512422987,-1.2140137263126274,-0.963698341084111,-1.8374592930687936,-1.542049678004997,-1.1081244975916615,-0.918839786504501,-1.4832306619197764,-0.5432613460114557,-0.5115736854266301,-0.0836742197898913,-0.6508828103369158,-0.3059638387021702,-0.4327052919718616,-0.416739505464673,-0.4294670332643982,-2.0895952769583435,-1.218080105238144,-0.8885993341144345,-1.8265311699257945,-2.0923506713990583,-0.9511848716553076,-0.8064574314792858,-1.8014135503445627,-0.4516350965816906,-0.6346552654014365,-0.5692458050951137,-0.5861241552667429,-1.6958454064818564,-0.9873611094746708,-0.86165222571676,-1.554041480227693,-1.5702154398036698,-1.0044042273015013,-0.9669081616048671,-1.4770153278012217,-1.7531435256804049,-0.883039117274683,-0.6515964542395369,-1.5632951375885196,related,9
UBERON:0002020,related,,gray mater,Mistral-Small-3.1-24B-Instruct-2503,-1,-1.3777395318995986,-1.1106824260053545,-0.8852619220069659,-1.3729098868042895,0.0805943627911736,-0.4544723362103751,-0.4498855432473998,-0.0925448838712207,0.4193343248469792,-0.0817667403102458,-0.0440396970407841,0.3158854578743437,0.84572187956294,0.7673088151966009,0.6549196943596559,0.8046503315743789,-0.9197845316144964,-0.8980640719601541,-0.6288916988797696,-0.9917698737958556,-0.6129014750890672,-0.6660419611400467,-0.5960282898527126,-0.720533946263498,-0.3364897571772181,-0.5972281780504509,-0.5421487882051322,-0.4845261923649897,-1.2587510916934324,-0.883790091562869,-0.7661752980289628,-1.2295764339648303,0.7724734916301776,0.2712301017187201,0.1608884053458167,0.7496790470901031,-0.0474870217529866,-0.4326835934744253,-0.4042132924233108,-0.2523588563771176,exact,9
UBERON:0002020,exact,,substantia grisea,Mistral-Small-3.1-24B-Instruct-2503,-1,-1.5379569767290664,-1.0935305870418712,-0.8737269235992929,-1.4903265925133131,-1.6951895534901125,-1.1388504769722276,-0.9258685871385638,-1.5929092026015506,-0.3017723909146387,-0.4183723238500015,-0.0784049030343019,-0.4300780608035995,-0.9390729697583032,-0.7990520678940521,-0.7285261725121236,-0.9624719266481984,-1.9799157956493847,-1.187302129997694,-0.8761013984651905,-1.754605196151284,-0.2432248599273155,-0.5483195569640241,-0.50203084366246,-0.4038851563060934,0.7631287649690262,0.296397619243624,0.2135174739770731,0.718013433537306,-1.9111377491974224,-0.9981685340500912,-0.8698251395848466,-1.7076815967988934,-0.5909542379193657,-0.703452480307589,-0.7195031338650578,-0.7175328285975605,-0.897496558175918,-0.741808092689674,-0.5742781421990812,-0.964757893929198,exact,9
UBERON:0002020,exact,,neuronal grey matter,Mistral-Small-3.1-24B-Instruct-2503,-1,-0.1850635080398536,-0.6059125103425839,-0.5159790949430628,-0.3704425257717932,0.0326731151684759,-0.477639964197199,-0.4538374635448904,-0.1429417325197367,0.6514779001466764,0.2303246028541443,-0.0064793519506004,0.598941064738482,0.0374814409987811,-0.2955102427161705,-0.277477499700799,-0.1092032350105769,0.8474970686758683,0.6648673741374994,0.3971074158130208,0.8664663480416472,0.5371651813098199,-0.060111024418605,-0.1396919823758578,0.3989760564178173,0.0216984631403205,-0.4670648995735716,-0.4548394129215581,-0.1477594006646175,-0.0847397547916778,-0.6197898335796187,-0.572323172038047,-0.2335186723070697,0.1828662162111574,-0.409077140443476,-0.1875429657860538,0.0167283142545879,0.6874858958383226,0.1391767617095327,-0.0335269988271526,0.5844317378300532,exact,9
UBERON:0002020,exact,,gray matter of neuraxis,Mistral-Small-3.1-24B-Instruct-2503,-1,-0.6202701697948485,-0.8023606744431026,-0.6681033555041195,-0.7688058384785772,-0.4269150238575092,-0.7222429171408329,-0.6194848629507291,-0.5878493331338681,0.5306125788287049,0.0815367367473097,-0.0249816880179864,0.4479323003634775,0.0288571800913326,-0.2042363176695648,-0.2383143987260284,-0.1175967368302301,-0.650846476080278,-0.7664541376565829,-0.611053556837988,-0.7728424768429667,1.0150591051478857,0.8044685679399242,0.6447834340049008,1.1029811490070591,0.182866057957907,-0.3504429784947704,-0.3480305054339286,0.0165895340598178,0.1242389463563901,-0.249151508544166,-0.2743044300030988,-0.0263660607764193,0.7313494552347416,0.2450138059425425,0.1265342694604399,0.6897021017107677,0.3465614126617623,-0.2560107065458273,-0.2933368124708652,0.153777816862872,exact,9
UBERON:0001985,related,,epithelium posterius corneae,Mistral-Small-3.1-24B-Instruct-2503,-1,0.0050545280334669,-0.4499027181765619,-0.443010953593796,-0.1790127828184423,0.2547035698198914,-0.2170387521529966,-0.2509761288905781,0.0987768907225207,-1.4751503841122988,-0.84119873582312,-0.1128372436828109,-1.4230925212332233,-0.3444638040771156,-0.6008024459813365,-0.5810831755724895,-0.4637746260003885,-0.5653039572833095,-0.7563337739176432,-0.6034741469008941,-0.7003436177623575,-0.0502033395311477,-0.4714826864780705,-0.4560035735023851,-0.2259771195285118,-1.3087142858900251,-0.9916769573495902,-0.85547200922017,-1.2727320924623815,0.1696885636845185,-0.4583845282310652,-0.4456611014611449,0.020469955545767,-0.4691805945638159,-0.7357021978455313,-0.6948535541036424,-0.6122263015413901,-0.0437423226812385,-0.5434812792017794,-0.4614953330884502,-0.2488037333042699,exact,9
UBERON:0001985,exact,,endothelium of cornea,Mistral-Small-3.1-24B-Instruct-2503,-1,0.8469570638640577,0.723045582532436,0.4920962255400605,0.922912811736206,0.903910284818372,0.8674378997779637,0.6475831848783611,0.999873167712497,0.491197882459968,-0.0076087825555835,-0.0333552262067426,0.4004560096848334,1.129817516876063,1.291905068986556,1.163508829823971,1.2339131086791582,0.5715340117874441,0.1658791400740944,0.0685707256476054,0.472473847968601,1.1777402730313926,1.646247314084818,1.3941486136404946,1.4600371829874887,1.2518953596649176,2.1208093938300943,1.967443931428936,1.6762430430247284,0.458899582999399,-0.2711222632105501,-0.2971328230024314,0.3369074556808509,1.0303226152867817,0.8780432035396415,0.6695715793832793,1.1818156981842425,1.1558632785498817,1.9823900445420213,1.6331743667927685,1.582191190528945,exact,9
UBERON:0001985,exact,,cornea endothelium,Mistral-Small-3.1-24B-Instruct-2503,-1,1.1758913775227164,2.950868986968376,3.143825486850228,1.721923215859213,1.1510118378249778,2.121357235818578,1.939805540501704,1.532394773127744,-0.8731275061995228,-0.6599844289729501,-0.0816447950655959,-0.9367214969541232,1.3481188651283775,2.2642790055787545,2.2742539389568783,1.662069436794986,0.3393221706537428,-0.1479266584722468,-0.1467877377278888,0.1884670300598974,1.230543340308093,2.225956011649559,2.013052846660057,1.6132966841772125,1.301771898441961,3.029166325877093,2.978321691024719,1.8536599850686264,1.1031309979584696,0.5905114811072419,0.413860144117787,1.2378336488777535,1.2677605598737045,2.6311180956730764,2.481470173469731,1.759580450212548,1.168134559881732,2.338362733967074,2.101592156790082,1.6367943967445286,exact,9
UBERON:0001740,related,,cartilago arytaenoidea,Mistral-Small-3.1-24B-Instruct-2503,-1,-0.1715777552936259,-0.4869062558994161,-0.4593058321253371,-0.3572676282449223,0.5877542994085776,0.2570691020632198,0.1392634060247629,0.5118655445533996,-0.0725275266733737,-0.4910143995498305,-0.0833772142430719,-0.2091875391272332,0.5396859390237828,0.0748053383536225,-0.0464267937207375,0.4219220498618916,-0.8441561027015932,-0.8492778185845211,-0.6702442697101837,-0.9314974555542946,-0.5027347229880438,-0.6212895111495746,-0.5524918751420856,-0.6290188770224667,1.0973399422844246,1.2354713420098062,1.048673411362179,1.2867768842245149,-1.452168069083246,-0.9057039229416044,-0.8106999434564518,-1.3754103089414826,0.2941347364079454,-0.2233351076179811,-0.3006330704154714,0.1388932782925167,-0.6594225544788506,-0.7069390036797251,-0.5510268573880912,-0.7806808578684354,exact,9
UBERON:0001740,related,,cartilagines arytenoidea,Mistral-Small-3.1-24B-Instruct-2503,-1,0.548150688005318,0.179657369158128,0.0981516344584451,0.4618415645828533,0.7423199310213104,0.521825086292019,0.3533936050674553,0.7342251540158098,0.0105156190352595,-0.388702734316664,-0.0746941708198443,-0.1259637276760545,0.8594179823868972,0.549781317146742,0.4117635358918485,0.8233453709819203,0.4040381858973938,-0.0574149049549996,-0.1489042483825142,0.264295253558936,0.7466272868113704,0.2000838550587544,0.0857234116447348,0.6720591973936445,0.919014201637908,0.6406426833277075,0.5282279947238788,0.9571106584986774,-0.3406225861417613,-0.56864443303671,-0.5631669569249882,-0.4716628041664934,0.6827470865246539,0.2092221180980153,0.1147677829587531,0.6211187800271482,0.4141331838406804,-0.2055869067806298,-0.2673358350705693,0.2315976942734709,exact,9
UBERON:0001740,related,,arytenoids,Mistral-Small-3.1-24B-Instruct-2503,-1,-0.1046954575963347,-0.468597525276101,-0.4302321915887471,-0.2910530234301525,0.2660490475020761,-0.1302513257678898,-0.1922101323034206,0.1117388829544226,-0.4070511750756131,-0.5825380104287018,-0.0831649207981939,-0.5276953462979548,0.3831259932362031,-0.0186415501262528,-0.0819806501546424,0.2460984654493457,0.7175745197919485,0.3824883596551425,0.1633723586936033,0.6713669920326858,0.6937888511697662,0.1214311510952106,0.0340793118079518,0.5993632409453007,0.2418207326809873,-0.2503027712604911,-0.2588884267871433,0.0791898651624651,-0.5794427498371831,-0.688724232618046,-0.628367344231436,-0.681487264967076,0.8708613511209724,0.5728783662584485,0.3875639361176604,0.9016193056403252,0.5430995465667271,-0.0879824338923743,-0.1894449321448184,0.3893627898945704,exact,9
UBERON:0001740,exact,,arytenoid,Mistral-Small-3.1-24B-Instruct-2503,-1,0.2260089610523686,-0.2086803645927143,-0.2242446089520441,0.0615776597473858,0.728912698154581,0.5185101577179754,0.3540448724144511,0.7138911513561961,0.2794499645225478,-0.3107385618850213,-0.0680504120492414,0.1578437871294743,0.5113497253318153,0.0788005860909871,-0.0107644248056343,0.3892625268003414,0.5073322845543441,0.0552367562996858,-0.0587954549594718,0.3904615272802262,0.7541421135909763,0.2105092425974134,0.11021418951615,0.6826444477035618,0.3083959041851784,-0.2028736726573589,-0.2270126991121546,0.1516939113691317,-0.4296313450600492,-0.6248338700709263,-0.5885461305358337,-0.551135000887179,0.938905525167956,0.7260080683626788,0.5222384906723052,1.015120532831542,0.6933730767270609,0.092215273080719,-0.0722746128337191,0.5929013526167711,related,8
UBERON:0001601,related,,musculi externi bulbi oculi,Mistral-Small-3.1-24B-Instruct-2503,-1,-0.7546236414371009,-0.8237458232347719,-0.7048079450315151,-0.8829892644283863,-0.169369574249418,-0.5574265642335622,-0.4920742247003855,-0.3463567986959485,-0.04823946840231,-0.4226015007121929,-0.0700040458592911,-0.185037924930268,-1.348938327800459,-1.1435953310629696,-0.9890365358983744,-1.279724118210847,-0.439811200086908,-0.6755459872143496,-0.5579975453933129,-0.5911747523059074,-0.1234903946622574,-0.5039654584045679,-0.4622629479347226,-0.2947184394570926,0.3603135455243533,-0.0766341660709285,-0.1316504960282935,0.2096857012114404,-1.0328900707571222,-0.7805488924712873,-0.6990846746422029,-1.0541097617331794,0.1629511620460137,-0.357026906765346,-0.3998498399511367,-0.0045643562819356,-0.3451330626191457,-0.6549549272285029,-0.522143435076513,-0.5210484400095338,exact,8
UBERON:0001601,exact,,extrinsic ocular muscle,Mistral-Small-3.1-24B-Instruct-2503,-1,0.1279996521573994,-0.3588990053960853,-0.3660370924618971,-0.047872680034639,0.1949802298074715,-0.2762206677397788,-0.2920337825250313,0.031593665454617,0.0430491478887593,-0.1578708631095366,-0.0429475516111286,-0.0928394219695797,-0.0513998855715096,-0.4695192804888002,-0.4652164291841348,-0.194766675003367,0.7374826518978538,0.4346590292488412,0.2841982793086002,0.7000182702978786,0.77954002233705,0.2515281268286569,0.1609590436187425,0.7189077071459374,0.9164724051192644,0.7035933598896976,0.5711634714439578,0.9529203365080064,0.0421811558831366,-0.4762607696246662,-0.4286240202500433,-0.109241143577499,0.849293500443882,0.4204578330219123,0.3309154901304446,0.8671842148969686,0.5694311228285752,-0.1217237046360463,-0.215677598158739,0.4233088535802325,exact,9
UBERON:0001601,exact,,extrinsic muscle of eyeball,Mistral-Small-3.1-24B-Instruct-2503,-1,-0.208092254145607,-0.5736279298109134,-0.5200383570931318,-0.3928087273239272,-0.1605005324555624,-0.5498085859372682,-0.5268659750454298,-0.3377086813579649,0.7657087445745373,0.3586191761396763,0.0101860877782499,0.7504034754566568,-1.3656102060899646,-0.9690869463810045,-0.8423370995576076,-1.2922688707300862,0.3538518873888028,-0.0931854156740267,-0.1744160152725754,0.2052918412836639,0.4663831952069118,-0.1386404712634145,-0.185421158955634,0.3144903777082958,0.7544587679891684,0.3888572511999721,0.296465160701613,0.7056304084583958,-0.180567031553917,-0.4867708925157301,-0.4728648229600399,-0.3245114812239293,0.6355694684409978,0.1164694257012478,0.0342660165983975,0.5566999896099782,0.3751567335602039,-0.3082436724640606,-0.3194043941756287,0.1863462806282283,exact,9
UBERON:0001601,exact,,extrinsic eye muscle,Mistral-Small-3.1-24B-Instruct-2503,-1,-0.1197330070188309,-0.538646959202253,-0.5008204622570037,-0.3060702638023857,-0.247983406397144,-0.5881790279309496,-0.5307062693161032,-0.4219902110697262,-1.0453622054592633,-0.7046843940295822,-0.1013350726234648,-1.0799876852216015,-1.1584874693614795,-0.9104257281634436,-0.7849348470625586,-1.1345177334576817,0.609146184525465,0.210221825265984,0.0982081867713633,0.5219556630458064,0.8063671172692451,0.2966085004911786,0.1791055336198023,0.7580751562759195,0.8871687612638107,0.6439886630688418,0.5399227145091223,0.9053989673418112,-0.0289057170900684,-0.5052210834318045,-0.4358354508252441,-0.1794019049490855,0.7573452564286998,0.1809018696515846,0.1314150624934809,0.7273958118600488,0.4424957833278834,-0.2395155529267154,-0.2857849533802027,0.2651880351825036,exact,9
UBERON:0001601,exact,,extraocular skeletal muscle,Mistral-Small-3.1-24B-Instruct-2503,-1,0.4351413731558269,-0.0333609643714754,-0.1112888588506867,0.3130826350326767,-0.0247221110800021,-0.4557019356782428,-0.4445907888502756,-0.2021577327351677,0.4179403881165436,0.0963985269875808,-0.0211421012576168,0.3142691439926702,-0.193488044701971,-0.8151936084595228,-0.7375073427472766,-0.3275273577723683,0.5331914636394811,0.1242932861055266,0.0199707222379182,0.4231390605572855,0.6853658560526249,0.1124293892118803,0.0347895147999651,0.5880394442325853,1.0929568315087723,1.3349425092826772,1.1467576150801024,1.2775942338196709,0.4790394055781174,-0.1561648449373977,-0.1251539362496201,0.3603188493329471,0.772346958333199,0.3312676425337956,0.2329638785858151,0.7494915738735435,0.7644516654465053,0.1510156951597232,-0.0243512721951968,0.6990726209238101,exact,9
UBERON:0001601,exact,,extraocular musculature,Mistral-Small-3.1-24B-Instruct-2503,-1,0.0177059814913782,-0.4229856385798814,-0.410707733661418,-0.1658064002222843,-0.353653213077724,-0.6489809363305222,-0.5822316176811446,-0.5209360304174192,0.6178956474968108,0.2738881327889342,-0.0058626225872565,0.5561073237781115,-0.4625024879959145,-0.8032897685018466,-0.7446710059793227,-0.5672346779091901,0.2969279837671962,-0.1495652270852714,-0.1998723774165046,0.1400048788668379,0.8015874440422165,0.2809388751934237,0.1801515964221776,0.7510290212497754,0.8724814667186437,0.6266335897733534,0.4855583558673803,0.8820997527326344,0.0152790214350962,-0.4149221809442177,-0.3614899891475409,-0.1359645014094576,0.9598407093601534,0.7677223280313231,0.7317184388669249,1.0517082194627578,0.7561252958417476,0.1335081784236587,-0.0390905273248573,0.6862342215599295,exact,9
UBERON:0001601,exact,,extraocular muscle,Mistral-Small-3.1-24B-Instruct-2503,-1,0.5086055969885276,0.0603767581877212,-0.0442773625091247,0.4085747711816592,0.2448195698240772,-0.2363350492681693,-0.283458470019827,0.0875377018308708,-0.500637747252224,-0.5293257610039598,-0.0828699635495048,-0.6126909792195898,0.3673735501132479,-0.226419798841568,-0.2857914864093561,0.2289934426211727,0.480958817458656,0.0571489069914093,0.0121942706652258,0.3576033112402579,0.9436180504817662,0.5899811225334755,0.4396591541329177,0.9752925828679372,1.265472809788566,2.8550545399710368,2.691447832153126,1.7202463086241218,0.2138415336153275,-0.3634609577878818,-0.3290145957186365,0.0666490543186551,0.8420968298185498,0.4739153665036683,0.7976185075443589,0.8558439513485924,0.8422962034878129,0.2992479227369503,0.0858429051523935,0.8251946161972142,exact,9
UBERON:0001567,related,,jowl,Mistral-Small-3.1-24B-Instruct-2503,-1,-1.191086618870419,-1.0948297794641382,-0.8620941635054715,-1.2321230618828245,-2.747331568443661,-1.3460794483049507,-1.0522922889389443,-2.290449510116362,-0.4629598914313766,-0.4929613076131336,-0.0685432125884153,-0.578664323379589,-0.6373786471258732,-0.6659422974788157,-0.6090810511417754,-0.7161391082646841,-1.5975361771828087,-1.1157697637352524,-0.8288713631573862,-1.494759023490578,-2.6102418424360776,-1.0099767928104464,-0.8560046945259737,-2.13912453368136,-1.5886654059214929,-0.9086414316028169,-0.7869291679158649,-1.477529412526125,-1.1240141293118966,-0.9289396036547912,-0.8345156687952034,-1.1256186507289916,-2.143543527432876,-1.176816841687056,-1.0995143085431478,-1.870591294508701,-2.182946431458172,-0.9724232454163448,-0.6850579155288008,-1.837172932123035,related,9
UBERON:0001567,related,,buccae,Mistral-Small-3.1-24B-Instruct-2503,-1,-1.713913477632623,-1.201391309953065,-0.947029548935023,-1.6159844752900554,-1.9064258849531388,-1.1802370337841646,-0.9317869928450828,-1.740322810638923,-0.513359440394488,-0.5134316576031048,-0.0760893041146368,-0.624122969742356,-0.945984910651788,-0.8211270771582481,-0.7429133961169392,-0.9679764882971208,-1.1490294927545577,-0.9776656078376544,-0.7223951068173123,-1.1689290027609764,-0.3840677738550885,-0.5987817152470822,-0.5441596460854833,-0.5278563751200497,0.0645820035068324,-0.3076854578105186,-0.3237881501169042,-0.104928955671625,-0.5666160576791545,-0.8035131152631677,-0.7452175482846846,-0.6704841606749197,-0.8560793835909326,-0.8589439733803939,-0.8513543338326856,-0.9371009496834232,-1.0596971896652283,-0.7751544181671689,-0.5970601526503396,-1.0850715446002088,exact,9
UBERON:0001562,related,,musculus digastricus,Mistral-Small-3.1-24B-Instruct-2503,-1,-0.1945738246772536,-0.5476858257302131,-0.5036204248431859,-0.3796992023935819,0.4651043274303489,0.0111344215770445,-0.0855646969156408,0.3510101768043948,0.5083299883385082,-0.0370597102296034,-0.0410466402616417,0.4209929908178855,-0.568830148044997,-0.6512304977818646,-0.6316193445489997,-0.6583569852596327,0.4649489020377669,0.0184674052895551,-0.1170442869025279,0.337879508844023,0.907726385899171,0.5251650664794726,0.3770743997022445,0.91537964959901,0.6450436833606045,0.2510587599067095,0.1759021548199988,0.5559007230864347,-0.3223492906683435,-0.652607164875811,-0.5978881249518467,-0.4551470985507783,0.7658415741382529,0.3913810368269643,0.1846351149498132,0.7398781825381259,0.7103029143796697,0.190786190838866,-0.0075851971759266,0.6175188446675294,exact,9
UBERON:0001562,related,,digastricus,Mistral-Small-3.1-24B-Instruct-2503,-1,0.0539875717920377,-0.3730377391180768,-0.3752219795289232,-0.127577981070585,0.1550326553429307,-0.3037562145128724,-0.3338845475660794,-0.0124076063040698,-0.1497324558715961,-0.41089026996531,-0.0505485907380955,-0.2849563436388583,0.2083403442050451,-0.0373918979162765,-0.1316536071603155,0.0615071170627674,-0.0576238994057898,-0.4673113213148653,-0.4324786387202008,-0.2343665409435528,0.3541711628214389,-0.1990385006441334,-0.2381737611117431,0.1868024793836345,-0.1431509447288138,-0.4495849223901147,-0.4144039077154491,-0.307060038203382,-0.0314819057185156,-0.5183537530010249,-0.4960117690977866,-0.1819175509597176,0.7951794271026916,0.3942555834833962,0.2398739376455358,0.7836289744214127,0.1442934815275443,-0.368303813374023,-0.361790131526622,-0.0634951578281292,exact,9
UBERON:0001562,related,,digastric muscle,Mistral-Small-3.1-24B-Instruct-2503,-1,0.9396581435371136,1.107021068576434,0.8376085227052809,1.0978594248150488,1.0869871562053286,1.6849684147347803,1.4488880333180991,1.370878604678554,1.23628631368828,1.3910114773503497,0.1234370393615802,1.5269996509824313,1.1963322007956518,1.68679603448189,1.6015845335658647,1.3514687901105258,0.92432910440338,0.8539772839183188,0.5861646090434002,0.9924071004696692,1.1457166905933,1.4668128223137544,1.2813378648257367,1.3791320126813469,1.0794307555207268,1.3109977736180385,1.131993326336134,1.2496905704041084,0.8645556968133895,0.2689661505439931,0.1606919720473283,0.8576220854276959,1.104485424863935,1.4028285527324054,1.2154785443645617,1.3331617316521005,1.109242110514417,1.5601643169201402,1.1861474682186082,1.4139831294079457,exact,9
UBERON:0001562,related,,digastric,Mistral-Small-3.1-24B-Instruct-2503,-1,0.2390720021591826,-0.2429871084230463,-0.2686154070808233,0.0765312843571592,-0.0885728442396371,-0.4833170828524256,-0.4601953670801836,-0.2666605211404894,0.02735254283974,-0.3322097090214326,-0.0497991672419341,-0.1088588769408225,0.5590362609610572,0.3531478197156637,0.2407592504573553,0.444455403910131,-1.0483241211423129,-0.9574678871393596,-0.7272435140190702,-1.0920867579892355,0.3332623742831823,-0.2115621773971257,-0.2323424139394548,0.1637640919244646,0.1021617759691877,-0.3603587183444598,-0.3608502254996647,-0.0668772668255756,0.085653300399522,-0.4448908700168356,-0.4236589654256206,-0.0655980796315106,0.7973333526608644,0.390592241639434,0.2210040969038396,0.7868820644870174,0.2593182320832053,-0.2909880925493546,-0.2991892684485058,0.0574245035873375,related,9
UBERON:0001562,exact,,musculus digastricus,Mistral-Small-3.1-24B-Instruct-2503,-1,-0.1945738246772536,-0.5476858257302131,-0.5036204248431859,-0.3796992023935819,0.4651043274303489,0.0111344215770445,-0.0855646969156408,0.3510101768043948,0.5083299883385082,-0.0370597102296034,-0.0410466402616417,0.4209929908178855,-0.568830148044997,-0.6512304977818646,-0.6316193445489997,-0.6583569852596327,0.4649489020377669,0.0184674052895551,-0.1170442869025279,0.337879508844023,0.907726385899171,0.5251650664794726,0.3770743997022445,0.91537964959901,0.6450436833606045,0.2510587599067095,0.1759021548199988,0.5559007230864347,-0.3223492906683435,-0.652607164875811,-0.5978881249518467,-0.4551470985507783,0.7658415741382529,0.3913810368269643,0.1846351149498132,0.7398781825381259,0.7103029143796697,0.190786190838866,-0.0075851971759266,0.6175188446675294,exact,9
UBERON:0001562,exact,,digastric,Mistral-Small-3.1-24B-Instruct-2503,-1,0.2390720021591826,-0.2429871084230463,-0.2686154070808233,0.0765312843571592,-0.0885728442396371,-0.4833170828524256,-0.4601953670801836,-0.2666605211404894,0.02735254283974,-0.3322097090214326,-0.0497991672419341,-0.1088588769408225,0.5590362609610572,0.3531478197156637,0.2407592504573553,0.444455403910131,-1.0483241211423129,-0.9574678871393596,-0.7272435140190702,-1.0920867579892355,0.3332623742831823,-0.2115621773971257,-0.2323424139394548,0.1637640919244646,0.1021617759691877,-0.3603587183444598,-0.3608502254996647,-0.0668772668255756,0.085653300399522,-0.4448908700168356,-0.4236589654256206,-0.0655980796315106,0.7973333526608644,0.390592241639434,0.2210040969038396,0.7868820644870174,0.2593182320832053,-0.2909880925493546,-0.2991892684485058,0.0574245035873375,related,8
UBERON:0001543,related,,popliteal lymph glands,Mistral-Small-3.1-24B-Instruct-2503,-1,0.9801369545074116,1.2309323447536622,1.0005960799418352,1.181987659392358,0.9617916348881402,1.1124509844801982,0.9003363631246518,1.10679450904896,0.9494401506118324,0.4187393372294236,0.0091082046448711,1.0171945233985462,0.8710728981863163,0.2727910816924308,0.1334721966811718,0.8393833784387411,0.9950739580900436,1.0635275757284637,0.7951373780841177,1.117332046620006,0.8767585301382131,0.4199146889181765,0.2858823505966663,0.8655937958167237,0.3158174281236363,-0.2558934399985429,-0.2638066751576946,0.1599030376812565,0.9756465612945447,0.5266659242463635,0.422536951851794,1.0249135317186493,0.7915063871033913,0.3883692295778866,1.064079274289381,0.7780947688560134,0.9531598332890884,0.6542080267154462,0.3209348061417834,1.0297266932904876,exact,9
UBERON:0001543,related,,popliteal glands,Mistral-Small-3.1-24B-Instruct-2503,-1,0.3223357663825664,-0.1659924349203862,-0.2241733391012217,0.1740700417570986,-0.0319580563943482,-0.4324834373246015,-0.4471345501258943,-0.2095384915564697,-0.962768182932413,-0.7540343597327639,-0.1082597052780539,-1.011746708451083,-0.5403395347727225,-0.828238578247275,-0.7328164158692888,-0.6341234402661934,-1.2318774016811185,-1.0067257558749156,-0.7330648531350001,-1.2310622158797055,0.0301813477956999,-0.4321749724611746,-0.3935359857494492,-0.1487203871278944,-0.9288702364908846,-0.7922199879373893,-0.7008386951245533,-0.9813225019563072,0.4959774425933834,-0.1340582225070407,-0.1645349893121773,0.3801684621688641,-0.0979755087489686,-0.5834575454907661,-0.1030954326884442,-0.2698289505759546,0.3280180054904328,-0.3045495116854638,-0.32520285074977,0.1329287223628176,exact,9
UBERON:0001534,exact,,arteria subclavia dextra,Mistral-Small-3.1-24B-Instruct-2503,-1,0.0360654325801875,-0.3813656295875443,-0.3880542161577787,-0.1465285221103432,-0.058370266314024,-0.4499668341086889,-0.4330630451733279,-0.2363237262000037,0.2544934169911951,-0.2269575834007602,-0.0525960774310777,0.1304711071894302,-0.2418581158737397,-0.7768053732891443,-0.6949097446218029,-0.3716883931583111,-0.4505723525765865,-0.6818590581225688,-0.5307588554687831,-0.6006741443557817,0.7686903010214946,0.1951060820399612,0.082741930654866,0.7033224251886282,0.7562042654059654,0.2094136842212187,0.0840077022318857,0.7081167631406359,0.2368693657947848,-0.3269960165091461,-0.336198840385691,0.091010950616148,-0.0321074214590636,-0.3035870957026139,-0.3585836144406341,-0.2050776599339114,0.0299529628816445,-0.4688342765066847,-0.4062605248319114,-0.1778177671020197,exact,9
UBERON:0001507,related,,musculus biceps brachii,Mistral-Small-3.1-24B-Instruct-2503,-1,0.7685058160354457,0.5008046791014026,0.2717775271773806,0.7893879082588938,0.7904314347721488,0.4418363040071694,0.2843859308083749,0.8091183427066361,0.006861826843444,-0.282445721738282,-0.0554978504552516,-0.1296650843532222,0.84864687108165,0.2278938551455043,0.1192253052277873,0.8086293537922576,0.9507112149950436,0.9081934719576068,0.58470607175099,1.0378799329386208,1.1901062703778331,1.7669326321030248,1.6288962201697357,1.4933818166984476,0.9190688376233904,0.5496956549688672,0.381314398605605,0.9572008535363612,1.0186861641800868,0.6046890339795051,0.4824176726246604,1.0939290154976764,0.8969615244130033,0.8628642453373664,0.6560273690063556,0.9442405340106284,1.038472096969963,0.9744736392660736,0.6124695777394372,1.2186471722381176,exact,9
UBERON:0001507,related,,biceps muscle,Mistral-Small-3.1-24B-Instruct-2503,-1,0.4724380275906046,-0.0101339294590453,-0.1105108885106567,0.3610274372708911,0.5530686658594702,0.0343015291391059,-0.0320164966947306,0.4651525670526436,0.1834823082622248,-0.1693765587294728,-0.0485044804958541,0.0538216958491015,0.6192222002798862,0.1401124347450561,0.0301889350837689,0.5158049352560476,0.4500302279838029,-0.0247400442897409,-0.0836356235985858,0.3196469224051573,0.8373825111550739,0.3431765169281915,0.2017089259940157,0.8045529629797807,0.0789235419647667,-0.4420652093205547,-0.4034812691491474,-0.0904657837161893,0.9711031635540696,0.3860563840136312,0.2761256266696064,1.0177778042449332,0.583451332756103,0.1723766991000895,0.1410726258764675,0.4877619194012845,0.6403306553846055,-0.0312727520378338,-0.1418156219569971,0.5181755652660767,exact,9
UBERON:0001507,related,,biceps cubiti,Mistral-Small-3.1-24B-Instruct-2503,-1,0.7046269957760936,0.3800489806315397,0.2744169241679769,0.6881709618870198,0.8053117936596247,0.4959546768660162,0.3222155539873947,0.8329346510499318,-0.1361567744342364,-0.3575060770489213,-0.0632391805662247,-0.2717398901861199,0.6885373731388392,0.0994950735587048,0.0058837879579473,0.6005379091296987,-0.9077441417204224,-0.9002189506780376,-0.6802779811242383,-0.9822380644112708,0.0674812817894733,-0.4073868140126511,-0.3972305443860565,-0.112160609628858,0.0840735951933494,-0.391453932691737,-0.3390843361436843,-0.0852545720959022,-0.5479092430796824,-0.7614024063285483,-0.6906907546353371,-0.6543856592859636,-0.0890381116934504,-0.4375231687763524,-0.3415806591272861,-0.2611228189862556,0.212700676131729,-0.3879464915017046,-0.3685859847129034,0.0076377216120831,exact,9
UBERON:0001507,related,,biceps brachii muscle,Mistral-Small-3.1-24B-Instruct-2503,-1,1.0939541491677558,1.9383103094670693,1.7497061377110443,1.457574152865314,0.9204967364141132,0.802907437884509,0.610670989251691,1.0297451417268773,1.062172378356006,0.9404193736824408,0.0635635903292264,1.2000418537554,1.3043852863933656,1.772402076881483,1.7147904275739785,1.5648654562562958,1.0373860317648218,1.1890245474500178,0.8215650421091837,1.197086747670757,1.2432314559886593,2.424832114722271,2.395478042291843,1.655375288454662,0.9557540477562776,0.6125799168526872,0.4795310236671733,1.018994037929769,1.2641410766198022,1.445481431412307,1.2379134437702897,1.55612090903553,1.0622340268338364,1.4467996211528358,1.245107488232913,1.2448456389595552,1.0662361225391244,1.1716398993087087,0.7649536238204806,1.2895974545620572,exact,9
UBERON:0001507,related,,biceps brachii %26 brachialis muscles,Mistral-Small-3.1-24B-Instruct-2503,-1,0.6254415645737632,0.2097685583688107,0.0819112059868624,0.5702495787421555,0.6175522918535323,0.1173541380075606,0.0382192875372792,0.5528458720356312,0.6600081617784007,0.1373874072870196,-0.0045381346444611,0.609936452185014,0.3268319881658062,-0.4046381808755845,-0.4035280180016495,0.1854187869518486,0.225954077437178,-0.2304330170421965,-0.2567828060433297,0.0608510249816461,-0.0587887248828482,-0.473882930928277,-0.4416492677637977,-0.2341107000740672,-0.2395712271684649,-0.5770593422034777,-0.5377984901516171,-0.3967166728907808,0.0096970350329912,-0.4670361825889112,-0.4176294415404197,-0.1414828544083624,-0.5638096287692231,-0.6500928176269072,-0.4905583424540946,-0.6943206540888939,0.695700806851445,0.0733553267485269,-0.0755387823522363,0.5962629020773357,related,9
UBERON:0001489,exact,,joint of terminal segment of free upper limb,Mistral-Small-3.1-24B-Instruct-2503,-1,-1.2809865386829526,-1.0269467776517744,-0.8359337108127868,-1.3004974526622592,-1.367184105797467,-1.0424911085925517,-0.862821895636527,-1.3548108545917077,-1.0764275209978509,-0.7148432847878632,-0.1006599804461817,-1.1054447006119532,-1.4548244951504137,-0.900172752406262,-0.797531735198442,-1.3589702487906652,-0.848011101906731,-0.8783190726290943,-0.6720856628176962,-0.9345930891549123,-0.7324351393146704,-0.6876885866744958,-0.6081650202529576,-0.8174681968282774,-1.3046932404510034,-0.8669595246890277,-0.7496287619128222,-1.2697339763689326,-0.7354035769863762,-0.7401574283492307,-0.6594423718033456,-0.8130923926072599,-0.61852348423564,-0.7016612273598658,-0.7032883465612291,-0.7409604507532032,-0.7644521526272139,-0.7319436229645027,-0.5612192912024802,-0.8630725971313739,related,8
UBERON:0001489,exact,,articulationes manus,Mistral-Small-3.1-24B-Instruct-2503,-1,-0.1858964168293561,-0.5688758119483354,-0.5240349412892085,-0.3712543526452554,-0.4969525756820288,-0.710978026436099,-0.6094397016138631,-0.6506198682332435,-1.335224074836013,-0.8036055163521728,-0.1100867265133803,-1.3134197152532476,-0.2371114550361802,-0.4576060543439257,-0.4486544473379992,-0.3673767160498052,-0.8561684012337464,-0.8906900454245827,-0.6864955129534229,-0.94113515196817,0.961361180208614,0.6439192800062845,0.4859916506220145,1.0058823878314824,0.9571048613376484,0.615477571717653,0.4600578729875664,1.0213184584001942,-0.6534415810437953,-0.7681599954027039,-0.6995883984676438,-0.7444220294982268,0.7740726723383199,0.3399299871399329,0.2047674770371252,0.7520500259192611,0.832726244967124,0.4635165858205416,0.1684561463069973,0.8090384838845918,exact,9
UBERON:0001304,related,,ovary surface epithelium,Mistral-Small-3.1-24B-Instruct-2503,-1,0.5751388794835397,0.1378693933764447,0.0034510172458773,0.4990175928657315,0.6981051833970431,0.3786244342044753,0.2512258892450973,0.6679858793578904,-0.1756492110623736,-0.3588419842510033,-0.0455741990002318,-0.310064998297748,0.7036058711713091,0.1694286198706172,0.0552740272379974,0.6193502004515862,0.4745604695626845,0.0442180106425063,-0.0750801740281753,0.3497008863318672,-0.4652617502197399,-0.6243362848477081,-0.5599253610669505,-0.5973762651110598,0.4933607325302946,-0.088053185305058,-0.1312440760483588,0.3649002866428022,0.7141172288584339,0.0058996838613022,-0.0494731702391774,0.6507587999221163,-0.08986736945896,-0.3942539639512197,-0.445229851418426,-0.2619316511434016,0.6359915104908024,-0.0309325752087672,-0.1581762506007069,0.5122130077300239,exact,9
UBERON:0001304,related,,female coelomic epithelium,Mistral-Small-3.1-24B-Instruct-2503,-1,0.4174424090036013,-0.0567383469090168,-0.1366609677661863,0.2906951207885023,0.416985834678885,-0.0216848682496632,-0.0932692377909811,0.2909354318767873,0.4479134914958335,-0.0812325375639216,-0.0360674533776064,0.3492219893682808,0.2019047075871496,-0.2966358811966711,-0.3104065185365105,0.0549146683050572,-0.0472171302511127,-0.4364177322840188,-0.4313481999802355,-0.2240531377361654,-1.1230829130345097,-0.7875573731347434,-0.6944627747128406,-1.1197317054411633,-1.274974933929611,-0.8549795731871259,-0.7418944758410797,-1.2475227171384116,0.4149137647496617,-0.2180161201117371,-0.2321538349197484,0.2864683687266221,-0.7881531643123187,-0.7288170003518364,-0.7410444991112898,-0.8820144592141499,-0.8343965469743692,-0.7890096758813429,-0.5901365788994523,-0.9168874041032672,related,8
UBERON:0001304,exact,,ovarian surface epithelium,Mistral-Small-3.1-24B-Instruct-2503,-1,0.4919919171605202,0.0213519151051097,-0.0891745498428361,0.3866001287248677,0.7684712182509648,0.5339615438194395,0.3815136070677988,0.7745471616178962,0.4402645427058257,0.0290061149431623,-0.0231256863630658,0.3402623733948662,0.6055703286354334,-0.0274355700750168,-0.1148091557971592,0.4994474944589374,0.4314661595021105,-0.0028106733855666,-0.0913496094310352,0.2971519286704592,-0.4690393197744881,-0.624778772526032,-0.563628297792452,-0.6005784268106233,0.5048974878230463,-0.0798312588067903,-0.1243299449117969,0.3788565939145138,0.7980913986927464,0.1399361215427721,0.0460762405263182,0.7637864879041453,-0.0018366535084266,-0.3423969615859619,-0.4286333964945393,-0.1748496934997293,0.5456759944742975,-0.1360569021131332,-0.2171754550813579,0.3926557826151015,exact,9
UBERON:0001304,exact,,germinal epithelium (female),Mistral-Small-3.1-24B-Instruct-2503,-1,0.9219869893611654,0.974864346884868,0.7318910046465267,1.0627714943565694,0.8092605790130749,0.6352224989833495,0.4566426981185386,0.8393097989666475,0.7510181446644907,0.350865095641322,0.023628256679902,0.7303848725426143,0.7496214511303834,0.2981641326474838,0.1693938440823799,0.6777316538150692,0.5907571468372794,0.1851661415192289,-0.0017182182940233,0.4976242734634221,0.5050666787869306,-0.0722231447139119,-0.1339366597301996,0.3602507381060922,0.1845605889703359,-0.2994224057044137,-0.3058579614403628,0.0183689779193811,0.0492288963540547,-0.3789176570178654,-0.3659088970779661,-0.1022047360967868,0.3826422755736468,-0.1782639008344102,0.0943510608224328,0.2403506954439511,0.4060658522590751,-0.2482230071499576,-0.2775386792972758,0.222147189600226,exact,9
UBERON:0001224,related,,pyelum,Mistral-Small-3.1-24B-Instruct-2503,-1,-0.8397117401042697,-0.8699297283361385,-0.7254254449323574,-0.953526215369632,-1.09882356599911,-0.9941536257405204,-0.8295756352670854,-1.1503234251774617,-0.812821846954409,-0.689796125322875,-0.0991027214693425,-0.8856529708941799,-1.1571355515508857,-0.8396019353554665,-0.7474657823263147,-1.133473918504613,-1.5070841526716736,-1.072283574340355,-0.7840739225951742,-1.4310262906509783,-1.7025304413569735,-0.8896302312873162,-0.7400360067691297,-1.53656318120871,-0.5036016656690588,-0.6973328857300809,-0.6114539718887811,-0.6310834853933807,-1.8297514979340883,-1.0451431323206637,-0.9188676327989822,-1.6500316708853198,0.0370619695904305,-0.4323067518354018,-0.4931266531254229,-0.1355493183291438,-2.184274646341826,-1.011542258099005,-0.7121843706144229,-1.8379979130636248,exact,9
UBERON:0001224,related,,p. renallis,Mistral-Small-3.1-24B-Instruct-2503,-1,-0.2184897090262502,-0.5866743219698848,-0.5257182410280928,-0.4028534969458479,-0.4290241489351829,-0.7244613247014086,-0.6394490861914854,-0.5897563403459952,-0.6316847334350228,-0.6711478917176482,-0.0989906942299174,-0.7291374049321251,-0.5115380746000416,-0.5484249585734585,-0.5175953563085725,-0.6094912528779372,-1.547001977961198,-1.085591081698687,-0.8199503282408916,-1.459267180654472,-1.505098143582776,-0.8534598116162111,-0.7348479969656498,-1.3980497417157225,-0.6256401093315014,-0.7021758359088296,-0.6162729319125073,-0.7346604764409952,-1.0942899661898562,-0.7981170470407952,-0.7206667818432074,-1.1024030815650343,-0.9643053856411612,-0.8932716220786275,-0.8199365322998887,-1.023350534623398,-1.470761119724306,-0.9245698469737592,-0.6646504475643639,-1.3747662011331458,related,10
UBERON:0001183,related,,arteria mesenterica inferior,Mistral-Small-3.1-24B-Instruct-2503,-1,0.4029221251398613,-0.0548221511192204,-0.1132880490349603,0.2724962147775462,0.4588336407579573,0.0132656478909571,-0.085879823802873,0.3430918738196746,-0.4581184435934748,-0.4003672164672087,-0.0726533099285315,-0.5742734937709683,0.6328580995539623,0.0468100764247478,-0.0209185621450167,0.5322487354711959,-0.610213401498769,-0.7529507318847595,-0.5564396772050375,-0.7385905970594069,1.1165393107674833,1.2660631545847087,1.0847971237140204,1.31100059394268,1.2320845144214394,2.2438773913622856,2.088502075216516,1.6161872586140351,0.4890386928384858,-0.2240972682625858,-0.2788417894429552,0.3720190228831184,0.7901188101009308,0.6019903925971715,0.5326944325867973,0.776008402066762,0.9723183267624054,0.7493080685489409,0.3990161689108235,1.0691381408387652,exact,9
UBERON:0001161,related,,corpus ventriculi,Mistral-Small-3.1-24B-Instruct-2503,-1,-0.8450470840530532,-0.8859668941476293,-0.7522532444936716,-0.95790583687971,-1.868784680695038,-1.167592201724695,-0.9361870555973988,-1.714365010825907,-1.6524043331893614,-0.8675710363196647,-0.0984710122487489,-1.559552412697977,-1.6785732407970666,-1.0748827120525513,-0.9330174943817648,-1.5232892251671568,-0.7600764955985027,-0.8343644283212693,-0.6586568716649339,-0.8633326468817853,-1.108320613889572,-0.7989478412392177,-0.6938532521122837,-1.1086650009998045,-1.1155071706305075,-0.9017697060043248,-0.7940037993048631,-1.1266682177921592,-1.0592081518166228,-0.8466392033066803,-0.7573631058167524,-1.0748664634572542,-0.9826226888529308,-0.7863196496243781,-0.8077932398770821,-1.03777172640224,-2.196914360240472,-1.0000336725390206,-0.7108704336226535,-1.8458426123470075,exact,9
UBERON:0001161,related,,corpus ventriculare,Mistral-Small-3.1-24B-Instruct-2503,-1,-1.3373851705731412,-1.031974186046774,-0.8645846909510666,-1.3428511514150885,-2.298891661971094,-1.2438795983392383,-0.9860593605404636,-2.003704521459259,0.1394940215830249,-0.2583569714506645,-0.0504680854776261,0.0072096592075702,-1.961903842523946,-1.2036388171139705,-1.0236095024155574,-1.7259529277047971,-0.7512622905773383,-0.8178336642578841,-0.6341704920459221,-0.8561135230990854,-1.2515643932758294,-0.8299502693115831,-0.7230081552839756,-1.2150124931480388,-1.2552590900638747,-0.9354509682502268,-0.8207912275422039,-1.2327349895774848,-0.240246046667781,-0.5248999584876526,-0.4949654180660383,-0.3800523828370821,-1.7077571336194313,-0.981892500684484,-0.952294142204631,-1.574180510932349,-2.2468044642852405,-1.0054595066214216,-0.7109992365361945,-1.8767000923432289,exact,9
UBERON:0001161,related,,corpus gastricum,Mistral-Small-3.1-24B-Instruct-2503,-1,-0.5358933112709694,-0.7613999335194556,-0.6415172508097673,-0.6951908284091113,-1.126406821801382,-0.9670618977421772,-0.7930223930262156,-1.1717908894275202,0.2056317396942407,-0.2274886935543431,-0.048961183725999,0.0775391156531451,-0.958555166138174,-0.877665429635945,-0.7802782909296886,-0.9779724574621208,-0.2159014368378142,-0.557310887863548,-0.4600919425821047,-0.3870454048060249,0.636210674326025,0.0283757353561835,-0.0642655222099927,0.5232863009605329,0.560021935325059,-0.0786483907852005,-0.1322120287515006,0.446770168745484,-0.2827289660306894,-0.5756357322685178,-0.5314719186763951,-0.4190933736824109,0.0152539201122959,-0.3593513820950579,-0.420987776343283,-0.1576469905455921,-0.0932469657632688,-0.5648751866069489,-0.4730604999971556,-0.2954168744199411,exact,9
UBERON:0001125,related,,serratus lateralis,Mistral-Small-3.1-24B-Instruct-2503,-1,0.6728408881406457,0.343011125052173,0.1785853879639164,0.6399154301716541,0.8658691544133632,0.7185140695912797,0.5181055514703014,0.9334361448942384,-0.7570128074658964,-0.6259234515105175,-0.0880019830589338,-0.8379438980914891,0.7267580268061732,0.3039023652328299,0.1916890488021651,0.6485443932501419,0.7304879027795628,0.403772541717946,0.2091061283891806,0.689904789186576,-0.4011438486137465,-0.573097690191166,-0.5225605887284198,-0.5425896483523606,-0.3426187731009022,-0.6128247569231257,-0.5390740658385917,-0.4900062564948689,0.9287448748305568,0.3375517068120151,0.2421196314690918,0.9525213633268949,0.197943695118367,-0.2672262515590788,-0.3446000550356213,0.0329596292944826,0.7601259368646583,0.2199993064531246,0.013957520270549,0.6923885413375124,related,8
UBERON:0001125,related,,musculus serratus anterior,Mistral-Small-3.1-24B-Instruct-2503,-1,0.4222431061584553,-0.0560724481320872,-0.1294248328112748,0.2967450698332836,0.3646040515458199,-0.1429961931427697,-0.2011328420068729,0.2272421875414119,-1.6031566485647906,-0.7878067168326184,-0.1026847090065956,-1.5219004543204933,0.3397839423493971,-0.2231748959812159,-0.2432366619661962,0.1992708627068043,0.3318023291549314,-0.131385668470004,-0.2274318813344403,0.1798032495530534,-0.231357062129523,-0.5188157652813561,-0.480370362158639,-0.3932278057546894,-0.3224939748065166,-0.6305957825795159,-0.5608135170670755,-0.4719806544492017,0.1611501430169083,-0.4549648318563998,-0.4312426215668411,0.0116180429610318,0.2827939215872175,-0.1610170617820599,-0.274529809270047,0.1261800414778544,0.4761593740737426,-0.1431845803306113,-0.2287114161701814,0.3058284476623787,exact,9
UBERON:0001125,exact,,serratus anterior,Mistral-Small-3.1-24B-Instruct-2503,-1,0.5581289074935821,0.1482738548320394,0.0438294185629049,0.4755059231953147,0.6307265580327426,0.2083887701113457,0.1088799436531495,0.5712281194010834,-0.2421698576790515,-0.4639736993867576,-0.0835993367135195,-0.3738005589563145,0.3633345881477595,-0.0219102109398107,-0.0659126880746046,0.2246236101967656,0.7534255802249317,0.4382178830617122,0.1879949719076044,0.723264241965708,0.1307857110026744,-0.3378961525532726,-0.3413703467304047,-0.0490013445842215,-0.1445629179954262,-0.5782649369834332,-0.5252229888206394,-0.3083906011932477,0.8870791414639989,0.251321810036463,0.16994658697816,0.8904103740745467,0.5357990360894309,0.0690114708195074,-0.0324711668510947,0.4265902597143789,0.4315599410476634,-0.2071415713033612,-0.2608102670567547,0.252168110788378,exact,9
UBERON:0000998,related,,vesiculæ seminales,Mistral-Small-3.1-24B-Instruct-2503,-1,0.0413263848424294,-0.4020483864036171,-0.4058670332421295,-0.1409793277211381,-0.493046500887957,-0.6885388894794159,-0.609628670911241,-0.6471486835890897,-1.0433544285617804,-0.8157079999084073,-0.1115849299960393,-1.078338504394848,-0.4311851747149396,-0.6521891342255964,-0.6262722391590373,-0.540030122609975,-0.1660868086561759,-0.5252429066901901,-0.4661005513074713,-0.339806001892477,0.2136583536327701,-0.3152222497983525,-0.3282564947509971,0.0359684233194869,0.8905582310199035,0.3406078510795151,0.2245873657312394,0.9108237350377448,-0.3171372862035814,-0.6616793791871116,-0.6203999442666858,-0.4504234989517046,0.2298493876463492,-0.3779687924938175,-0.2068667896141134,0.0676310803284823,0.0265514117887738,-0.4776242993922511,-0.4307822009868546,-0.1811384215552184,exact,9
UBERON:0000998,related,,vesicular seminalis,Mistral-Small-3.1-24B-Instruct-2503,-1,0.3552460923090206,-0.1276888711572875,-0.1969323892290966,0.2137570375927147,-3.929053734386213e-05,-0.3976858249517939,-0.3777544866574771,-0.1768399721299353,-0.1734913415848605,-0.4360185470670638,-0.0765315152910298,-0.3079804674143535,0.3483336655284214,-0.1578675070983245,-0.1966132989133772,0.2084499140057247,0.1879334995143078,-0.2772444375130871,-0.2886151180607204,0.0194024007753786,0.5113968554947513,-0.0771291320186243,-0.1156495832698343,0.3678321053600297,0.4376352891879739,-0.2696261300358419,-0.2785060509177733,0.2986533925067269,0.5700666921070081,-0.1707626473517715,-0.2089380713255735,0.4688104925177175,0.7692115061267119,0.2159906497796679,0.6482822681405314,0.7448520088157153,0.1465365856842052,-0.4270172292474524,-0.3944980212000772,-0.0611969759995629,exact,9
UBERON:0000998,related,,vesicular glands,Mistral-Small-3.1-24B-Instruct-2503,-1,0.0454735475547688,-0.421861862816326,-0.4114361488121892,-0.1365969851542348,-0.0160604096380386,-0.4058681280505806,-0.375980203926118,-0.193298196153911,-0.3724609930229284,-0.5923320463908104,-0.0919999435488555,-0.4958648662162558,-0.4492462396792514,-0.6646597812514331,-0.5864403563710675,-0.5557402815872979,-0.3288892162314508,-0.6342438326009212,-0.5197587258503781,-0.4916496151946194,-1.1795144703063625,-0.8058377322687283,-0.6893024201532283,-1.1618060401154375,-0.8104968888993573,-0.885088500221093,-0.7789955514200331,-0.8867021936823061,0.0831274527744384,-0.5067709905830178,-0.5086024014197033,-0.0681497779395235,-0.538159113351766,-0.816554678556105,-0.7444199269463054,-0.672250697899336,-0.6161900372362992,-0.736542080006956,-0.5592069935819647,-0.74618043770622,exact,9
UBERON:0000998,related,,vesicular gland,Mistral-Small-3.1-24B-Instruct-2503,-1,0.2401969156995959,-0.2451592066578465,-0.2785830471270238,0.0778232479903018,-0.6467237528656167,-0.7529639218575266,-0.6501134825713064,-0.7812349845530916,-0.0085696146475215,-0.4691135695137494,-0.0760802443404329,-0.1452563099879698,-0.3108866051618307,-0.5856105960233196,-0.540192095926187,-0.4338698437412612,-0.4950409784972882,-0.7306339056586335,-0.5654944682199194,-0.6396490747589121,-1.04353527701039,-0.7754790518776133,-0.6689365624697667,-1.0597930047351598,-0.9202919790388896,-0.9062381909021991,-0.7926194632066449,-0.9745321760480984,0.4491779043789391,-0.278135255878514,-0.3301083019306001,0.3256789236793517,-0.4417857783292523,-0.7785990742297325,-0.687756825332002,-0.5881054618828941,-0.5262419217625922,-0.7092305979275454,-0.5473517897012654,-0.6732273718364581,exact,9
UBERON:0000998,related,,vesiculae seminales,Mistral-Small-3.1-24B-Instruct-2503,-1,0.2344513746007236,-0.2569377413359077,-0.2826850700708445,0.0712315807140917,-0.3089422464090408,-0.5993416680223289,-0.5527416886346647,-0.4794336856060265,-1.4033518666173233,-0.787965155835704,-0.110155016652882,-1.367043955214431,-0.2363357712030191,-0.5822830418082858,-0.5515036030275677,-0.3666716677063867,-0.2907108945070251,-0.6033508824569727,-0.4965645205245409,-0.4566841466825576,0.38199465685093,-0.2068346008001039,-0.2441525572032162,0.2178103700835572,1.0384582514523992,0.7365566494088082,0.5786283686989774,1.1687871947811093,-0.3188586552700566,-0.6913221315793937,-0.634627020232153,-0.4519841998968807,0.4779397201331501,-0.1287726156907606,-0.1209919613917775,0.3544843435236335,0.4384708897410521,-0.2192696079533122,-0.2715490716426769,0.2603859601601961,exact,9
UBERON:0000998,related,,vesicula seminalis,Mistral-Small-3.1-24B-Instruct-2503,-1,0.370232193275404,-0.1150740089087736,-0.1963632063832134,0.2320574477020148,-0.1259678803645926,-0.4719883022793556,-0.4362876862983107,-0.3038040603849491,-1.173675197568894,-0.8048210304488543,-0.1116177044777487,-1.1844293716955236,0.0934637800728551,-0.3493056119111701,-0.3590055729571695,-0.054218338491202,0.1912050627410896,-0.2603546235755832,-0.2634268771008426,0.0229439203728143,0.4147461430570472,-0.1802848119478086,-0.2241734673361994,0.2548460648205297,0.9973752522194018,0.6090141563006893,0.4748586547047478,1.0923755807983504,0.2358684106987765,-0.4246569695414192,-0.4305858281673595,0.0899479515393565,0.5975966115544983,0.0258088456022992,-0.0251401019055033,0.5062539420260963,-0.0938367674773391,-0.5410968076402218,-0.4622313549772668,-0.2959672939789918,exact,9
UBERON:0000998,related,,glandula vesiculosa,Mistral-Small-3.1-24B-Instruct-2503,-1,-0.5772092025272113,-0.7378362661745594,-0.6513199891018573,-0.7314298688783872,-1.0571652394925533,-0.900390023833477,-0.7442285772232913,-1.1176934140442385,-1.3970291204703529,-0.7693361808322909,-0.1095531046361958,-1.362085629743019,-0.8540430321885654,-0.7989009313924673,-0.687139180301847,-0.8942718597398658,-1.279044959220215,-1.012412594473839,-0.7501935352611198,-1.2660188918671311,-1.3368264922144406,-0.8415054676755059,-0.7223479810223437,-1.2772690144422116,-0.8438558276175682,-0.8863478234003047,-0.7878944709606541,-0.9135716804639376,-0.1545793438757163,-0.611287179937041,-0.5813469741490846,-0.3000612121994852,-0.5466961790722107,-0.7588897446623645,-0.7233805900617156,-0.6796108568884777,-0.7169119672227563,-0.7516053187516624,-0.5820362949425787,-0.8260220709701436,exact,9
UBERON:0000998,related,,glandula seminalis,Mistral-Small-3.1-24B-Instruct-2503,-1,0.1259855146255223,-0.3503349192636147,-0.3794414979935858,-0.0500737990167465,-0.8130619677543194,-0.825970129707331,-0.6905472792399288,-0.9210893938035318,-1.5997660956671822,-0.7826312109085267,-0.1063366965217692,-1.519301016398872,-1.093687972291563,-0.8873150670926163,-0.7712062344344875,-1.084267287340937,-0.3390626109947854,-0.6226385352022181,-0.5244090315468862,-0.5009037686496959,0.1288522403879215,-0.37628157762394,-0.382696124747502,-0.0509519573146723,-0.2229916519619208,-0.6767514409068527,-0.6130993416210327,-0.3814695265332386,0.3186710525227705,-0.376824527989354,-0.3850505744618479,0.1791831601823607,0.5642790361929976,-0.0311948709912155,-0.0632349634857981,0.4629461712386505,-0.3865992707914762,-0.6527627819112356,-0.5313210901406319,-0.5565608328183903,exact,9
UBERON:0000933,related,,tunica muscularis pharyngis,Mistral-Small-3.1-24B-Instruct-2503,-1,0.2938395789407128,-0.13982345603335,-0.208307810620923,0.1402403062032346,0.3062715226578895,-0.1743037015545238,-0.2324281647396349,0.1582328035124943,-0.3392951510694547,-0.5762622852863357,-0.0663500590806516,-0.4651246828616101,0.0846212301035931,-0.4473057192870175,-0.4610987324411158,-0.062962144154431,-0.8189689554285625,-0.8442846238653742,-0.6596534824910509,-0.9112085289312156,-1.823619553028356,-0.92080894330047,-0.7862219873220289,-1.6199792639644524,-0.6277452256975193,-0.5336672666413056,-0.4863968325238204,-0.7364236697753539,0.5322034151110288,-0.1681833632638865,-0.1878923674654224,0.4231305093837543,-0.7007572594788307,-0.7598148467938731,-0.7240091132435627,-0.8099873498660767,-0.220578602478664,-0.5269801387578686,-0.4628038510388636,-0.4117307707816435,related,8
UBERON:0000933,related,,musculus pharyngis,Mistral-Small-3.1-24B-Instruct-2503,-1,0.0597247698980268,-0.3494568881554101,-0.3614173481692108,-0.1214835611801876,0.3538984556986879,-0.1367130395102212,-0.172085297364626,0.2144305217911707,0.3509344421577676,-0.2555817111236109,-0.0399878064015739,0.2375880876141251,-0.551238015493024,-0.8537189037528334,-0.7546088610867374,-0.6434089062950678,-0.6216617119185114,-0.754734440932983,-0.599468473296376,-0.748274485401284,-1.4504342439461255,-0.8463103668765765,-0.7325539159410633,-1.3591039919767642,0.0814751240330487,-0.2222431413240881,-0.2507660147769867,-0.0878850633084319,0.5746907332023864,-0.1342272429572275,-0.1599105866375321,0.4744457411850121,-0.3259062990052773,-0.6426370086643348,-0.6707095409315627,-0.4841902334656862,-0.25280664784522,-0.540025611515474,-0.4680716602299299,-0.4404151066045575,exact,9
UBERON:0000933,related,,musculi pharyngis,Mistral-Small-3.1-24B-Instruct-2503,-1,-0.2113682693510628,-0.5276611164937768,-0.4935505619089237,-0.3959771803847742,0.165088274131884,-0.3025004801600141,-0.3144979384839114,-0.0013994603846803,0.3546725171060617,-0.2482699967542909,-0.0396057847621107,0.2418150460778629,-0.3082237243364802,-0.7186903558702604,-0.6419916620901619,-0.431488815813316,-0.729042023297948,-0.8115615454011932,-0.6465266497661231,-0.837851005048643,-1.6573136981996852,-0.8852970889322037,-0.7596668740870186,-1.5051243171628357,0.0098461238717218,-0.2458862187340368,-0.2680172485037058,-0.1594898531841447,0.031231743277729,-0.5052757878806948,-0.4698468989689524,-0.1201435480848039,-0.2380478685043024,-0.6259406065650924,-0.6761466554946567,-0.4032271836151034,-0.260277469556777,-0.5434043228997241,-0.4700729653747239,-0.4470235206865406,exact,9
UBERON:0000933,related,,branchial muscles,Mistral-Small-3.1-24B-Instruct-2503,-1,-0.4689039451650109,-0.6985870688567903,-0.6076613536188779,-0.6356119538247732,-0.9817228605175884,-0.9353919250168828,-0.7698891271623995,-1.0579428648348124,-1.2563115539003682,-0.8235277724679263,-0.1015425490376339,-1.2507437986810388,-0.908762734906971,-0.9184524856903732,-0.8202001348374981,-0.9382644296009928,-0.0329899358752004,-0.4202398574456855,-0.3981729325030846,-0.2098953078753149,-1.297418147306389,-0.8227569763991364,-0.7066105881490506,-1.2485865347460297,-1.1297863262094956,-0.7166554652987873,-0.6174734537130244,-1.137609194962037,-0.5675593405577171,-0.6923873559920006,-0.651052616091579,-0.6712943049176864,-0.9080709859788488,-0.8633969342692651,-0.8650403198246561,-0.978761648381446,-0.2377943107783375,-0.5507006410013863,-0.4677353084551042,-0.4270894457040358,related,8
UBERON:0000933,exact,,pharynx muscle organ,Mistral-Small-3.1-24B-Instruct-2503,-1,0.271562397443851,-0.1727164110518463,-0.2315458882020825,0.1141237524784129,0.1792627439561767,-0.3171314089478677,-0.3343848930981454,0.0141947117680095,0.2036089535387549,-0.3559375851066095,-0.0437539551482123,0.0753661031231885,-0.2856559936382165,-0.6639176533626797,-0.6098128174188039,-0.4112534081375137,0.0832499588792726,-0.3414937560267364,-0.3373596738236904,-0.0915708358233656,-1.404985134434468,-0.8379880815641422,-0.7268276543414929,-1.3265138191489332,-0.1321947987146229,-0.3423622169457258,-0.3572825462441285,-0.2967171062444428,0.4123224249454448,-0.2701944084160814,-0.2911073724797857,0.2835255422924234,0.1017161950822016,-0.5319774400641007,-0.5248953562736444,-0.0690319069110055,0.3378599023342319,-0.2237103772232144,-0.2836131887304518,0.1439684080293292,exact,9
UBERON:0000933,exact,,muscle organ of pharynx,Mistral-Small-3.1-24B-Instruct-2503,-1,0.2565686487339914,-0.1972585578478396,-0.271017674184914,0.0967035279963759,0.1280869517088359,-0.3486079957378566,-0.3721859004346919,-0.0416870914571048,0.2083337909875562,-0.3378936771076646,-0.0522026909317273,0.0804440664002391,-0.4634215136145067,-0.7563376978776867,-0.6896465065129604,-0.568030427207779,-0.035070857531337,-0.4247947712026245,-0.3838200627276761,-0.2119703196558636,-1.6594700275438332,-0.8877402155084779,-0.76201209197305,-1.5066273023910333,-0.2806395480770043,-0.4326437127802184,-0.4311610560618871,-0.4341952249466725,-0.1350186872094831,-0.4974838720896481,-0.4834167590587378,-0.2815484023283488,-0.048123534371544,-0.5226918765323639,-0.5868558469348495,-0.220949152088941,0.3341905410142374,-0.2351311014279645,-0.2859621227933925,0.1398456597803188,exact,9
UBERON:0000933,exact,,branchial muscle,Mistral-Small-3.1-24B-Instruct-2503,-1,-0.491097001483634,-0.7114283590555229,-0.6091491740073918,-0.6554653269011839,-0.4334971093355514,-0.706951129718715,-0.5962942874998889,-0.5937971561671629,-1.0727564104314162,-0.7910141444506399,-0.1033269317822919,-1.102442171172502,-0.887382693287993,-0.915604193629802,-0.8015862398167675,-0.9211206886596284,0.0302588459265846,-0.3772989561160036,-0.373051468730297,-0.1461145744119757,-1.1799385103802116,-0.798559002018931,-0.6896502869778866,-1.162120838916706,-0.9745320574923078,-0.6859193353365968,-0.5797511958408549,-1.017299099950859,0.5949942862289382,-0.1078452356529555,-0.1600257441840423,0.4993400602004134,-0.7617262920557725,-0.8286615767395419,-0.8462204346558101,-0.8603745888086317,-0.2175914090204375,-0.5421949770210711,-0.4636520121265029,-0.4090572975477521,exact,9
UBERON:0000401,related,,ramus mandibulae,Mistral-Small-3.1-24B-Instruct-2503,-1,0.8072715324670673,0.6412225028304207,0.4411429529463189,0.853956919075591,0.9754139736630124,1.0421498185681404,0.820243997960716,1.1331301180536384,0.633758124089402,0.201582245294493,-0.0143564482593237,0.5762509350634226,0.9197038514075696,0.5019809231919109,0.3510059928417188,0.907654012071618,0.0024592019949151,-0.4125730484652669,-0.3977157012858452,-0.17431999518201,0.3345048307148104,-0.2302420539721057,-0.2601240755055847,0.1651269343875155,1.1141384691641336,1.3147634657318046,1.1055168019719317,1.3226482402675714,0.4918915126116306,-0.2166322148453905,-0.2343232813920944,0.3753665751215088,0.0828198411893434,-0.2783171143617726,-0.3193859975154796,-0.0886322668582291,0.5486673160285105,-0.0724806340175685,-0.1831824312041986,0.396486664826962,exact,9
UBERON:0000401,related,,rami mandibulae,Mistral-Small-3.1-24B-Instruct-2503,-1,0.7709218077245287,0.5392119583820156,0.345071428767623,0.7933379626339366,0.9153963190686932,0.8270033866123491,0.6385857594435392,1.0204974411290864,0.5249679432612562,0.0840630837840545,-0.0254097037022172,0.4410832077520215,0.6472631298938657,0.0706099825818078,-0.0440573241668359,0.5497371385922227,-0.2089218138374806,-0.5570926107314537,-0.4830267321995889,-0.3804694544118634,0.4045874359246165,-0.1776585774922127,-0.2203567067933789,0.2432947970951011,0.645964340489109,0.1474318284919333,0.0893719111765071,0.5571143397946696,-0.1100422183270056,-0.5709808607871949,-0.5577870007236272,-0.2577703205144753,-0.3240547665805619,-0.5136261150409946,-0.5161564002645715,-0.4825040572459507,-0.0466448901717419,-0.4818691826769408,-0.4213121368801347,-0.2515597815300137,exact,9
UBERON:0000401,related,,lower ramus,Mistral-Small-3.1-24B-Instruct-2503,-1,-0.0976282473748879,-0.4972704794326182,-0.4641162321846987,-0.283968626983955,-0.0963321880452763,-0.5356544216902416,-0.4933779761897515,-0.2744051584241008,0.288681043047183,-0.0711772216780295,-0.0127977842649648,0.1680282831854691,-0.4674580182922449,-0.7021572123149799,-0.63874149286681,-0.5715237546752134,0.5719510604682689,0.1602418365198948,0.0243881857281493,0.4730164717032946,0.2978434288143041,-0.2558417677789808,-0.2795341989301521,0.1252313167898155,0.154143023381014,-0.4389369029296792,-0.4338310138825414,-0.0134006758718063,0.888505795724374,0.2335708401344895,0.1412884903993529,0.892505237035943,-0.285290540429908,-0.5318378745830971,-0.4575258849972762,-0.4470064981118929,0.307166476650655,-0.2714846297959966,-0.2933816216601662,0.1097290980196169,related,8
UBERON:0000401,exact,,ramus of mandible,Mistral-Small-3.1-24B-Instruct-2503,-1,0.8233185840284263,0.6579974224601802,0.4742951481267677,0.8814701973576823,0.7111924753462462,0.340584476103475,0.1976490989452312,0.6873509746328724,1.0781179831467678,0.8069417729936244,0.0970828736676225,1.2274292428457323,0.5581545042066771,-0.0079791793497202,-0.1006114452149675,0.4434244364030408,0.3901351226205682,-0.0719663021300488,-0.1582761748197736,0.2478079908666219,1.0601518688755105,0.9817117893018475,0.7911591733941007,1.1907685155567465,1.0198167793907411,0.9048340977780712,0.730755205342793,1.13358158111986,-0.0308802574161786,-0.5045664066604876,-0.467184700907277,-0.1813302066573554,0.8563479104697861,0.7221682514779628,0.5255506290901208,0.8783721077522683,1.0854524093562523,1.3051808894051309,0.923709627931794,1.342618899146064,exact,9
UBERON:0000401,exact,,mandible ramus,Mistral-Small-3.1-24B-Instruct-2503,-1,0.958456992251103,1.1399129729644215,0.9563390998302528,1.136241101267459,0.9120043240984138,0.8283178601150525,0.6155125260091868,1.0143780667410889,1.1204691061453291,1.058598670493622,0.0877170188654384,1.3023379419268084,0.8823686404262411,0.3974223202297341,0.2648673453386669,0.8550434050666773,0.7755896647804804,0.4827790493191743,0.2451911256727408,0.7560461364767646,1.0708981472313466,1.027180218802709,0.8486745993620314,1.2126924890596744,1.2081409053805643,2.0144081249229933,1.885424995592984,1.5489086350517027,1.078134001676562,0.5664627899699233,0.4180402355470095,1.1939365588353357,1.0966839679716882,1.5035254985807858,1.617367029410961,1.316391882213872,1.1156324031015092,1.6537802391299607,1.2823898053125673,1.4344747828529942,exact,9
UBERON:0000200,related,,gyrus of cerebrum,Mistral-Small-3.1-24B-Instruct-2503,-1,0.1526761393575778,-0.4059639502142151,-0.3733929938928875,-0.0207533060275044,-0.1193469671052972,-0.5442316260662176,-0.4826299521517223,-0.297260612828603,-0.3938988316844928,-0.5896164421040777,-0.0674593166838852,-0.5156195592023185,-0.2645196330544713,-0.501963375821412,-0.4574072218773914,-0.3922087702488709,-1.517851787783334,-1.0905392033918755,-0.7863819790130281,-1.438662220940826,1.1231140235896404,1.275979530176992,1.1228709158700398,1.325950237177413,0.3729666689383829,-0.3114027271171921,-0.3261758982540271,0.2240246281377463,-1.0015892078598263,-0.9541558071216494,-0.8493582683097016,-1.0293105214217402,0.6071681048496778,-0.0394969295309557,-0.1264325757664804,0.5188572597654821,0.6475383109770235,0.0649385858714505,-0.0951828471595287,0.5281280396798734,exact,9
UBERON:0000200,related,,gyrus of cerebral hemisphere,Mistral-Small-3.1-24B-Instruct-2503,-1,0.3392310222203804,-0.2341740417290865,-0.2030656647711339,0.1943596011799658,0.1551802009116928,-0.3589761651054236,-0.3484641595140627,-0.0122464087364467,0.1212162090102531,-0.315164090141473,-0.0473857239857813,-0.0119726243896277,-0.7934950524745334,-0.7598322842838108,-0.6755557509917669,-0.8451430766586482,-0.7876751782487385,-0.8537377336571106,-0.6468194952084595,-0.8858457510208382,0.8216983526926385,0.3126066939669934,0.2006067133318569,0.7808828173027041,0.1100888866389766,-0.4847348270413109,-0.4547239553493695,-0.0587865146333322,-0.7521378062501599,-0.896970391787713,-0.7912575799064323,-0.8269844645919424,0.5930478467597244,-0.0597192760303694,-0.0747678494367248,0.5002901138538035,0.4659222120392366,-0.1412260085640643,-0.1931013061781165,0.2933778642692179,exact,9
UBERON:0000200,related,,gyri of cerebrum,Mistral-Small-3.1-24B-Instruct-2503,-1,-0.1284090243679145,-0.5929531310264916,-0.4976370218880062,-0.3146997612581104,-0.3889740691281336,-0.699859114939314,-0.5963875485750443,-0.5533612402635513,-0.8250201403304133,-0.6861707520378153,-0.0842532308307389,-0.8960227616784913,-1.1538042884574682,-0.8663119577277852,-0.7378496821330558,-1.1309010328289757,-1.9441446875541768,-1.200993733722101,-0.866143913076152,-1.730909092151657,0.5023889512891975,-0.1012516847357511,-0.1384716776639163,0.3570518022101263,0.1368438025447931,-0.4623853663563421,-0.4488032872552986,-0.0313094287454959,-1.3771003468634646,-1.0223109892204298,-0.8967893899957775,-1.3192621515750094,-0.039891721294093,-0.5386090241583511,-0.5621863511390699,-0.2128020684691398,0.2348840319391493,-0.3266473960793019,-0.3444696714030931,0.0311903655163127,exact,9
UBERON:0000200,related,,gyri,Mistral-Small-3.1-24B-Instruct-2503,-1,-0.7414611796650958,-0.9070950108376415,-0.7428913113085612,-0.8719585544210199,0.9492650161002332,0.931682537889568,0.7359944685745788,1.0829946534645176,-0.6276757221371355,-0.5611175847729674,-0.0636441543219011,-0.7256169666735268,0.4297608097083394,0.1319731696317326,0.0700274612086689,0.2973344591942186,-0.314087229373158,-0.6415420836595653,-0.5535424284683315,-0.4781379893683261,0.1680514175465407,-0.347559859756381,-0.3401014692273768,-0.0111278409726648,0.9012216260074044,0.399609436556712,0.2793569139898216,0.928010905826314,-1.3280383959832869,-1.0320695748425908,-0.9005128763036104,-1.2822599367135457,0.1686272884754502,-0.4445566061373128,-0.5036342862447373,0.0014876410973766,-1.4507341780578304,-0.871033038872498,-0.6487277978364943,-1.361097973639034,exact,9
UBERON:0000200,related,,folium,Mistral-Small-3.1-24B-Instruct-2503,-1,-1.7959793271278657,-1.180097528167255,-0.9241199279652776,-1.6735016372028595,-1.230059913523671,-1.0138719216186116,-0.8194789722298229,-1.2515154421921997,-0.6430498205654741,-0.564135872898313,-0.063270992643527,-0.7391035957479335,-1.130405994499621,-0.8747693510652784,-0.7765435285374704,-1.1127964188009278,0.0365556327448423,-0.4208038603600726,-0.3671826383253964,-0.1396874695206692,-1.91131598426536,-0.933215704911213,-0.7939506264049575,-1.679722664566644,-2.259277277283941,-1.1097403531242405,-0.9285750866057432,-1.9420657776291967,-1.791580798694267,-1.1060438331608689,-0.9880411273372554,-1.6228164549546389,-1.577189068685175,-1.0754111969913034,-1.0179806684275312,-1.4819877218599058,-1.8446469013170232,-0.9272120564958858,-0.6732918408621749,-1.622831735238291,related,8
UBERON:0000200,related,,folia,Mistral-Small-3.1-24B-Instruct-2503,-1,-1.9961068689127623,-1.242788118185895,-0.9762413190616211,-1.81108765891515,-1.3560902321378032,-1.0857591650330114,-0.8802981696663748,-1.346541682037944,-0.7222910057661082,-0.5999438790115345,-0.0722228850146509,-0.8080357945995464,-0.9187028734046764,-0.7038771049088952,-0.6148227366164082,-0.9462156393148998,-0.4527915701683335,-0.7131127778696469,-0.5755343299986847,-0.6026298377310203,-1.870486249423666,-0.9242165106665428,-0.7900554196495051,-1.6519747978844113,-2.202018152901377,-1.0852977119943032,-0.9000804652276498,-1.9035980512308388,-0.941606680482964,-0.9368322312815082,-0.8460515231200307,-0.981436141792408,-1.7511802156820042,-1.098632369004683,-1.022841875402714,-1.604472032602614,-1.5378091387249375,-0.8598482292872037,-0.6376869231461445,-1.4202265837358428,related,9
UBERON:0000200,exact,,neuraxis gyrus,Mistral-Small-3.1-24B-Instruct-2503,-1,0.1941700144619939,-0.3664686883053963,-0.3622110084327448,0.0255024322442234,-0.0982192182141817,-0.509387045496117,-0.4750284686879629,-0.2762856158698685,-1.0382062530667395,-0.8095836852805477,-0.1056414405722399,-1.0741076437005492,0.1493617522675039,-0.2154531974561502,-0.2384853134763636,0.0015865430928285,-0.2547258598864194,-0.6095844075558768,-0.5246345210116427,-0.4233763956469773,0.785181086386741,0.2559482787869468,0.123757361856158,0.7270678769996107,0.1722071480139905,-0.4525338882080981,-0.4454122816968463,0.0054226533706569,-0.5375419288723929,-0.8338856331553739,-0.7439257960620758,-0.6454373952363975,0.3767774215148185,-0.3668561041670086,-0.1514088134956892,0.2334992458760858,-0.1216007930465005,-0.4969905415513591,-0.430053018538027,-0.3217500557529857,related,8
UBERON:0000200,exact,,gyrus of neuraxis,Mistral-Small-3.1-24B-Instruct-2503,-1,-0.1237904825576763,-0.5874161153542954,-0.5247660076610852,-0.310109131097451,-0.0258434574025945,-0.4647645830252057,-0.444563828415668,-0.2033027354875241,0.6360122067592423,0.1384232004393987,-0.0137805016424695,0.5791261606916246,0.3461573276776197,0.0399837152136084,0.0045629854066255,0.2061107068192726,-0.187023516783183,-0.565091519898708,-0.480059767998618,-0.3597476186761755,0.8168030667459235,0.3110287331574874,0.2039655610885836,0.773565570570723,0.223746822498372,-0.4131653313329816,-0.418354739136631,0.0598442803098942,-1.6889516215066624,-1.0339988151809296,-0.90398080314657,-1.5490598172071814,0.5080882440511129,-0.1453240273122768,-0.2587208869445724,0.3917725217069371,-0.2020795723391893,-0.5474117432332326,-0.4578471652301804,-0.3951335781059505,related,8
UBERON:0000200,exact,,cerebral gyrus,Mistral-Small-3.1-24B-Instruct-2503,-1,0.4607696567940929,-0.113412378209695,-0.1625572499634232,0.3459127442438463,0.3644642715333083,-0.1446898154778155,-0.1990865033204083,0.2270744717386003,-1.3116241333164729,-0.8433645926842736,-0.1073121436238264,-1.2947401531505722,0.5293403480472867,0.1867764748422094,0.0613955042855851,0.4099521487773239,-0.5232144536299043,-0.7441002098770486,-0.5743943639214809,-0.6641140307542844,1.1107974658930655,1.2093068526129074,1.004731751729603,1.2981212272135687,0.6276894188076662,-0.0628662452925233,-0.1282415149017079,0.5331579737193503,-0.2265953260469252,-0.7567038100712536,-0.6986410778090965,-0.3674212378602046,0.9274932226088222,0.5372128524715588,0.4055967268339153,0.9955262770376576,0.9026092338864802,0.5927146688506048,0.2707030056933667,0.9320646288199368,exact,9
UBERON:0000168,related,,segment of colon,Mistral-Small-3.1-24B-Instruct-2503,-1,0.2619874226116064,-0.2702820732466476,-0.3019283125247173,0.1029848384778146,0.1458762879678014,-0.3503822924330085,-0.3559602397385669,-0.0223924414967365,-0.8159818730432016,-0.5823386089505929,-0.0870813520366271,-0.8883412853464449,0.3815099169924577,-0.2466747520416827,-0.2598737278357103,0.2443390358543288,0.4941293444515457,0.0706470041648666,-0.057200349252711,0.373954265802901,0.2418013038613943,-0.316802605479349,-0.3207619850912893,0.0654609952943996,-0.0604251312772401,-0.5316124444323479,-0.4747559848375494,-0.2281296498321695,0.6194971586817126,0.3713096545481857,0.2713512917398628,0.5297189051755103,0.286338283657387,-0.2495968702664279,-0.3241719047142285,0.1301466423040001,0.2076473706322624,-0.3944646899933897,-0.3751592685173123,0.0023068086072855,related,8
UBERON:0000015,exact,,anatomical boundary,Mistral-Small-3.1-24B-Instruct-2503,-1,0.2872333190760607,-0.2236110685840695,-0.280615777641488,0.1324658209013252,0.3551572523669166,-0.1894414144610784,-0.2303547400732118,0.2159334516635438,-0.9982412172378916,-0.6754355629035712,-0.0973376566049743,-1.0411564355680447,0.9669501229815588,0.8390960059880554,0.7023522613320891,0.9762415346445946,0.1247365786883765,-0.3246392673670193,-0.3287457596696743,-0.0481221624584734,0.5574137603698682,-0.0633645330595859,-0.1178529618134834,0.423777650784407,0.6938026308226652,0.1086172656280887,0.0130855454764557,0.6212064583297192,0.0682793005201742,-0.4792038302746632,-0.448320281040972,-0.0831098158647206,0.3582520889842875,-0.3607463611341053,-0.376340852018084,0.2119811091252929,-0.0414698058406737,-0.5123935483520667,-0.45495021243048,-0.2466438877567487,related,8
PR:000016401,related,,IL1RL1LG,Mistral-Small-3.1-24B-Instruct-2503,-1,-1.1469313290362737,-0.9448232839065432,-0.7927019700303441,-1.198136215061293,-2.5551255091284526,-1.3315435467015906,-1.052197598248834,-2.1692283131442243,0.2717629153083784,-0.1995483661404962,-0.0504134303862116,0.149387578094636,-2.2985354728414222,-1.3228286936335638,-1.120504538453901,-1.960064447925144,-1.1891223488375884,-0.966208589252067,-0.7380856655068582,-1.1991160479901304,-2.626626712859111,-1.0183981314495612,-0.852093217539783,-2.1495916239297985,-1.9264258836370824,-0.9823669536183384,-0.8534816604139032,-1.7155359727601336,-2.375379060984229,-1.0059660066141718,-0.8962004409930912,-2.027637682580743,-2.2851106957982785,-1.0469079812434323,-0.9924120961706964,-1.9635546181249093,-2.1970449112760444,-0.989507116426966,-0.7003014272300119,-1.845923580129118,undefined,-1
PR:000016401,related,,IL1RL1L,Mistral-Small-3.1-24B-Instruct-2503,-1,-1.0767744066323404,-0.918503584493426,-0.7784667682093053,-1.14356334619054,-2.6722875625043545,-1.3378884909539872,-1.0568155077167107,-2.2434048456013884,0.6305068878942832,0.0021924953114365,-0.0257123159945029,0.5721094206136522,-2.4635959960530216,-1.36769452780863,-1.1512056300097198,-2.0725772447098643,-1.056269654817925,-0.911867169957024,-0.7131185808167985,-1.098203877742844,-2.5917164253263527,-1.0153289285090523,-0.8510144933281345,-2.1272755595031665,-1.926910676075431,-0.9988985147472156,-0.8560133814679534,-1.7158713104032093,-2.417231495936077,-1.0410389110147105,-0.922003982171445,-2.055810172366945,-2.288854508658601,-1.050840819650893,-0.9889429777739293,-1.9659929099679063,-2.1780107766943204,-0.9897300649070162,-0.7008111098578003,-1.8341062294620016,exact,9
PR:000016401,exact,,TMED1,Mistral-Small-3.1-24B-Instruct-2503,-1,-0.7906326939702436,-0.8172414343171838,-0.6971077796221481,-0.9130011591833048,-2.506332189538808,-1.3047391392980523,-1.0305975302938069,-2.1380658450279006,0.8929276002610239,0.46014127240836,0.0174660864389153,0.93155704161553,-1.837234167611107,-1.1203431689217422,-0.959525663347838,-1.637468137622219,-1.2504803658947012,-1.006933305125861,-0.7215312430976659,-1.244884658620622,-0.7830050556374311,-0.707552776373417,-0.627125132677237,-0.8577933683162451,-0.3416569351176683,-0.5447070298478895,-0.5053491150235588,-0.4891468149299467,-1.6926333572186891,-0.8657395363535814,-0.7608167087975864,-1.5517208517519587,-0.6393707385095978,-0.7209282079525485,-0.723823358925658,-0.7585790202856811,-1.178857776387358,-0.8437755776035349,-0.6295303321364443,-1.171149973045094,exact,9
PR:000001968,related,,SIRP,Mistral-Small-3.1-24B-Instruct-2503,-1,-3.0143865315381024,-1.3305413728026252,-1.0356263224956357,-2.4632543906119944,-3.1514782951738294,-1.3845929961404606,-1.0849434670030973,-2.538027830422904,-0.7408131998473909,-0.5947362255762595,-0.0763029181232865,-0.8240120764039605,-3.231949739855179,-1.4066623467696089,-1.1579302646683216,-2.5807621375926786,-1.6116574887330193,-1.113519444057481,-0.767289368729633,-1.5046258983175909,-2.092532837493564,-0.9439093503043694,-0.7945874124086084,-1.801534949712453,-1.255171020117127,-0.920744736949474,-0.8057665093271645,-1.2326688388219529,-2.157709449915643,-1.0323583321963885,-0.8952610920105452,-1.879398123883216,-1.35285268191592,-0.9010707938107272,-0.8365224310051117,-1.3194038276370683,-2.414984126798989,-1.011347084836788,-0.7088361257859175,-1.979519779120462,related,9
PR:000001968,related,,SHPS1,Mistral-Small-3.1-24B-Instruct-2503,-1,-2.6343277479902287,-1.2856071487893277,-1.0057541739161353,-2.228041285497238,-2.3745934105248305,-1.2842011732102594,-1.021829310509238,-2.053098828445943,-2.011807366142707,-0.9190069305630308,-0.1192523768859336,-1.828867556038128,-2.797323726571644,-1.374684619278864,-1.1464906634699097,-2.296152863710923,-1.2381849928693456,-0.9838778459273304,-0.700448054260961,-1.2357541226271564,-0.9692655137619474,-0.7512405958742616,-0.6615778262080652,-1.003131544693403,-0.7202773830807406,-0.777046843860113,-0.7002656823696082,-0.8131857731521484,-1.656081878795799,-0.8957845171265372,-0.8064738052857484,-1.5252517056008057,-1.300646616312786,-0.9266338934646454,-0.8267296553302053,-1.280750248075892,-1.697292451031139,-0.9654204415454024,-0.6979655152921788,-1.5265982766254014,related,9
PR:000001968,related,,PTPNS1,Mistral-Small-3.1-24B-Instruct-2503,-1,-2.2369016342572348,-1.2141762410505432,-0.9608298704095448,-1.972028072643781,-2.6266354104180936,-1.307161908792991,-1.035632359144936,-2.2146093536073725,0.5236163403354445,-0.0093896317996538,-0.0333152085800629,0.4394457162940516,-2.273693931878264,-1.34392027931219,-1.1281660725955442,-1.943009128549551,-1.678551664962533,-1.1063559973827717,-0.8020298040906614,-1.5510702993691092,-0.9999713393786164,-0.7644322868034851,-0.6611873009005665,-1.0266418747976525,-0.3457811365591309,-0.6724159886489213,-0.6055188759843575,-0.4928305048615014,-1.7915641812756808,-0.9044464856839884,-0.7986374925217027,-1.6228045818053842,-0.4803112354336302,-0.579031411438639,-0.5812247821713135,-0.6219801471179753,-0.562944307166509,-0.7156622110283827,-0.5644629853522299,-0.7031918629381888,related,9
PR:000001968,related,,MYD1,Mistral-Small-3.1-24B-Instruct-2503,-1,-2.4591930318856634,-1.24993687365786,-0.9805031171924816,-2.116595115869085,-2.461063655931329,-1.2959937105198311,-1.0393347355781877,-2.109007724190988,-1.532294862710312,-0.8070118317874743,-0.0965754475554494,-1.467374601834961,-2.6037707471219576,-1.3465994453527397,-1.1288880257701237,-2.1670854969126148,-1.7946186897974932,-1.1471778915170086,-0.7789539006755832,-1.630532126237165,-2.409160328044284,-0.9837223555096144,-0.8313633416370252,-2.009653634585097,-1.7296743607521934,-0.982922278480074,-0.8400197111335655,-1.5779974968761532,-1.7917508828609714,-0.9119020885761157,-0.8080428587116412,-1.6229379788624834,-2.461452359633897,-1.079422477332808,-1.000597433330695,-2.077327958800776,-2.169787609489225,-0.9768815231936688,-0.696384563138119,-1.8289931264536887,related,9
PR:000001968,related,,MFR,Mistral-Small-3.1-24B-Instruct-2503,-1,-2.9525142010671512,-1.3340282262347476,-1.0297006078982949,-2.4255393326397385,-2.823501580039311,-1.3427394425854653,-1.064257817822519,-2.3378411544362137,-0.7241548477278695,-0.5848896187425263,-0.0792029293191966,-0.8096457361932056,-2.7477596183272346,-1.332718028723456,-1.1251809706497788,-2.263251378170473,-1.987675494161521,-1.2014754367549962,-0.8249752174367896,-1.7597298196899087,-2.7975083974353634,-1.0326625936668907,-0.8561335111298083,-2.2580702968820483,-2.7575236231922897,-1.138002088272541,-0.964801509323882,-2.269287959831402,-2.7283655334682435,-1.114877735671083,-0.9744843413314724,-2.262205587283144,-2.9678857960496874,-1.222347232752831,-1.078188752380275,-2.3929799504556835,-2.7527057235020287,-1.0386974339276756,-0.7270570966089492,-2.1808903665362016,undefined,-1
PR:000001968,related,,BIT,Mistral-Small-3.1-24B-Instruct-2503,-1,-3.9933971171612033,-1.4842385690913362,-1.1211644258748217,-3.0350187759507445,-4.64617547807321,-1.5890554471415856,-1.2114249886855648,-3.386843430762458,-0.4665921318681109,-0.5267908820274775,-0.0734651322332487,-0.5819556938174293,-3.206165624265822,-1.3974421173105176,-1.1458268916731589,-2.5640559986331444,-2.481340123314532,-1.3130703282746363,-0.9007647199094948,-2.075107519626181,-2.2343789960086142,-0.963396187149344,-0.8021920449604261,-1.8954635023951736,-2.456187815350458,-1.1114378884449068,-0.940164184970256,-2.0729186389636083,-2.735479010492098,-1.1217414775593757,-0.9907484908174244,-2.2668653053336474,-3.5849979788204163,-1.252545989433978,-1.1361392687146097,-2.7589499049374977,-2.7897331964648817,-1.031771330242662,-0.7248404569201002,-2.202589628756285,undefined,-1
PR:000001968,exact,,SIRPA,Mistral-Small-3.1-24B-Instruct-2503,-1,-3.390374629808399,-1.3846506230108329,-1.06888343591197,-2.688090306139631,-2.9538650790413,-1.3640155098765687,-1.0722126363865756,-2.418143449187546,0.2585289831301647,-0.1385550712076967,-0.0444055675404892,0.1348815886595698,-3.2529931330523736,-1.406176240625593,-1.1669392959630231,-2.5943815059792343,-1.7072502324756695,-1.1360117359999848,-0.7700784265276184,-1.5708484581311228,-2.206759915916068,-0.9566605134159069,-0.8050946115604996,-1.8772664281020104,-1.519675650043961,-0.946364432594722,-0.8113148518980604,-1.427748083889947,-1.92711588591554,-0.9339379946383152,-0.8113392920801633,-1.718940800332908,-2.2459825970591383,-1.1371452350341409,-0.9611302945232284,-1.938009829680793,-2.2923683237361643,-0.9938824506955912,-0.7105010047324412,-1.9047363433023887,related,9
PR:000001318,related,,Ly22,Mistral-Small-3.1-24B-Instruct-2503,-1,-1.527512244888752,-1.0923669500251865,-0.8636706655682345,-1.482762298158723,-1.7471100625818896,-1.152881401013648,-0.9232387443266702,-1.6295438756798577,-1.0759125879925158,-0.8049950606057412,-0.1068182662671781,-1.1050236404902711,-0.8196487850963236,-0.6382592577079914,-0.5870726864186823,-0.8664235720661764,-1.1783763224658674,-0.986936908083938,-0.7424036800047074,-1.1910471299104854,-1.749570746984313,-0.8981962015807085,-0.7720642673742654,-1.5691000481122297,-1.4922630636561791,-0.8808822521253665,-0.7542654664615416,-1.407847787978051,-0.8241967982106505,-0.6412206127008158,-0.5816017330908008,-0.88632745259539,-2.277647375908692,-1.0801233452236123,-0.9664320942411396,-1.9586908268016807,-2.5601929991958934,-1.0680985117164408,-0.7397446335912033,-2.0668942266739863,related,9
PR:000001318,related,,LYAM1,Mistral-Small-3.1-24B-Instruct-2503,-1,-1.330301969615335,-1.01619181987772,-0.8261101145164459,-1.3375541181516406,-1.3242980448476842,-1.010844673737144,-0.8326007977858689,-1.3227603263125949,0.5130040252217608,-0.1014965613327105,-0.0206079227012277,0.4266222119206638,-0.6149247707600375,-0.5916228648319004,-0.546485969942947,-0.6972918471856249,-0.2387721271893719,-0.5653791729267766,-0.4848971519657856,-0.4084976820606616,-1.5865370363667626,-0.879588995959672,-0.7551481574227062,-1.4555810107772171,-1.293339148751507,-0.8272201325978852,-0.7153789032419604,-1.2612590874293907,-1.1842478729579724,-0.7708875098130026,-0.7146759928326187,-1.1723462968256464,-1.3613597227862342,-0.8803966511777337,-0.7926227327918434,-1.325671984115558,-1.5697554415404156,-0.9190212243567214,-0.6632961450842016,-1.441728806323501,related,9
PR:000001318,related,,LNHR,Mistral-Small-3.1-24B-Instruct-2503,-1,-1.45710364219951,-1.0600300753076717,-0.85824876495403,-1.431447722128128,-1.8311815276625647,-1.1517897475216907,-0.939307240834212,-1.6883020995413645,0.4740084335188008,-0.1160327530197066,-0.0333417571743777,0.3799994060995736,-0.2189836337546535,-0.4097173519360487,-0.4126026898010404,-0.3508665220518209,-1.8470911929916425,-1.1801459433622643,-0.8564152945630088,-1.6660056132763068,-2.0459701949449283,-0.938204621171658,-0.8004320651725249,-1.770437691202022,-1.6404399335972024,-0.9713256370366796,-0.8154007820724788,-1.5146132933697574,-2.0538862623278686,-1.0377191210206067,-0.917161507623344,-1.807612441528912,-2.3171758059829064,-1.1001655538927149,-0.996376718295455,-1.984405382084479,-2.704443637311933,-1.0756149517678946,-0.7427120935379924,-2.152500112017624,related,9
PR:000001318,exact,,SELL,Mistral-Small-3.1-24B-Instruct-2503,-1,-2.3972470049775776,-1.2689396976471548,-0.9874383312400548,-2.076671214351143,-2.311237343298361,-1.2546700169363765,-0.9935162096907776,-2.011789083964577,0.5151953768902038,-0.0790042877980696,-0.0212938098707971,0.4292653086620773,-0.5923287812526459,-0.4557068693125036,-0.4300047230718731,-0.6782471296121223,-1.948755992657184,-1.2110657095233237,-0.8840747331154,-1.7339705034863502,-0.5771102110261995,-0.6457319096595922,-0.5779861622762178,-0.6910415367313782,-0.8741229403811956,-0.7349527456123178,-0.6478474397220317,-0.937810083363141,-2.5878518187638218,-1.1196398324855703,-0.9738319241563622,-2.1696347633391944,-2.1934955846440687,-1.12131265960293,-0.9240508555866792,-1.903565614905797,-2.15468135823865,-0.9756551069713356,-0.6906215001972545,-1.8195879041609664,related,9
PR:000001308,related,,Bcm-1,Mistral-Small-3.1-24B-Instruct-2503,-1,-1.3026136619843345,-1.010123378043518,-0.8103490611284537,-1.316786934926158,-0.9654532436168732,-0.9546743046237156,-0.8027778642460499,-1.0449427687212869,0.4929070136084674,-0.0244374337296906,-0.0290344350890537,0.4024980938779363,-1.880241003493984,-1.1263966018561034,-0.966088151577027,-1.6681102068671456,-0.1334273591121998,-0.5048561363007007,-0.4676964607925274,-0.3084395043715062,-2.09746463272018,-0.9487566453629754,-0.7914007155115688,-1.8048208298544417,-1.4173420415039113,-0.9078447138727757,-0.7859220393208834,-1.35309739155128,-0.7169983196594807,-0.7098782756096867,-0.6397785388650693,-0.7977635963543943,-2.085267437961688,-1.0361124548679204,-0.9871695691698642,-1.831877383949355,-2.790831786009288,-1.0583177651387614,-0.7408922828071499,-2.203232361319973,related,8
PR:000001308,related,,BLAST1,Mistral-Small-3.1-24B-Instruct-2503,-1,-0.6426544197003775,-0.7781279556766217,-0.6636064118719015,-0.78808081214001,-0.7620966220813709,-0.8622254460084658,-0.7248939764682422,-0.8787820283917203,0.2125521621919474,-0.2169237608102348,-0.0324834682512529,0.0849843068633588,-1.419081606631245,-0.9959372626310664,-0.8835496501620793,-1.3323322769751291,-1.11576715936628,-0.9748045456556949,-0.7617081053321227,-1.1437119787320535,-2.190528118255119,-0.9625591604114946,-0.8061947345256112,-1.8665516466927512,-2.158037815512865,-1.0388064385717724,-0.8723777868663536,-1.873916115676014,-0.2424273272310062,-0.6325974955413772,-0.5871292069460372,-0.3820668027547965,-2.2731708137297084,-1.1429623139167615,-1.0328181040397415,-1.9557715379931464,-2.7594990214598023,-1.039322572041408,-0.7247492131327283,-2.1848767523819195,related,9
PR:000001308,related,,BCM1,Mistral-Small-3.1-24B-Instruct-2503,-1,-0.4231808679182375,-0.6918099945843662,-0.5848496100336881,-0.5943365898623089,-0.5351497937676754,-0.7815302097791904,-0.6860835393125007,-0.6843856253136168,0.0079163234313495,-0.317470396743185,-0.0448435582387701,-0.1285972451760092,-1.5887683835806414,-1.0606505183696784,-0.9168755450076028,-1.4578244633322042,-0.4840075558843768,-0.7238645295675193,-0.5983203523197341,-0.6300202465058168,-2.2151241539108693,-0.9612875150132448,-0.8078283191577688,-1.882781854326248,-1.7591525135762034,-0.9773882179769972,-0.8314359816669582,-1.5987936577872597,0.251736090458057,-0.3890102875338478,-0.39048613349151,0.1068432405132906,-2.283871098414319,-1.107571909774837,-1.0421942643758488,-1.9627470619174123,-2.538312026419484,-1.0291563074689487,-0.7284075169353912,-2.053807242404149,related,9
PR:000001308,exact,,CD48,Mistral-Small-3.1-24B-Instruct-2503,-1,0.4533555171185878,-0.0300624090566782,-0.1057598759639922,0.3363638322617076,0.8543116770455361,0.616041333827016,0.4133867089646393,0.9137825971808622,0.9292800231443724,0.5579110675427511,0.0251774217147785,0.9862333217809084,0.6520134766630505,0.0961604594535455,0.0309889911156023,0.5555311360055651,0.6377323865909182,0.2454641409623405,0.0599097595892058,0.5603300228538949,1.183875733579742,1.7657191212374976,1.6020061525906362,1.4764172763634378,0.9941586605069256,0.7660313876989944,0.603887594541253,1.0865683728092148,0.8719734192216505,0.1979135532486347,0.1185296460912331,0.8683619982687047,1.0065722439561562,1.0222599453478372,0.8855746788469298,1.1366765290848118,1.0953484874598742,1.4367729962786973,1.0528012845564123,1.3714445339259296,exact,9
PR:000001255,related,,Cmkbr1l2,Mistral-Small-3.1-24B-Instruct-2503,-1,-1.3840357105287595,-1.039422854602261,-0.8437731802012175,-1.3775815851132829,-1.789576783494138,-1.1933781589356054,-0.981402395357939,-1.6593096280800232,0.4008282945820074,-0.0965501811046498,-0.0431256081132884,0.294498794196622,-2.3490562851165944,-1.351889777502276,-1.130316298606416,-1.994649484985378,-1.46655912178986,-1.0515696154461052,-0.7527823020982469,-1.4021662429208923,-1.205432255986025,-0.8201130226288553,-0.7017568621725817,-1.181010390848235,-1.2847331655755354,-0.9571438989923292,-0.8291401958999827,-1.2548263243024391,-1.832967945925705,-0.9158190829788908,-0.8192775884147447,-1.6523197211419594,-1.9341695243119963,-1.026727707565388,-0.8728080583514227,-1.7302208728990955,-1.5572354424253787,-0.8702834941055478,-0.6443797095716687,-1.433313877834653,exact,9
PR:000001255,related,,CMKBR3,Mistral-Small-3.1-24B-Instruct-2503,-1,-1.8466852568741088,-1.1380799277304223,-0.9105664581434808,-1.7087122728772175,-1.6424590968813937,-1.1383362014368723,-0.9368281256676584,-1.5554227376928798,-0.0859877522799408,-0.3784527346159065,-0.0534107973467931,-0.2225051039582832,-2.0481734817636834,-1.2392296539222365,-1.039865248886392,-1.7865920646211817,-2.234337099692507,-1.2500008801733793,-0.8743772632688819,-1.919835809498757,-0.2931410319568504,-0.5702839680810203,-0.5226296238963604,-0.4483399088666963,-0.4997115019564543,-0.7567074055832799,-0.6614129160292006,-0.6277361872387117,-2.1718577155988705,-0.9823897748916812,-0.8825794236067789,-1.8891247359047472,-1.0634167010446247,-0.8250229789045544,-0.6963344897158157,-1.1007983943463846,-1.3854225394315176,-0.8424103831057984,-0.6308715250231128,-1.3162282952012532,related,9
PR:000001255,exact,,CCR3,Mistral-Small-3.1-24B-Instruct-2503,-1,-0.899797974848817,-0.8728182944407817,-0.7394328864394589,-1.002564374099247,-2.1144402871277745,-1.2373514213714538,-1.0041864417972572,-1.881507549963373,-0.8722450387994983,-0.7183588943137129,-0.099009942410265,-0.935977726675678,-1.8050441076308363,-1.1901030489199622,-1.0023686361348183,-1.6144492601252671,-0.7890602984788356,-0.822940085146318,-0.6041407948390751,-0.886972028086431,-0.1494332804718522,-0.5119715757006319,-0.4670104112559993,-0.3186904767597056,0.2945045010106228,-0.3541485562200152,-0.3723911520645669,0.136398318639336,-1.5819041659655837,-0.8823092226093614,-0.7847618090987714,-1.4711796681968785,0.1884408300520574,-0.2377828684442261,-0.2647453814841277,0.0227182860345964,-0.1576452631525699,-0.5465751096935962,-0.453685229454189,-0.3548593166818278,exact,9
PR:000001006,related,,CD45,Mistral-Small-3.1-24B-Instruct-2503,-1,-3.1243416157429484,-1.3667597565352612,-1.0489497613773873,-2.5297616823964426,-2.313127479689767,-1.271537401303653,-0.9923069566046347,-2.0130258255528664,-0.2783129206558963,-0.6427886593101986,-0.0926669002087131,-0.408018011709121,-2.5388264748487552,-1.3728087490853318,-1.1449187733417996,-2.123412473204374,-1.6387678138606312,-1.1222149446279066,-0.8014055040942952,-1.523507018951229,-0.6592443013482996,-0.6781848368726269,-0.6146063086520552,-0.7583939896665097,-2.13554022529672,-1.0642973258993635,-0.903596353810968,-1.8586862071866923,-1.661734244853092,-0.9321481071145264,-0.810406798358967,-1.529352373880904,-1.5359220568129273,-0.924536600489445,-0.8638240924437752,-1.452489549069841,-1.7842683373945705,-0.9531489096203836,-0.68349045186693,-1.583626728693838,related,9
PR:000001006,exact,,PTPRC,Mistral-Small-3.1-24B-Instruct-2503,-1,-3.051035213525621,-1.3410365900009156,-1.0400445919061974,-2.485494233877548,-2.129135825776485,-1.226860035842798,-0.9837561145375552,-1.891342769188604,0.4671195689481775,-0.1330946697128423,-0.0455840240556021,0.3718422909210579,-2.329958859043616,-1.283121376707453,-1.0778372478134242,-1.981591670522889,-0.5400476620424737,-0.7159659816653104,-0.5660338022245126,-0.6786490451497775,0.0302406753755389,-0.422715070420911,-0.3915571679131785,-0.1486626064077298,-1.0282449394589428,-0.8782539523029962,-0.7755409639576769,-1.0592661439617534,-1.4690767812421834,-0.8754817810177337,-0.7595265389197658,-1.3879815744729704,-0.0329045097422905,-0.3377687772211138,-0.3651633981656906,-0.2058695242845865,-0.7001168087017068,-0.7313977211351784,-0.5644800760546285,-0.812837769428296,related,9
PR:000001004,exact,,CD4,Mistral-Small-3.1-24B-Instruct-2503,-1,0.3704525873374009,-0.1832125549280706,-0.2401641870078723,0.2323276796004809,0.942536161609054,0.8919350937675887,0.6983913853688959,1.0703682094976257,-2.9520469396320075,-1.0895799788798337,-0.1156390648974857,-2.4984481910472924,0.5643317160628384,0.0062926401293379,-0.053046952733704,0.4506554267118368,-0.2494338794753305,-0.6215687197267236,-0.5385274445227668,-0.418448724615109,1.1684117717117088,1.5994457551329284,1.3409557047483676,1.4357105944617103,0.8236527972154074,0.481535817473927,0.3411099592269122,0.8069078438720794,0.7873482375768482,0.0508072296371929,0.0080726529781925,0.7490000782388596,0.3539077791213548,-0.2964195697911926,-0.2651259826419092,0.2069617501711081,0.646971213790879,-0.0026326045181743,-0.1420943032846345,0.5273427781299764,exact,9
PATO:0002324,related,,extent,Mistral-Small-3.1-24B-Instruct-2503,-1,-2.607185211143668,-1.4796999956346617,-1.051874388582563,-2.2109030760590547,-4.2222452202389125,-1.5615344585509905,-1.193096268142125,-3.1550405571724194,0.6355288316809907,0.2027791599916714,0.0086770487648011,0.5785093144386149,-1.2991033035815849,-0.7938997402259013,-0.6993783387719236,-1.2420707071790935,-0.476129009302576,-0.7486606485161693,-0.6009342824869917,-0.623128013822554,-1.6515140469654246,-0.8938480258619925,-0.7749239022943399,-1.5010800349991211,-1.7591227491960526,-0.979614813045745,-0.8441705378921375,-1.5987726945367848,-1.3667051740426632,-0.9336258473678476,-0.7903014860863241,-1.3114426820124836,-0.5281043629449621,-0.8904446478801217,-0.8704793987193805,-0.6635629816177061,-1.5295126978160822,-0.8354296184172643,-0.614854595457414,-1.4146259606139615,related,8
PATO:0002324,related,,completeness,Mistral-Small-3.1-24B-Instruct-2503,-1,-0.8760218356306134,-0.9497098437350998,-0.7774364689753518,-0.9832341317997906,-3.4982313487667693,-1.4892507842772418,-1.1492047390013571,-2.74346501077453,1.0150740964480236,0.7985068488580385,0.0633772479456242,1.1214892922403683,-1.1937487294816,-0.8550740016743662,-0.7449908129870352,-1.161675708021132,-0.374706227524353,-0.6985410118490428,-0.5449398517505281,-0.5331222116513192,-2.218544807224086,-0.967087026654173,-0.8160154373123858,-1.8850363039493192,-1.328050939707263,-0.910955040735139,-0.7878044217669,-1.2871259767769447,-0.0642558538987065,-0.6343925510558688,-0.6041998309651052,-0.2137623777517162,-0.7290585402363823,-0.9615875295727702,-0.924812937209155,-0.8334580236593137,-0.7311286137882421,-0.6551692808862566,-0.5265044040678287,-0.8371431223173234,related,8
HP:5200273,exact,layperson,Low spirits,Mistral-Small-3.1-24B-Instruct-2503,-1,-1.262739717998066,-1.0554978639220838,-0.8513163726052471,-1.2867066858542566,-2.199631545419793,-1.2499139983598104,-0.996335312846392,-1.9382797014539288,-0.1507219123414884,-0.4902645220128495,-0.0840337574441702,-0.2859178821278663,-1.0666074326399713,-0.8039900526463514,-0.7199331793618466,-1.063131916777644,-1.3395559136717148,-1.0425899257736782,-0.7918825378928024,-1.3104368674338036,-1.498817026219822,-0.8509684355102551,-0.7160553648171661,-1.3935884165840036,-2.71354552832557,-1.0837946520763344,-0.928930476354496,-2.2408968443178394,-0.2735610384472303,-0.664658394668603,-0.6282773078226174,-0.4107021836552501,-1.0618289583746274,-0.9593789676186256,-0.8926516539410814,-1.0995687631623932,-1.610698413546458,-0.866730016758075,-0.6289576746953697,-1.4691413195186676,related,8
HP:5200273,exact,layperson,Has the blues,Mistral-Small-3.1-24B-Instruct-2503,-1,-1.839661152115892,-1.1921885452419418,-0.9297583780780022,-1.703849265815225,-2.4428169284092007,-1.3090839228493758,-1.034656446359073,-2.0972544402825544,-0.7769935935428586,-0.7274229305258232,-0.0993149956863455,-0.8550754405908323,-1.662911307772912,-0.9776782980486238,-0.8056687453857226,-1.5119172874827305,-1.3441953101366424,-1.0540250545854295,-0.7956412761873933,-1.3138229811270872,-1.7864177377243156,-0.886418191240122,-0.7524549270513056,-1.5944686533843522,-2.1405532808303613,-0.9897285622210434,-0.8474955426751654,-1.862082588683208,-1.5537513263951384,-0.9054750866609708,-0.8017722381864119,-1.4505296408317403,-1.864293119529667,-1.19559256381877,-0.9588579911789026,-1.6825557616626985,-1.7105121624158866,-0.8744450332422009,-0.6422527340347131,-1.5353093780613023,related,8
HP:5200273,exact,layperson,Feeling hopeless all the time,Mistral-Small-3.1-24B-Instruct-2503,-1,-2.0697254381138013,-1.2231385176482448,-0.977980498599624,-1.86080170016191,-3.368486764597956,-1.432253977232034,-1.1151504457712376,-2.667293524994604,-0.5978169200303303,-0.6087002947571285,-0.0862915381629218,-0.6993159246321438,-1.577360425200122,-1.0210186155926513,-0.8648629947595953,-1.4494628334242683,-2.7900144907227857,-1.3493295321751,-0.943961040980696,-2.262765231508329,-1.3345777487555432,-0.8224578249203869,-0.718562446119179,-1.2756365197434187,-2.0387256667528777,-0.9886831041112236,-0.857762935168613,-1.7927762946594277,-1.17900458864646,-0.819789804126144,-0.7173117904594549,-1.1682952707664631,-1.2921360010555516,-0.8758067083287228,-0.8457257819633612,-1.2744180316093143,-1.1972541201391689,-0.8037673750461848,-0.5995654686243126,-1.1842767024925809,related,8
HP:5200273,exact,layperson,Down in the dumps,Mistral-Small-3.1-24B-Instruct-2503,-1,-1.4405942497825424,-1.080008786755343,-0.8747354842824004,-1.419332468392238,-2.487814444103533,-1.2933573273632828,-1.0136072692846112,-2.126196446706763,-0.6664330899758933,-0.7120284286483255,-0.09747694939384,-0.7595449295688619,-2.0946833861085152,-1.05328726581403,-0.8767246070954182,-1.8190930971405568,-1.7315492605372027,-1.1559706843138196,-0.8493953893914337,-1.5875268608875968,-2.476351094041937,-0.982959155326507,-0.8264157926633854,-2.053131212795148,-1.8858448015543008,-0.95717137988934,-0.8202724727109411,-1.6874054387118205,-1.86818563213326,-0.9502667510422066,-0.8307199004450037,-1.6773196390117024,-1.759004548650541,-1.1433770522539102,-0.943789119866558,-1.6099112417761092,-2.478042857040673,-1.0008324324916498,-0.7105192854442384,-2.017616641407441,related,8
HP:0200154,related,,Missing mandibular lateral incisor,Mistral-Small-3.1-24B-Instruct-2503,-1,0.7769663060683809,0.5571731220006937,0.397273413856984,0.8032622603053587,0.8708608539712744,0.7823538768490428,0.579764172427309,0.9419983176047756,0.3643642643955593,-0.0370622793657324,-0.035227686562419,0.252801662832222,0.9748441598792256,0.8195885286783845,0.7035683871808364,0.987936462170545,0.7885095303900763,0.5494539326783938,0.3119143811180875,0.775414863772277,0.7736783813879576,0.2796973611945316,0.1773117142017069,0.7104699283943008,0.2106321473263855,-0.2425175023859687,-0.2669177632704148,0.0458931843095101,-0.3352395200150836,-0.5969816550131771,-0.5628174848935895,-0.4668047775878055,0.3682124755763956,0.1200324933643013,-0.0167708705926418,0.2235274551189142,0.6843500909245824,0.11353186652572,-0.0754661566374896,0.5799390637264605,exact,9
HP:0200154,related,layperson,Missing lower lateral incisor,Mistral-Small-3.1-24B-Instruct-2503,-1,0.3829872388949479,-0.0732742794522673,-0.1472951223806998,0.2477499019098441,0.3482591087494734,-0.1160222013332063,-0.1598407292140273,0.2077088388658083,-0.303752073559962,-0.4380911420130189,-0.0729048139388863,-0.4319343613430268,-0.005429765435815,-0.285253339179373,-0.3033640837738382,-0.1507694701459378,0.5568703208647616,0.1647566744319971,0.0384989161819272,0.4534782646362947,0.5996241925103153,0.0372497934842504,-0.0316713703477579,0.4764652608825234,0.0288537385823597,-0.3359799688329576,-0.3193983626797943,-0.1406555472513251,-0.2834435150298907,-0.5733836944945153,-0.5580712432977566,-0.419746608460049,0.2155068026899533,-0.0170109909944241,-0.1104366677605929,0.051989968561674,0.4318323953827719,-0.1603442060868729,-0.2322505135666633,0.2524914328595359,related,8
HP:0200154,related,,Absence of mandibular lateral incisor,Mistral-Small-3.1-24B-Instruct-2503,-1,0.8312200935381895,0.7462162557529304,0.5509077380084372,0.8951985436785612,0.7952134643112928,0.5662491976761759,0.4398819911128823,0.8167368012409048,0.7426141147410995,0.4091826195754135,0.0191163017898282,0.7190085678442376,1.1488856602700173,1.381025299802542,1.228227304180617,1.266737604039895,1.113014460677725,1.5536679047518165,1.1679742387004537,1.3515830496763843,1.097118655690188,1.2125208327280554,1.013441623310175,1.2680646849117758,0.7040220064953115,0.2393414758283759,0.1417140282448343,0.6351719094349434,0.0960142608879403,-0.2443267907943648,-0.2881280298069839,-0.0551101301981226,1.052945624982745,1.5511876463447238,1.319718305078002,1.2261989648951086,0.8291497658068255,0.3685889631331867,0.1150308657813429,0.8030513788681198,exact,9
HP:0200154,related,layperson,Absence of lower lateral incisor,Mistral-Small-3.1-24B-Instruct-2503,-1,0.4880978252323035,0.0825086117818756,-0.0185272766547627,0.381482664421112,0.2865112882225117,-0.1869105360336739,-0.2460734818577024,0.1352845868039969,-1.1562171213947494,-0.6575016549412863,-0.0866738029059317,-1.1703268290521034,0.2213991904057717,-0.0830237631900417,-0.1577627222063904,0.0749259461277147,0.908829155245054,0.830327983547536,0.5003933875492357,0.966254368630892,0.7507022548753115,0.2434649024766282,0.1255768199740757,0.6777911431683468,0.482937491240176,-0.0331746605459862,-0.0573540246181836,0.3523640675153657,-0.0233310619020454,-0.3080067201193474,-0.3416647558084258,-0.1739519413563487,0.8622549422942739,0.9153604438776268,0.6983255849220366,0.88779604803798,0.4746696474346166,-0.1284707743724318,-0.2198058729141535,0.3040115254007342,exact,8
HP:0200154,exact,,Failure of development of mandibular lateral incisor,Mistral-Small-3.1-24B-Instruct-2503,-1,0.7717199540436847,0.5760571729223745,0.408342090221321,0.7946449856833787,0.8426322804445741,0.7090005636705633,0.5333820478783047,0.8941569184936283,0.8089915961275946,0.3897867196011546,0.0192329036769731,0.8104059946987983,1.120659205430894,1.4168939999110184,1.3050837250863396,1.2183772458963211,0.8800744050080758,0.7565392541070838,0.449412470745585,0.9187659608428114,0.8990968851675901,0.5337288664050672,0.3662275262562845,0.9013378886138486,0.5549301876630733,0.0128237059843062,-0.0261783488475874,0.4404087290759193,0.3878762472149053,-0.0526410648898926,-0.1027254834819515,0.2559155991758953,0.2154889307553518,-0.0551008216199275,-0.1534898857674624,0.0519705352694774,0.4923064215249125,-0.1279985716070235,-0.2069312577794028,0.3256353446519316,exact,9
HP:0200153,related,layperson,Missing lateral incisor,Mistral-Small-3.1-24B-Instruct-2503,-1,0.4028658099379,-0.0460204802434169,-0.100933530059841,0.2724259213981242,0.4482895684808387,-0.0019031620865281,-0.0909688247478739,0.3298389149908028,0.4362320553890105,0.0258771023655636,-0.03084640148748,0.33555000015922,0.6566921525395198,0.4221106362561211,0.2747851600666206,0.5612509014758247,0.5757023377216991,0.1865573231958285,0.0541127617625378,0.4779032373019379,0.6853232618927405,0.1491132753383278,0.0932611154784737,0.5879823570280028,0.2756709875373061,-0.1127402632084268,-0.1642266181654519,0.1158040211487704,0.675787197899228,0.0600670418300527,-0.0238582140884926,0.6009787955743034,0.3679401072930687,0.0587860222028437,-0.062522750806961,0.2232110053051983,0.638515325174545,0.0630755325943911,-0.1043895255951244,0.5156784294499369,related,8
HP:0200153,related,,Absence of lateral incisor,Mistral-Small-3.1-24B-Instruct-2503,-1,0.4832609751082891,0.0752206182248804,-0.0218495954722164,0.3751435229767469,0.430278137313105,-0.0456606871821535,-0.1236780504416632,0.3073751952476449,-0.5564125348442681,-0.5071752643968644,-0.0738396201482544,-0.6626036550124383,0.856299274683876,0.7443867962719936,0.5920445399265118,0.8190740930652507,0.9754748309652678,1.018410045414376,0.6926340539634646,1.081742260306193,1.0182456807342375,0.875192102175158,0.6980634294242268,1.1089808168470292,0.7274950936910606,0.368540675884794,0.2666972394302226,0.6676374276629736,-0.0143816044982326,-0.3080709498636072,-0.314905963818118,-0.1651844854049924,1.077081315223379,1.5889659660819515,1.350700783805825,1.2752018908879226,0.7635336801015088,0.2423807767134743,0.0234270554262733,0.6976515597236872,exact,9
HP:0200153,exact,,Failure of development of lateral incisor,Mistral-Small-3.1-24B-Instruct-2503,-1,0.4276201650716545,-0.006670823577112,-0.075001725408477,0.3035411393684366,0.432439291617658,-0.0097218479687004,-0.0934211286753961,0.310059086404898,0.9805108540891904,0.767946387423324,0.0485462090318648,1.065870695941325,0.718385637893125,0.5912158873920957,0.4776425439622226,0.6379458185929794,0.7700102881282013,0.5094697393831263,0.2607376240921929,0.7477417123291041,0.8611169658356621,0.4528421104927731,0.2929294364690656,0.8410581120322381,0.5674194031206552,0.1101193107536653,0.0446359505162552,0.4560456030881224,0.1267178742113482,-0.233252026934194,-0.2321586999701209,-0.0238292118202253,0.294796712865585,-0.0274902097509869,-0.1389599273852887,0.139637294718608,0.4382515846417696,-0.1798644094863307,-0.2395758771945889,0.2601246495378493,exact,9
HP:0100742,exact,uk,Blood vessel tumour,Mistral-Small-3.1-24B-Instruct-2503,-1,-0.0172316917056848,-0.4114453440401641,-0.4046906062763949,-0.2021251578722653,0.2118322634269847,-0.2598061801266836,-0.2804014936212158,0.0503764283749456,-1.601534494142155,-0.8511564179352051,-0.1089106470550941,-1.520656913084655,-1.6249842999917328,-1.110888586342769,-0.9697868768865748,-1.4843005972978625,-0.1848864124032047,-0.5430269755515916,-0.4193339875098428,-0.3577179425557749,0.3782159463811849,-0.2329803373319237,-0.2370991629951557,0.2135751326592238,0.3889799054595891,-0.0879078410026884,-0.1236649191210345,0.2422915894021384,0.1792470006047504,-0.4833345416562429,-0.4744588370411122,0.0304090512234133,0.7324453622645056,0.2683719725567913,0.1336731880265579,0.6912763946860121,0.8224003288689085,0.3875813994602213,0.1316326885504915,0.7918259640314219,exact,9
HP:0100742,exact,layperson,Blood vessel tumor,Mistral-Small-3.1-24B-Instruct-2503,-1,-0.7645684889538323,-0.8190791370071818,-0.6789551671085646,-0.8913018850688493,0.0320774970040518,-0.4076466746301705,-0.3905254740738028,-0.1435625279746569,-1.4883085002949588,-0.8247835418904086,-0.107254851978343,-1.4333141609731117,-0.8015680618300098,-0.8611164436227497,-0.7660143482001915,-0.8517215798626034,0.1137917519092156,-0.3293055797858473,-0.2938878704666204,-0.0596503099555944,0.3212816259006963,-0.2733490316273202,-0.2678470156333628,0.1506617529127825,0.3681448393539304,-0.0875489002812121,-0.1232530427298648,0.2185505903415243,0.0706546138827721,-0.5441232960408102,-0.5222994176336381,-0.0807211818235205,0.6758070568801994,0.1716507713238646,0.0331199803714656,0.61151464109006,0.8120104272829022,0.3629436967262874,0.117243164686373,0.7747282098125016,exact,9
HP:0100439,exact,layperson,Bullet-shaped innermost bone of pinky toe,Mistral-Small-3.1-24B-Instruct-2503,-1,0.1387252647581137,-0.3155228605822632,-0.3348553536818354,-0.0361200137849846,0.3105542269301173,-0.1887820915073241,-0.2203317327270869,0.1632342932168459,0.5905033667885042,0.1258733741987452,-0.0077856446634964,0.5216840352667886,0.067294894176605,-0.3864966922050591,-0.3972142951779254,-0.0800303693308406,-0.4142567042349124,-0.66801215571573,-0.5486755021503538,-0.5685085425503077,0.430995815052948,-0.1487136229201108,-0.1719401808473652,0.2734456463957387,0.270259578587124,-0.240441907624663,-0.2707522679125668,0.109916572253229,0.5250491276621176,0.4440908113721292,0.3665226915056578,0.4145896754363788,0.3968240131186292,0.1594184558244914,0.5315441057428919,0.2569973736439053,0.1242851162930078,-0.43849596821028,-0.4062487880472949,-0.083896269853108,related,8
HP:0100439,exact,layperson,Bullet-shaped innermost bone of pinkie toe,Mistral-Small-3.1-24B-Instruct-2503,-1,0.0737562934286948,-0.3703479407541232,-0.3610951521745035,-0.1065202128016994,0.2866735883481501,-0.2127757358309331,-0.2421309912859505,0.1354722212781122,0.6934214640625399,0.2597241525195948,0.0064492858590522,0.6534746494877491,0.0185853077473439,-0.4200899769823771,-0.4236369720231859,-0.1275675916361743,-0.4046969976858486,-0.6652698596278142,-0.5032623411534858,-0.559989753426975,0.3350190030734151,-0.2254373964738347,-0.2393395338518049,0.1656911521955867,0.3201581348508543,-0.203777978102534,-0.243354739611205,0.1647166251986912,0.4738010087426597,0.3791273723236074,0.3031655003404264,0.3542098241758966,0.5698994021864774,0.3717715012875905,0.5721134098752916,0.4701918478663944,-0.0058123447333381,-0.4974777516276136,-0.4404300245639503,-0.2125152918097508,related,8
HP:0100439,exact,layperson,Bullet-shaped innermost bone of little toe,Mistral-Small-3.1-24B-Instruct-2503,-1,0.4020947783456142,-0.0580220756369322,-0.1123016686484818,0.2714637320604589,0.5457612774276183,0.0867798599712641,0.0004462670281264,0.4554406500499347,0.7374755605652915,0.4310095527394612,0.0122232359369495,0.7120793132702852,0.1804214598826612,-0.3006282620262883,-0.3153425974825767,0.033004893897551,0.1122640139955202,-0.3224781952453439,-0.3187601808547735,-0.0612556839244625,0.4087544377983079,-0.1778959690750025,-0.2066265355201639,0.2480259807509709,0.2697809021172994,-0.2687489080366259,-0.2938997349911853,0.1093964214581073,0.4427283909771198,0.2861521780557221,0.2575135799917104,0.3182552930791554,0.7364872789939809,0.6869788178303423,0.6320456561846968,0.6970937450160298,0.0141015903055072,-0.4942611095464827,-0.4264883570716293,-0.1932548089677224,related,8
HP:0100192,exact,layperson,Bracket shaped end part of the innermost bone of 4th toe,Mistral-Small-3.1-24B-Instruct-2503,-1,0.0481092380564417,-0.3851274370678417,-0.3840285301795645,-0.1338081620803127,0.4153900128693785,-0.0773145511296213,-0.1167459728549728,0.2889694902644693,0.552719676456097,0.0417556914975146,-0.0259835342152744,0.4749223899297475,0.1660160199947995,-0.3905734467171244,-0.3767392411357004,0.0183956905094898,0.3088970648194711,-0.1392594520954898,-0.1480407506891927,0.1535942166231547,0.5487968097032534,-0.0390673579730663,-0.1007809792095875,0.4131868934205435,0.6209455441816858,0.0784544346738628,0.00505447351546,0.5243874994111121,0.2376914392671901,0.1033349007200197,0.0682654054633321,0.0918842584408721,0.6593941870195656,0.6308342061821625,0.5988246885210321,0.588979666240688,0.1601634305356208,-0.4038163356783062,-0.3799448746687906,-0.0471868383694041,related,8
HP:0100171,exact,layperson,Cone-shaped end part of the outermost bone of the 4th toe,Mistral-Small-3.1-24B-Instruct-2503,-1,0.4149193489058512,-0.0483809721023553,-0.0905682473940896,0.2875221288736874,0.7492289464175046,0.4555289865080946,0.2982425857487979,0.7447917115680514,0.8454167561843426,0.5917954196632136,0.0391325556628763,0.8621609646958717,0.6114190830289784,0.0736008726963153,0.0084864169571287,0.5064425788927741,0.3283881482445515,-0.1216994612644142,-0.1182297646379304,0.1758794576768422,0.8098864597296942,0.2989372521751839,0.2064317559349604,0.763282670755809,0.6218201276806415,0.2092670756064602,0.1241530611199343,0.5255228096482923,0.6011432198533918,0.5422678634738254,0.4289218510511021,0.5069285484019206,1.0256008501650653,1.604475481708887,1.848262026487527,1.172727408495806,0.0856156931515267,-0.4769042091252702,-0.4166434197761666,-0.1228366885615805,exact,8
HP:0100121,exact,layperson,Triangular end part of the middle bone of the 2nd toe,Mistral-Small-3.1-24B-Instruct-2503,-1,0.6068373856937144,0.2413270047135931,0.1212327539527432,0.5435973477672694,0.5724483880385667,0.1091581353435875,0.0201468481788381,0.491125040194573,0.8420096546176539,0.3743553455534902,0.0063561616241575,0.8572685742199642,0.6076070106324294,0.0565303344407419,-0.0213686436958558,0.501881193897697,0.4958126652928026,0.0672137542058085,0.0079239533562131,0.3760523581587348,0.9896068127869594,0.7155288671923621,0.5920296074468288,1.0560544557695757,0.7803851740255778,0.3063129852889358,0.2141745056779506,0.7429121455641812,0.6086611355207747,0.5628692458638398,0.4810971550021982,0.5162381975666529,0.8703073211483259,1.1773348070112044,1.12146969217826,0.9007260867105106,0.2008731651184263,-0.405362740819404,-0.3700396311472819,-0.0048199146597886,exact,8
HP:0100094,exact,layperson,Abnormality of the end part of the outermost bone of the 4th toe,Mistral-Small-3.1-24B-Instruct-2503,-1,0.6817699762738519,0.3646956999104985,0.2507219297420311,0.653340259555459,0.7323668175748655,0.396778772378541,0.2661027793940937,0.7191085654090744,0.9841300095317682,0.7103862697505552,0.0409648616828474,1.0716197599144004,0.6834008226449073,0.1427948029352733,0.0556193533235794,0.5941583307224585,0.6876723454642033,0.3556367276466862,0.2843153984423018,0.629081274531218,0.7491304543145771,0.1882371832999202,0.1027054525379709,0.6755779810745619,0.4256129259944034,-0.1656091802711368,-0.1957546074371625,0.2846032395748925,0.4085727533162573,0.3218995483255394,0.295924755172757,0.2792727916545488,1.0355876872203835,1.697738148758026,1.6191024296547194,1.1920193046723282,0.0941871684554825,-0.4411892607824561,-0.3975827795660417,-0.1142593483827375,related,8
HP:0100072,exact,layperson,Increased bone density of end part of the 4th toe bone,Mistral-Small-3.1-24B-Instruct-2503,-1,0.182623312311695,-0.2739239786980257,-0.2982047077677208,0.0125461368853886,0.0641966142123227,-0.3914032273958116,-0.3781303810544639,-0.1098910561842132,-0.7871933464878436,-0.5927455868494329,-0.0780495542218094,-0.863798773058894,0.0437458865700761,-0.3161833406991479,-0.3120163475135236,-0.1030937216648354,0.3701081424449978,-0.0861503533647722,-0.1303558744851277,0.2242507842145004,0.2448395604981489,-0.2956333401113101,-0.3051747951364872,0.0686653212103006,-0.615956084770337,-0.5698721551538963,-0.5262844968896365,-0.7265394447180017,0.4443221969185666,0.3156211064935712,0.225887841922956,0.3200879401020524,0.2712007550499163,0.0348785415709796,-0.0843025405236935,0.1132478016390665,-0.3220425577186934,-0.6097737557582354,-0.4920459502492634,-0.5010891061050827,related,8
HP:0100056,exact,layperson,Bracket shaped end part of 3rd toe bone,Mistral-Small-3.1-24B-Instruct-2503,-1,0.3862486538628581,-0.0438623571290647,-0.1339797674662068,0.2517799084500246,0.1624270180047898,-0.3279794549748236,-0.3395464403701586,-0.0043171864922071,0.6012549986046776,0.241055288636141,-0.0088478504878924,0.5351416882919243,0.4342830382647097,-0.0843427538586037,-0.1267609863811659,0.3023517394387317,0.6891957616299108,0.3279642482639321,0.1021232374064941,0.6312145915528414,0.6859427787360592,0.1406448102618642,0.0436091903975088,0.5888128434003137,0.7130479528432757,0.3126327887330725,0.2225603404236321,0.6475907322167623,0.1453420904654955,0.0050097635048128,0.0197271732532851,-0.0047051327558008,0.6615974391172386,0.3969820450512519,0.2741729135149641,0.5919903889169251,0.4934339077412236,-0.1373408345931799,-0.1977680554304425,0.3270262414801267,related,8
HP:0034079,exact,abbreviation,Anti-CENP-B antibody positivity,Mistral-Small-3.1-24B-Instruct-2503,-1,0.6645090192479925,0.3337676588087813,0.1667005325834575,0.6274774640727533,0.8921175110961506,0.8374081742653358,0.6279008485825472,0.9789786929202364,0.7881279577978386,0.1907764212278927,0.005195911010459,0.781287856512689,0.6503814280489285,-0.052176412207952,-0.1046226433622673,0.5535390106837744,1.1363821520478825,1.6672647237815224,1.299291333372344,1.4031221533335374,0.8225802799852451,0.3478095831271576,0.2158362492389955,0.7822045998071021,0.7504837961796955,0.2941735861465171,0.1866169837219775,0.6999807260948688,0.6781688649806972,0.5039956253664886,0.4337771155198806,0.6040412293487548,0.7576555132133818,0.4084572135222264,0.3069945053866753,0.7278501855713183,0.6708522490727448,0.0337401734029593,-0.1091149143343964,0.5607456381575988,exact,9
HP:0033842,exact,layperson,Not able to finish a normal-sized meal,Mistral-Small-3.1-24B-Instruct-2503,-1,-0.912211653009558,-0.8833472474016137,-0.7509637547211001,-1.0126189030599837,-1.3502761601729492,-1.0560982798376517,-0.8659297150847792,-1.3422019501950315,-0.2532209049497471,-0.3879267430332579,-0.0659562373826412,-0.3842929281514103,-1.9116269160579864,-1.0057966617017824,-0.87418458531509,-1.6903933767746355,-1.066211836063911,-0.9371073723899576,-0.6657413301920712,-1.1058448419111655,-1.145126531689686,-0.8068397297390686,-0.6952327857291455,-1.136210066091807,-2.39725638130777,-1.0227533582979926,-0.8709772545858188,-2.033981552435149,-0.9727965976738172,-0.7650157363773786,-0.6917262886135325,-1.006388365739746,-1.076262332758799,-0.8622416973911372,-0.7938743837598693,-1.110733793214011,-1.379084364056255,-0.8836082400595363,-0.6478052128963688,-1.3118494064105393,exact,8
HP:0033842,exact,layperson,Feeling full quickly when eating,Mistral-Small-3.1-24B-Instruct-2503,-1,-0.5694828958679946,-0.7654935590612469,-0.6527405157549747,-0.7246814888010562,-1.0891453532439377,-0.9684598858492772,-0.7973628997940031,-1.1427652255871164,0.6505750355498785,0.2899450677748372,-0.0011424421370836,0.5977800651714298,-1.1944429132710446,-0.7534926183489428,-0.6928411143487373,-1.162209074274742,-0.7470788385251259,-0.8196673749161925,-0.6237222642948289,-0.8526821611363365,-0.4567258045179052,-0.6258214875310563,-0.5503653652756969,-0.5901302025892666,-0.6390124706439728,-0.690674349272156,-0.5919010186076962,-0.7458478098314315,-0.2259819478020568,-0.6087794157696802,-0.5773421103919046,-0.3668526697860121,-0.8689686228255346,-0.8025337017316017,-0.7785717334153229,-0.9474689661261,-0.9165766178254916,-0.79889206177281,-0.5993842884612663,-0.9791111132784184,exact,9
HP:0032360,exact,abbreviation,Decreased pre-bronchodilator FEF25-75%,Mistral-Small-3.1-24B-Instruct-2503,-1,0.9706398476087432,1.1845432784061714,0.9771304833614886,1.1617422377370128,0.7717211035418575,0.5633673561941652,0.4379161536450311,0.7796213255621952,0.791137891306601,0.4132451143789221,0.0085017621956034,0.785465847507583,0.689707451655915,0.2722728608792799,0.1698975148541329,0.6019934815894428,1.125863017445522,1.6659195203586352,1.2991862420039266,1.379666563220361,0.802720372634142,0.2843125353100814,0.192214779090664,0.7526964529344808,0.437018799560738,0.0230057655838557,-0.0716142614592537,0.2979308955595234,0.9470509163935412,1.058847297236764,0.9624581759029636,0.9804487121752358,1.1040493496596584,1.4757899530002696,1.3077660142678351,1.332218424023821,0.6066949292866552,0.0371341013799134,-0.1029967084846114,0.4725065804070913,exact,9
HP:0031353,exact,abbreviation,OME,Mistral-Small-3.1-24B-Instruct-2503,-1,-2.0387659820231936,-1.2036078360279292,-0.9657430064976154,-1.8399514891801312,-1.8396685040888896,-1.2251558547713104,-0.9810370852974624,-1.6941960615596745,-0.3033795360792712,-0.4083514376686274,-0.0722042240978887,-0.4315851043657682,-1.6844379675609882,-0.9270149962566486,-0.8278225015301809,-1.527542721420275,-2.395382716710732,-1.301382937966236,-0.8911013935614719,-2.021614839021622,-1.1662539956023494,-0.7913231882859687,-0.688988239091919,-1.1519516164276808,-2.5822218212497385,-1.0950127956326323,-0.9321806330204684,-2.155586223421066,-1.0825199463548598,-0.7362744229624472,-0.6436204424158526,-1.0931811154089923,-0.6223766733357233,-0.7363748972101742,-0.7197360311498288,-0.7442231172790804,-1.0212434595390418,-0.8129096874763214,-0.6036984723243668,-1.0568885141502884,exact,9
HP:0031353,exact,layperson,Fluid behind eardrum,Mistral-Small-3.1-24B-Instruct-2503,-1,-0.5204525171924536,-0.7056485633952477,-0.6067313079478911,-0.6815496882431732,-0.4407353843167726,-0.7088709071932845,-0.6149791136247653,-0.6003260856592951,-1.1301502736239415,-0.6499303614466512,-0.0916955227206813,-1.1492082683337266,-1.3608225904565676,-0.8110078263605444,-0.7091072952563469,-1.288669057658496,-0.1965594537183138,-0.5250648259505208,-0.4577134191580377,-0.3687881356491603,-0.8075499402708197,-0.7204166910056524,-0.6354374898110503,-0.8772268466341583,-2.190625734465796,-1.0280453365525453,-0.8736075639147498,-1.8959208274511368,-0.5716452705394698,-0.6792832033257373,-0.6198151134059067,-0.6748017505795619,-0.3894839191566541,-0.6011609093467106,-0.5974202008845775,-0.5415898101547029,-0.8568152042530196,-0.7715401677431464,-0.5801842454887247,-0.9339671182720182,exact,9
HP:0031170,exact,uk,Female foetal virilization,Mistral-Small-3.1-24B-Instruct-2503,-1,1.051817863611336,1.7542796187003082,1.5310763680743602,1.347156035950549,1.1505101828911866,2.1715268505985867,2.032075375782174,1.5310279882835631,1.2979547365895157,1.8588033429970408,0.1749648859829757,1.6625839684023311,0.7246509025603368,0.3907090585939043,0.3050343553969554,0.6458725390431982,1.201837186197451,2.041592854643186,1.717047247200686,1.560173474409657,1.3071766991251212,4.405218833940805,5.118003526316417,1.93247897506684,1.2923068255539618,3.552241364179214,3.679863427087458,1.8161483762830144,1.2297723450029534,1.2628938078040106,1.0839915122561008,1.481851088562882,1.2726074285376314,3.00326938056124,2.9436371236706966,1.7757206898669418,1.1925780482417578,3.3340183722198047,3.799194347938085,1.7727835448943607,exact,9
HP:0030445,exact,uk,Pulmonary carcinoid tumour,Mistral-Small-3.1-24B-Instruct-2503,-1,1.1171886890979603,2.270117094783513,2.178650648173829,1.5243802712061052,1.1650643884161356,2.306339274889264,2.282969740190584,1.5714728136839475,0.9946795936440546,0.6763069306171254,0.0376718278445978,1.0884759252821163,0.9575395299940316,0.4935204803571936,0.4223945595552819,0.9623904603761116,1.2925225850999285,2.8937774756159724,2.770998425586803,1.8248723652950145,1.3096281451484684,4.537245904203131,5.466141000006782,1.9472666773731488,1.3433906565176754,5.322012629894009,6.315553773854762,2.0597553457837483,0.31257685863013,-0.2499183089832268,-0.2431918653387511,0.1725229838547673,1.2789455314247071,3.170226119740021,3.1200803903349668,1.7973362783111009,1.2092328514992663,4.563910381536756,7.740976337385543,1.9207279680461504,exact,9
HP:0030445,exact,uk,Lung carcinoid tumour,Mistral-Small-3.1-24B-Instruct-2503,-1,0.7285512231179733,0.4974679851776836,0.3482688404347531,0.7253813749097016,1.0654361844985532,1.5347020377454277,1.3283130183144858,1.321337621820146,1.0535609127899574,0.7970940331114424,0.0485507535113359,1.185424324712569,-0.3322301970125134,-0.7214788737796316,-0.6641373587958447,-0.4529042771471276,1.1954798949073635,1.99167290188398,1.679371347935824,1.5439571187945875,1.0358248990065304,0.8894942684199181,0.7192252042183347,1.1426141184035157,1.090809718825555,1.2022927086680613,1.023127527392084,1.2731216195795825,0.9637172097401644,0.42576337903306,0.356766872665624,1.0062356967282875,1.067993793917208,1.2815170498035575,1.0881547709176804,1.2565396470132717,1.167998332714178,2.4446300509064547,2.277749005581699,1.63615185109945,exact,9
HP:0030140,exact,,Oral cavity hemorrhage,Mistral-Small-3.1-24B-Instruct-2503,-1,0.1364358084610921,-0.3120773321881048,-0.3268852672940128,-0.038633153581576,-0.2476518171452418,-0.6103897752337132,-0.5400638444884186,-0.4216749405219041,0.8548983738617978,0.3606830498917965,0.0004710040222493,0.8758336367247114,-0.2304866072615157,-0.6281764359575491,-0.6065506352015018,-0.3613510740449555,1.0133549520785337,1.1217708858211,0.8359222119592262,1.1512775156076178,1.00858327162546,0.7679990161909673,0.6076687085866598,1.090876348026125,1.217867741721398,2.167784144979474,2.05703701708346,1.5756189237211229,1.2917553163290163,1.4537847822444732,1.2795717108910931,1.6191215923952036,1.2257229101814398,2.407253244998734,2.539609995575923,1.631165480670845,1.0400129087969217,1.1231519355804358,0.7631595738511734,1.2224335000607618,exact,9
HP:0030140,exact,uk,Oral cavity haemorrhage,Mistral-Small-3.1-24B-Instruct-2503,-1,-0.1551371925679443,-0.5382210508871413,-0.5080066826944677,-0.341127495399554,-0.2154542678188394,-0.5792372713624402,-0.5305217975732794,-0.390913051253646,-0.8354792840419123,-0.6339556697479668,-0.0842982294830547,-0.9048978246106412,-0.2664170687456199,-0.5741536203970972,-0.5503063199072028,-0.3939221364591493,0.0026968981342454,-0.4170717428124274,-0.4066106108867905,-0.1740799872775618,0.93264701187154,0.5467890841680683,0.4142839113753832,0.9567098067463364,1.1980381408411125,1.9768981553963667,1.835928923977588,1.5219738321702891,0.4348419596152104,-0.3082829069874309,-0.3402232942799094,0.3092051044704781,1.2438486262542812,2.6748678624741893,2.610810906826452,1.6842503328684366,1.0706593773886524,1.3167219288945469,0.9366362491850084,1.3014872117277296,exact,9
HP:0030140,exact,layperson,Bleeding from mouth,Mistral-Small-3.1-24B-Instruct-2503,-1,-0.1726213246534283,-0.5363447940234292,-0.4734941452657406,-0.35828920227859,0.1103985676811288,-0.3590723800918242,-0.3520788155979856,-0.0607383121173084,-1.128648962970869,-0.7469142286542134,-0.1029487627346748,-1.1479896715759363,0.1262607901274366,-0.2622902096187447,-0.2945509939262499,-0.0215888070914082,0.1872744329461648,-0.2363823975765989,-0.2606041128632595,0.0186895116730061,0.7158929383197788,0.1376288778561293,0.0596033820464546,0.6294172272502633,0.7284120812384505,0.3364401908335604,0.2090609996474988,0.6689169781582001,0.3108936118768816,-0.3664909418170262,-0.3799703890032682,0.1706860831319265,0.6627541107246476,0.284056968578481,0.0942639885966952,0.5935727354078307,1.0369101286510731,1.0380921435335362,0.6397225877996712,1.2148254571061416,exact,9
HP:0025289,exact,layperson,Swollen lymph nodes in the neck,Mistral-Small-3.1-24B-Instruct-2503,-1,0.1947811386906857,-0.2657238759133714,-0.2883634395719433,0.0261900126199899,0.2169800506655338,-0.2471600697706696,-0.2996837999193043,0.0561408335993649,-1.471274147019823,-0.8587761275117224,-0.1133616313306262,-1.4200784229370058,-0.4707409547265742,-0.8871685126891955,-0.7834148594023878,-0.5743628471817961,0.0653557613356927,-0.3497203217861956,-0.3182224938641363,-0.1101062845650209,0.572040670935173,-0.0498708390580859,-0.118627641860396,0.4418807611391535,-0.5481670973797165,-0.516248987354947,-0.4774395643408635,-0.6692243347184419,-0.4310819479530925,-0.6398084955242396,-0.5831080179266751,-0.5524171802916139,0.455921496704102,-0.0841634636203517,-0.1270438113650895,0.3276247013852201,0.5823241986183916,-0.0689895260065837,-0.1781444710135114,0.4401726487966159,exact,9
HP:0020059,exact,abbreviation,Increased RBC count,Mistral-Small-3.1-24B-Instruct-2503,-1,0.6896833050235329,0.3273700736722602,0.2119529629583516,0.6653221398342112,0.0497751996992597,-0.4050172194271509,-0.384908501052933,-0.1250588743910102,-1.920908220854178,-0.8200946515431901,-0.099496537666086,-1.7616037116856182,-0.0706744411364847,-0.5093060894906987,-0.4734975893445552,-0.2130560248499844,0.6274725568678271,0.2546966755139935,0.1382992601123934,0.5464782530811781,1.0473325479703002,0.8984357259528997,0.7154340018768318,1.165148396845944,0.5420564816509389,0.0040894968353486,-0.0831817253766722,0.424406880965839,-0.0262801649534684,-0.4809245150126737,-0.4838635122565337,-0.1768361585173669,0.8701200232737022,0.474010208940001,1.10425238443578,0.900424226421985,0.9447808304605028,0.7581285062667864,0.4288127004496439,1.0129367203345172,exact,9
HP:0012893,related,,Hyperplasia of neck muscles,Mistral-Small-3.1-24B-Instruct-2503,-1,0.5352107060435306,0.1328347772963988,0.0052359807547863,0.4442581192380774,0.5161535411108042,0.1162561237655873,-0.0065279670819236,0.4165301346321739,0.5892868471847198,0.0929816424252921,-0.0283827632169786,0.5201656387878453,0.2011118227397367,-0.2950678770143907,-0.3387814295439181,0.0541033974124811,0.3992907457327706,-0.0499684180823195,-0.1691314697308064,0.2586529206011613,0.8285430820640629,0.3447585657257539,0.1988901888865425,0.7911698202623255,0.8965881682534962,0.4613123905831186,0.3447794314619253,0.9205200171289604,-0.0980581270408121,-0.4852639428019245,-0.4702053657117025,-0.2463046501811192,0.8789766391848216,0.5991934054644701,0.4447711463543325,0.9147567829724385,0.6777017923383344,0.0514018672266954,-0.0944671906063366,0.5704563019438602,related,8
HP:0012893,exact,layperson,Overgrowth of neck muscles,Mistral-Small-3.1-24B-Instruct-2503,-1,0.1944321234884067,-0.2497704888933344,-0.3000861971932916,0.0257973101167826,-0.2920878831226523,-0.5862433069633443,-0.5277685495541418,-0.4636523642433874,0.5499610518056932,0.0106996905289917,-0.0339261494673284,0.4715398384791424,-0.6659175870572359,-0.7688181641071499,-0.7117625550770891,-0.7399843369911064,0.5385245006564543,0.1184945811283668,-0.0494307247803353,0.4299367741963891,0.7809102612483314,0.258906686343064,0.1211744108987772,0.7208862247109847,0.9230352470769296,0.5263497287160669,0.372671910614006,0.9637627822958948,-0.2703944427113719,-0.5523496189526769,-0.5274127329181605,-0.4077995681587901,0.7547195117970473,0.3118733507499215,0.2505306220231053,0.7235547193198858,0.4076107921820204,-0.2425897334350687,-0.2762920199525165,0.22395353544182,exact,9
HP:0012893,exact,layperson,Large neck muscles,Mistral-Small-3.1-24B-Instruct-2503,-1,-0.745021551877986,-0.8194154618738302,-0.6981918637134483,-0.8749455279565151,-0.4774058940435435,-0.7166595114116942,-0.6103986851753233,-0.6332149254326384,0.5000113957299035,-0.0095113079613499,-0.0361038025249325,0.4110023755065191,-0.3307697489929502,-0.5796646260013575,-0.5692777356539573,-0.4516046525848002,0.4252730946355606,-0.0226104899535397,-0.15493470634505,0.2896940670931608,0.3083436498358081,-0.253116449819643,-0.2798496883697341,0.1365914212587199,0.0471241752202182,-0.4585948095020861,-0.4444968536774576,-0.1224396056830661,-0.2720527633367411,-0.6606619657124375,-0.6154298045502782,-0.4093199209673134,0.611127095802602,0.026391805605618,0.0018471743755369,0.5240920380620098,0.3385461982919865,-0.2600732991197796,-0.2973802418598811,0.1447404077219924,related,8
HP:0012893,exact,,Hypertrophy of cervical muscles,Mistral-Small-3.1-24B-Instruct-2503,-1,0.3397969552376217,-0.108050894897754,-0.1857608916829973,0.1950422970310505,0.1545496377441409,-0.2844859164796026,-0.28580341101318,-0.0129352489619988,0.5472990252003858,0.0171160142234315,-0.0376237788313447,0.4682797149304871,0.2818652605281289,-0.3071900710309667,-0.3720258300092695,0.1378115581485262,0.5574645612130873,0.1461834463740456,-0.011282019543802,0.4542449267540559,0.8459089492319345,0.3690656393551716,0.2552051976455383,0.8175697882170483,0.8186165010013743,0.2996115402184373,0.1708797115828584,0.7993379216122477,-0.2299114785500583,-0.5379354729789073,-0.5138957470116643,-0.3704936310369863,0.9050081842479828,0.6798819435927433,0.4809743303262492,0.9576022519619678,0.9567775934092516,0.6430392101883334,0.3271337123385042,1.0370575020267636,exact,9
HP:0012878,exact,layperson,Delayed ejaculation,Mistral-Small-3.1-24B-Instruct-2503,-1,0.7494886590076802,0.5491729191098901,0.4118218517503286,0.7586193966686238,0.4354732944447829,0.0128095973841008,-0.058471505057612,0.313832195424691,0.849690161334745,0.5967886543030317,0.0297995963912487,0.8683127392769852,0.4555205571941734,0.2173588312772801,0.1421337756024437,0.3260334881954452,0.8395428915042806,0.6591109593320399,0.3614493569239058,0.853924068018789,0.9784920188871232,0.7060595859867161,0.5265856501223519,1.0360847785298106,1.2115752255725012,2.056982268384642,1.8904185426534368,1.5582486560870863,1.1342168119093572,0.8690828146023079,0.7039725263053195,1.2941528878379185,0.6190615198882841,0.0499219737408201,0.0725690419087193,0.5346221967042005,0.8482014447964921,0.334686487088611,0.1104641778363155,0.8352651162675808,exact,9
HP:0012763,exact,uk,Paroxysmal dyspnoea,Mistral-Small-3.1-24B-Instruct-2503,-1,1.0962637676975784,2.1303562207116604,2.0367586521841505,1.4640018011668885,1.094652536780335,1.7622330288899704,1.5822572186225032,1.389015083598936,1.0675810991758683,0.6137184252070084,0.0308512457160936,1.209284291320294,1.0063703426189714,0.4771675071069079,0.2870453726737402,1.0353620581718586,0.6267897206857511,0.2505670998496627,0.0643609887152593,0.5455595277764861,0.7217758763488135,0.1899858951326135,0.0779737059970379,0.637500793744717,1.0787225263656284,0.9051438060307446,0.7116122097125536,1.248246988300771,0.8119473933079008,0.2945560564431955,0.2020714572518498,0.7830080715839929,1.236447500697108,2.224874607177538,2.025045008877432,1.6622000986834744,0.937899294451018,0.5997987186826264,0.2913075827811124,0.999337694366718,exact,9
HP:0012490,exact,layperson,Inflammation of fat tissue,Mistral-Small-3.1-24B-Instruct-2503,-1,-1.008679593969363,-0.8891920101367011,-0.7295052719768368,-1.0898948218199296,-1.0434163221507955,-0.8955563247147162,-0.7629987575424776,-1.1068682124768046,-1.4760340060706312,-0.8670172156184263,-0.1106824330629143,-1.4237794249910174,-1.0645994190000616,-0.8648456860983079,-0.7609992581123227,-1.061561498893102,-0.5818454477067009,-0.7455805395971588,-0.6178821637088623,-0.7144796261650601,-0.6733365030850554,-0.6876056992209801,-0.5999424766006557,-0.7698355055078883,-0.6852830343791678,-0.6688696373494845,-0.6201417394884509,-0.7843229631679363,-0.6198436044007773,-0.6273742496161209,-0.5874167569035295,-0.7159608096710687,-0.0236053847304379,-0.4402832793487753,-0.5014352085501448,-0.1966183672074893,-1.0146529542966047,-0.8284498219153706,-0.621176866470343,-1.0520376563345075,exact,9
HP:0012490,exact,,Inflammation of adipose tissue,Mistral-Small-3.1-24B-Instruct-2503,-1,-1.4376171918220668,-1.0191844206898952,-0.8159228447433862,-1.4171443679325768,-0.4973160037145587,-0.6554405308379068,-0.5954929059668869,-0.6509426590712174,-1.540792027003876,-0.8227870420774178,-0.1081625104905501,-1.4739351335736672,-1.0458961828370188,-0.8438574416989071,-0.7519384440238635,-1.04691246593924,-0.6203090047983228,-0.761318801888899,-0.6163742680340248,-0.7471316368979408,-0.8746536164237102,-0.7382077346365858,-0.6424376936772069,-0.929909977505871,-0.8500443723015542,-0.7236933144274212,-0.6537540201819279,-0.9185383486978808,-0.7777413383104591,-0.6721048378960048,-0.6384703291188157,-0.848157692365778,0.0422376818510249,-0.3914458546104443,-0.4389864728963737,-0.1302803420419626,-0.9005683776018676,-0.8005006171846271,-0.5992402088148608,-0.9670724638018112,exact,9
HP:0012225,related,layperson,Missing some primary teeth,Mistral-Small-3.1-24B-Instruct-2503,-1,-0.2038081273001023,-0.5655132860766459,-0.5116636276760469,-0.3886602925053253,-0.2752498275043902,-0.6061338934259339,-0.5526007094218021,-0.4478098357491372,0.1393901113353115,-0.1991428792534182,-0.0371393927314605,0.0071003038823384,-0.4105148797078246,-0.517997091329177,-0.4929479426770459,-0.5219792429588561,0.4694672895590355,0.0401862669167132,-0.0658825420339055,0.3434293521110431,0.0034074955633602,-0.4374648862003156,-0.4187824878304203,-0.1746790574740475,0.2568166797710073,-0.1896325764601517,-0.2091693214290765,0.095347815945452,-0.4381135597530299,-0.6337813406295993,-0.5913323610115981,-0.5586266275736154,-0.2823995762887694,-0.4485002753774744,-0.4974200508221611,-0.444344020114587,0.2161982054562858,-0.3249882610382005,-0.3322303581946038,0.0113347748036468,exact,8
HP:0012225,related,layperson,Missing some milk teeth,Mistral-Small-3.1-24B-Instruct-2503,-1,-1.6380610720871167,-1.082074099144377,-0.8545850249005268,-1.5622172163406276,-0.5499035740882657,-0.7623011473537019,-0.6455098863367374,-0.6973422999031242,-0.9892614475716148,-0.7567732668827609,-0.1056987508711349,-1.0337261352739515,-0.5310493488849571,-0.5380475115539962,-0.5021073243086234,-0.626192985561528,-0.801627941627424,-0.8429540203353728,-0.6471625997780498,-0.8971754915899395,-0.3946010814115026,-0.597845323512961,-0.5388266447595254,-0.5369517669404683,-0.2834997826901393,-0.5050453971139423,-0.4683431241173348,-0.4367903977711979,-0.7111250396845138,-0.7340996383376452,-0.6686026956899618,-0.7928610191125979,-1.2574458611166557,-0.84584184109474,-0.7368534953950051,-1.2485158751585488,-0.6205864594619149,-0.6891303000215608,-0.5398530738760499,-0.7497051279617588,related,8
HP:0012225,related,layperson,Missing some baby teeth,Mistral-Small-3.1-24B-Instruct-2503,-1,-0.8821184776799855,-0.862417366115571,-0.7267017431727663,-0.9881999276828376,-0.7136713898580067,-0.8303289397305583,-0.6923468048706457,-0.8381459573327187,-0.4787700280473418,-0.4349942585784766,-0.0678460892341291,-0.592973338300848,-0.5311779469438868,-0.5538624721992157,-0.5289912745712627,-0.6263028580360392,-0.6142974533472615,-0.765496527334021,-0.5840403301274097,-0.7420482520432473,-0.4736212344020535,-0.6246898638032482,-0.5625848285808379,-0.6044586684353805,-0.3506217217803908,-0.5189895332620643,-0.4643352097003344,-0.4971492393379905,-0.7670201708368073,-0.7560604266370875,-0.6962496287927584,-0.8393036072548566,-1.307582356692936,-0.8414635130205373,-0.7829494287907203,-1.2859042302429975,-0.1892184892932683,-0.5339303770311659,-0.4472519793291176,-0.3835365332101105,related,8
HP:0012225,related,,Fewer primary teeth than normal,Mistral-Small-3.1-24B-Instruct-2503,-1,-0.3854955690649856,-0.6551940624354272,-0.5911841542537606,-0.5599276716875812,-0.1037591660433881,-0.5139052519324208,-0.4747724842249146,-0.2817995318328692,0.4963272001693126,-0.0617180586989785,-0.0169801791228479,0.4065890100277664,-0.5153743103261348,-0.5802279541757933,-0.5514626519559668,-0.6127800597368048,0.2941210084491053,-0.1442068928282927,-0.2064350993610329,0.1368282880745588,0.6967731044966673,0.1436917296428424,0.0456646574203282,0.6033920089741102,0.1215469498033841,-0.2926062170027773,-0.3223352273769469,-0.0470515197160487,-0.7029458485069262,-0.6446840466144136,-0.59762092655537,-0.7860246835363746,0.0920875115962974,-0.2492056499194475,-0.3418778826372988,-0.0790361303156414,0.2226287469792462,-0.3044465614853653,-0.3151497279312397,0.01814804479741,exact,8
HP:0012225,related,,Fewer deciduous teeth than normal,Mistral-Small-3.1-24B-Instruct-2503,-1,-0.3903755246522297,-0.6564254203895722,-0.594958685610841,-0.5644036801825648,-0.3323321018359676,-0.6431947419383618,-0.5680204523820265,-0.5012097786043628,0.5293140855850579,0.1129067081266065,-0.0167751743439061,0.4463552267316044,-0.733920158709599,-0.6690464758568182,-0.6051183893150391,-0.7963223483188472,0.2302369296931102,-0.2053865437692087,-0.2429535660125865,0.0655605562286916,-0.0111962163970074,-0.4360824960163903,-0.4121543555358983,-0.1887412512443929,-0.3038606573695577,-0.5059147337756471,-0.4885390083146313,-0.4552089466800013,-0.9693866056304334,-0.7523153245115937,-0.6954403668042043,-1.003666538509316,0.060775167297085,-0.2464565597710867,-0.3428922612569189,-0.1113302735315236,-0.1636294542969908,-0.51885091584106,-0.4419375755004229,-0.3603175509425323,exact,8
HP:0012225,related,layperson,Fewer baby teeth than normal,Mistral-Small-3.1-24B-Instruct-2503,-1,-0.8003411566886188,-0.8372959488178795,-0.7034152492400753,-0.9210519179242236,-0.1392935748906904,-0.5194711983541376,-0.4945368213978694,-0.3169316380821816,-0.1035335748854877,-0.3557170484455462,-0.0562334232533651,-0.2397956396071813,-0.8200231119302778,-0.6917261283148864,-0.6484942704438196,-0.8667274905950445,-0.0813719045988755,-0.4513182530598806,-0.4086128167965447,-0.2577688291643024,-0.0606560224277807,-0.4583721550858467,-0.4176302965272407,-0.2358768276748676,-0.4232317232929939,-0.5607416100804058,-0.5379331795694737,-0.5613221065820777,-0.8075969745383716,-0.6881425402898067,-0.6373877975527704,-0.8727244729183641,-0.6559244392148914,-0.6662651009360149,-0.6466509696806888,-0.7725105592987076,-0.1500929115452797,-0.5014568047913602,-0.4312921685709279,-0.3479552107131562,exact,8
HP:0012225,related,,Decreased number of primary teeth,Mistral-Small-3.1-24B-Instruct-2503,-1,-0.1003564060476825,-0.4966111411616328,-0.4638977722752455,-0.2867054603639439,0.108204021484698,-0.3488795733785192,-0.3608419327559195,-0.0630927757332725,-1.0118334473443316,-0.6413471397014368,-0.0914877570448823,-1.0523847192572122,-0.53777289771759,-0.5101825544656969,-0.4954253271236201,-0.6319338696998357,0.7062126443319627,0.386249750415142,0.1935985748775157,0.6551962188667685,0.6425070038889376,0.0704661295643841,-0.0117528340279383,0.5314585709234373,-0.1246326075001091,-0.4422705823298078,-0.4320165861887973,-0.2895589313094793,0.2236907753608157,-0.0538975627418784,-0.0990038551804106,0.077045125834588,0.2633549757598578,-0.0962698550832892,-0.2285244084061812,0.1045319261193484,0.2075080473927183,-0.3328969418845805,-0.3503515737588357,0.0021600093655407,exact,9
HP:0012225,related,layperson,Decreased number of milk teeth,Mistral-Small-3.1-24B-Instruct-2503,-1,-0.7803138022725836,-0.810565047905056,-0.6995242555968026,-0.9044253291338116,-0.0301642129004505,-0.4653790088567182,-0.4490372408881614,-0.2077104746065486,-0.0641242664555211,-0.3118138013326466,-0.0616867705104718,-0.2008496259787082,-0.7758464023043047,-0.6226143973957791,-0.573099296603941,-0.8307309967964251,-0.8124668855808833,-0.8470420581737721,-0.6534018082100788,-0.9059529924616344,-0.0172925055304629,-0.4418545406155841,-0.4208705725304978,-0.1945916302907915,-0.7387928661908006,-0.6593692442689871,-0.5821280226778107,-0.8283770599816809,0.0752517738598494,-0.1563814938952618,-0.1777734389638877,-0.0760933019732576,-0.7566320758169609,-0.7027791371229534,-0.7221246741019222,-0.856189406895129,-0.6524646486936155,-0.6938041098179187,-0.5461466250162902,-0.7751521216521209,exact,9
HP:0012225,related,,Decreased number of deciduous teeth,Mistral-Small-3.1-24B-Instruct-2503,-1,-0.0925424979631925,-0.4797760456755143,-0.4416613921340662,-0.2788598256076795,0.0412338643791811,-0.3926166357316224,-0.3969993044931381,-0.1340041805705792,0.2289157170901784,-0.1364393268492988,-0.0412422173763965,0.1026559011947018,-0.7310062249857651,-0.650201233201833,-0.6126066686391292,-0.7939218048917355,0.5705616184901839,0.1767106364942877,0.0933267965842647,0.4712091768013384,-0.0446288288562761,-0.4523483030362044,-0.436034096934923,-0.2206841519019311,-0.7819320540416227,-0.6668076777448269,-0.5983484011491491,-0.8635618584395328,0.3389286632744079,0.0357559125954028,-0.0222377517203259,0.2014324541646129,0.1139456024913162,-0.2165276291736382,-0.3599154026156536,-0.0562745394278691,-0.1052107039441257,-0.4937569922455616,-0.4371058603940254,-0.3065596065123014,exact,9
HP:0012225,related,layperson,Decreased number of baby teeth,Mistral-Small-3.1-24B-Instruct-2503,-1,-0.5546177682984171,-0.7243264731703577,-0.6325345081932781,-0.7116611394103017,-0.2133544614086664,-0.5779629567372015,-0.5417427129934465,-0.3888965178356411,-0.9239538568837974,-0.6872736915313078,-0.0920595814157898,-0.9793873375289002,-0.7513591203251401,-0.6017564113511237,-0.5767321832408364,-0.8106639849966553,-0.0758789629063528,-0.4575164023188673,-0.4100509239382766,-0.2523720929810737,-0.0992866436129428,-0.4786944021989117,-0.4450460052352158,-0.2721859809667029,-0.9788042653720552,-0.7226324415130884,-0.6244231724129633,-1.020650865419843,0.2075616156326072,-0.0712050920573242,-0.1326965333713261,0.0600388064891273,-0.6745948918543866,-0.6426830983924829,-0.6883754890439964,-0.78816236463735,-0.2043231925078486,-0.5354229880773057,-0.4595275757944044,-0.3971517689990645,exact,9
HP:0012225,exact,,Partial anodontia of primary teeth,Mistral-Small-3.1-24B-Instruct-2503,-1,0.6331748237270493,0.2837305304312421,0.1360117156818232,0.5814392453362268,0.6082926425802695,0.2356568160465725,0.111513082053962,0.5400240281261738,0.9563721186926184,0.7313677511028615,0.0439964220689302,1.0279512419646455,0.7857034453590861,0.6107922182942598,0.4569521084383308,0.7245522169853229,1.052713111003635,1.2729252698330344,0.9212847878880578,1.2270617936040935,0.5150249651849053,-0.0797851278296754,-0.1144456313202308,0.3721894929899719,0.5760164162094578,0.0766400641212042,0.0080169700244434,0.4668753567811282,1.315837865841084,2.2365840588998926,2.12963465812775,1.6769102999617227,0.199467813701183,-0.1232501080115292,-0.2459886581294677,0.0346057836640264,0.7698635992847985,0.2677816645774257,0.0525014758984905,0.7074791733086129,related,8
HP:0012225,exact,,Partial anodontia of deciduous teeth,Mistral-Small-3.1-24B-Instruct-2503,-1,0.6739407727024094,0.3684760501209927,0.2050168304673492,0.6415637309602001,0.5510488446786789,0.1500077135321285,0.0531601254911931,0.4624637210241605,0.7212070643010798,0.344962891449571,0.0061859352750546,0.6902725143171541,0.282464838739189,-0.0559790899585276,-0.124306916723431,0.1384415094389219,0.8664414509804891,0.7129146683910398,0.4862145195060164,0.8966930767874983,0.2448334756181654,-0.2948048025884594,-0.3143615022875336,0.068658899709092,0.0848091423411891,-0.3707986458234334,-0.3509183609813072,-0.0845095300712832,0.9250250168053032,0.5955472506267183,0.4825482330029277,0.9468955593278756,0.0119111534644313,-0.2402121157406344,-0.3474473530406788,-0.1610195530664381,0.4351498365199179,-0.1505537602181501,-0.2199263120298879,0.2564325497608202,exact,8
HP:0012225,exact,,Failure of development of some primary teeth,Mistral-Small-3.1-24B-Instruct-2503,-1,0.0258925432579829,-0.3916924564736949,-0.390013177517497,-0.1572269980245709,-0.0836518112436067,-0.4955413805014798,-0.4579778843811346,-0.2617384901905869,0.6308640312642015,0.1440079050520634,-0.0099542917475701,0.5725640347198488,-0.212197014536431,-0.3562249359227996,-0.397664131609971,-0.3446675649991791,0.5957746962511415,0.2168513712266587,0.0592623102621229,0.5042364266116465,0.2950915418417724,-0.2604774880529506,-0.2868866138767463,0.122262717326557,0.3678333326904329,-0.1282018292673983,-0.1669321930740849,0.2181973647772229,0.5308075519497985,0.2112625457150075,0.1882172273038064,0.4214619074681859,0.0629519689315477,-0.2695361026895679,-0.3309744469758343,-0.1090968863587912,-0.0919672560074557,-0.5102426535700392,-0.439605904001583,-0.2942222215149321,exact,8
HP:0012225,exact,,Failure of development of some deciduous teeth,Mistral-Small-3.1-24B-Instruct-2503,-1,-0.0325431693945116,-0.432721352796448,-0.4052268194196319,-0.2178945559308836,-0.1690480802206415,-0.5548150141106443,-0.5046120428967048,-0.3460437323444763,0.4784219250772315,0.0295707815206839,-0.0245647001317774,0.3852377120417379,-0.4708593140865444,-0.5142010222095807,-0.5316913177754079,-0.5744651700470049,0.5089140443178871,0.0973371562189715,-0.0046511520882937,0.3924470716193119,-0.2766742058065389,-0.5558091082943575,-0.5047963068393634,-0.4337398700385604,-0.1288338701449762,-0.4600352307478155,-0.4267115668583686,-0.2935376876961421,0.5751921882456015,0.2570749543151071,0.2005263541768246,0.4750576140117186,-0.1640952328780628,-0.4021678000007709,-0.4254008763432141,-0.3334947879769107,-0.3692690078281775,-0.6131464796675048,-0.5046924805237489,-0.5417697714729565,exact,8
HP:0011117,exact,abbreviation,Abnormality of IL secretion,Mistral-Small-3.1-24B-Instruct-2503,-1,0.3677925631064854,-0.0507582562175124,-0.140851675692606,0.2290682793497074,-0.410258682255512,-0.669657339912084,-0.588803530747669,-0.5727517607247063,0.0795212599833629,-0.1959043813937911,-0.054387490227354,-0.0553382005303017,-1.1970460000944725,-0.8691144642362324,-0.7571380765713893,-1.1642086794000397,0.3621755740133493,-0.0798669733445209,-0.1746096365702237,0.214981397103814,0.1427170197352945,-0.3472353424944321,-0.3496193001203238,-0.0369331886011078,-0.9917529939314194,-0.7326605611441,-0.6508497974431828,-1.0307951113254208,0.178679075887191,-0.2546642748813543,-0.2819548863392808,0.0298176262303517,0.0848701095268275,-0.4427348779968847,-0.4960279464759096,-0.0865121020108589,0.419805703738121,-0.1090843466143554,-0.188260544220173,0.2382699108397421,related,8
HP:0011117,exact,abbreviation,Abnormal serum IL level,Mistral-Small-3.1-24B-Instruct-2503,-1,0.520976169686039,0.1447604433371073,0.0323486915022372,0.4250894330597746,-0.2401844582546266,-0.5965060823776894,-0.5259904634601266,-0.4145668648906946,0.8856854408481752,0.5028113216712404,0.0416008977356699,0.9208328339690398,-0.5858173782624511,-0.7224909537459022,-0.6704852544056616,-0.6727443369055983,0.8340477889377641,0.63427191663796,0.4070068355461771,0.845309320194237,0.6412257563474147,0.0820410199836106,-0.0223638510248019,0.5297927754301845,-1.4928126853608843,-0.8447540041917172,-0.7269869393931523,-1.4082474727437744,1.0847633741971954,0.8667701949153636,0.7196626301616248,1.205464261141128,0.4151012831968915,-0.2081586089227353,-0.2880018353047333,0.2786201120869715,0.7449536360782991,0.281612702775674,0.0589938678065057,0.66918513933063,related,8
HP:0011093,related,layperson,Increased size of premolar,Mistral-Small-3.1-24B-Instruct-2503,-1,0.4415300199561097,0.0052108039899821,-0.0777266578855735,0.3212201928383028,-0.0897842710147369,-0.4501590044430916,-0.433635194222575,-0.2678709614646363,0.6320528414685957,0.1665467110787721,-0.0175666395906146,0.5740778695347118,0.4227604064558455,0.219373690216156,0.1404184512290857,0.2895850558936461,0.3090677738649901,-0.1516215241992475,-0.190845342539125,0.153788555994415,-0.219092606217807,-0.5298310045123219,-0.501665296455418,-0.3821778176168507,-0.4459064727307218,-0.6235534498279218,-0.5618177124898998,-0.5811351090968057,0.9050083586231638,0.8522015121851904,0.7524753283895124,0.9168982232916408,0.1348486172012308,-0.295790750516839,-0.3685433952837576,-0.0343347337012442,-0.390302172891361,-0.6592643561977483,-0.5172722726216423,-0.5597118581205294,related,8
HP:0011093,related,layperson,Enlarged premolar,Mistral-Small-3.1-24B-Instruct-2503,-1,0.4656683841153239,0.0652903724779306,-0.0514027285400454,0.3522453381262516,-0.5739736922427486,-0.7170149441192748,-0.6214150314550096,-0.7183804721499533,0.1557740634303159,-0.1647158746968355,-0.0445202138076584,0.0243861723564777,0.5286940813689719,0.2936555701978537,0.1669909005360303,0.4092061801566907,-0.3295288349336485,-0.6458783585965279,-0.514511081092573,-0.4922322132023548,-0.2738451169192166,-0.5510680386749474,-0.5091847014169659,-0.4312251172757057,-0.073977709795557,-0.454140013082663,-0.4453845087263616,-0.241195034321664,-0.050139356809835,-0.4813109455322375,-0.460138227593146,-0.2000819450467177,-0.2567297591819426,-0.5425944954562487,-0.6024432325315563,-0.4206089287464413,-0.1421117539673926,-0.5583178078706714,-0.460130410006116,-0.3406401069265128,related,8
HP:0011093,exact,,Molarization of bicuspid,Mistral-Small-3.1-24B-Instruct-2503,-1,0.0023861608096683,-0.3615624915897121,-0.361594605810078,-0.1817901812537944,0.8909060843210508,0.8683647072802574,0.6558003237890393,0.9768479304452854,0.9657148045203532,0.7071940371308056,0.0475719639015007,1.0425412987383555,0.3472229714653099,0.0068734062749642,-0.0461165872405496,0.2072558707348298,0.5800262465835156,0.1507538869076223,0.0232748237719547,0.4835493507019349,0.6728576246365704,0.1039828552071683,0.0126334072907928,0.5713500437487359,0.2915129769398357,-0.1586651883726089,-0.1926563969979926,0.1331162063953069,-0.184164213930197,-0.4088427296052332,-0.4094002232267327,-0.3278829922301296,0.5966565477944594,0.1154841150618956,-0.057160074036932,0.5050200836315627,0.0758367497715216,-0.4687810194717927,-0.4098236827157921,-0.1325854520365084,exact,9
HP:0011093,exact,layperson,Molar shape of premolar,Mistral-Small-3.1-24B-Instruct-2503,-1,0.7771102226956155,0.6233511008067119,0.4546030636148469,0.8034992870725709,0.4002836762950091,-0.0353084882062585,-0.1109531460477795,0.2704405025596847,0.4902276686285411,-0.0244493949303426,-0.0384544671822152,0.3992974473269963,0.6042556796890516,0.2102717900602393,0.0780825398888573,0.4978777994496927,0.762559594597195,0.4672741651082553,0.2502319362590042,0.7367071667901038,0.1028161798535796,-0.3682625009295114,-0.3732999863641887,-0.0770844457249511,0.2323581061803977,-0.2596821572892309,-0.2870484663170338,0.0690440837973188,1.096674153342568,1.2613554546103058,1.0773415297938853,1.2263811387076438,0.2536955525464389,-0.1805833093224093,-0.2802932934448489,0.0938408083333218,0.6021643439414784,-0.0488345244488382,-0.1353307864090919,0.466449099587386,exact,9
HP:0011093,exact,,Molar shape of bicuspid,Mistral-Small-3.1-24B-Instruct-2503,-1,-0.2952633200359392,-0.560191032454196,-0.5107085723452076,-0.4760301660962329,-0.260826083324452,-0.5800011288477485,-0.5220920776482805,-0.4341771539305193,0.579571239023525,0.148830052129967,-0.0090785125504084,0.5080701492867248,-0.3917502113510256,-0.5546115432769991,-0.5257285044859792,-0.5055257235652446,0.24101536917474,-0.2318388497141658,-0.2633436971385826,0.0774499253450424,-0.5506531528580001,-0.6408071900785313,-0.5760515334535501,-0.6690946773581773,-0.8618139421294592,-0.7180517642074805,-0.6412197154085179,-0.9279687778316942,0.420518722289224,0.1695756613081352,0.123039902623104,0.2928443056473037,-0.2075176000632517,-0.4818307531041112,-0.5333180881071058,-0.3746212961641256,-0.3429338194823412,-0.6446350833408907,-0.5072584275087859,-0.5191531848015403,exact,9
HP:0011072,related,,Tooth with dentin dysplasia type i,Mistral-Small-3.1-24B-Instruct-2503,-1,-0.7050481872265265,-0.7953268011775009,-0.6425929325956721,-0.8412706420750233,-0.925029640554168,-0.9073844870091328,-0.7494154383875609,-1.012461426675032,-0.7103494091872327,-0.699609339282561,-0.0966901930254719,-0.7977086882648039,-1.327210579964821,-0.858951624703836,-0.7736915027236113,-1.2633362746619103,-0.4258519540862407,-0.6614270082141424,-0.5385576571681507,-0.5788122108582995,-0.8156816217587516,-0.7134186601479627,-0.6402646180607413,-0.8836455408425533,-0.3220226374989209,-0.6079887643610213,-0.5572877748495331,-0.4715573857930689,-0.2101132905475653,-0.5872349818435476,-0.5618202507627755,-0.3521130307549995,-0.912137923416766,-0.7878345594480743,-0.7867205027590912,-0.9820025965349608,-1.100249540588549,-0.8081557516916814,-0.6113878885891878,-1.1145745724168203,related,8
HP:0011072,exact,layperson,Teeth without roots,Mistral-Small-3.1-24B-Instruct-2503,-1,0.2235804548739609,-0.2497041561828231,-0.279079368157519,0.0588076036281582,0.2170895450086678,-0.3086168539381375,-0.3352439290131213,0.056263581305409,-0.3291042497381638,-0.5648864505430898,-0.0885184439042717,-0.4556347992103884,0.4133641476468613,0.0993085561628682,0.0332924588776834,0.2792162666610922,0.5567341858031453,0.1603614471038708,-0.0094053352888698,0.4533026661746697,0.6332043633091836,0.0488829414132785,-0.0271195669339196,0.5193964454554043,1.031837919390607,0.9241825005368626,0.7407934640636634,1.1561776443120162,0.831604333252412,0.1458369252455713,0.0717365361557833,0.8105775124795653,0.1258347282656181,-0.3405990227864029,-0.3414922762709255,-0.0438167083708324,-0.0090565121667238,-0.4575001592524325,-0.4026307070937845,-0.2156392157194827,exact,9
HP:0011072,exact,layperson,Missing tooth root,Mistral-Small-3.1-24B-Instruct-2503,-1,-0.0363155926765156,-0.4880558576591595,-0.4495109407622673,-0.2217663098513531,-0.0178348392413098,-0.4766537830672198,-0.41679226482572,-0.1951153390188957,-0.9044799219040146,-0.7137793196608956,-0.0875995433969075,-0.9630797578871576,0.1039654088214918,-0.1229251891551384,-0.1751739390188932,-0.0438046485898143,0.4537598964972939,0.0022324149053813,-0.1078266710752103,0.3241919782602172,0.2897204943413486,-0.2635478675917755,-0.2839885180077309,0.1164789434591094,-0.2894371649333996,-0.5641812560591543,-0.5083182420255307,-0.4421713994870022,0.6249638006489261,-0.127452417799595,-0.1701573564876613,0.5365479768715359,0.4042716057057664,-0.1252628480078366,-0.1802132713099699,0.2657849847038663,-0.0436979456493837,-0.4977273725343252,-0.4391735246606954,-0.2487615736859557,related,8
HP:0011072,exact,,Aplasia of tooth root,Mistral-Small-3.1-24B-Instruct-2503,-1,-0.570975596344674,-0.7417222769257749,-0.6381173891129327,-0.7259862692478504,-0.7275476623222749,-0.8237881915969053,-0.7111363227733706,-0.8498347353260391,-0.4518580435951324,-0.6178985012335183,-0.0903984945501386,-0.568589435113751,-0.6670524444498914,-0.5601034780201566,-0.5237859615607381,-0.7409300426618736,0.2758832319404936,-0.1708398672755333,-0.2307213387350197,0.1162835179537422,0.1182040807218191,-0.3769996001272613,-0.3783767902077694,-0.0616696321900575,-0.4264711479546272,-0.6328605885921482,-0.5566654264452024,-0.5641591508516572,-0.6191935700854985,-0.6790714370081541,-0.6359969296167614,-0.7154083187869266,-0.1714313045932866,-0.5101291442055061,-0.5153737960104672,-0.3404801427510646,-0.2664133682287015,-0.5755608451314305,-0.4871991421617642,-0.4524397741930167,related,8
HP:0011072,exact,,Agenesis of tooth root,Mistral-Small-3.1-24B-Instruct-2503,-1,-0.8520795318041535,-0.8552512058035638,-0.7263265006334045,-0.963670940675502,-0.7824866431286756,-0.8322085659493712,-0.7110777138134021,-0.8957638801566328,-0.4724576729251427,-0.617168276254161,-0.0891790161698304,-0.587265733284911,-0.439526028435193,-0.4201403880998525,-0.4085243210017929,-0.5472924402613702,0.0988449864933308,-0.3248059291366363,-0.334704783967167,-0.0753171691983605,0.2719602508895473,-0.2822151394589407,-0.299828049524299,0.0974492068229153,-0.5844453917401291,-0.6548899109122244,-0.5926445285515219,-0.7000002473499894,-0.4110574698092656,-0.6140096815333274,-0.5774916529056583,-0.5346815189440156,0.0806609114894822,-0.3693392519051556,-0.403008706628354,-0.0908631043793919,-0.2303080087068313,-0.5601211366067085,-0.482855744332353,-0.4204208966075429,related,8
HP:0011072,exact,layperson,Absence of tooth root,Mistral-Small-3.1-24B-Instruct-2503,-1,-0.7936778863725985,-0.8287810945670679,-0.7040508502668583,-0.9155282366668456,-0.1074703253755688,-0.533665185828962,-0.4967242373944008,-0.2854876545934176,-0.1395527152706152,-0.495063562838543,-0.0862209359268554,-0.2750501492188295,-0.1835859941643944,-0.2813936397226136,-0.3355259933853032,-0.3184248232005487,0.393771873552321,-0.0402573311988625,-0.1320162872655168,0.2521100291035089,0.3306093666103822,-0.2410025272083779,-0.2633387933796696,0.1608565987390953,-0.5711019793453388,-0.6749927041998266,-0.5990823718889726,-0.6887085375492269,-0.2780145066282986,-0.5665831114938399,-0.5137254109594486,-0.414780647716702,0.3701076155215386,-0.1559915202927933,-0.2093004139390608,0.2257304314383967,0.0091550992896912,-0.4694662790022454,-0.4134707104317889,-0.1980526819218968,related,8
HP:0010956,exact,uk,Foetal megacystis,Mistral-Small-3.1-24B-Instruct-2503,-1,1.0173480932651369,1.570830689036668,1.3545423265967658,1.264750245325831,1.1773394031815216,2.5272961467928523,2.499847285448442,1.6069606898501485,1.5051810193403294,4.763787370775022,0.5783899274631897,2.310558034060775,0.5655431589237099,0.2456007718037436,0.1501641101850557,0.4520758568318871,1.251805236432657,2.4583690472969155,2.221853872857136,1.6970329038341905,1.2672237574585477,2.9566254085227834,2.979322461554464,1.743331474238888,1.155802077675692,1.5756232445080662,1.394231573380389,1.4168777605064815,0.2243632920659463,-0.1889047191784742,-0.2462673233495105,0.0777562697301359,1.223866373615036,2.276436820915901,2.203776018812738,1.6258964539461531,1.1883152731237048,3.1360602360868133,3.423136416223406,1.7451288286934266,exact,9
HP:0010750,related,layperson,Hooding of eyelids,Mistral-Small-3.1-24B-Instruct-2503,-1,-0.5588122079704279,-0.6999258872541082,-0.5940339080580955,-0.7153399636990667,-1.3666583776392986,-1.0036759933781596,-0.830179917542352,-1.3544193259312405,0.093961705593359,-0.3789130538575538,-0.0623623082232414,-0.0403799292494803,-1.2904606130160097,-0.8398910693207383,-0.7485836944235372,-1.2355166069111496,-1.1255580794326925,-0.967621295629276,-0.7369013882634401,-1.1511512127275174,-1.0162883253593342,-0.7747462520933704,-0.6802104115698897,-1.0390864479159194,-2.367596176487357,-0.9933284799419476,-0.8392089635441117,-2.014313432168079,-1.450241426022472,-0.8281572418971284,-0.7489627528905521,-1.3739761454080626,-2.028444694212294,-1.0542431849420817,-0.9221896882060312,-1.7938684869181485,-1.247543101458633,-0.8509802625909058,-0.6281877118122994,-1.219948296903017,exact,9
HP:0010750,exact,layperson,Redundant eyelid skin,Mistral-Small-3.1-24B-Instruct-2503,-1,-0.6754813156980002,-0.7512739654022713,-0.6530854928219334,-0.8161623843888589,-0.4536992039215906,-0.663567411079529,-0.604384203536647,-0.6119886744826634,-0.2352367350399577,-0.5793960434006412,-0.0835695187790265,-0.367204226945291,-1.4578686651250108,-0.9524038894134048,-0.8321242674908027,-1.3612337940937802,-0.7289469448422158,-0.8250395293873085,-0.6855332827995576,-0.837772664976546,-0.4431850450296528,-0.6139660048429609,-0.5465246009168919,-0.5786059974815314,-2.117484051422825,-0.9649405660527114,-0.8279702431733519,-1.846439813998064,-0.9720121577670334,-0.8076224947953843,-0.7511576344942551,-1.0057623661942143,-1.846024427980013,-1.0464731141638226,-0.8845119851151821,-1.670023203488404,-0.6546628598064235,-0.7288576465985321,-0.5589879390230003,-0.7768997915663561,exact,9
HP:0010750,exact,layperson,Extra eyelid skin,Mistral-Small-3.1-24B-Instruct-2503,-1,-0.7281923447338303,-0.7880248312603663,-0.6632118557522662,-0.8608054360850323,-0.4619656385503966,-0.6741044149761162,-0.6217849313035305,-0.6194049132507528,-0.3971770075734632,-0.5707490915599436,-0.0877592655353926,-0.5186325107990675,-1.5263516365325471,-0.8967391429509759,-0.7870756981064978,-1.411945561117116,-0.6585283831286328,-0.7935219566676265,-0.6524102645618585,-0.7792811391210146,-0.2332817857292996,-0.5296758517759426,-0.5029152045236384,-0.3949585631502125,-2.0146161110993805,-0.9640526585527904,-0.8392108120810757,-1.7762666918436945,-0.842052214481389,-0.7713445964420138,-0.7284759841074048,-0.9009151615470656,-1.930507922350841,-1.0417795096179652,-0.9436857578222464,-1.727733686342172,-1.2631586565515416,-0.8714378409659589,-0.6468388213440865,-1.230962890262556,exact,8
HP:0010750,exact,layperson,Droopy eyelid skin,Mistral-Small-3.1-24B-Instruct-2503,-1,-0.7043731000523972,-0.7668042673697804,-0.6358976060858289,-0.8406992755162213,-0.612968432955336,-0.7710541246023668,-0.6609152123842262,-0.752205538138062,-0.1238126218586641,-0.4842046787679875,-0.0754379256628686,-0.2596835075381205,-1.5032965437638175,-1.0437296798311326,-0.8878230922896744,-1.394917668077125,-0.7585141837009048,-0.8347023304993291,-0.685631060593466,-0.8620540963490149,-0.6986678584563099,-0.6882500620190277,-0.6112281552263782,-0.7903206391594249,-2.0594035524674656,-0.9413810776380456,-0.8060905448365969,-1.806904974332124,-1.268593490972444,-0.8027176567380698,-0.7438015221428386,-1.23709139904033,-1.5496441281999591,-0.9799314276453064,-0.8545853426630272,-1.4623179954857022,-0.7503402564973853,-0.7534467338521508,-0.5725427736933075,-0.8521153592403186,exact,8
HP:0010750,exact,layperson,Baggy eyes,Mistral-Small-3.1-24B-Instruct-2503,-1,-1.535218389315168,-1.069219456605776,-0.8532444308968331,-1.4883444300295925,-1.518812027480583,-1.072476688871428,-0.8761930668535398,-1.4663669821528416,-0.1670165785940132,-0.4254313203725547,-0.0714031304514813,-0.3017191941453789,-1.422407136053245,-0.8670231629429143,-0.7612091480240194,-1.334815438826848,-0.747735744219275,-0.8414663857391569,-0.6613331466695719,-0.8532211826983364,-1.2839492654629416,-0.8219485757464261,-0.7159671256983229,-1.238747274172942,-2.4861768554118537,-1.0229276989942726,-0.867163209836635,-2.092662433395857,-1.0978089489492604,-0.8566041708495863,-0.7764942876521038,-1.105157018000898,-2.6462910560564525,-1.1958181268977373,-1.0202079938355633,-2.1943446329385536,-1.945010718976652,-0.9377111708272536,-0.6730861303324012,-1.6873353835623788,exact,9
HP:0010744,exact,layperson,Absent long bone of foot,Mistral-Small-3.1-24B-Instruct-2503,-1,0.6417792303872191,0.3244335119637768,0.1604080703801537,0.5939682196379762,0.459788804176786,-0.03664959391113,-0.1275704526947912,0.3442962308630943,-0.3422238806438929,-0.4806885606074899,-0.0796824035326644,-0.4678480616010554,-0.5318631206782471,-0.6809817505627936,-0.6288966941283978,-0.6268882157042918,0.770066470852043,0.5187156371765151,0.3546684113108774,0.7478251581217796,0.0456247731937887,-0.4170052400717163,-0.4023904745432334,-0.1336402315194771,0.3069647675505236,-0.1766080882635885,-0.2025832548274949,0.1501139112870518,-0.3581427215551454,-0.4979528545724057,-0.49964822417419,-0.4874324478101699,0.0376217185821495,-0.3134329202552111,-0.3484749281602646,-0.1349799405264015,0.1047272295329974,-0.438131458888063,-0.3921533510274804,-0.1036701355119735,related,8
HP:0010385,exact,layperson,Bullet-shaped bones of the pinky toe,Mistral-Small-3.1-24B-Instruct-2503,-1,0.3157642689882609,-0.1456067146589401,-0.1799788600568835,0.1662255272823239,0.5253052491521831,0.0885678908391301,-0.006893624974688,0.4284833099540123,0.8422136265853875,0.4435183685763722,0.0271968891419906,0.8575611601342394,0.2179434247330084,-0.2060505436099684,-0.2759404736869388,0.0713694373004251,0.1908139445481916,-0.2548484023445794,-0.1890561924268864,0.0225202843319419,0.5515445133207965,-0.0264674601491186,-0.0607124682753415,0.4165581039770105,0.5606730821072652,0.0883198822835009,0.0131274358850478,0.4475850299070706,0.627805379227145,0.4940398825465406,0.3735517053103566,0.5401053059559718,0.062061946588393,-0.2451931255276664,-0.0986933413653275,-0.1100102529136471,0.254680832254378,-0.3594156385131035,-0.3578264551638423,0.0524214569775238,related,8
HP:0010385,exact,layperson,Bullet-shaped bones of the pinkie toe,Mistral-Small-3.1-24B-Instruct-2503,-1,0.0249866332807526,-0.404644239699777,-0.3711243815864464,-0.1581776947769838,0.4924600524344774,0.0405420879435175,-0.0704186246198109,0.3858813457160133,0.8828371455025226,0.5147592697979084,0.0321931616129734,0.9166298659692428,0.2133581257910485,-0.2153331448748763,-0.2701269335756564,0.066656567832682,-0.0896415693735742,-0.4743845070667765,-0.3190226700809776,-0.2658754206691359,0.4439261850178569,-0.1290060093460958,-0.1564373352930144,0.2883559487772872,0.5567050417287863,0.0835044663506681,0.0145201783479373,0.442624057118204,0.5801260953228496,0.4389503004494687,0.3102649229175493,0.4810858843635583,0.3424883277883803,0.0078200267776051,0.0216637301238799,0.1938155773646225,0.0998885850248286,-0.4421283969821738,-0.4083990289865282,-0.1085371257487965,related,8
HP:0010385,exact,layperson,Bullet-shaped bones of the little toe,Mistral-Small-3.1-24B-Instruct-2503,-1,0.540226930514533,0.1345957096586525,0.0152104193098801,0.4510562917209666,0.4874574810978153,0.0194391925429928,-0.0854929509850628,0.3794638950243281,0.8018364134406099,0.4075964287386144,0.0224189088897652,0.8003780286657585,0.1732207876785222,-0.2450727070240511,-0.2881507248488176,0.0256942043178398,0.7123624917186344,0.4001006543422934,0.2265240758802522,0.6639329489818762,0.576614218852761,-0.0134889883836173,-0.0901809420215184,0.4475743310309871,0.3925911810074916,-0.1051816184270116,-0.1665951125180502,0.246429998989875,0.5477553639171738,0.3880908855000777,0.2980739373688107,0.4417945293616895,0.8451593645318629,0.8341712246062091,0.6545457680346295,0.8606608388787308,0.1780638867570539,-0.4070563506221288,-0.3784732952270897,-0.0286536975713882,related,8
HP:0010109,exact,layperson,Short big toe,Mistral-Small-3.1-24B-Instruct-2503,-1,0.1279377749601826,-0.302268577694683,-0.2883221559737497,-0.0479403291486156,0.1130932157001008,-0.4319606563368996,-0.4292033993917372,-0.0578445539617177,-1.1503000100666303,-0.798035990567604,-0.107050466513881,-1.1655395056561733,0.066357438899886,-0.2579798616022558,-0.2990140799982935,-0.0809514419326017,0.3365540910675424,-0.115043062334294,-0.1957902467673619,0.1852744093607432,0.4291749147178897,-0.1548491599795094,-0.1948621889128351,0.2713538227062715,0.8206217232148307,0.2880683908404252,0.175558927686687,0.8023479610376706,-0.0238462018782138,-0.5158197034809688,-0.4843432380018176,-0.174455922198608,0.0421297353660319,-0.3025967887154338,-0.3850359201105817,-0.1303903307285712,-0.3323818901288651,-0.6192527385355993,-0.4904037701275236,-0.5100429714962444,exact,9
HP:0010077,exact,layperson,Wide outermost bone of big toe,Mistral-Small-3.1-24B-Instruct-2503,-1,0.0280957886285451,-0.4251956807098708,-0.3977568797918411,-0.154913455204855,0.271390197091266,-0.2169143238208633,-0.2502506605695517,0.1178638811879373,-1.0805781581148437,-0.7644629676232438,-0.1025931846960918,-1.1088375596791906,-0.5955334940269257,-0.7927404979681628,-0.7135568017771702,-0.6809530006413014,0.066738720691796,-0.3580014307998392,-0.3007320844343539,-0.1086780759893528,0.1807281240771379,-0.356114319028003,-0.3489711121172746,0.0018786393227266,-0.3846945978909893,-0.5756837662128337,-0.501881933036512,-0.527403460256637,-0.0413619385631487,-0.1449407903437952,-0.1458590867950556,-0.1915483865708913,0.1635731053701459,-0.0496633072018245,-0.1629446936503647,-0.0039018752011821,-0.6368325812167607,-0.7095138737173032,-0.5563717514610771,-0.7626977963549018,related,8
HP:0010077,exact,layperson,Broad outermost bone of big toe,Mistral-Small-3.1-24B-Instruct-2503,-1,0.1087565390723816,-0.3614275392546309,-0.378680640833685,-0.0688271750735107,0.3362784085659864,-0.1495685530555476,-0.1950989833468564,0.1934898304087235,-0.9590397293033516,-0.7796434081501572,-0.1035223183641479,-1.0086465265870157,-0.5078451806593796,-0.7482620059942292,-0.6711956587777826,-0.6063230195139696,0.0981859199251878,-0.3331594918575644,-0.2683064809461006,-0.076005974877914,0.3811435342632399,-0.2105040705061432,-0.2188973058136551,0.216855749400406,-0.0752954971468973,-0.4429441272821414,-0.4080661249064136,-0.2424625662601245,-0.0011844416552556,-0.1240366516269573,-0.1275775006089475,-0.1522144536474074,0.3212757711711677,0.0783328709749123,-0.0245295862117696,0.1695756985544217,-0.5605851003102279,-0.6822856662897707,-0.5395045220724326,-0.7012740562363968,exact,8
HP:0009931,exact,layperson,Wide nostril,Mistral-Small-3.1-24B-Instruct-2503,-1,-0.3664888407783242,-0.6039934698879187,-0.5563823419612669,-0.5424356066199643,-0.4755887538808938,-0.7025466730915793,-0.6131718353563528,-0.6315924839799701,0.0179505896855317,-0.2070674192002806,-0.0514829280523162,-0.118420358812293,0.0266620030344458,-0.1210266823390827,-0.1865831770967369,-0.1197299661403161,0.3235521122461778,-0.1261115294643782,-0.1938158675431524,0.1703319395749062,-0.0538907768011406,-0.4590637475765037,-0.4309807642815063,-0.2294731996594131,0.5925784589728992,-0.1257265120782883,-0.1739446368614323,0.4878942410658045,-0.34097790565094,-0.6388580427748367,-0.577864660897727,-0.4719832547341148,0.2134922782216722,-0.3385721965330691,-0.4104361349988152,0.0498003302325532,-0.9512928730479068,-0.7892486195779468,-0.595286858403575,-1.0050860853694072,exact,8
HP:0009931,exact,layperson,Wide nares,Mistral-Small-3.1-24B-Instruct-2503,-1,-0.953558830489112,-0.8849407254964107,-0.750872478874446,-1.0459241486412432,0.2323651707093012,-0.2604107893418636,-0.2981317973466907,0.0734449784346687,-0.6741636275529945,-0.6173762948797449,-0.0896618030933859,-0.7662841918092645,0.6691886893933984,0.4918278207884833,0.3963212003230793,0.5765930672397782,0.7405943104490861,0.4490416229062882,0.1754308584791707,0.7045338924819061,0.463749963394058,-0.1213415197468725,-0.1763957042547689,0.3114099613068633,0.7628127732619442,0.162324013398428,0.0877758456004061,0.717560649350777,0.0693995100319179,-0.4634100975344514,-0.4585315017212814,-0.0819835404524981,0.8148264022488128,0.3765154989083724,0.2589094037598812,0.8135184364078839,-0.0922515786185255,-0.4940588092672728,-0.4310453838227956,-0.2944876927846505,exact,8
HP:0009931,exact,,Increased diameter of nostril,Mistral-Small-3.1-24B-Instruct-2503,-1,-0.1861905073284877,-0.5132184826687216,-0.472061012396522,-0.3715409473083453,-0.3699150644221886,-0.6331480806029084,-0.5565355184755439,-0.5359035518493246,0.1593531941848855,-0.1563162359240889,-0.0481280813609785,0.0281740342347801,-0.2460973467908733,-0.3166799412644234,-0.315229075351624,-0.3755351675323977,0.0742304708286866,-0.343269196045145,-0.3591667942879827,-0.1009286949827265,0.0511072500589101,-0.4094619248906158,-0.3970287007278691,-0.1282675339229544,0.3388856382030855,-0.3491599328025824,-0.3707328125227501,0.185589349904361,-0.5102121402695639,-0.6198584062622465,-0.5822621136195175,-0.6217566022455354,0.1811676675466308,-0.362814910815832,-0.3973133215498076,0.0149058138818638,-0.6202768522629278,-0.7056865214695125,-0.5422216661273288,-0.7494570321722891,exact,9
HP:0009931,exact,layperson,Enlarged nostril,Mistral-Small-3.1-24B-Instruct-2503,-1,0.595823939838531,0.270522453547106,0.144187166986862,0.5279922947567154,0.4712763915383574,0.0346649286050074,-0.0479958678264693,0.3588309666558278,0.3513008219941493,0.0402592399409067,-0.0178383904819896,0.2380021264030044,0.2774323134266842,0.060346105090953,-0.0116742258022567,0.1331580239425894,0.6389856935073868,0.2645537364376136,0.0952752140672725,0.5620282791249269,0.541667612192601,-0.048469149461278,-0.106704245091111,0.4044653750243648,1.002564855377774,0.6007017733328012,0.4691412867032739,1.101795913545614,0.2745953047136262,-0.3314623534113609,-0.3226254881766817,0.1313506993835213,0.4305519280985804,-0.1656573358691764,-0.2690868121366987,0.2970507235231324,-0.2939369322066496,-0.599620336023065,-0.4840267401492545,-0.476611261142939,exact,9
HP:0009931,exact,,Enlarged nares,Mistral-Small-3.1-24B-Instruct-2503,-1,0.7612022210156425,0.6170713869866223,0.392804126954146,0.7775038694086148,1.0951518620472511,1.6976342272653775,1.509949776062974,1.390206459682226,0.5048647740036538,0.1379471288625908,-0.0096314972853673,0.4168269408349086,1.0843949623607148,1.3294933325575709,1.2467793109495886,1.1582258436869328,1.0791773348070672,1.3832454483321397,1.0242589483021016,1.2803365034920302,1.1718634198823417,1.6531270364120625,1.4839923058315745,1.4446333748248403,1.2007132654735824,1.700955741617461,1.537659651319212,1.5290298670652072,0.0053769949482169,-0.5023313038644305,-0.5149771936001006,-0.1457474651622457,1.174904421580766,1.7239917260425706,1.834379891213846,1.496200647449248,0.6642736121062688,0.080594617839259,-0.0835453478557824,0.5514744997464426,exact,9
HP:0009931,exact,layperson,Dilated nostril,Mistral-Small-3.1-24B-Instruct-2503,-1,0.0179194230593058,-0.3705691361660236,-0.3694699979120434,-0.1655830549519206,-0.0048702430808668,-0.4157952000296936,-0.4069534534234515,-0.1818125318840934,-0.734635928047219,-0.5482683816707319,-0.0821463383084855,-0.8186894886120597,-0.5478334433150575,-0.5732259839073104,-0.5285061669421318,-0.6405102885618016,-0.0822297715744583,-0.4684033170313439,-0.4268581010819263,-0.2586107960396188,0.0283939143005507,-0.4101881241002137,-0.3948328501053445,-0.1504606730516371,-0.1743615475701025,-0.6254261271585598,-0.572801202604223,-0.3363461113217236,-0.1718091632114496,-0.5681064054247789,-0.5265012706484963,-0.3162900333304767,0.3231466052852527,-0.2585423767185533,-0.3314538796337356,0.1717042452899754,-0.8370302722137521,-0.7677529273689534,-0.5787354211192787,-0.9188980884850128,exact,9
HP:0009931,exact,,Dilated nares,Mistral-Small-3.1-24B-Instruct-2503,-1,0.1650015208436387,-0.2458923009402292,-0.2828775407838476,-0.007100573453115,0.5502870436104911,0.0958014586166671,0.0333982950782255,0.4614504631096735,0.484366745804741,0.136030984935181,-0.0197308542527672,0.3923088187858286,0.0876637618863566,-0.1987276003401228,-0.1919636765775832,-0.0599561215408561,0.7529156139623686,0.4723022913541054,0.2474818680153656,0.7225164145656061,0.6280892610730653,0.0587087572772376,-0.0132347168664925,0.5127959085651587,0.0366091944022371,-0.4996955283338405,-0.4594834836652584,-0.1329367859571838,-0.0580086820055529,-0.5438247790085803,-0.5260340648157846,-0.2077148204247973,0.9934821241766332,0.8230228054015304,0.6475612808070392,1.1123854922964809,-0.1281087363692077,-0.521405206821993,-0.4448644085018437,-0.3277579778181213,exact,9
HP:0009931,exact,layperson,Broad nostril,Mistral-Small-3.1-24B-Instruct-2503,-1,-0.3784895407913487,-0.6211284454322322,-0.5588299476770886,-0.5534908625809326,-0.2431353696298697,-0.571773689738439,-0.5429695401120924,-0.4173776789874477,0.1652664569853117,-0.1155383611414758,-0.0440660544367464,0.0344414372286601,-0.1799885248980335,-0.2472762733004416,-0.3072038981565666,-0.3151124946642286,0.0436778734287741,-0.3759626395122261,-0.3941976122778502,-0.1324004730802608,-0.1440477813814676,-0.492402621692368,-0.4546324054550497,-0.3137291324776173,-0.3147303643619404,-0.6832137143735344,-0.6071939611507563,-0.4650023558033112,-0.2513714084111588,-0.5933863723030508,-0.5463793184044063,-0.3903154218516957,0.1493470454273518,-0.3845589652803014,-0.4735146805850029,-0.0190156557908702,-1.1165044345473665,-0.8118797111117154,-0.6129360351296215,-1.1263390351314375,exact,8
HP:0009554,exact,layperson,Projection of scalp hair onto lateral cheek,Mistral-Small-3.1-24B-Instruct-2503,-1,-0.2732058373516675,-0.5388307740789056,-0.5012048197636779,-0.4551811969503004,-0.5376844713278842,-0.7084620105303079,-0.6099830143065028,-0.6866149118648733,-0.1223274750219023,-0.3497640115665149,-0.0677426317286855,-0.2582304657225822,-0.4673130383149804,-0.6507742545853549,-0.5792890116146946,-0.5713983327903588,0.4828279734633893,0.0491881251240155,-0.0842258466350658,0.3599168843150616,-0.9353381244990212,-0.735212609307241,-0.6488204654856391,-0.9770124128149832,-1.5885520566381783,-0.8805659946145922,-0.7759012077433631,-1.477447969975371,-0.1105441621178262,-0.4421803664882243,-0.4231687750293096,-0.2582497437979789,-0.3713467650456676,-0.6880378251441291,-0.7105995132304934,-0.5253127937219886,-1.0259293644957104,-0.8301814696537239,-0.6238901493503247,-1.0603338137026133,exact,8
HP:0009554,exact,layperson,Hair growing down to cheek,Mistral-Small-3.1-24B-Instruct-2503,-1,-0.5713072303117798,-0.7380161962649333,-0.6435782669494791,-0.726276086983223,-1.0335292159324811,-0.9206349685053956,-0.7772886703063485,-1.0990661822757448,-1.3278910901696073,-0.6895593217120598,-0.0954265364020343,-1.3076214036309153,-1.12300177696017,-0.8059639747587065,-0.72068690524364,-1.107055205356891,0.0301680892188403,-0.3838926919970615,-0.3869300887531696,-0.1462071046712254,-1.2082491751133806,-0.7985332717779603,-0.6931227588906369,-1.1830932081460948,-0.7927291848741853,-0.7168213281007838,-0.6478645355132872,-0.8723231419634946,-0.6081644916203989,-0.7225254835416757,-0.6552709451588313,-0.7060234864875373,-0.4367487522811655,-0.7061191343612281,-0.7527050703609066,-0.5836524577536362,-1.001133439940838,-0.8144492514112137,-0.6165153763373198,-1.042067629538591,exact,8
HP:0009521,exact,layperson,Small end part of the innermost long bone of index finger,Mistral-Small-3.1-24B-Instruct-2503,-1,0.3478340383817364,-0.1388810268582748,-0.1865363580314226,0.2047593344931658,0.5222417372113058,0.038937604664582,-0.0421835670407862,0.4244747489339027,0.8452339511189211,0.4775399846320023,0.0201428962940477,0.8618981916257343,0.1452629963000928,-0.3810619795394139,-0.3909890123283926,-0.0025372317582718,0.72300047439066,0.4077679598773714,0.2345362685643566,0.6791353816458109,0.1246669838742797,-0.3848934676439035,-0.3584957559577993,-0.0551695489993383,-0.0704076151023838,-0.5284073453555224,-0.4825479978494797,-0.2377585315897062,0.2501569469447743,0.0935517914434768,0.0924244540497967,0.1051575936128553,0.0292383514992778,0.0491511173361585,-0.0876193933765885,-0.143495959043033,-0.1107789894179074,-0.5418103658153349,-0.4475070645143937,-0.3117299748963697,related,8
HP:0009459,exact,layperson,Short innermost bone of middle finger,Mistral-Small-3.1-24B-Instruct-2503,-1,0.3079600943954678,-0.1969694443198228,-0.2429441964587919,0.1569433174899845,0.4391790178875882,-0.1108289280261175,-0.1446456470124871,0.3184490156327039,-0.9440158468950836,-0.751562481494386,-0.1033132398577832,-0.996136665151428,0.0953902936690483,-0.4757576123578015,-0.4287901450478024,-0.0523103516283453,0.4155988617648195,-0.0274617862323136,-0.0170316508019792,0.2780899082533462,0.1952979888925975,-0.3237717118102838,-0.3507856845049696,0.0169069206177562,0.2001175742396394,-0.3633110944398344,-0.3442353200486456,0.0347594735459708,-0.1830181007953632,-0.3156523781947035,-0.2364530609727385,-0.3268091177763557,0.124402828865346,-0.007941840427951,-0.0967295003851029,-0.0453200226063906,0.0537731087477096,-0.451554583882437,-0.4018924530836941,-0.1544392581494613,related,8
HP:0009213,exact,layperson,Triangular end part of the middle bone of the pinky finger,Mistral-Small-3.1-24B-Instruct-2503,-1,0.4499932909866727,0.0184439648175585,-0.0742274475480694,0.3320474083022217,0.439564966033245,-0.0697040839621495,-0.1196626910973551,0.3189303841458354,0.5848464159324376,0.0876365857289872,-0.0004383452304195,0.5146306819473889,0.4060705080561713,-0.1739349493367576,-0.216188296266199,0.2711933759516444,0.3725391256881481,-0.0779048798209488,-0.0290055141476016,0.2270983683550629,0.4340572702946397,-0.1409282561516754,-0.1964638908509014,0.2769669714926248,0.8529678575454397,0.5405711200164209,0.4120576196757999,0.8516462783447483,0.3534757470037009,0.2293951832655538,0.2262430366892821,0.2175162450481925,0.1236429142060902,0.053163700927897,0.3632896710623098,-0.046117511183634,-0.0808967345956764,-0.5484356716794786,-0.4585420618331167,-0.2838650074604325,related,8
HP:0009213,exact,layperson,Triangular end part of the middle bone of the pinkie finger,Mistral-Small-3.1-24B-Instruct-2503,-1,0.3718076284315081,-0.0711747303907629,-0.1461541939619269,0.2339898414465209,0.4212048613898575,-0.0954103424359432,-0.1369711515527298,0.2961409439365501,0.6346375126672721,0.0880667213056599,0.0057274648407207,0.5773722689994594,0.4507837255076149,-0.119129087220483,-0.1495481872533466,0.3207342806320613,0.2428888469274612,-0.209360523595434,-0.1317162556587533,0.079521962057376,0.3972243508395989,-0.1725234970965888,-0.2136612880099384,0.2349584864179834,0.865431793666455,0.5663611239347378,0.4209108732934867,0.8710331900190389,0.3623074162345948,0.2542517693158859,0.2113651865357984,0.2273251066655776,0.3869880151913476,0.3182803376530334,0.5494665678349939,0.2454397925678458,-0.142506503146101,-0.5554393543894725,-0.4686263704247139,-0.3410023745515094,related,8
HP:0009213,exact,layperson,Triangular end part of the middle bone of the little finger,Mistral-Small-3.1-24B-Instruct-2503,-1,0.6329961446294682,0.2656745807423118,0.1359895606751371,0.5811799536806854,0.4667778048023617,-0.0611651052903721,-0.1267483704448806,0.35312802413087,-0.6152953934012482,-0.5965302650821883,-0.0859550397626133,-0.7147292154989369,0.38306128465878,-0.2306557753387664,-0.2553354496885781,0.2460279966228218,0.799145352188108,0.5592526905936845,0.4269897984299279,0.7915081771042811,0.4153455037354207,-0.1658062571404309,-0.2003821124858993,0.2555294091263563,0.6603870174627972,0.1831119810687422,0.091126284122306,0.5762219145456465,0.4687234098694026,0.298490813622691,0.270780444126923,0.348301595357643,0.8583145381533352,1.1496548444165169,1.012212137205117,0.8815039313012806,0.100284882239532,-0.4411504068947289,-0.3940632394035379,-0.1081388769374846,exact,9
HP:0009182,exact,layperson,Triangular shaped middle pinky finger bone,Mistral-Small-3.1-24B-Instruct-2503,-1,0.5261682922569947,0.1095016475358377,-0.0159068004018009,0.4320605310173349,0.0151889652701606,-0.4920013062275684,-0.4666858714702135,-0.1611092718965423,0.409267730960175,-0.1366324323311041,-0.0419684603571107,0.30423275574684,0.1353359633370553,-0.4476396554034113,-0.464764910487233,-0.0125036588038866,0.2781975279879726,-0.1754570983816882,-0.1944958547587584,0.1188815624660232,0.604995240010739,0.0263477834846025,-0.0246414610921801,0.4832694884077536,0.97428950969685,0.5719587470872897,0.5045625471648374,1.0512140709208695,-0.9456232083047396,-0.7343783620404261,-0.6343303518091852,-0.9846565804703756,0.0368768163479589,-0.198275540212737,0.2724083225304683,-0.1357376322029089,0.0694082722965543,-0.4663642268267672,-0.4256227262072782,-0.1389729218749249,related,8
HP:0009182,exact,layperson,Triangular shaped middle pinkie finger bone,Mistral-Small-3.1-24B-Instruct-2503,-1,0.3788658004106648,-0.0912074381094561,-0.1540684484299617,0.2426674459437515,-0.0735037823352707,-0.5456052395456901,-0.4812669000717839,-0.2515628912290411,0.6465271541222909,0.1802668794657582,-0.0096923990387626,0.592581359699097,0.104173459184346,-0.4695133640881975,-0.4712140115601065,-0.043598016446133,0.1735744918247669,-0.2647277987351704,-0.1479255700649315,0.0039130639206135,0.5361501472675746,-0.0450326176539462,-0.0707492865126836,0.3977405247683914,0.9620094603627948,0.5383742019077358,0.4663914279701516,1.0297889103493751,-0.8290461519521518,-0.6661093246657688,-0.5844997638238436,-0.8902938367299923,0.0708706657147804,-0.1435351236069542,0.2564085395541429,-0.1009577582377739,0.091160242073386,-0.4411366598497121,-0.4089686385878178,-0.1172918184216283,related,8
HP:0009182,exact,layperson,Triangular shaped middle little finger bone,Mistral-Small-3.1-24B-Instruct-2503,-1,0.7653250499987394,0.5581842953997478,0.397724284677342,0.7842018461742286,0.3751628783798146,-0.1798710200239244,-0.1877438441059354,0.2399450850975161,-0.5641234449301346,-0.5493036625369051,-0.08318974289576,-0.6694623406116142,0.1071971517610243,-0.5131434513705947,-0.4879216093613278,-0.0405935078027877,0.7493501718724149,0.4672558760566249,0.2836394314171275,0.717295893206594,0.5152269071393571,-0.0790349026325221,-0.137023951064535,0.372432288885904,0.781792254517371,0.2005909927074503,0.1112933477178567,0.7449575150054297,-0.7503323725955434,-0.6639130746975547,-0.569621378237281,-0.825487714126618,0.6336493077874126,0.4925808381980692,0.5854761935775361,0.5541200307049428,0.2271123752325767,-0.3621691524358852,-0.3536220987494478,0.0229107927784403,related,8
HP:0009154,exact,layperson,Triangular end part of the innermost bone of pinky finger,Mistral-Small-3.1-24B-Instruct-2503,-1,0.0354174601329284,-0.3873839591624804,-0.3874257420005392,-0.1472112183351172,0.260926110043529,-0.2544967772570325,-0.2787152514230724,0.1058778970744315,0.3065970940168048,-0.1834881171774042,-0.0351120378850134,0.1878888005449617,-0.0622123612205526,-0.5198460465198341,-0.4740057775368848,-0.2050377614094653,-0.023054237251196,-0.421041280551186,-0.3194133579147825,-0.1999676505896955,0.3894794395356174,-0.1752521418795132,-0.2005492702925731,0.2262221770377816,0.6347655943901261,0.2017273950557842,0.1280672446738109,0.5424008590631286,-0.0185227629594038,-0.0826626585319637,-0.0190056359890124,-0.1692442209596748,-0.0362844500141262,-0.0583359535594536,0.179183973212527,-0.2092250065930966,-0.2126908430724713,-0.6057069379856301,-0.4895344435635372,-0.4046659009354846,related,8
HP:0009154,exact,layperson,Triangular end part of the innermost bone of pinkie finger,Mistral-Small-3.1-24B-Instruct-2503,-1,-0.0060207950189332,-0.415221068050252,-0.4081892499347849,-0.1905225793370132,0.2329553529843498,-0.2794312355495371,-0.2901532631242487,0.0741110704238288,0.3824858267439919,-0.1024965424551216,-0.0266533059920137,0.2734516883555064,-0.0700834634325505,-0.5207466830373791,-0.4713531330057501,-0.2124966127252836,-0.0765509947184593,-0.4590457986883418,-0.331851278137896,-0.2530328759437173,0.3507225570907979,-0.2067518347980194,-0.2219364770458902,0.1829873168426678,0.6509998212406722,0.2199604935205656,0.1381455039501318,0.5637650033250413,-0.0124104854053608,-0.0609428632550822,-0.0403340755677233,-0.1632504253239187,0.1327847661934496,0.0746740609315809,0.2542182063740247,-0.0365085909631399,-0.2732649755422843,-0.6167500145910932,-0.497189742803122,-0.4584757988147027,related,8
HP:0009154,exact,layperson,Triangular end part of the innermost bone of little finger,Mistral-Small-3.1-24B-Instruct-2503,-1,0.286172368481085,-0.1871953102546652,-0.2277372441288312,0.1312196046395563,0.3643765207476761,-0.168107144788915,-0.1977741967505914,0.22696918943045,-0.8535715975798773,-0.5838110193605847,-0.0847207109314615,-0.9202148585012258,-0.037739413419931,-0.5232324902199522,-0.4779991189071148,-0.1817485233035795,0.4997713864496482,0.0800262064958231,0.0312674134925465,0.3809939853092552,0.0940079357724839,-0.3816553956916271,-0.3657465712625811,-0.0858695515119696,0.4659925888471218,-0.016849021160601,-0.0704254624362544,0.3321288128712529,0.0579271374886544,-0.0682069774169734,-0.0345902626996466,-0.0934998554335627,0.4085680187839671,0.3656244295308704,0.3036199087757775,0.2708688928096397,-0.087880440980827,-0.5457964091050967,-0.4543806891227743,-0.2904034399457515,related,8
HP:0009154,exact,layperson,Delta-shaped epiphysis of the proximal phalanx of the 5th finger,Mistral-Small-3.1-24B-Instruct-2503,-1,1.1403335418546714,2.500039469493568,2.5081686789968463,1.5964314401932256,1.2041026162437265,2.6727622168031484,2.670489466253112,1.689522588892768,1.4227682624678235,3.343506791415268,0.3742306799004641,1.9958400843368416,1.4673792306070077,3.123320459434194,3.422544468485002,1.981706234540862,1.2120408331967003,2.147798908374407,1.819301028874461,1.5867100471269933,-0.0706930319605417,-0.4562449657493029,-0.4397842296438734,-0.2453523961690845,0.4301057164722557,-0.0532255865495,-0.1170272707011721,0.2898441146406514,1.353045243550519,3.0319994793681286,3.047764069451033,1.772503508058527,-0.4866836524351411,-0.3102103337630149,-0.3127823354460403,-0.6275523730210579,0.70448952320669,0.0414962691923053,-0.0903180953848213,0.609021207043159,exact,9
HP:0008724,exact,layperson,Underdeveloped ovary,Mistral-Small-3.1-24B-Instruct-2503,-1,-0.2813910086194582,-0.5782007047498804,-0.5266107126859169,-0.4629340343014956,-0.518780777746952,-0.692099041230147,-0.6131296247352219,-0.669955082436236,0.0896044025392474,-0.3100670224652079,-0.047904943132318,-0.0449001889968812,-0.5178995830374714,-0.690312949199779,-0.6487097948357154,-0.6149436442002275,-1.2582400644068368,-1.0103402045073375,-0.7511957153011554,-1.250636589262642,0.9177561696369516,0.5139006910721163,0.3454529695094756,0.93187135707187,0.8928113538242063,0.4493905686357172,0.3386643611264898,0.9144399514423992,-0.5525899788972956,-0.674914344244522,-0.6090243224154612,-0.6584194990558593,0.5605094877468492,0.1701513484196658,0.0552439077360863,0.4580998544366688,0.6850085222344281,0.1146811603190268,-0.0527487920946048,0.5808813322603799,exact,9
HP:0008067,exact,layperson,Abnormally loose or stretchable skin,Mistral-Small-3.1-24B-Instruct-2503,-1,0.6427428460652246,0.3191715785018511,0.1707766409962214,0.5953765918749316,0.4162558723913248,-0.0466397511496645,-0.1065616051486292,0.2900359644259088,-0.7943535322608294,-0.662016071874738,-0.0901410574707677,-0.8699137381567519,-0.1532413572845588,-0.4092024614513281,-0.4059110887495819,-0.2903952034454148,0.6852737753309618,0.3440949408126854,0.1374971011852527,0.6257269023640305,0.3026299475313143,-0.252297327447855,-0.2871385614753015,0.1304033052156975,0.5735891921678338,-0.0463343366758838,-0.0466328688982962,0.4638122352996598,-0.1409071183602196,-0.4788475903017997,-0.4677283158112841,-0.2871313994698781,0.7937389491738107,0.1853884073314147,0.1146784072058913,0.7814566125658953,0.3808978830534199,-0.1414890630740498,-0.2097999096065711,0.1929481487285949,exact,9
HP:0008067,exact,layperson,Abnormally loose or hyperelastic skin,Mistral-Small-3.1-24B-Instruct-2503,-1,0.6146624177687153,0.2611997409660138,0.0945713583889473,0.5547621184503461,0.7002313926984682,0.4007816322309138,0.2371048134619846,0.6711186658994361,-0.610035610603108,-0.6053733423010094,-0.0840179136416262,-0.7100961059493152,0.3018086079091294,-0.0371126351391935,-0.0831433386503443,0.1588345894706997,0.6993324215353489,0.3777977668621577,0.1281748685158433,0.6454661494946321,0.3211230387161267,-0.2360557508388829,-0.2637063270926789,0.1504887933123936,0.6975431571720451,0.1007331402062678,0.0719565893857878,0.6263065155051114,0.8810924720445623,0.325957508094871,0.2429328952173861,0.8816434096491504,0.6934194909912857,0.0819085745574338,-0.0171272747800461,0.6359776879108309,0.4714378642891904,-0.0523176514301391,-0.1801994355977511,0.3000759194920349,exact,9
HP:0007924,related,,"Decreased visual acuity, slowly progressive",Mistral-Small-3.1-24B-Instruct-2503,-1,0.8035776723680464,0.655011107665339,0.4909488776524416,0.8476912274190129,0.568517463464493,0.1962818125665852,0.0920742576504624,0.4858311471374664,0.774018485569448,0.43689521122332,0.0173940836698584,0.7618030625780837,0.8027271253448355,0.5970364510535268,0.4823570275050643,0.7469803420679267,0.5336149949422877,0.1393116824431405,-0.0148177926471969,0.4236781692438748,0.6830935336837917,0.0974312851076939,0.0186068992970549,0.5849963960246913,0.4691745234046279,0.0143568567419251,-0.0501880047131795,0.3359151401740586,-0.0544271395526481,-0.44243954171867,-0.4418392501779991,-0.2042429726031194,0.5863630283413793,0.1845222098260946,0.0181323183771585,0.4915554798822347,0.7665786669035463,0.2508709417399347,0.0634624470030809,0.7023706828764155,exact,9
HP:0007924,exact,layperson,Slow decrease in sharpness of vision,Mistral-Small-3.1-24B-Instruct-2503,-1,0.2039160206483434,-0.2613291184853028,-0.2930592425191123,0.0364901484949516,-0.0175288763250346,-0.5062942264180749,-0.4738890373504861,-0.194802091647804,0.7510897272795821,0.3201317889435749,0.0028299019059943,0.7304820064354751,0.2773385269442164,-0.1411237942433033,-0.2086439623781864,0.1330596460491807,0.2754921137475956,-0.1734615815322652,-0.1968401709597795,0.1158447022764468,0.4153508280054062,-0.1835999889055707,-0.2368723175402629,0.2555354803594944,0.8879703608717114,0.6132146599084675,0.4546300073032609,0.9066802618428572,0.3869305205983154,-0.160366260335211,-0.1971757271706776,0.2548529350236985,0.4557427773580869,-0.0988277364567482,0.099927609735472,0.3274079355285597,0.5357087067149086,-0.0636703198420979,-0.1611910435260793,0.3799498949127041,exact,9
HP:0006611,exact,uk,Decreased number of sternal ossification centres,Mistral-Small-3.1-24B-Instruct-2503,-1,1.2581435538590164,7.394895267040309,17.698413016477218,2.2351532731092827,1.322781282755378,7.10703325328948,13.673389667807893,2.2890949013455058,1.4173887904584284,3.2135587867102537,0.3477720723891437,1.9790195661828,1.471126184878175,3.752702768427148,4.294557767679918,1.9937349057137617,1.2885919553050038,2.854971949722401,2.893626478007072,1.811695660477876,1.287649938953114,3.5276497841410333,3.759783896163567,1.830663997881082,1.3292537991396831,5.052920186956525,6.002382948891315,1.979382860203481,1.5063893160200104,6.805240243840067,8.578543434122938,2.343915979542781,1.3551536051976565,5.752305376319925,6.871230100106194,2.135029571128302,1.191002663610912,3.2635812579169152,3.791257931906741,1.762286890531226,exact,9
HP:0006505,exact,layperson,Abnormal shape of end part of limb bones,Mistral-Small-3.1-24B-Instruct-2503,-1,0.5884362196404892,0.2215068155283072,0.1284454097776541,0.517594537148084,-0.539927940528694,-0.7389884684538807,-0.6494680552894341,-0.6885869139847657,-0.9831122700236024,-0.673033471254231,-0.0928803239622589,-1.0286323299858835,-0.6322318579329819,-0.6846987434599574,-0.5877316584877238,-0.7118257845113661,0.5789133964766513,0.1798973934552728,0.0935173948787785,0.4820948275993144,0.3562103582259048,-0.205585981052771,-0.2377601279138408,0.1890613032583086,0.6169171595804351,0.0429699898883279,-0.0171540784553929,0.5191661901650606,-0.4967725586142722,-0.604134311138411,-0.5932165081897093,-0.6100619381401625,0.5053638463404602,0.0329795704352994,-0.0525291747839856,0.3883780089500242,0.3707603113345881,-0.1720466061886353,-0.2299750088787861,0.1813051990659874,exact,9
HP:0006339,related,,Pointed mandibular incisor,Mistral-Small-3.1-24B-Instruct-2503,-1,1.029311945059594,1.4996598671759986,1.2812841057998163,1.2926613692136455,1.093633695800251,1.671141901275007,1.4685650410324254,1.3865879890977266,0.4703831204319141,-0.0091606598271902,-0.0377792475446469,0.3757037649328547,1.2607020820572337,1.7239130494483654,1.6158534057236154,1.4746250635100255,1.1315137029396,1.62512909022596,1.2931050582993575,1.3922129209502203,0.2620004432715768,-0.2523605307278871,-0.2754340242094535,0.0868404587314412,0.3691955627463821,-0.1565315384390836,-0.1642515080060321,0.2197424047334928,1.1974749257380988,1.1109902907821467,0.9669990143764436,1.415622917677707,-0.2153190569554985,-0.4055005859160809,-0.465725116103202,-0.3819549693872807,0.5823716717222363,-0.0208938096114031,-0.1421547879081979,0.4402350458879321,exact,9
HP:0006339,related,,Peg shaped mandibular incisor,Mistral-Small-3.1-24B-Instruct-2503,-1,0.9686403103144116,1.1914932297815508,1.0401583210273195,1.1575213162952973,1.0364139711230371,1.3604179853380571,1.1587532709949326,1.2576458915501585,0.1458171525827646,-0.2641434678380047,-0.0591529623006179,0.0138707162431785,1.0212311998365455,0.9092655212118078,0.7432413106108373,1.0581356148303445,1.0456535356655263,1.252840918347353,0.8679795212329021,1.2131789557437,0.3853531302968156,-0.1522931182485625,-0.1784456910079784,0.2215810521637512,0.2573548850011339,-0.2363802397048694,-0.2541248653596434,0.0959295557583064,1.082405167000789,0.8145310913515669,0.7038905671590882,1.2013543923662682,-0.5072513896519316,-0.5591585865253876,-0.5935064499524066,-0.6454786034655322,0.4157147606155058,-0.199663697809714,-0.2372459797262788,0.2334557348513346,exact,9
HP:0006339,related,layperson,Peg shaped lower front tooth,Mistral-Small-3.1-24B-Instruct-2503,-1,-1.2072761965601986,-0.972761526477719,-0.8094928198624659,-1.2445166280784148,-0.1291276852029779,-0.5448642007214588,-0.4890174848645013,-0.3069219704056294,-0.3680501954338829,-0.589634232662033,-0.082213200720977,-0.4917892411454744,-1.0883196176531909,-0.7999154367442632,-0.7193577345867538,-1.080083908010408,-0.1662402307097437,-0.5272684029730389,-0.4496396020553357,-0.3399525994334124,-0.5762963583284082,-0.6229998358649412,-0.5422578246458142,-0.6903682924632198,-0.8320202053296022,-0.7132437885641567,-0.616380614234558,-0.9040573052244192,0.4564964110232891,-0.1522904813047922,-0.1951868323956628,0.3341274566242355,-1.4003791601629976,-0.8205234950715941,-0.8283182145925194,-1.3543149102394716,-0.6482245781034882,-0.6902907311848075,-0.5215118103558782,-0.7717785324363513,related,8
HP:0006339,exact,layperson,Lower front shark tooth,Mistral-Small-3.1-24B-Instruct-2503,-1,-1.880434053585321,-1.1509899899969236,-0.920149430672875,-1.732013139652424,-0.4361210907926425,-0.746264670258837,-0.6521519080036663,-0.5961654199981485,-0.9958751424121824,-0.6554380169545501,-0.0965809858022384,-1.039199581409808,-1.2251299322440812,-0.8820662662360976,-0.7880237857792898,-1.1857379771276435,-1.09855795887877,-0.9719474660945217,-0.7028818022735549,-1.130602590780876,-0.8179630714475601,-0.6901678303615146,-0.6051297570159425,-0.8854446544978318,-0.5787061668770518,-0.6527032803385899,-0.591046412838621,-0.6951474368561997,-0.0078920137927646,-0.4602990789698293,-0.4395699362298325,-0.1588127607259251,-1.6873638264843511,-0.9483499792542556,-0.8526391747549132,-1.5598919953244317,-1.2280239155984958,-0.8315357458639414,-0.61978873139723,-1.206139191504833,related,8
HP:0006339,exact,,Conoid mandibular incisor,Mistral-Small-3.1-24B-Instruct-2503,-1,1.15132543497824,2.6025245336217147,2.580688087441977,1.6330208988797243,1.1663239616399892,2.223123045454313,2.1341740669588742,1.575053571422152,-0.1765105115600862,-0.4766124816093293,-0.0716511381291091,-0.3108967216064514,1.4480076121758976,3.033243067498816,3.316226411615745,1.922077916506254,1.080867138270306,1.3850594944274452,1.0572719892493938,1.283807683384121,0.5117132692538927,-0.0394711953052323,-0.1117818769367502,0.3682117664611996,0.7253141393153429,0.2712536028896075,0.1685884078455988,0.6645976182881524,1.3262784921891944,1.8979203789642207,1.7775363260447707,1.7028996691480158,0.7605278905425349,0.4845462389929253,0.3251578770914491,0.7320619686455797,0.0966144888955408,-0.4213351975907077,-0.4000244506518348,-0.1118248292858744,exact,9
HP:0006339,exact,layperson,Cone shaped lower front tooth,Mistral-Small-3.1-24B-Instruct-2503,-1,-0.959046434058013,-0.9145436046712576,-0.7622563330392684,-1.0503234358179991,-0.3529675144607925,-0.6930423028056568,-0.6095259026523099,-0.5203034365152509,-0.0153622660258177,-0.4374701212387077,-0.0764082993938857,-0.1520984148896863,-0.8724939868092495,-0.7249296640274295,-0.6589047582172816,-0.9091481258100034,0.2215048378837145,-0.2308415846183525,-0.2832159382406904,0.0559673425161627,-0.2838148124671604,-0.5274995713346643,-0.488590762524082,-0.4400787375517705,-0.3446048319463164,-0.5347340708157853,-0.4838019931039005,-0.4917802289222403,0.0886859792914808,-0.4288825379675244,-0.4312780801255044,-0.0625317248760068,-0.7175375763148713,-0.6316341045486329,-0.6784823589225089,-0.8239207170824023,-0.2521575047513439,-0.5595955489933682,-0.4602485944347617,-0.4398401791461442,exact,8
HP:0006155,exact,layperson,Long finger bone,Mistral-Small-3.1-24B-Instruct-2503,-1,0.1221971006071589,-0.3408119747035002,-0.3495607726522352,-0.0542089029821723,-0.358594436520006,-0.7286364385009615,-0.6204737301694518,-0.5254910408770062,0.8319980946768608,0.3368969731069003,0.0002336962818542,0.8429549326053045,-0.1051919621641972,-0.4628425753086612,-0.429071478730947,-0.2455833705534838,0.3494609914331749,-0.1161215641820602,-0.1778989720707222,0.2001954847738076,0.950540742377979,0.6391872751480889,0.4986208191096232,0.9871468563819442,0.5391016533912969,-0.0784478383431054,-0.1070526372442557,0.4207504517079876,0.5251180410744893,-0.1653613099161137,-0.1899688840574871,0.4146718107486,0.4874711802948223,0.1301283741536388,-0.0202411059239479,0.3662080885728417,0.1290076581015565,-0.4015564133431106,-0.376778037722583,-0.0790968736042459,related,8
HP:0005997,exact,layperson,Restricted neck movement due to contractures,Mistral-Small-3.1-24B-Instruct-2503,-1,0.3218219770708448,-0.1466045288063255,-0.1677191783134978,0.1734557782821772,0.014903192800137,-0.399468627061306,-0.425047018836261,-0.1614052629542138,-0.8592323969636371,-0.6804803403698895,-0.094375769017596,-0.9249982494836916,0.0383042228471553,-0.277192632441657,-0.3357725815392257,-0.1084014131128775,0.6130379185884993,0.2397615320187356,0.1006008359175015,0.5271400041453316,0.5143035266018631,-0.0891977900216443,-0.1620589792083397,0.3713223296242391,-0.0251710577790078,-0.5237775762136656,-0.4955383079927078,-0.1938850087609192,-0.3693013181356953,-0.5913176975065192,-0.5533243486940664,-0.4974432490521779,0.4366019353998802,-0.1654691508443545,-0.1741269964796106,0.3043063055579793,0.6826462193061571,0.1345847162454586,-0.0402545795795296,0.5775033070716926,exact,8
HP:0005997,exact,layperson,Restricted neck mobility due to contractures,Mistral-Small-3.1-24B-Instruct-2503,-1,0.2286870617678642,-0.2419784920610515,-0.2298250872639907,0.0646360022849432,0.0537628128339632,-0.3612663469193968,-0.3668847079596711,-0.1208729984450672,-1.208989287680648,-0.7189571168361268,-0.0965894334794071,-1.2128560115495988,-0.024962336214566,-0.377398926562595,-0.4016485618448298,-0.1695296086767806,0.5732713544785488,0.1857619440430761,0.0590890972878885,0.4747351851603554,0.5268440839428299,-0.0794023896819308,-0.1441449059283538,0.3864466567901039,-0.0927121445787821,-0.5527244578668536,-0.5145308686070321,-0.2591675675604607,-0.3783196889518798,-0.5950678531942852,-0.5546129755307232,-0.5055154595941816,0.4210519225418069,-0.1906292922339078,-0.1581202903694173,0.2857017662482545,0.685599355972495,0.12794151544977,-0.0430316675449235,0.5817273452985046,exact,8
HP:0005550,exact,uk,Chronic lymphocytic leukaemia,Mistral-Small-3.1-24B-Instruct-2503,-1,0.784230967121396,0.5435694297885244,0.3521726000207962,0.8152701832656074,1.0506311515067086,1.434815100959995,1.2380571423151114,1.2884415781727985,0.2931291713548515,-0.2131676225652818,-0.0537821696645666,0.1729475280380755,0.8511664101215695,0.3406993655670896,0.2150489536010393,0.8120626885542969,0.8871080498582572,0.7993018339812817,0.5887011003172803,0.9302628936200272,0.4352369764014381,-0.1547756837470509,-0.1832297136584072,0.2783253524699821,1.0617747698539295,1.1743040989047089,0.998448333400591,1.2141938924707574,0.942999687491777,0.4834535093904605,0.4219509849108253,0.9742330747332086,0.8538251081814383,0.6475726993959817,0.4780146299048825,0.8743628323496544,0.8962189412993881,0.4738772557173628,0.1919510023131735,0.9202890616810891,exact,9
HP:0005550,exact,uk,Chronic lymphatic leukaemia,Mistral-Small-3.1-24B-Instruct-2503,-1,0.944824541880013,1.0862768506552634,0.8955362115710781,1.1082954538079377,1.169777304504649,2.3067309968475915,2.1802169137686125,1.5849404592880134,1.1970490344461944,1.240361949372092,0.1027562438487727,1.4471303867977756,1.1123826507401056,0.9192067868217538,0.7633286375881664,1.2044603363903177,1.133047923475277,1.6650659645446595,1.3982675893834762,1.3956407217584694,1.2659717934019452,2.921798612242722,2.963300622816271,1.7384098084170303,1.1573322930004384,1.6890622213615307,1.553488451868904,1.4205002252343768,1.0596725383750374,0.661866007362833,0.5687852483549654,1.1622481178802635,1.271196975458881,3.113123613604755,3.0451956515889047,1.7709901447526843,1.1739933601105632,2.5713528037770805,2.446989810243887,1.6653571487649586,exact,9
HP:0005306,exact,layperson,Strawberry birthmark,Mistral-Small-3.1-24B-Instruct-2503,-1,-1.550446437075163,-1.047771082871408,-0.8504630523098258,-1.499355752013945,-1.6261522053106754,-1.0851088006516376,-0.8910057518526803,-1.543771625851072,-1.059366997734402,-0.6955648535099354,-0.1013659020166231,-1.091478041328447,-1.433862601996936,-1.0411607325356034,-0.9148362716626056,-1.3433616942660402,-1.7336064125794062,-1.1436773444900707,-0.830869977461091,-1.5889360257954903,-2.221536286345968,-0.9689035939370984,-0.8169840877109376,-1.887007352854188,-3.1439431542173786,-1.093173702692469,-0.9285038361424168,-2.515299705390574,-0.4790275993023706,-0.6479294612506405,-0.6015646450172908,-0.5945701167241757,-0.9784642471098536,-0.8998139434989235,-0.8837998082316065,-1.0345021527819371,-2.159196979235876,-0.9934655884727824,-0.7051708752654235,-1.8224010213013,related,9
HP:0005306,exact,plural,Capillary hemangiomata,Mistral-Small-3.1-24B-Instruct-2503,-1,1.1371965765306018,2.470476532204365,2.4190205206695325,1.5862915976766436,1.134055745751706,2.046978844730684,1.872697599618374,1.4871882576646742,-1.042313401820801,-0.7663116833623803,-0.1027822413044242,-1.0774832221516004,1.3315845949528855,2.021242146308388,1.927005704962323,1.6244082025271436,1.06317390200816,1.3101896233437849,0.9540294585023444,1.2478819967244876,1.1570927540274272,1.494923837911476,1.293049010916293,1.4070575905266098,1.044604392087951,1.0337547175661743,0.8522724751752317,1.1806026274238952,1.144381784607981,1.0184463200800848,0.9229911996224948,1.3130188355701573,1.0329626574661153,0.9356607109796344,0.7261607662647621,1.1869227830617242,0.9845839319622748,0.7992302933364273,0.4331098927205488,1.0951781404980396,exact,9
HP:0005280,related,,Depressed nasal root/bridge,Mistral-Small-3.1-24B-Instruct-2503,-1,0.5754427034743682,0.2215089793060395,0.0973438227532157,0.499440093656666,0.8073494756197925,0.5999718908442153,0.4223837311500635,0.8362214736479877,0.4267435103617078,-0.019778356131592,-0.0377021218592936,0.3244915792315315,0.8763228934647179,0.743231071686229,0.6293347545754148,0.8466473852664669,0.8666791471198193,0.7288938587645666,0.4733370273787752,0.8970755864581692,0.5560480851185745,-0.046337641232804,-0.0989814220730223,0.4220955285463976,0.4489049805218371,-0.1081765442304551,-0.1476548247824198,0.311900020616781,0.2079115589181258,-0.3933336043627682,-0.390053595858592,0.0604067838940343,0.4999150509191548,-0.0235727643967305,0.2953020046206301,0.3816040315562309,0.7202794903550283,0.1188864051249322,-0.0503266244408131,0.6322132435858783,exact,9
HP:0005280,related,layperson,Concave nasal bridge,Mistral-Small-3.1-24B-Instruct-2503,-1,0.0979120388230823,-0.3153541444009421,-0.3380693062146465,-0.0805631900905878,-0.2926415672833229,-0.6227127583448302,-0.5500869127168293,-0.4641720077827913,0.1027132575674358,-0.2895434962684962,-0.0655490467359241,-0.0312834227000131,0.5972130929968451,0.3280299445555636,0.2031807241810621,0.4894851781990269,1.1184188065364973,1.5778547004805374,1.2085882374996129,1.3633219428322447,0.3125000031695283,-0.2665662525648394,-0.2951566635747005,0.1411027140053388,0.0774365461509245,-0.4413530598462995,-0.4144464788616884,-0.0919687105431078,1.332824777616897,1.800324141068694,1.58170144108796,1.7195111305703208,0.3788805907787231,-0.0846982740098857,-0.2206888094689029,0.2359540279190693,-0.0203174420058802,-0.5279458468016616,-0.4452370272110159,-0.2264532171269269,exact,9
HP:0005280,related,layperson,Concave bridge of nose,Mistral-Small-3.1-24B-Instruct-2503,-1,-0.0733230233580103,-0.4450569084807648,-0.4301406832509336,-0.2594715182552721,-0.057484216345826,-0.4795092946340437,-0.4598834693959442,-0.2354290734488607,-0.4253697820419316,-0.5511988351364066,-0.0900049535073466,-0.5444596849764617,-0.3210450327213497,-0.4936465799700624,-0.4831062173008082,-0.4429402900759918,0.5218468751714466,0.1113888109000295,-0.0385987186625957,0.4087458511656875,-0.0024606105707145,-0.4536796343152491,-0.438787428098911,-0.180337681546373,-0.0960465706181574,-0.5497638121717807,-0.5012247817281491,-0.2623557687000579,-0.1140558136631484,-0.4922188964490505,-0.4672598834378789,-0.2616020342162142,0.0092782600589383,-0.3659856419939635,-0.4479755126160484,-0.1636732113295502,-0.3262888204528004,-0.666512350867484,-0.5295144986384851,-0.5047696477077676,exact,8
HP:0005280,exact,,Retruded nasal bridge,Mistral-Small-3.1-24B-Instruct-2503,-1,0.3056977528253165,-0.1076033174574152,-0.1734525155888275,0.1542593053261333,0.1161000390803485,-0.3409979034480777,-0.355675829332426,-0.0546119631527793,0.3346540154577073,-0.0314594300393225,-0.0365257487306377,0.2192460020629302,0.5908872152317939,0.3138585911252831,0.2177866590926684,0.481969827092668,0.9766352202999982,1.0284691038488845,0.6896927798386692,1.0838272285111652,0.321439072170269,-0.2569472320011576,-0.2811232736197679,0.1508334803739379,0.8463487486773523,0.3493582834339018,0.2340180987392364,0.8414412188008192,0.7660144045979598,0.1204312854014428,0.0708592939221319,0.7199306512157757,0.4534265746337325,-0.0060371631187036,-0.1280018338403148,0.3246004476291558,0.1228665993096489,-0.4370305588217284,-0.3989916080280478,-0.0853359789972981,exact,9
HP:0005280,exact,,Retruded bridge of nose,Mistral-Small-3.1-24B-Instruct-2503,-1,-0.1483320913729102,-0.4856232973942758,-0.4710577255584226,-0.3344211620745699,-0.485338409753572,-0.728432746082374,-0.6488875527670169,-0.6402886994485083,-0.4264773883120016,-0.4309947375928935,-0.0798332116895094,-0.5454712867870674,-0.2825999467728266,-0.4426939229258987,-0.4716795914938449,-0.4085053820080755,0.646559556856046,0.301405035162011,0.1281133997286186,0.5723199575323982,0.0679802419481192,-0.4141039121786534,-0.4097196590749599,-0.1116683463510788,0.7195802149583199,0.1147297639241583,0.0433686261760994,0.6566287756419433,-0.1797825916471331,-0.5196241271617108,-0.5183690912051765,-0.3237758413806796,0.18778099822657,-0.2466162182713939,-0.2436005546911144,0.0220086051285089,-0.1093042271267325,-0.558926531206299,-0.4740445574702327,-0.3103615717478644,exact,8
HP:0005280,exact,layperson,Low nasal root,Mistral-Small-3.1-24B-Instruct-2503,-1,0.0286707598880765,-0.3999859702140222,-0.3997793314980055,-0.1543093795800998,-0.0028962386819542,-0.4438516461050171,-0.4103453195639251,-0.1797816924592891,-0.0807491363841126,-0.3918251647199773,-0.072989414246424,-0.2173275398951419,0.0602748326221092,-0.1600183968049379,-0.1513963074452107,-0.0869217726323484,-0.077752440659074,-0.4655706655192578,-0.4004941727176382,-0.254213848728509,-0.994072808844624,-0.7682028296335172,-0.6681220784924583,-1.0221349332690206,-0.9073595597289232,-0.8486587747893993,-0.7216561381339222,-0.9642760115073792,-0.3904973242898406,-0.7203837587066642,-0.6667779204574026,-0.516389456802633,0.2495142347270719,-0.2576963900464915,-0.2806950098433318,0.0892262955265577,-1.1301601760706872,-0.8388892897566511,-0.6314887451734951,-1.1361956292122348,exact,8
HP:0005280,exact,layperson,Low nasal bridge,Mistral-Small-3.1-24B-Instruct-2503,-1,0.4285225988018501,-0.0051591245711516,-0.1114449680856127,0.3046837877013754,-0.4225298142427729,-0.6833593391044636,-0.6059368318381482,-0.5838809626029666,0.3331992719897209,-0.0608407581986175,-0.0413062793658949,0.2176123385233409,0.8665383831911947,0.8150339096611128,0.6773556370256048,0.8331292378264249,1.0216289386012205,1.1717679174129092,0.8179180295871483,1.166892558343421,1.064351957284112,0.98067616923827,0.805330496759834,1.1992872775185877,0.4224721722916267,-0.2351837212642811,-0.2450790376024643,0.2809463479987293,0.5637642917344361,-0.1309496949287668,-0.1881321471065003,0.461150017828381,0.9113562954184355,0.7869931776731622,0.6376389231670083,0.9682202815766364,0.1581700761861427,-0.4230345044664572,-0.3932653659296856,-0.0492415182468001,exact,8
HP:0005280,exact,layperson,Flattened nasal bridge,Mistral-Small-3.1-24B-Instruct-2503,-1,0.3950352158676437,-0.0090726398575378,-0.1111447950130722,0.2626731212036441,0.7034867138787364,0.3623532853217592,0.2279812137902319,0.6759250655657235,0.4877515259108098,0.0596947386397162,-0.0255458598421485,0.396342760878252,0.4053026056342193,0.0583979528053523,-0.0121523378153696,0.2703499897917681,1.1743270993809656,1.886122599814652,1.5381344506456405,1.4916091629843955,0.86461463091117,0.3908984345440259,0.2555584800508042,0.84651070645242,0.8894047593562457,0.4579955310485041,0.3810607876787822,0.9089755795171616,1.2212002007505658,1.1892139557752992,0.9898392938661044,1.4639594117679215,0.68146102211073,0.2827843920171447,0.1219254179307136,0.6193355891613805,0.2148400618767293,-0.3818218812079896,-0.3789744695274323,0.0098984330316012,exact,8
HP:0005280,exact,layperson,"Flat, nasal bridge",Mistral-Small-3.1-24B-Instruct-2503,-1,0.3306676352752195,-0.1117169146997319,-0.1607113528768011,0.1840537841262288,-0.151998801472362,-0.5468732706303241,-0.5113524475022428,-0.3293960546102134,-0.3710593592371066,-0.5629232996702025,-0.0803576706635897,-0.4945701558077512,0.4016199503925166,0.0583686489401934,-0.0411024065386807,0.2663087446947205,0.90390452341293,0.8162423175189001,0.5589576355754801,0.9580283624060698,0.4461627587167872,-0.1646522763356375,-0.2022930855799552,0.2909450641194721,0.2092478997837493,-0.3883317971449164,-0.3679285074550185,0.0444248265664445,-0.0598585916922675,-0.4712236871713692,-0.46304567942069,-0.2095067150110158,0.3176863718258024,-0.1974787608820436,-0.102858780216091,0.1654968168576835,-0.1084424870895519,-0.5863211005398756,-0.4863024617253045,-0.3095616566572386,related,8
HP:0005280,exact,layperson,Flat nasal bridge,Mistral-Small-3.1-24B-Instruct-2503,-1,0.3938053196667839,-0.0382857406473707,-0.1169565184410951,0.2611451674410145,-0.2662021779167699,-0.6047352145762978,-0.5643501038960772,-0.4392651129280721,0.68690359756153,0.308668187275869,-0.0013199896369927,0.6449218737390672,0.5878233869551949,0.2741018057488206,0.1259649679647258,0.4783377140392502,1.204177412732857,2.0907931442729586,1.7854788551853449,1.5662031445214804,0.5322413724881824,-0.0811107850725159,-0.1322784681606176,0.3929894296466047,0.7214892126003296,0.0973238772282497,0.0036227263860932,0.6592781482376808,1.0594340295435667,0.632755820463559,0.5199156880851832,1.1618426043544996,0.5892511329729818,0.1594512271927474,0.0145249879310412,0.4953248647820002,0.0110442192155103,-0.506395898389457,-0.445653548837695,-0.1962213969899249,exact,8
HP:0005280,exact,layperson,Flat bridge of nose,Mistral-Small-3.1-24B-Instruct-2503,-1,0.1038501640076743,-0.3281409900408024,-0.3631506217208625,-0.074143341356233,-0.0733515774327582,-0.505355344842126,-0.4845144663676525,-0.2514100098223996,0.0063680607404211,-0.3772235099520107,-0.0725348516020229,-0.1301649909616012,-0.5329734051934002,-0.6458515041049315,-0.592932250222383,-0.6278365908237453,0.7485268788807347,0.4809097056472406,0.2733695352356525,0.7160923927114126,0.2749007691415672,-0.2944502373314185,-0.3045286020566625,0.1005899079718613,0.3561200297729502,-0.2864681030922497,-0.2863885856882676,0.2049516686599114,0.0115454784768894,-0.4359326332613138,-0.4299783806115081,-0.1396564822333217,0.4138888511535257,-0.0327770275032193,-0.1119804790185396,0.2771797788130893,-0.22135004041614,-0.6187480780115936,-0.5070321537525554,-0.4124207799591024,exact,8
HP:0005280,exact,layperson,Depressed bridge of nose,Mistral-Small-3.1-24B-Instruct-2503,-1,0.3787823704818332,-0.0442176086011864,-0.1348587162146367,0.2425646798751805,0.4620648887138485,-0.0138495238309191,-0.1184946301465182,0.3471686915730247,0.2555656168064887,-0.1508077962669698,-0.0535087133191632,0.1316423291463309,0.4211594834865599,0.0819610431445292,-0.0167571159343623,0.2878157867512574,0.7978207364298403,0.5719741280735564,0.3204232589737153,0.7894964183651848,1.045107763726338,0.8964376530407248,0.7156888624835475,1.1607584521057353,1.2285282825902544,2.0788428107989203,1.9513903865677784,1.6058573996854353,0.0706218677932054,-0.4077079994217213,-0.4072988631072797,-0.0807541233528759,1.0407827011703477,1.2147603323739549,1.2325407897877527,1.2021606012357826,1.073188352192378,1.2310021151877375,0.8541662674890306,1.308366060619837,exact,9
HP:0004936,exact,layperson,Blood clot in vein,Mistral-Small-3.1-24B-Instruct-2503,-1,-0.4194904840662513,-0.6907643620506119,-0.6070748006947948,-0.5909828299584983,-0.6967463600097374,-0.8457060630558956,-0.7212782290775808,-0.8238398503410773,0.3921952772608777,0.1096735256138961,-0.0215727683388495,0.2845743770635976,-0.7143052687912148,-0.9197692601859848,-0.8144553782705014,-0.7801401581331079,-0.4779398217094737,-0.6952095947571951,-0.551511988028656,-0.624713364585672,0.3831477416078007,-0.204043117526033,-0.2343923191492855,0.2191042944773594,-0.3901993772939736,-0.7129161499809877,-0.634557900979417,-0.5322677456920564,0.3955637583013873,-0.2618261709809611,-0.2958730756261184,0.2645686238865998,0.4894285145723785,-0.1446336630883946,-0.2418496590394067,0.3686229703906222,0.7233667901409272,0.1744633846810991,-0.0178278746023008,0.6367895371680102,exact,9
HP:0004401,related,,Meconium ileus on ultrasonography,Mistral-Small-3.1-24B-Instruct-2503,-1,0.5810352897037159,0.231664852013851,0.1192751012747565,0.5072334356416487,0.6058495985838183,0.25149684147251,0.1423478310786554,0.5366544342064631,0.5958493566069695,0.0620222997037788,-0.0157411061830581,0.5283669591463066,0.7742205397021842,0.2486490215293872,0.119398920148418,0.7095481134273038,0.5179875542183209,0.0872259118173401,-0.0714044005154251,0.4038699821117508,0.6384168236250377,0.0632232207794761,-0.027354164000309,0.5261458156681592,-0.0255058051228971,-0.3492454979683149,-0.329849237287361,-0.1942119551924387,0.4474521365840146,-0.1640982551128897,-0.2092893313134257,0.3236905140353816,0.5142075944586666,-0.0894496704417232,-0.0472824635094191,0.399415474736068,0.7722434466210122,0.1884904777766252,0.0059808020946833,0.7111915983308319,related,8
HP:0004370,related,layperson,Body temperature changes,Mistral-Small-3.1-24B-Instruct-2503,-1,-0.7278030050659494,-0.8066087046163558,-0.6804921695860747,-0.8604776687636062,-0.1471771675963398,-0.5455434534206854,-0.5014566431869315,-0.3246717313438826,0.5781265017275407,0.2094005229420613,-0.0136822572055925,0.5062761965996583,-0.3322138150941784,-0.599477362799062,-0.5798995171711294,-0.4528897014752778,0.4722224039012724,0.0246551910785268,-0.0733267023364857,0.3468198156645077,0.0854465096357183,-0.408232653914764,-0.4110219222585182,-0.0943819659629496,-1.0286596021248813,-0.8261408032250137,-0.7236681765022819,-1.0595886803903074,-0.7231712019166024,-0.7327837601804491,-0.6527364279188353,-0.8029104940263044,0.1071592714844345,-0.4542205414294294,-0.515355105751253,-0.0633609333784296,0.2673246742490097,-0.2751738652643157,-0.3111024341908568,0.0660891958990995,related,8
HP:0004370,exact,layperson,Poor temperature regulation,Mistral-Small-3.1-24B-Instruct-2503,-1,-0.8327064070800397,-0.8514340485883325,-0.7145302275892872,-0.947768141476039,-0.2285765047711704,-0.6021607280546266,-0.5690674914565927,-0.4034859914481943,0.6222614173118471,0.2662051086481657,-0.0068911810874205,0.5616357764954107,0.012136156046822,-0.3260914160632712,-0.3332593160458242,-0.1338133341103666,0.6991530689938543,0.3617485033609374,0.2023905429275426,0.6452131269496442,0.4859860163787127,-0.109553469850929,-0.1504024366775442,0.3375590380154257,0.733175197525071,0.2719886053279065,0.1680831599022599,0.675577304552536,-0.0174939492498836,-0.3291084252467821,-0.3342562923712346,-0.1682360858552406,0.904858774874714,0.5435389674967375,0.392203761394029,0.9573531682491891,0.720611802081941,0.2202597387015967,0.0288451794420789,0.6327051619542202,exact,9
HP:0003233,exact,layperson,Low HDL-cholesterol,Mistral-Small-3.1-24B-Instruct-2503,-1,0.9504414618386032,1.0304115158348766,0.8345788417385401,1.1197367997670002,0.7631828744442791,0.5244793437276001,0.3353939031961602,0.7663207177071535,-1.1066577060270386,-0.7315657016644166,-0.1012625749219791,-1.1301108279241476,1.0027024311037702,0.4766310357574088,0.341062238586562,1.029783350091586,0.6307311548506455,0.2716785184249969,0.1154905551761952,0.5508679743942516,1.082021688146159,1.045952005794488,0.8648564914080477,1.2358437666773778,0.5148016872510807,-0.1711717609197847,-0.2158149712676841,0.3909070032901196,0.2994588728992395,-0.1130280130272219,-0.1414136933746191,0.1582379154491955,0.7087150075006337,0.2883101337732554,0.3474758486521458,0.6574671864172321,0.8702258689084323,0.4404907583968449,0.1694912070533879,0.8735417599676237,exact,9
HP:0003233,exact,layperson,Decreased circulating high-density lipoprotein cholesterol,Mistral-Small-3.1-24B-Instruct-2503,-1,0.6353996218292264,0.1907578251751892,0.0906159481281196,0.5846707795639924,0.4741628487967201,0.0456037256956606,-0.0388981388772001,0.3624977580659514,-0.535212150341367,-0.6005042543646614,-0.09147462437616,-0.6436945475066044,0.1063043372117681,-0.4971246787252972,-0.5199100710100154,-0.0414809360485475,0.230876548395308,-0.1961972817182224,-0.0815541733797232,0.0662646139129601,0.8655684358485815,0.3773890024123078,0.275004266183027,0.8480009654908287,0.3563157407657235,-0.2935158760878515,-0.3131926019430124,0.2051724057286411,-0.3699630823935055,-0.4605512402327241,-0.3821163230825706,-0.4980361452331642,0.7060721058117638,0.2837048058690623,0.1604046850797141,0.6537374220411386,0.8204745720912091,0.3850151115921041,0.1312648677344967,0.7886404082726258,exact,9
HP:0003233,exact,layperson,Decreased HDL cholesterol,Mistral-Small-3.1-24B-Instruct-2503,-1,1.156855448760964,2.6151345504041026,2.631726986887431,1.652107590677815,1.20730202541899,2.7942956052748733,2.877273937594707,1.6999433705346612,-0.6566151109780625,-0.6063202072812206,-0.0883401966421621,-0.7509725701123482,1.394339219066639,2.058026535422852,1.9897813725568845,1.7743993682729011,1.0464098415633956,1.2589961362426565,1.0027016107071558,1.214659927643403,1.2713835335372583,2.980766030058976,3.01300017566741,1.7599980452001565,0.9261874172542848,0.470191001155117,0.3101849108442872,0.968997564045656,1.2172828886927012,1.2521836567191065,1.0921861047422412,1.4558610643928849,1.1654787632719348,1.7925878163726126,1.5730298406083756,1.4729834096769845,1.1442411403119068,2.1233612105103266,1.814086910185214,1.5354432080128708,related,8
HP:0003191,exact,layperson,Cleft nostril,Mistral-Small-3.1-24B-Instruct-2503,-1,0.4815701285506346,0.0579255575866869,-0.0624277938469281,0.3729319917504508,-0.1188872461752593,-0.5536185473412437,-0.5109819369611429,-0.2968057501424839,0.1943443928231898,-0.0895900113003858,-0.0382676198362664,0.0654316254247507,0.2172414595323547,-0.0728687108121097,-0.1184698466789049,0.0706474919292932,-0.50430680618318,-0.7200028283111363,-0.6068239300588905,-0.6477144630921945,0.3498851254830706,-0.232342290604648,-0.2505466846383873,0.1820617940975021,0.2957191323595221,-0.2110172585968038,-0.2274858647739294,0.1377321226861776,-0.1241054419268805,-0.5422879471145893,-0.5070888162397755,-0.2711782252200824,0.5833898533010737,0.1006770906600261,-0.0350358193167481,0.4876818909970686,-0.8519765597448508,-0.7590388286807085,-0.5787970439489097,-0.9302875709061892,exact,9
HP:0003191,exact,,Cleft nasal alae,Mistral-Small-3.1-24B-Instruct-2503,-1,0.5175694475920803,0.0982626726377704,-0.0248386923088125,0.4205282774974498,0.255572535564338,-0.2760983115922609,-0.2797057915739496,0.0997673523734772,0.5858789759124924,0.1604103039778282,-0.0147877013730121,0.515916730216083,0.5965647785787384,0.2497247031706142,0.1548434658665595,0.4887139547933059,0.72909413905349,0.4061384470276663,0.170202120853685,0.6878957020412584,0.9485327319834284,0.5881913196503301,0.4598331688046018,0.9836979263251744,0.7718774540772281,0.4468661747344137,0.3046482136639303,0.7305940858571016,0.5810869731152092,-0.1010744480409632,-0.1522797842143751,0.4822615725667215,0.8715812326467208,0.6305020214833709,0.9642233811639996,0.9027806106908648,0.1014500373317198,-0.4171016956649903,-0.3904099976975476,-0.1069676021699534,exact,9
HP:0002846,exact,,Abnormal B cells,Mistral-Small-3.1-24B-Instruct-2503,-1,0.9873487766055,1.2971652942860434,1.0980887709309022,1.1975867100029332,0.0413464649448154,-0.4601608902904938,-0.449637311324385,-0.1338864371441021,1.1516017709185458,1.0892882474835408,0.0826813046330735,1.3596218027018854,0.6386536127129187,0.0634832832578714,-0.0307519534022871,0.5392701533442941,0.9753214089117002,1.013943310874333,0.6877289853955695,1.081466798235259,0.753006903169057,0.2112664791180836,0.0831597834771365,0.6810412788185551,0.7382583828311228,0.3087730922894209,0.2123318048841363,0.6827112092507608,0.5822702310680589,-0.1064746317922265,-0.1322473841513918,0.4837101122671892,0.895886348827377,0.649555824967509,0.4799921023004584,0.9424632851065288,1.1101910565793125,1.7137067679027154,1.3161433973799346,1.416986625707462,exact,9
HP:0002813,exact,layperson,Limb abnormality,Mistral-Small-3.1-24B-Instruct-2503,-1,0.015472840396318,-0.411338188317831,-0.3965752459057332,-0.1681420770925332,-0.2035791792003611,-0.5900611282185426,-0.5392607368663411,-0.3794919623611054,0.537386372421305,0.089641719354949,-0.0235013680600779,0.4561740434087508,0.2049517443974552,-0.216420014939048,-0.2520903878222602,0.0580342656092096,0.298565926254581,-0.1564395788213525,-0.1639176751520595,0.1418603125358547,0.1955041142020381,-0.3369641343816918,-0.3418986286122475,0.0171201480691188,0.0496561861892229,-0.4538839783944944,-0.4361557101424752,-0.11990634167685,0.5697055076265637,-0.1629520879976579,-0.2213326529369304,0.4683708513897708,0.7054337203077983,0.1654401436606508,0.0330383296185525,0.6528375575277735,0.6819939801402911,0.1799380713162115,-0.012568603177726,0.5765719016171399,related,8
HP:0002813,exact,layperson,Arm and/or leg bone differences,Mistral-Small-3.1-24B-Instruct-2503,-1,-0.2259851928823661,-0.5588987713700051,-0.5008490477306711,-0.4100743617084956,-0.3781768397172442,-0.6612205249923572,-0.6044846415220173,-0.5434822770361954,0.3203294105312731,-0.0452472028936804,-0.0335875366137855,0.2031969830252593,-1.282646847518184,-0.9179011889354232,-0.8091457046442638,-1.2295849174936044,0.2620233861435462,-0.1791623364323256,-0.2183924978175525,0.1007783328410661,-0.0129646346422081,-0.4298132547202033,-0.4248978785266119,-0.1904395320321548,-0.8834065728696446,-0.8281970585108169,-0.7164589715142493,-0.945218229933603,-0.0082444008163105,-0.5065973927308896,-0.5003662240976439,-0.1591590537054483,-0.2289910869256462,-0.6305860808362763,-0.5979806309269609,-0.3947674294183352,-0.0291990405208213,-0.396322391944469,-0.3663147242702201,-0.2349502734578137,related,8
HP:0002813,exact,layperson,Abnormal shape of limb bone,Mistral-Small-3.1-24B-Instruct-2503,-1,0.8847362213872451,0.9186895715587712,0.6974249476831832,0.991626633233042,0.4999522611050946,0.050572783278988,-0.0493100217841259,0.3955272150355872,0.4251544532772327,0.0433905266995636,-0.0268954627698841,0.3226436890398477,0.5485915593786345,0.1675616783508207,0.0768111173654791,0.4322689168687673,0.8502068046642332,0.6674947510408065,0.4181352034193905,0.8707589414756077,1.0639039579953278,1.007760224762934,0.8501728754890177,1.198375610691775,1.0555487138963286,0.8919479879670209,0.7132047828876291,1.201911714207096,0.0697773119309484,-0.4186811585469312,-0.4095757934733574,-0.081603605768467,0.9843324085380492,0.8602965760897374,0.7499405470331971,1.0956400300923153,0.9660828377748067,0.7924278878405798,0.4238145310212229,1.0561483419738662,exact,9
HP:0002681,exact,,Malformation of sella turcica,Mistral-Small-3.1-24B-Instruct-2503,-1,0.8854641475163011,0.9513245027375612,0.7043926445797594,0.9929829696879754,0.742593278601333,0.4830085543948534,0.2980364917229438,0.734642057276125,-0.7745074446531253,-0.6365156511136987,-0.0945500969391973,-0.852946924723365,0.5009279584350617,0.1627256234027654,0.0731801345189407,0.3773488746667611,1.156296766775769,1.7950248455350457,1.4698199646904224,1.448761963013388,0.4996054990017514,-0.081114403075086,-0.1445431616807643,0.3537316037116471,0.846234176200333,0.339209257141514,0.2162098499256981,0.8412651187530251,-0.2804856145215692,-0.5100768296350509,-0.4888441988165825,-0.4170417933066088,0.9329648941064174,0.7424768277416351,0.6650209240304796,1.0048908649158006,0.970213513821292,0.8289127872041957,0.4792999830627389,1.064735233261927,related,8
HP:0002681,exact,,Malformation of pituitary fossa,Mistral-Small-3.1-24B-Instruct-2503,-1,-0.1918526184985283,-0.520461602408087,-0.4570192659063489,-0.3770534575777104,0.2223654639253524,-0.2378788879682007,-0.284362722080895,0.062184939393391,-0.9735725395779816,-0.7355961308805588,-0.1042587245551276,-1.020720703266427,-0.95620558950098,-0.7703352836979646,-0.7195555606101836,-0.9761054992574372,0.2080166624137198,-0.2221327022424191,-0.2358606805294804,0.0412164918380389,-0.8697796275569375,-0.7355574861455646,-0.6356762881166003,-0.9261049253108178,-0.6018807948088215,-0.7141962097393302,-0.6433955903816515,-0.7147065896966477,-1.0152897807364407,-0.7410801119503239,-0.6867738313459228,-1.0401805066141347,-0.5890169202085631,-0.7116710577608113,-0.7450911972548699,-0.7158809877160255,-0.2154525392874355,-0.5448995290232763,-0.4616878871814066,-0.4071414981284478,related,8
HP:0002681,exact,,Malformation of hypophysial fossa,Mistral-Small-3.1-24B-Instruct-2503,-1,-0.2307838042889992,-0.5197735308616458,-0.4634944170507269,-0.4146882719992462,0.0875965648623754,-0.335185743562834,-0.343165253152748,-0.0851048506436282,-0.4168710783372905,-0.5881886124555914,-0.0932944175798594,-0.5366899532315262,-1.0320546904878385,-0.8003325728332603,-0.7228660757928973,-1.0360458994103414,0.1671783048027893,-0.2484221659526504,-0.2898323924659748,-0.002958314268062,-0.9078785823535424,-0.7424960515729044,-0.6484415106713736,-0.9557607273555652,-0.7206900070905043,-0.7675161886216584,-0.6909211532504795,-0.8135249137824611,-1.1802582262544976,-0.7749838740344562,-0.709056239869313,-1.1692641306390488,-0.4657792079704584,-0.679072606191246,-0.6800216646942135,-0.609240315308322,-0.1480598242719316,-0.4899091777106467,-0.4338233184774165,-0.3460936511158176,related,8
HP:0002681,exact,,Deformity of pituitary fossa,Mistral-Small-3.1-24B-Instruct-2503,-1,0.1514080044393368,-0.2596694111536524,-0.2722199154845603,-0.0221539148089211,0.5910142799225961,0.1967404597644537,0.0542238425726752,0.5163096540394879,-0.7380996029709962,-0.710145402493935,-0.1002610854249096,-0.82167461952682,-0.4337333821119453,-0.5390996911989095,-0.54135236207552,-0.5422501337451081,0.3074082226376662,-0.1266289924113548,-0.1444242632345906,0.1518999067156798,-0.2868043900640471,-0.5585305196574465,-0.5116913722353996,-0.4427291092747925,-0.205948486341245,-0.5340028409167681,-0.5042768567582676,-0.3657242687774864,-0.9722487116080823,-0.7516253320468037,-0.6752339982161555,-1.005951149552582,-0.4059017931589762,-0.6537668432812413,-0.693022472968126,-0.5562581928370887,-0.1072267628215296,-0.5059258457725276,-0.4297877473190032,-0.3084327475531501,exact,8
HP:0002681,exact,,Deformity of hypophysial fossa,Mistral-Small-3.1-24B-Instruct-2503,-1,-0.1002382136485043,-0.4307810895813103,-0.4293170739659566,-0.2865869454068613,0.3781083538656823,-0.0661400070783284,-0.1475384349010535,0.2435006664034382,-0.1073143684911751,-0.5063599264952613,-0.0857141622683711,-0.2435112651658681,-0.5572219207128326,-0.6141873998072354,-0.5874740392602851,-0.6484990136518759,0.2584730701715498,-0.168978216146283,-0.2099345776605476,0.0968213033284726,-0.3543442760507537,-0.5792676965424772,-0.5263519515076135,-0.502063029901414,-0.3609548544675867,-0.6158759140609384,-0.5799015027522856,-0.5063510690434282,-1.1339919116776245,-0.7801744430238042,-0.6922522094529441,-1.1333882181565678,-0.245060100764547,-0.602010697277786,-0.6210014614981967,-0.4097621890572412,-0.0648023203683342,-0.4593923744812848,-0.4075311442321965,-0.268734823963079,exact,8
HP:0002681,exact,,Abnormal shape of sella turcica,Mistral-Small-3.1-24B-Instruct-2503,-1,0.6002992602709415,0.2762501752933751,0.1461989072927194,0.5343182209418197,0.94473614369486,1.021493339329163,0.8269923168679223,1.074484514423652,-1.105254917682909,-0.6945592963474624,-0.0977339607163153,-1.128968524945207,0.6469862754740046,0.386426233402041,0.3238382312943705,0.5493998730687099,1.0894587732700975,1.459545104035355,1.0882866865427765,1.3015926307831096,0.8152772830900643,0.3325754451468202,0.1909858375036219,0.771291617172396,0.5967303861383381,-0.0172738048503013,-0.0812051044103247,0.4931961599517255,-0.2504897077308859,-0.4987339131551371,-0.4814408991985619,-0.3895030819506157,0.912385003974098,0.7213868919207863,0.5293960005524737,0.9699474096547852,0.87501600828876,0.5221650162765102,0.2267670441033024,0.8820234956472608,related,8
HP:0002681,exact,,Abnormal shape of pituitary fossa,Mistral-Small-3.1-24B-Instruct-2503,-1,-0.0271049285335025,-0.3943676497783849,-0.3522232803287399,-0.2123037723206083,0.3103142712419725,-0.152936913206861,-0.1975040154647567,0.1629537992877121,-1.0649304293675266,-0.7507422343602331,-0.1042660181818569,-1.0960362651872997,-0.8967244822185134,-0.6988865990595555,-0.6357739655924196,-0.9286184994197186,0.3936400602386924,-0.0335383919111643,-0.1295499283399328,0.2519539710398177,-0.3116128260617206,-0.5634548414929021,-0.5142143486825971,-0.4646430400193968,-0.7526459426292715,-0.738530559371795,-0.6746682351549653,-0.8397074441017205,-1.0110376765688271,-0.7396953313739733,-0.6861886634772668,-1.036809448919971,-0.1727059309690655,-0.5404199332047929,-0.6010966505498792,-0.3416922745253636,-0.1655092860068403,-0.5129575895009802,-0.445739566775051,-0.3620299284235345,related,8
HP:0002681,exact,,Abnormal shape of hypophysial fossa,Mistral-Small-3.1-24B-Instruct-2503,-1,-0.2378996819689312,-0.5178678518944764,-0.4551790101152804,-0.421517565276462,0.0710683549385138,-0.3496519679780187,-0.3612398037736014,-0.1026348925807745,-1.0322194833873757,-0.6757788492235232,-0.0950538140100914,-1.069183677490961,-1.088087813508751,-0.7858898439771305,-0.6994931733558505,-1.0799031995702764,0.3198894308264982,-0.1045276756756506,-0.1808843283717887,0.1661384389444138,-0.3557848713868441,-0.5780050030298185,-0.53461681832995,-0.5033175376838643,-0.8782377640042545,-0.7834717004893692,-0.6997022857592913,-0.9410951399910372,-1.1235840314190806,-0.7602265734043809,-0.6923625378531779,-1.125283476216931,-0.1324712020394002,-0.5089187092033293,-0.579512493001975,-0.303205321764116,-0.1240157291985993,-0.4790157315096243,-0.4237561258480469,-0.3239810060042831,related,8
HP:0002637,exact,layperson,Disruption of blood oxygen supply to brain,Mistral-Small-3.1-24B-Instruct-2503,-1,-0.2661386271302206,-0.6005854560855135,-0.5626302979504901,-0.4484718128810791,-0.7068982716961988,-0.8186073631421338,-0.723699297609518,-0.8324274106096666,0.4480716659840192,0.0778793609625441,-0.0290241346179286,0.3494075598332393,-1.68766233863727,-1.0191945716462194,-0.901125516536867,-1.5298801421431678,-0.4825878616703771,-0.6866278022766574,-0.5518977542737881,-0.6287793118330934,-0.7853644678510279,-0.7071565943295123,-0.6299648402021172,-0.8596653288651708,-1.814797226134005,-0.908455829031293,-0.7824302286765759,-1.6378635629864815,-1.209926672149514,-0.862750113604088,-0.7746014837970884,-1.1921412405338183,-0.6167427246719465,-0.7084815236631229,-0.7100592738192071,-0.7394516417335912,-0.7228553934193105,-0.7223757859631112,-0.5683436364569971,-0.8306756831497796,exact,8
HP:0002637,exact,,Cerebrovascular ischemia,Mistral-Small-3.1-24B-Instruct-2503,-1,0.8386460524536125,0.7157178680022163,0.5425927055613022,0.9082134568501946,0.5012568745552021,0.0489976071299924,-0.0330465441860052,0.3972111257500189,-1.0974578005767175,-0.6947720199699797,-0.094697298242235,-1.1226152148858992,0.1376638339324555,-0.5618498253910326,-0.5540493677019191,-0.0101692324800493,0.7302912632461168,0.4228107279883928,0.1814647099007118,0.6896212141952529,0.927987895329184,0.568723272427381,0.424187983276489,0.9488916562581332,0.5686063087455783,0.0928091726654555,0.0269258566653152,0.4575375297146295,1.1083503336373135,0.6568277509988396,0.5231430712726352,1.2471510665054577,0.853250346764654,0.5045378844668144,0.3551010371881242,0.8734507031052621,0.9476188964512172,0.6927741179147281,0.3765959679001491,1.018594665519028,exact,9
HP:0002637,exact,,Brain ischemia,Mistral-Small-3.1-24B-Instruct-2503,-1,0.3228439936990324,-0.2097353960270779,-0.2434038708171245,0.1746778136942042,1.139384470450895,2.0705160531316986,1.895466571309165,1.5011814254102958,0.8995262858435886,0.5830127169592673,0.0329247945088609,0.9413760048108132,1.150032804101424,1.1832174500405788,1.038772803614057,1.2687335992738096,0.8621132203706846,0.6785404039677472,0.4498182100639788,0.889742210625975,1.119919841903309,1.2926708372534577,1.0676840461143564,1.3186597673137097,0.4338915009887145,-0.0174940818916581,-0.0826128185135702,0.2942692355218993,1.3092412394100177,1.5280769894215491,1.36980436388593,1.660792471918206,0.893312790244761,0.6101543488911756,0.4696558106783166,0.9382169062367616,1.1182165911890545,1.6983990154476507,1.30127727992421,1.442945902649827,exact,9
HP:0002571,exact,uk,Achalasia of the oesophagus,Mistral-Small-3.1-24B-Instruct-2503,-1,-0.3905083172889534,-0.6656373933136962,-0.5760922898323236,-0.564525395321646,0.0166947066271596,-0.3920205228912585,-0.4074965447305047,-0.1595491864416212,0.8792714845948787,0.6426936858389267,0.0607961164519744,0.9113799999191572,0.1054790980756437,-0.3159091039316913,-0.3115273529800181,-0.0423009891431794,0.0502231607563316,-0.3778557752008261,-0.3560677048096098,-0.1256874136988106,0.6720426310237823,0.1124014755518426,0.0220757143174475,0.5702677799122521,-0.1215415970079956,-0.5282761817580064,-0.5056632959722034,-0.2866285020933942,-0.731117749233985,-0.7334782054693527,-0.6496911624512359,-0.8095276015535928,0.9436637490362596,0.8525941695690145,0.6521404579008752,1.023361872502472,0.8210530215413165,0.321104829427087,0.1009917004958168,0.7895964717120733,exact,9
HP:0002239,exact,uk,Gastrointestinal haemorrhage,Mistral-Small-3.1-24B-Instruct-2503,-1,0.9519682295362222,1.093817065780693,0.8589647684089647,1.1228642326540388,1.1592394446725307,2.244081643432257,2.1818735093265733,1.555084495990839,-0.0868478982193455,-0.3175430601919072,-0.0497588275724054,-0.2233545552895859,1.2693189711014314,0.7062794941953728,0.5680542132797368,1.4919520726207751,1.1515601309811156,1.7194312319710876,1.46890527101015,1.4377532743421386,1.24721819329284,2.5013306724106714,2.468733053489875,1.6691610321153685,1.3283551594978658,4.050758539746586,4.357323405390706,1.9747393580323944,1.058022526458961,0.5836290374356505,0.4743973487928438,1.1594447444992642,1.243296740913787,2.5202438178847806,2.75567700590891,1.6825872094559555,1.1929598971205084,3.361503333929272,3.9291529155613527,1.7753813912332617,exact,9
HP:0002239,exact,layperson,Gastrointestinal bleeding,Mistral-Small-3.1-24B-Instruct-2503,-1,0.8118977220207817,0.6216397600589036,0.4129563324756801,0.861839282199693,0.6281887742500335,0.2519498828391089,0.1118252976534039,0.5676741601508422,-0.8075416669594954,-0.6311839301078658,-0.0789203932963932,-0.8811578995277083,0.8563635737133407,-0.2948144689102541,-0.3611227003161794,0.8191620692638347,1.075283439870039,1.3544306183758852,1.0027589198011315,1.272370490061326,0.9546206544069068,0.6048381384576669,0.4431418505475057,0.9941811469484556,1.2287117616459793,1.9322973577376457,1.7335775615419795,1.606387274221633,1.2626870524935203,1.3197163990384555,1.1359935225692026,1.552890631678835,1.1852894453390057,1.932246978684733,1.954170191151126,1.5223729836352102,0.9847743403896516,0.8076067821918865,0.4829421374720798,1.0955876865021923,exact,9
HP:0002239,exact,abbreviation,GI hemorrhage,Mistral-Small-3.1-24B-Instruct-2503,-1,0.6332290531807899,0.2529406061759311,0.1184236334517012,0.5815179479319539,0.1403697320304728,-0.358292256642972,-0.3554930408296554,-0.0283795755545935,0.9861885869947996,0.8940641669227335,0.0599223765635374,1.074897439935634,0.0850115293079239,-0.8836779334647001,-0.8110273892001896,-0.0625766765513522,0.5870231565758006,0.1874832581727666,-0.0090194730549917,0.4927164787384487,1.0600412001208108,0.9736496588338344,0.8027222734777328,1.1905449043807972,0.5272350435294751,-0.1748337747417521,-0.1933951816821295,0.4061267741621774,-0.6148671762818531,-0.7553906578590055,-0.6896631423250714,-0.7117293425449385,1.0880132201804242,1.257510247902675,1.204236902101156,1.2980099398375926,0.9704395270765525,0.805936727477462,0.4587438672640559,1.0652071197709625,exact,9
HP:0002239,exact,uk,GI haemorrhage,Mistral-Small-3.1-24B-Instruct-2503,-1,0.2784759575463663,-0.2196950957850112,-0.2632807863625225,0.1221985342757248,0.1279293109169479,-0.345629985778604,-0.3695817540423044,-0.0418574633358678,0.8040720231775232,0.4635877026348446,0.0272923409113913,0.8035064797295772,-0.6134368830272632,-1.1548667137947353,-0.9868969639503532,-0.6960402280113687,0.0925870954069635,-0.3503050850435729,-0.3665745101185433,-0.081850634105898,1.0008010904315798,0.7520709726733268,0.5824356061640606,1.0764813799629682,0.4223115261850586,-0.2606456218861072,-0.2498471763810748,0.2807594522789758,-0.6670307194663616,-0.8406885818106846,-0.7585574170362165,-0.7558811812382598,1.0399720302168236,1.0707736069499048,0.909241726943261,1.2005732021338025,1.0062378594594272,0.9554614756634217,0.60216114135388,1.1428741677484224,exact,9
HP:0002206,exact,layperson,Pulmonary scarring,Mistral-Small-3.1-24B-Instruct-2503,-1,0.5291404834716219,0.111823107449075,-0.0038893287270975,0.4360617794676896,0.0762891384058189,-0.3169481442567771,-0.3177110807260181,-0.0971095009432953,0.1631805549756592,-0.3657666384706399,-0.0735350878396037,0.03222928804998,0.554665155601327,-0.0790249405239229,-0.1662778395100229,0.4393485517534269,0.1952523797316855,-0.2478924452182151,-0.2808749304877001,0.0273316418555688,-0.674835285085988,-0.6862773343432186,-0.6056644160415173,-0.7710504531247377,-1.3508443389343598,-0.8870786723078213,-0.7572157984032671,-1.3040432446844228,-1.1764181363182975,-0.9376972275608072,-0.8278845915218174,-1.1662957949581982,0.5105874553857866,-0.1042676432325944,-0.161228420277135,0.394890897779925,0.3295041200455705,-0.3289527227885684,-0.3405000066668107,0.1345919756031076,exact,9
HP:0001991,related,,Absent/hypoplastic toes,Mistral-Small-3.1-24B-Instruct-2503,-1,0.1008731060471986,-0.3502099467017999,-0.361220912146936,-0.0773638525162917,-0.2260061056522086,-0.5742430787411976,-0.4977559235710752,-0.4010270972835277,-1.5150396039455931,-0.7506782296736051,-0.102573301783477,-1.4540330837285649,0.2161881021834157,-0.1904561291877317,-0.246829784558295,0.0695644584630208,0.5859124673429302,0.2011573337776503,0.0526522327242175,0.491258744799958,1.0637681891106965,1.0368912890071484,0.8417419937393842,1.1980994678764,0.4440554252134084,-0.0880165003951665,-0.1119076792298113,0.3061906347330838,-0.0880216949624278,-0.4306410971841805,-0.4170284538548872,-0.236673725188605,1.0640333732095155,1.2626780382650842,1.0409823849958864,1.248487870805853,0.5541060824907158,-0.0291290848313008,-0.1324740147518948,0.4034730972327736,exact,9
HP:0001991,exact,layperson,Absent/underdeveloped toe,Mistral-Small-3.1-24B-Instruct-2503,-1,-1.2932347474848442,-0.9958562305916404,-0.7972261052953312,-1.309730189046154,-0.7532547597343925,-0.8328280610982183,-0.7078835928983833,-0.8713946459938794,-0.0105693096368488,-0.1304437878314848,-0.0444469681008239,-0.1472718814586594,-1.1782248141194178,-0.9486716337819548,-0.8564686489199174,-1.1497351792348465,-0.0215848429353363,-0.4187996086989332,-0.4053218128660574,-0.1984966001308652,0.9823840602465608,0.7390031529259263,0.5692056487992054,1.0430430491924767,0.4491969160860573,-0.0843353529357161,-0.0760770243545148,0.3122441590404616,-0.6143671874814544,-0.6268455129983547,-0.5867282652572039,-0.7113039723039508,1.0131970126742402,1.0544253144074864,0.8608145627974907,1.1491254754725484,0.4642652975126577,-0.1227991738534763,-0.2143734507970901,0.2913703523047956,exact,9
HP:0001991,exact,layperson,Absent/small toe,Mistral-Small-3.1-24B-Instruct-2503,-1,-0.842493432981398,-0.8358492713325761,-0.7208649969129998,-0.9558102461214384,-1.0870812683925175,-0.9817007780671224,-0.8003673815260126,-1.141151526436673,-0.1333254126104333,-0.1805503784430819,-0.0448591735207953,-0.2689778230455358,-0.957030419089146,-0.7797590232800959,-0.6851414740416992,-0.9767609788890084,0.5469497483587147,0.143364883655414,0.017930945550681,0.4407176398364552,0.9903077149000572,0.761517266092875,0.5851549578627241,1.0573240184208097,-0.1015957927257507,-0.4397560478021963,-0.4024775392219115,-0.2676545974634666,-0.4208412193756205,-0.589529244514596,-0.5490219161257914,-0.5433567362557516,0.829589335107036,0.4604439740511153,0.3756456756517767,0.8363067901069436,0.1797073849716767,-0.3552125744477647,-0.3451762135944882,-0.0269446377549458,related,8
HP:0001989,related,uk,Foetal akinesia,Mistral-Small-3.1-24B-Instruct-2503,-1,0.5465912435855732,0.1976985426833707,0.0717282078170369,0.459714399235454,0.8293826883697326,0.6880430669964387,0.4918967425744245,0.8721683362089095,0.4022068372016708,-0.0253646295978447,-0.0216463776494653,0.2960866142855147,-0.0287076522939,-0.2975117748505553,-0.358018305298173,-0.1731156116930657,0.8459131480383313,0.6312503095526617,0.3413047923800989,0.8639618951462321,0.8653181951592606,0.4540819874094871,0.3098723518921751,0.8476098409463007,0.062795732966541,-0.3080750107282957,-0.3437857716796219,-0.1067254024167365,0.5042695344678353,-0.110587842519957,-0.1629496423591964,0.3899404549268039,0.6951795191108415,0.0288357562607269,-0.0721432083846081,0.6384387084297989,0.7555065974557719,0.2469327325653366,0.0525875653962952,0.6852847879943792,exact,9
HP:0001989,related,,Fetal akinesia,Mistral-Small-3.1-24B-Instruct-2503,-1,1.0254595680957932,1.59483751325224,1.3465548867638346,1.2835983335001449,1.0437097112205134,1.4123506676227326,1.2374657405220713,1.2733556252781084,0.9914083451049318,0.7101935195638897,0.049371455421823,1.0832333438365065,1.2607409891132793,1.935968118453256,1.9765262690048,1.474702810240774,0.9510288634721488,0.902915167552786,0.5777289775318145,1.038435127693515,0.9687885368384572,0.7164792013867195,0.5530921679555064,1.0188937705395138,0.0902535775214016,-0.2857753575482861,-0.3012084803313664,-0.0789888804679873,1.0350836463437,0.6488826666128025,0.4971018247915135,1.120939814845343,0.8999161126413233,0.3943172937735994,0.2271397042532359,0.9491342199565228,0.7959361375234942,0.3192838081759195,0.0822041950067429,0.7486939605873695,exact,9
HP:0001989,related,uk,Early severe foetal akinesia sequence,Mistral-Small-3.1-24B-Instruct-2503,-1,0.704812627367744,0.4573406446191409,0.2873162307604094,0.6884566546088444,0.7444469168783607,0.4885818444950786,0.3507497659722947,0.7374716740073181,1.030470516336982,0.8570606829655851,0.0550642975494676,1.1468009566144255,0.3768316506639467,0.1058780962717847,0.0055278776215783,0.2392517253397287,0.919458494421104,0.8100557607869411,0.4968806477338791,0.9841455225998887,0.9181573914108628,0.5782155511785126,0.4359394023258949,0.9325349962736909,0.4585918592016461,-0.0157167738999618,-0.0815790855676819,0.3233461153155375,0.915013510854798,0.397829907730862,0.3050614004044623,0.931834743702249,0.9601645488151326,0.5629964327514005,0.4067250736686518,1.0522809676247653,0.8394374970171661,0.4277310057027658,0.1745262988721749,0.8203475149575123,exact,9
HP:0001989,related,,Early severe fetal akinesia sequence,Mistral-Small-3.1-24B-Instruct-2503,-1,0.8526831379795359,0.8576328349242073,0.6825746119871947,0.9331243271510126,0.9886627891822288,1.190408757134686,0.9782745991619316,1.1592226796826484,1.0738957634146835,1.0238486719002895,0.0850726290989224,1.220136002343822,1.1942992047302812,1.7030023244676926,1.6223650782073324,1.3477418312435745,1.046325567477633,1.2147770456526794,0.8711551521604296,1.214494830589809,0.9247324845380188,0.5967722904140065,0.4395611008627079,0.9434543604087284,0.4620673602483121,-0.019722790935504,-0.0697169262845025,0.3274664878817501,0.919065717251773,0.3967820761982403,0.3141436590572355,0.9379166903249964,1.020771138558356,0.7528956777460268,0.531729953483139,1.1634911460151165,0.8776863703800231,0.5220681759366622,0.2375878028012157,0.8867771990539938,exact,9
HP:0001989,exact,uk,Foetal akinesia sequence,Mistral-Small-3.1-24B-Instruct-2503,-1,0.875076426127355,0.9350627862315988,0.7378787901955063,0.9737477174913352,1.082765799827481,1.674871905409055,1.4248940458349888,1.361010273085671,1.5268239845279354,6.277745718369721,0.8563469980389469,2.426876085697616,0.441298185243705,0.1148118135145554,0.0028853636729795,0.3101523826599061,1.2077623026887558,2.049764994367644,1.6985049678904542,1.5755043309746075,1.2870087447248542,3.5600730311802904,3.8643802885235714,1.8276835787947208,1.1953149039229185,1.945432032743377,1.8035135470185155,1.5148451125982465,1.1080057665754557,0.8554817307684127,0.7220851398199919,1.2465342826755768,1.2611751094117436,2.3881232278066205,2.230199360620237,1.7381529603416872,1.1863435912781557,3.108726963662142,3.416679879170896,1.7330721149805877,exact,9
HP:0001852,exact,layperson,Widened gap first and second toe,Mistral-Small-3.1-24B-Instruct-2503,-1,-1.0156564217679085,-0.9403127255698596,-0.7766496382216759,-1.0954262143880913,-1.077132814279823,-0.949422193257521,-0.7952404239703169,-1.1333651560592095,-0.6975661396018792,-0.6935347646577552,-0.0945939794296384,-0.786630069925271,-0.7865102120444577,-0.6723254529136093,-0.6051136734468977,-0.8394442213842538,-0.8600320439348599,-0.8885440722677886,-0.6944928411177155,-0.9442297851474472,-1.2368728308607002,-0.80902370211931,-0.6937687662206841,-1.204208697678396,-1.5381377203622435,-0.9204304840395604,-0.7948601069746968,-1.4411118301722403,-0.3146603133390451,-0.5695522274458269,-0.538956806328266,-0.4481766147485603,-1.549456830325335,-1.03547622595486,-0.9564521990667312,-1.4621839762703992,-1.2437968543508895,-0.8474242562281585,-0.6322600390819663,-1.2173015168240335,exact,9
HP:0001852,exact,layperson,Widened gap 1st-2nd toes,Mistral-Small-3.1-24B-Instruct-2503,-1,-0.8148871647804152,-0.8745068141983757,-0.7280752916953428,-0.933082282747095,-1.5545102895647736,-1.0987203012186966,-0.886194675886109,-1.4922487944681917,-1.4987599469510715,-0.810445356129557,-0.1060574899052548,-1.4414223438052096,-0.9103853639180504,-0.7390350145553576,-0.6949494010895189,-0.9395632206157808,-1.1711503598302275,-0.9919531365209509,-0.7645612746287063,-1.1856122896393688,-1.244969143983728,-0.8126465904153716,-0.6950275655007137,-1.2101653521976825,-1.6329666277919066,-0.955298467163203,-0.8250837913715144,-1.509274723742689,-0.6561888313341581,-0.6642300981643419,-0.6008133070995606,-0.7467410808499939,-1.6157438357622995,-1.0500843968732043,-0.983070642601401,-1.509388346534736,-1.1780589898139715,-0.83346829689512,-0.6237834043941743,-1.170579041399842,exact,9
HP:0001852,exact,layperson,Widely spaced first and second toes,Mistral-Small-3.1-24B-Instruct-2503,-1,-1.3928021103007444,-1.0347031244016092,-0.847856393539674,-1.3840781005349576,-2.469907071389557,-1.2827010849413951,-1.0216083082274767,-2.114695603929704,-1.4612298745936383,-0.8283157294027415,-0.111476266904565,-1.4122619534383354,-1.9107771040443595,-1.0232254574729298,-0.8906799508301132,-1.6897908990569166,-1.696465310372058,-1.136958725287064,-0.8211022167924309,-1.5634260450666102,-1.39472222373232,-0.8366121291293837,-0.7089363328755542,-1.3191276094871756,-1.7752803225744291,-0.9632847926888124,-0.8266503675504426,-1.6101423187598536,-1.547834059135679,-0.917944024038016,-0.7983952886462133,-1.446180205614959,-1.957726878748926,-1.1034584904010427,-1.004893654055796,-1.7461950935700448,-2.018036736977725,-0.9435770339267676,-0.6763101449250208,-1.733769601067551,exact,9
HP:0001852,exact,layperson,Widely spaced 1st-2nd toes,Mistral-Small-3.1-24B-Instruct-2503,-1,-1.0801032607927228,-0.9583154516281136,-0.8004524464580671,-1.1461690254443242,-2.1074015869421947,-1.2086374389693124,-0.9684213764693222,-1.8767904986855253,-1.2549611055328644,-0.7803071534015167,-0.1057162384323755,-1.2496657815199763,-1.7468997648845035,-0.9887271750566382,-0.8858076189221472,-1.572684302124677,-1.4068779429520228,-1.059199480914662,-0.7812645916858812,-1.3593076396070956,-1.3869050544785346,-0.8362829336578037,-0.7134782612342739,-1.313494831561224,-2.031810952739456,-1.0091623721507617,-0.8597472525027857,-1.7880452784280976,-1.4431164634298892,-0.8687544096408735,-0.7626298625775159,-1.368669314583701,-1.909277493799027,-1.09533907058249,-1.0020949531501455,-1.7132899094428322,-2.0990532007726546,-0.960095708519204,-0.685915748982562,-1.7848146423121785,exact,9
HP:0001852,exact,layperson,Wide-spaced big toe,Mistral-Small-3.1-24B-Instruct-2503,-1,-1.1643466314304711,-0.9723506317359654,-0.8046977571847296,-1.2115735710035498,-1.4208068248193844,-1.068902768524628,-0.8714926054152307,-1.394570374644401,-0.7428864017156561,-0.6609016995771435,-0.0968220829281593,-0.8257971802583228,-1.5027321866771777,-0.9151118166852402,-0.830380826257403,-1.3945002880527295,-1.2135704772047016,-1.0074940274369664,-0.774105069778831,-1.2174140667929123,-1.19640647744552,-0.8075127266274292,-0.6933593900939512,-1.174330930152416,-1.7725048960581626,-0.976304591748574,-0.8326171717210431,-1.608190788852623,-0.8583719857757319,-0.7115546665541111,-0.6418181055148332,-0.9142086750706327,-1.861339246178731,-1.0867675625295494,-0.9939205540797644,-1.6805313811627185,-2.0651150916436936,-0.9699822135086256,-0.6980710268878128,-1.7634905521990545,exact,9
HP:0001852,exact,layperson,Wide space between first and second toes,Mistral-Small-3.1-24B-Instruct-2503,-1,-1.2697429652740753,-1.0176127248563218,-0.8360112815587285,-1.2920048272278046,-1.7752073982079544,-1.1404727300706696,-0.9148678436032172,-1.6492575537549252,-1.88313646095762,-0.8955783295600208,-0.1118958550513158,-1.733491787497567,-1.7189300966152814,-0.9918095770809896,-0.8735033709099167,-1.5525062929653408,-1.4893995599055032,-1.0807607902628114,-0.7955616878391506,-1.4184558691044136,-1.190148178382504,-0.801477066791616,-0.6969627217783878,-1.169694273208291,-2.0066176474634765,-0.9913978726047136,-0.852459187488843,-1.7707808633742004,-0.5577066775789905,-0.6730477515315318,-0.6029404281785277,-0.6628246535080293,-1.7875696191628108,-1.0772835795277584,-0.9816129332612448,-1.6297202018664985,-1.7272897765289934,-0.9123733750556574,-0.6613377288309187,-1.5463424154640126,exact,9
HP:0001852,exact,layperson,"Wide space between 1st, 2nd toes",Mistral-Small-3.1-24B-Instruct-2503,-1,-1.2843362503255429,-1.026044355142106,-0.847342185426348,-1.30302440886738,-1.7050510333728,-1.1197361434483095,-0.8999188043802295,-1.5998882147831834,-2.2906986224775467,-0.93640397468729,-0.1122223600684438,-2.0320840371180022,-1.532868773194159,-0.9182419558724186,-0.8197476865914749,-1.4167508939964608,-1.2271775007443613,-1.004183415627482,-0.7560731228751695,-1.2275626950387912,-1.153009493708293,-0.7929345634230377,-0.6949509623459109,-1.14208937062949,-2.302519009540352,-1.0396797586788298,-0.8870653070328408,-1.970988072760883,-1.0131686161286886,-0.7780387038177942,-0.6952586684478171,-1.038499138313861,-1.8503766014941707,-1.0853328373887878,-0.9896590076521524,-1.6730115531040188,-1.7582086994558326,-0.921471738105132,-0.6637695691938702,-1.566609580221341,exact,9
HP:0001852,exact,layperson,Sandal gap between first and second toes,Mistral-Small-3.1-24B-Instruct-2503,-1,-0.9346793328439188,-0.9108467461113984,-0.7559998089096608,-1.0307515144630306,-1.3265337484922433,-1.0276333441477168,-0.8515220828263053,-1.3244367944771271,-1.6729858744392143,-0.878249312656726,-0.1170966324704506,-1.5752306503072424,-0.6483451128072649,-0.6214544946940788,-0.598767035930445,-0.7253163567578164,-0.8812042873272032,-0.8858350369282403,-0.6914759705320608,-0.961143039332946,0.0538184443965523,-0.3941798047575636,-0.3976753944281096,-0.1256068772073149,-0.3762252046787243,-0.6738563983135106,-0.6049543922031292,-0.5199068057064009,0.1828568904187726,-0.3314280936162985,-0.323929017198181,0.0341709367728507,-0.172710935110754,-0.6572811301887754,-0.649465837769868,-0.3416970324086937,-0.4761000038626469,-0.6555070616139408,-0.5343085970101779,-0.6318333508426156,exact,9
HP:0001852,exact,layperson,Increased space between first and second toes,Mistral-Small-3.1-24B-Instruct-2503,-1,-1.4672181305715326,-1.0609490713443035,-0.858582080372151,-1.4388543744492652,-1.7844561757024662,-1.1388478337433965,-0.919470150875312,-1.6557298141606378,-2.108754087848151,-0.928836466033038,-0.1117836717528438,-1.9000284272345696,-1.904880022991726,-1.0275287978362828,-0.9043297628727922,-1.685608817162391,-1.5638222211298038,-1.1016868462361755,-0.8098374953370006,-1.4711125226822277,-1.1931084724944705,-0.7935004238282891,-0.6942332063520297,-1.17188803715917,-2.15721073270278,-1.0154708127354133,-0.8669435730719965,-1.8733567778295344,-0.6133285988198246,-0.7010070207728345,-0.6300909281626622,-0.7104202493909421,-1.6908238330232015,-1.066834243552429,-0.9833389198665036,-1.5623190758789298,-2.0152048631309905,-0.9637980751419692,-0.6901825511054425,-1.7319765289537672,exact,9
HP:0001852,exact,layperson,Gap between first and second toe,Mistral-Small-3.1-24B-Instruct-2503,-1,-0.924107370362136,-0.910245189395855,-0.7643641262295736,-1.0222297826347415,-0.8463397059551857,-0.8712213583103868,-0.7374712097807724,-0.9484673866737772,-1.5877209736933626,-0.8386136934326226,-0.1068359873191616,-1.5100587548880084,-1.089207517626947,-0.7980883469398199,-0.7244880288355288,-1.0807760369792987,-0.9327022363500984,-0.9141186482533064,-0.7051784063483925,-1.0019698482466604,-0.8491077690330379,-0.7182058152964184,-0.6368416019779394,-0.9099296458457122,-1.3821381189475772,-0.9128053331559128,-0.7897806099233586,-1.3271831908064646,-1.0386602249873345,-0.8188717606224094,-0.7477375254880155,-1.0586679501414376,-1.523268012237681,-1.0361778966864523,-0.9592910953991736,-1.4434084742810709,-1.40154739836676,-0.8948666265506026,-0.6573126596168987,-1.327348812133846,exact,9
HP:0001852,exact,layperson,Gap between 1st and 2nd toes,Mistral-Small-3.1-24B-Instruct-2503,-1,-0.8488674795441353,-0.8951016931232566,-0.7424444545264668,-0.9610388169321225,-1.4217223839013349,-1.0489016392162256,-0.857717484051885,-1.3952462505824976,-2.063524458561546,-0.9099931846539456,-0.1138431019648971,-1.8669010866780744,-1.275646034717732,-0.8366818621500091,-0.7659517558122783,-1.2242653449154166,-1.5001888037571025,-1.0847764848862618,-0.8044005896522537,-1.426129337730404,-0.8371083857056024,-0.7178610057347109,-0.6377289051264045,-0.9005126068260696,-1.4604734824612695,-0.9374239325120473,-0.8077656805132992,-1.384682161932914,-1.5710109593348056,-0.918715004704636,-0.827254981718782,-1.463198015768184,-1.4729985494679654,-1.028719864084657,-0.9741438826530086,-1.4071637777275658,-1.315670101547734,-0.8700695523921742,-0.6417670965008757,-1.267792386046105,exact,9
HP:0001732,related,layperson,Pancreatic disease,Mistral-Small-3.1-24B-Instruct-2503,-1,-0.8510505626818966,-0.8658955970738991,-0.7277068361857012,-0.962827945545507,0.0850199532984131,-0.3471052571103707,-0.3585193489934897,-0.0878448760424141,-0.0981902790364076,-0.3063812934544663,-0.0652632047826912,-0.2345383262361642,0.0145746045909833,-0.5204448866032237,-0.4973537441904468,-0.1314530965211096,-0.3843048298053073,-0.6397727966811054,-0.5488694154559961,-0.5417449048468576,-1.0866740336533178,-0.8148986158330197,-0.6952617573697686,-1.0923912664245286,-0.9275161610596344,-0.8563594779567667,-0.7551947014939683,-0.9802513226844256,-0.9002855141782644,-0.8011276777810411,-0.7155360032502528,-0.9481797239615536,0.1857128579544844,-0.3608209868188398,-0.4037764267584445,0.0197854151867875,0.5121197342240872,-0.1064316377158187,-0.2189522267634744,0.3502307636154319,related,8
HP:0001658,exact,abbreviation,MI,Mistral-Small-3.1-24B-Instruct-2503,-1,-3.012672741750019,-1.408468905927024,-1.0604761533309488,-2.462212593652294,-3.946943049708109,-1.5207072425518429,-1.1675063077848435,-3.001058475722453,-0.0723266335277946,-0.2873555526995863,-0.0616345598709862,-0.2089884218749154,-2.379375530023011,-1.4494571762828203,-1.2053198237565814,-2.015341556554248,0.0267625518044361,-0.4132554559233193,-0.3271773836185648,-0.1496770487513339,-0.1509202730178167,-0.511277369348573,-0.4651691940875919,-0.3200589825207717,-2.1097730383075564,-1.0662455579845025,-0.9304792011083628,-1.8412035714971364,-1.8356164691997623,-1.115657320535983,-0.9860772807042998,-1.6542031667266446,-0.380630877632455,-0.7377972869136941,-0.252849204251884,-0.5336543184368678,-0.4552128701949856,-0.6109337192572141,-0.5082836282344798,-0.6144292320095912,exact,9
HP:0001658,exact,layperson,Heart attack,Mistral-Small-3.1-24B-Instruct-2503,-1,-1.3824999045888506,-1.0711722840834947,-0.8492508553109991,-1.3764424805083528,-0.7070504765987112,-0.834680446241926,-0.7270803355370573,-0.8325560126068847,0.4379173256658127,0.0045304525714988,-0.0300228121275118,0.3375184835079964,-1.6530485738393397,-1.3621566844948334,-1.12882669372261,-1.5047464261568464,-0.1840436715455792,-0.5319328042608694,-0.4423561617721584,-0.35691720083193,-0.0854047505406162,-0.4886752249744146,-0.4655602927939227,-0.2591879769156315,-0.654622868705054,-0.7820262517648409,-0.6998267023771267,-0.75886866253363,0.1415802001461712,-0.4928066318439109,-0.4542861705780312,-0.0085772533086556,-0.656228976980501,-0.7858605495075184,-0.6035905845366544,-0.7727663773811339,0.7931790854165147,0.2950375676289722,0.061548993939415,0.7442777686997676,exact,9
HP:0001392,related,layperson,Liver disease,Mistral-Small-3.1-24B-Instruct-2503,-1,-1.2726880417618325,-1.0055762749040604,-0.8245368064216331,-1.294230933397316,-1.0477355245374014,-0.9567476783119367,-0.7851446129525321,-1.1102719608991634,-0.9063299091660808,-0.7000741928974995,-0.0957311782572494,-0.9646310497920276,-0.7736037176842464,-0.7597314412461273,-0.6825205735188925,-0.8288965673435433,-0.3871960792091606,-0.6383520620469472,-0.543561679260982,-0.5443378039275711,-0.5008305358582115,-0.659865931687795,-0.5946035840158546,-0.627417461941619,-3.352378215639599,-1.170408527755109,-0.9822868049701956,-2.645726284798704,-1.0304878762762235,-0.8275773298674101,-0.7183868667389615,-1.0522109009230314,0.0914848699615348,-0.4089392020362766,-0.4746614050870878,-0.0796611106989496,0.4047789183352858,-0.1537752836523109,-0.2436513527966331,0.2206437557688494,related,8
HP:0001392,exact,layperson,Liver abnormality,Mistral-Small-3.1-24B-Instruct-2503,-1,-0.2468002648764534,-0.5869354971850214,-0.5362323190855299,-0.4300385004385466,0.0750947958544705,-0.4046806650626719,-0.387634446902622,-0.0983744875003558,-0.6743183383662567,-0.6370165155744112,-0.0913680126184619,-0.7664189703600096,0.7101877164103444,0.2487240731888073,0.1214032311075568,0.627613543633264,0.3737837891086411,-0.0818997786392988,-0.1635529830398966,0.2285575959372022,1.185998596083981,1.692702543547182,1.5286896251867703,1.4821589909087638,-1.085947471559509,-0.8310125609779806,-0.7465046032031538,-1.1039410769694609,-0.5656908584619944,-0.717724237064088,-0.6531273217707986,-0.6696893977056358,0.98203121823876,0.7740585564497098,0.6271780413440847,1.0914577844816726,1.1788738015905955,2.867380546626644,2.879572177415052,1.690724675216431,exact,9
HP:0001392,exact,layperson,Abnormal liver,Mistral-Small-3.1-24B-Instruct-2503,-1,0.4665833323348443,0.0157952055403129,-0.1143235467454535,0.3534301710251732,-0.135951279480415,-0.5783149902720643,-0.5088073005443543,-0.3136443008556291,0.2613099292411884,-0.1273393967368247,-0.0494492938849685,0.1379244098891135,0.4950095808885929,0.0341022166322901,-0.0522538049271261,0.370606284398198,0.4815789882949086,0.0469216762801378,-0.0378239488905249,0.3583706830141664,1.0110442252737817,0.7546269087793368,0.6299945680164535,1.095462708370592,1.111511049086152,1.2101955748875088,1.0024464729301967,1.3169642082851385,-0.2883397885415174,-0.6070087448384822,-0.5493006290531007,-0.42421973817023,0.9792153162229476,0.7623166279899377,0.5773751179682137,1.086355830866389,1.1590264320995325,2.396941648370334,2.1694408338013007,1.595684383873874,exact,9
HP:0000973,exact,layperson,Loose and inelastic skin,Mistral-Small-3.1-24B-Instruct-2503,-1,-1.303489676237067,-0.9716332808100328,-0.7900676059356164,-1.3174454749588345,-0.7541578939263419,-0.8302076052669599,-0.7274349513872087,-0.8721498697176592,0.4168170028829319,-0.1211047083284046,-0.0451929722864102,0.3129671877904111,-1.1109217503799582,-0.7863557706291563,-0.6896220976397203,-1.0976757317949626,-0.4613291833182772,-0.6887806034851319,-0.5705818483277872,-0.6101431234515196,-0.575457405500685,-0.6468273088415526,-0.5777366387359831,-0.6896741613008847,-0.7090574349575407,-0.7316197059066794,-0.6501555759873786,-0.8039534402670959,-1.362761469614103,-0.9187792450698146,-0.8131283113929315,-1.3084732790215912,-0.7803524222974559,-0.8340211614128741,-0.7363480000353658,-0.8756391157466192,-0.5428714404321836,-0.6843454700915554,-0.530707044239848,-0.6868383569101645,exact,8
HP:0000973,exact,,Inelastic skin,Mistral-Small-3.1-24B-Instruct-2503,-1,-1.5361910432354633,-1.0464259983530542,-0.85456972166063,-1.4890485232038635,-0.742383757539122,-0.834494454069997,-0.7259402691606149,-0.8622922970808433,0.4867678422324571,-0.0851271513090683,-0.0411799349865181,0.3951698252400217,-1.019863266862949,-0.7307804928643421,-0.6631320936967771,-1.0264566642688535,-0.5430275072800774,-0.7269495853551445,-0.6054682776124056,-0.6812157173626986,-1.2040102955948844,-0.8096186664672181,-0.6967149538976276,-1.179958670974922,-0.5837375703162657,-0.6957142836950158,-0.6122384568099983,-0.6994020684448019,-1.3102250120066188,-0.9238085335791132,-0.8178340644083882,-1.2687637370422222,-0.9518021801939516,-0.8804100969948673,-0.8098120943563384,-1.0134780506225616,-0.4195832737355588,-0.635542872663073,-0.5085569144660063,-0.5845150743349193,related,8
HP:0000973,exact,,Generalized elastolysis,Mistral-Small-3.1-24B-Instruct-2503,-1,-0.8417363063772509,-0.8146299872642077,-0.6918476168732881,-0.95518870886739,-1.0267444494362972,-0.9335244649486496,-0.7983027775311361,-1.093703754066924,0.0933574867455445,-0.3132370042527909,-0.0650075528828149,-0.041007092871925,-1.5932639915197175,-1.0053814253742914,-0.8726516411031966,-1.461116712688908,-0.7741135330629508,-0.8270138721713047,-0.6201969790901573,-0.8748002654409829,-1.018210006519119,-0.7585484670265651,-0.6522769736503088,-1.0405498681058667,-2.0857319815015303,-1.0191369179743324,-0.8538156440666318,-1.8248536663986827,-0.8999082010268394,-0.8124659666554624,-0.7255886106379628,-0.947874989188813,-0.4950627302537085,-0.6832670913238784,-0.6985000698876505,-0.6348661217446612,-1.191676030437419,-0.8430258397033544,-0.6243251451647548,-1.1803008985052383,related,8
HP:0000973,exact,uk,Generalised elastolysis,Mistral-Small-3.1-24B-Instruct-2503,-1,-0.7054715941153471,-0.7604347189379513,-0.6523437346303584,-0.8416289511916416,-1.0845093161623056,-0.9516466567839184,-0.8068557226484271,-1.1391399124560335,0.0505487738042753,-0.3176222644035024,-0.0616374698539538,-0.0851603001497024,-1.4421403853315995,-0.9230514671504224,-0.8039821157685831,-1.3495300616877504,-0.9807903262106016,-0.9085726540178838,-0.6573184998474182,-1.0397046227483189,-0.9957974920149434,-0.7539358419183395,-0.650767805006536,-1.0234531837842986,-2.100343641902615,-1.0189818826165975,-0.8553038910008682,-1.8347952538776755,-1.178465011290018,-0.8790746062659134,-0.7955802492231576,-1.167878209402535,-0.584285861680854,-0.7040868046410419,-0.7181830530215427,-0.7118439868515236,-1.170572171730467,-0.8402756829971847,-0.6241282006607636,-1.1652239539248457,related,8
HP:0000973,exact,,Dermatomegaly,Mistral-Small-3.1-24B-Instruct-2503,-1,-0.81083872748386,-0.8091107914780734,-0.6768974781554395,-0.9297378253562684,-1.2286349339516784,-0.9909624192851164,-0.8336760315433429,-1.2504292844543086,-0.0030181134502454,-0.4763777259460222,-0.0786987827626257,-0.1396549447044757,-1.6564666610999323,-1.058163750894059,-0.9158452236837102,-1.5072324503649954,-0.813741801237291,-0.8472428416930666,-0.6669405276324567,-0.9069840741663588,-1.2778035366796203,-0.8137565417776513,-0.700339160948802,-1.234251491844057,-1.7080711289998995,-0.9607791962587536,-0.8403671932743699,-1.562712595579993,-0.9231618346000252,-0.8336138935315297,-0.7514405741399901,-0.966619570884224,-1.3863632741711172,-0.9777116659685308,-0.9381378553316608,-1.344046453755938,-1.0877842387453331,-0.8283566780915989,-0.613024449170515,-1.1055291563155256,related,8
HP:0000973,exact,,Dermatochalasia,Mistral-Small-3.1-24B-Instruct-2503,-1,-0.4749762534851404,-0.670100499178267,-0.5858922554824464,-0.6410556581860778,-1.1932038070025095,-0.9763352318894564,-0.8222168546211247,-1.2233355497733571,-0.7803991556984701,-0.7052730552336544,-0.0984897128076963,-0.8579896854235994,-1.231202709370857,-0.9097047330256588,-0.7955147906925104,-1.1903829305555789,-0.4795064553550595,-0.7051225122305138,-0.5496384216423871,-0.6260843441363241,-0.8926998492347353,-0.7323431042994833,-0.6260164492403462,-0.9439697067025108,-1.0484765633368838,-0.8305863715553639,-0.7201322329926643,-1.0749774570269357,-1.330630224535109,-0.898544391279876,-0.8019586936012472,-1.284220865797571,-0.8729097418438573,-0.7920567849015087,-0.8165844217021029,-0.950633879909394,-0.8657076390199253,-0.7524211032710199,-0.5765993169046418,-0.9407197073052534,exact,9
HP:0000973,exact,,Chalazoderma,Mistral-Small-3.1-24B-Instruct-2503,-1,-0.6180933439017496,-0.731049590579112,-0.6104186619890274,-0.7669258247444638,-1.0827348865590345,-0.9404074781043452,-0.7931454337842331,-1.1377515087976986,-0.4404956504340662,-0.5852132492895168,-0.0894713409951228,-0.5582546829341739,-1.5250124147086628,-1.0002422477301944,-0.8469811568304075,-1.410957664081673,-0.6538868257897112,-0.7789996806509867,-0.6292136923746933,-0.7753921603409192,-2.087833218468818,-0.9304388742456788,-0.786832490840748,-1.7984023711953132,-1.1009915309352525,-0.8079545697203322,-0.7040802485194778,-1.115521002838844,-1.0882563770002942,-0.8239742097321894,-0.757330423995008,-1.0976777687833834,-1.381679397550756,-0.956058756337234,-0.9233722353170216,-1.3406098873287826,-1.4749934501344586,-0.8693018357697052,-0.633423752174576,-1.3776493996388075,exact,9
HP:0000970,exact,layperson,Sweating dysfunction,Mistral-Small-3.1-24B-Instruct-2503,-1,-0.9129347123927656,-0.8762233703270929,-0.7290879563742928,-1.0132037545618215,-0.6517201117572783,-0.7749953326259083,-0.6746637190691632,-0.7855124639677978,-0.4785437346189884,-0.6579488327564262,-0.1008923297871244,-0.5927688485301688,-1.5848305799608715,-1.0871721022122858,-0.9259220893518544,-1.4549393763131735,-0.1929097375425975,-0.5513415116458813,-0.4854886090915603,-0.3653311258657124,-0.6909933035771375,-0.6763118919499386,-0.5821986499856667,-0.7841252888820359,-1.455718113068113,-0.8162132116576819,-0.7237576076003348,-1.3812086196547628,-0.2862088489816559,-0.6420409064843112,-0.5951629200964956,-0.4222736013074236,-0.473827297560206,-0.7134976644296683,-0.7388391399439241,-0.6163014768544666,-0.563373113137106,-0.6707648628496077,-0.5384451087368088,-0.7035403196617311,related,8
HP:0000970,exact,,Sudomotor dysfunction,Mistral-Small-3.1-24B-Instruct-2503,-1,-1.0499106647979592,-0.910686249893238,-0.7621464906477191,-1.1224749850649478,-0.6133908792153707,-0.7245441893590594,-0.6415728174466326,-0.7525702633802618,0.2140007480156249,-0.3695163771283041,-0.0707739085385952,0.0865448634502819,-1.2523083538577242,-0.978195185237204,-0.8721142751802082,-1.2064976255687332,-0.4727277936361596,-0.7001583229021885,-0.5363234666505773,-0.620148282257264,-1.605876306174279,-0.8679729517459372,-0.7282400701071694,-1.4691595732181786,-2.624897010955194,-1.0525387514782565,-0.8986490117494194,-2.183398480826682,-0.7548234743422331,-0.7779965074758979,-0.7341260812750415,-0.8292100401827276,-0.8674773886023853,-0.830031365516075,-0.8349848098966376,-0.9462707861510364,-1.250144317942122,-0.8375184889481013,-0.6186556707161434,-1.2217851080005653,related,8
HP:0000970,exact,layperson,Lack of sweating,Mistral-Small-3.1-24B-Instruct-2503,-1,-0.818402345781855,-0.8293648038388344,-0.7023203848837732,-0.9359838278507204,-2.2373566176854003,-1.2433168282892737,-0.98038713306091,-1.9632351728934752,-1.4861082970128217,-0.8221377111305772,-0.108175018283455,-1.4316060347113668,-1.7104975041523522,-0.9923658761846512,-0.8706586007939672,-1.546411458719399,-0.472034153084114,-0.6919694767960511,-0.5680558633995707,-0.6195402783819725,-0.6422446678944341,-0.6724622609638973,-0.5892798232616315,-0.7445481015028116,-0.7762372718831544,-0.7529091475800181,-0.6828720588842575,-0.858933670324572,-1.127773087145588,-0.7655436371492405,-0.6997499834604425,-1.128547073570108,-0.3585854888628125,-0.6796423564591478,-0.6886028237402707,-0.5138140210194969,-0.708836379449178,-0.7193938985906334,-0.5696080519610065,-0.8196889692438524,exact,9
HP:0000745,exact,layperson,Lacks initiative,Mistral-Small-3.1-24B-Instruct-2503,-1,-2.111217922719404,-1.178971740246636,-0.9366475037907246,-1.888619469949622,-1.7468887442287464,-1.1438766166558982,-0.9252976045738708,-1.6293882858939877,-0.9707350201098696,-0.7798026471815742,-0.1054970094833082,-1.0183652865310109,-1.455447417595101,-0.9826669514354126,-0.8590114031120298,-1.3594334991386423,-1.2125289359396365,-1.0166492938893692,-0.7576610566169476,-1.2166362065805505,-0.8246720319343529,-0.7174299673151417,-0.6254891709050088,-0.8907308450736358,-1.4899226863675985,-0.8923106442102857,-0.7736240273805151,-1.4061455507372789,-0.563648870966329,-0.7679687914293697,-0.7107130330043289,-0.6679347670526363,-0.8204463203824615,-0.96488245553582,-0.9244313253763734,-0.9082982111451916,-1.317924557968358,-0.785740816625611,-0.5964144853819675,-1.2693664386245491,exact,8
HP:0000745,exact,layperson,Lacking in initiative,Mistral-Small-3.1-24B-Instruct-2503,-1,-1.324085049418564,-0.969946366063016,-0.7964158268623839,-1.3328996982048478,-1.5549661277166862,-1.0950851668678876,-0.8989442052316697,-1.4925783753465236,-0.6200452462800545,-0.6915113468767887,-0.0970558184570586,-0.7189093260944257,-1.3741169267333595,-0.9693698434838166,-0.8520569360483635,-1.29865988708221,-0.9962038404091712,-0.9288956521898676,-0.6842796054196479,-1.0517221059779387,-0.9940085372997984,-0.7637709744009917,-0.6622072707518284,-1.0220858004183542,-1.2767925997749932,-0.8672645677049968,-0.7557832672926347,-1.248883933403612,-0.9417469510457346,-0.7697833630477798,-0.7064988311943438,-0.98154864627668,-0.934698738780316,-0.9449433359832368,-0.9164570247955812,-0.9999350838676324,-1.3261621735094062,-0.7898528485329684,-0.5985852692794336,-1.2751129825681335,exact,8
HP:0000745,exact,layperson,Lack of motivation,Mistral-Small-3.1-24B-Instruct-2503,-1,-0.7816299093999027,-0.7809822207705613,-0.6921091387140546,-0.9055202073308416,-2.0305940231783675,-1.2202215839981363,-0.9717260363248792,-1.8250481741232445,-2.537084829063815,-1.0182212409183398,-0.1245783925874465,-2.208112814518575,-0.9090977451369212,-0.8731918550663966,-0.7843249462508792,-0.938532606534571,-0.5161073390639299,-0.7054514205851098,-0.584622325402633,-0.6579588253544583,-0.6716722884095718,-0.6885566148145422,-0.604846047515721,-0.7684860233902753,-0.8312467391769127,-0.7013019802080714,-0.6191079727182961,-0.9034348176834952,-1.0155830292997243,-0.754089900283652,-0.6748446682905529,-1.040412909126425,-0.68778723909983,-0.8569026673615769,-0.7845174748192741,-0.7991831384111996,-2.1080668983591635,-0.9495259611559868,-0.6766330621848028,-1.7904641164405224,exact,8
HP:0000745,exact,layperson,Lack of initiative,Mistral-Small-3.1-24B-Instruct-2503,-1,-1.3961344407081615,-0.98004119600929,-0.8103932541724497,-1.3865451383112062,-2.09404250052422,-1.229274449184759,-0.9869800498004508,-1.8678265129212337,-1.0235822326857835,-0.7538498981125038,-0.1028325845291711,-1.062072269461118,-1.1253443912820715,-0.9056738173535208,-0.8122288999956072,-1.108872298363343,-0.5336233836585753,-0.7166018595311392,-0.6020748396004686,-0.6731090579163631,-0.5934880458067525,-0.659244563775152,-0.5921606250156184,-0.7045648871845259,-0.8912823094038306,-0.7634637495330823,-0.6749595229130467,-0.9514933252176884,-0.9230078791043012,-0.7282394981516268,-0.6661980443165685,-0.9664957084743402,-0.8943231790059908,-0.9231020798154268,-0.9076406340487472,-0.9677869682922008,-1.400779056501274,-0.8053785812338169,-0.6067597438589263,-1.3268195651675252,exact,8
HP:0000745,exact,layperson,Diminished motivation,Mistral-Small-3.1-24B-Instruct-2503,-1,-0.7004644078866348,-0.744355957736887,-0.6492975595241133,-0.8373893649666417,0.0512483257200061,-0.4320502929868112,-0.3916355578621611,-0.1235132244435924,-0.1179189865494727,-0.4928716941046978,-0.0858326275922344,-0.2539140744285313,0.4958536592308026,-0.1170223218443227,-0.1314237427685517,0.3715669003075197,-0.0008058786098848,-0.4075855877961746,-0.3931153029839293,-0.1776148322892057,-0.4939812428267994,-0.6343162473710287,-0.5658189127555442,-0.621651522657509,-0.3486010057800064,-0.4999084611303592,-0.4592935571162451,-0.4953470031140922,-0.0040915124126079,-0.4818661790711297,-0.418906207916068,-0.155075741876274,-0.3539087610162919,-0.7529727193697138,-0.7039310588854836,-0.509590298916983,-1.084762988495218,-0.7733506209368687,-0.5842716658811267,-1.103333677134757,exact,8
HP:0000723,related,,"Restrictive behavior, interests, and activities",Mistral-Small-3.1-24B-Instruct-2503,-1,0.3086025048474715,-0.1642959770362774,-0.1921642567439992,0.1577060194111209,-0.2558926254384206,-0.6009966390018757,-0.5435868926806396,-0.4295010444969412,0.2442039933509612,-0.109200670187079,-0.0449165998196607,0.1192529299437673,0.2949507273461498,-0.3193939516097807,-0.3198574297748282,0.1515892139882727,-0.1672709676048394,-0.5146854724903565,-0.4196042401382753,-0.3409373070949891,0.5378348984130024,-0.0602071642408473,-0.1204942730098695,0.3997916567995936,-0.0651609295711193,-0.4770445414428918,-0.4441086969706553,-0.2327013695234556,-0.3533876961015004,-0.6557424505864643,-0.587939328289478,-0.4831587810977657,0.233373018272381,-0.3426640816242793,-0.3305955334406755,0.0714877463362009,0.6977978796125838,0.1930877622246149,-0.0139894669993156,0.5992976018705971,exact,9
HP:0000723,exact,uk,Restricted behaviour,Mistral-Small-3.1-24B-Instruct-2503,-1,0.131716455486849,-0.3398775087463401,-0.3674044358122791,-0.0438059579909957,0.004875530013686,-0.4231394445148177,-0.4613527779960375,-0.1717723293629199,0.1892504815686216,-0.1207564421650541,-0.0372577784159035,0.0599819788964192,-1.1917489068008578,-0.9560974222891416,-0.843080405851617,-1.1601388963874908,0.2572953938448681,-0.2105824771189133,-0.2482219990291172,0.0955100342421192,0.0516027874725652,-0.415965048762048,-0.3981504311603122,-0.1277814193180243,0.8446179295850134,0.3671822377786465,0.2493088599257829,0.8387828701275858,-0.3391729607439289,-0.741244023241275,-0.7032338737982702,-0.4703551637231495,0.42439969333136,-0.2047255675416807,-0.2978018221385446,0.2896949928042923,0.8937152510835796,0.5877309461028856,0.2782421945503614,0.915707001799123,exact,9
HP:0000690,related,layperson,Missing upper lateral incisor,Mistral-Small-3.1-24B-Instruct-2503,-1,0.5178746620817227,0.09583718474336,0.0024966790841698,0.4209365081642077,0.2311304472654495,-0.2282918078016401,-0.2295433860996694,0.0720519958837226,-0.5737108971191496,-0.5510987518301724,-0.0827494413806885,-0.6779762881789764,-0.2437838103740162,-0.4266352456478706,-0.388922860388236,-0.3734362758842363,0.5400479168221618,0.1450483711443369,0.0056465165001019,0.4318823264349326,0.4443536478366968,-0.1265791995544614,-0.1619691696008437,0.2888505593781426,0.1180930585121701,-0.2659978945067946,-0.2867134292726222,-0.0505939503815483,0.0146143246916532,-0.4467852685303837,-0.4268025712212196,-0.1366220945954606,0.3884077616760908,0.1408514076729336,-0.0023145481970959,0.2471046770459884,0.2937367483825945,-0.2730834883747633,-0.290220428191608,0.0949200542780238,related,8
HP:0000690,related,,Missing maxillary lateral incisor,Mistral-Small-3.1-24B-Instruct-2503,-1,0.7875264493102457,0.5765331697355827,0.4444735970862648,0.8207467579985369,0.8591480654784346,0.8117617479576994,0.6114202143325419,0.9219782371845082,-0.5530716279539004,-0.5571622918158226,-0.0848074408274237,-0.659628884138401,0.9769897816331492,0.8643083719394046,0.7526899620952285,0.9911273534101628,0.8062416623841129,0.5841436486549174,0.3279456728011925,0.802322314872965,0.721082580335695,0.1821856889442012,0.1183896327373816,0.6365462624307445,0.2476284563915353,-0.1845893523474678,-0.2138161881845817,0.0854359878468288,-0.0260440998600251,-0.4733239646134161,-0.4558960502654535,-0.1766053765928674,0.4342314019943373,0.1868626836112524,0.0424477567466022,0.3014607780016096,0.6790331032939786,0.1125636627597712,-0.0711602835913447,0.5723506465243757,exact,9
HP:0000690,related,layperson,Absence of upper lateral incisor,Mistral-Small-3.1-24B-Instruct-2503,-1,0.4406512247057498,0.0104560688426239,-0.0793219599146586,0.3200990209051826,0.1901601490426994,-0.2721360165877297,-0.2922182070920393,0.026245808571552,0.485448182086498,0.1158602225401614,-0.0135997659545369,0.3935970374462748,-0.018312915562399,-0.2618306885692197,-0.2861095180680524,-0.1631541893396263,0.8564646957506004,0.6999182824828217,0.3972140664021847,0.8807114017361278,0.7916599623491583,0.3004749544210415,0.182929387517385,0.7364890943619269,0.5782169416844527,0.0932311552496128,0.0309708996107012,0.4696561678081729,-0.1158416974135461,-0.3825769231685147,-0.3943470932970033,-0.2633056637970751,0.9362926483292168,1.1149869133824215,0.8618936952539251,1.0106131122702486,0.349939743214709,-0.2371748276000376,-0.285813341816695,0.1575988114667746,exact,9
HP:0000690,related,,Absence of maxillary lateral incisor,Mistral-Small-3.1-24B-Instruct-2503,-1,0.8369072336868797,0.7501044879711831,0.5532605482180338,0.9051560043816516,0.7879627644400704,0.6043183261616969,0.4629759891213155,0.8051982608526613,0.8564143089201043,0.5459895445246014,0.0374813383118156,0.8780275894173488,1.0536895137295514,1.0794271387157686,0.9054070202934984,1.1088740976906757,1.129679120918769,1.6365295348644455,1.2269165033172678,1.3881260838841654,1.0833622632675208,1.1204757967484331,0.8847411912631157,1.2386667329678558,0.7196507524619653,0.294973366229776,0.1924575926122415,0.6567266046426997,0.0115532984385769,-0.3211243344953347,-0.3433639357017168,-0.1396487535461101,1.121282183879809,1.9230086965855144,1.693052579715835,1.3700543796186673,0.8041015113847786,0.3206493930895453,0.0798613557758006,0.7618567707412194,exact,9
HP:0000690,exact,,Failure of development of maxillary lateral incisor,Mistral-Small-3.1-24B-Instruct-2503,-1,0.7874555338707389,0.6062789462304309,0.4376301989363731,0.8206287123495876,0.8245346516024582,0.6919513998111481,0.5110122617366188,0.8641937166597816,1.0169002228383928,0.7703106140076408,0.0610577876862597,1.12447359001431,1.063388018931816,1.210091432982148,1.0801740713541503,1.1243143298194305,0.8641185114370343,0.7174658900576807,0.425031940471418,0.8929592221766582,0.8798363384948604,0.4717248478548875,0.3159714175978781,0.8704684806683881,0.5704529235086415,0.0814465875878697,0.0181466738557453,0.4598607540868022,0.1526772145284315,-0.2454429765232378,-0.2649161923093726,0.0028585409150129,0.3215002426697625,0.0366471041187794,-0.0786166905792596,0.1698309977915781,0.4848804928572087,-0.1304393996162119,-0.2106657501639454,0.3165003025933773,exact,9
HP:0000653,exact,layperson,Thin eyelashes,Mistral-Small-3.1-24B-Instruct-2503,-1,0.4829641036115299,0.0235163912628125,-0.0398596579861899,0.3747550645048094,0.9926162338694294,1.09850094962235,0.8953792933290761,1.1671043020134706,0.667438129342672,0.2225466111751849,-0.0093191331035091,0.6195526599567861,0.861742167050672,0.855960589762671,0.737751889960063,0.8265340312541557,1.1363951172918458,1.6444852975589457,1.2234335807726366,1.40315133138975,0.9509533733018593,0.6089707140738897,0.4498239511318319,0.9878566536190334,0.838234081639489,0.5551038846833347,0.4246693286480353,0.8290138639247852,0.5472739475257832,-0.1230234655781727,-0.1924963494231565,0.4412147410859977,0.9030029531856943,0.5863645286849456,0.6352072637045018,0.9542624123521726,0.92524203614443,0.5922322489441505,0.2910296239270474,0.9747508066252434,related,8
HP:0000653,exact,layperson,Scanty eyelashes,Mistral-Small-3.1-24B-Instruct-2503,-1,0.3397010108194653,-0.122944243895543,-0.1677734184763541,0.194926543318569,0.8351090095489543,0.6081195900627674,0.4427710105724844,0.8816363037401678,0.4668959694892092,-0.0356940914086062,-0.0366213316336563,0.3715779159339372,0.8008071645159762,0.7205653314500837,0.6137806430479631,0.7444396649758229,1.0527563284835133,1.271005643369054,0.9334215366224357,1.2271471925999178,1.0723212485374845,1.0351726524855225,0.8527709795669514,1.2156278058352197,1.0133933815154277,1.0383660579520828,0.9143232047351236,1.12166062787746,0.594442001434754,-0.048185224885087,-0.1066354924305997,0.4986596098715815,1.1069417435555653,1.3183454044005845,1.1467646403030995,1.3384885355689753,0.847709685362101,0.4082399414561769,0.15092511144615,0.8344234866273417,exact,9
HP:0000653,exact,layperson,Scant eyelashes,Mistral-Small-3.1-24B-Instruct-2503,-1,0.5251706093580497,0.1010993677464383,-0.004356191066183,0.4307191727542005,0.5052359455780299,0.0002935049501244,-0.0771610255731442,0.4023549583926459,0.6290983267586139,0.1592632927734701,-0.0178088605852295,0.5703172182215906,0.94728854459592,1.0508590315439663,0.9794805632465426,0.94741214874087,1.1081244028295036,1.5059106817023216,1.149519284596471,1.3410506138954732,1.1008460249850724,1.1748275780572144,1.0268235596805766,1.276170382528801,-0.4408130941437964,-0.5558584600440548,-0.5370797382845984,-0.5766937107966981,0.554981986011695,-0.0878342928471042,-0.1355623663319062,0.4505136486828328,1.172079941036345,1.6761306017591011,1.5718346026145116,1.4891913913486454,0.9325110971646472,0.6357858097893355,0.3287628461762122,0.98880507776558,exact,9
HP:0000653,exact,,Partial absence of eyelashes,Mistral-Small-3.1-24B-Instruct-2503,-1,-0.3497027390973982,-0.6346935556663847,-0.5517533309617397,-0.5269085802816335,0.5298939163406862,0.0407232099082281,-0.0715184087088903,0.4345013092729787,0.0095850450390714,-0.2589624834888654,-0.0605360056282671,-0.1269067715985107,0.4623673799622769,0.3166783921369525,0.2288873161167602,0.3337108840170625,0.4598449176641482,0.0287605567829099,-0.0370732682460865,0.3316260028602287,0.0137000700554277,-0.4241424743427278,-0.4091412371741862,-0.1647273274476982,-0.7079084483374674,-0.6706560448926242,-0.6110845582035732,-0.8030068470621093,-0.4103380333340096,-0.5805825221496531,-0.5008691169781713,-0.5340428568391135,0.5061437775664697,-0.0570104015681348,-0.1542899648372884,0.3893492641357797,0.4703274064688236,-0.1552081649841995,-0.2380202098584456,0.298725509396906,related,8
HP:0000653,exact,,Hypotrichosis of eyelashes,Mistral-Small-3.1-24B-Instruct-2503,-1,-0.5780407208179,-0.7309934061483584,-0.6208979712744572,-0.7321553681931634,-0.4953249150918947,-0.7328716121650543,-0.6403213629042586,-0.6491738429866969,0.0774034151938578,-0.2682356585605152,-0.0595070143589381,-0.0575266605886905,0.3237681598892072,0.1589870338621416,0.098004841254152,0.1821513185626262,0.5410808145912515,0.1253557836108287,0.0348028570033281,0.4332023886027342,0.4402341840878764,-0.1496925510003741,-0.2031657888759577,0.2840885266109083,0.3566814756834687,-0.1468994426276206,-0.1755652917990764,0.2055849604634324,-0.2173799899457352,-0.5115685366348091,-0.4658632829616732,-0.3588699737749681,0.4843864843826033,-0.0820839500393001,0.1390820924153875,0.3624074147572556,0.1374950234497875,-0.4111634214360569,-0.3788477282551944,-0.0704468556491527,exact,9
HP:0000482,exact,layperson,Cornea of eye less than 10mm in diameter,Mistral-Small-3.1-24B-Instruct-2503,-1,-1.0032121526332625,-0.8936854391849404,-0.7508860894432267,-1.0855548083408804,-2.0332739166404634,-1.2109819307269596,-0.9708829342986426,-1.8268619222748204,-1.5658359361138616,-0.8106380136839489,-0.114695629859303,-1.493235630307336,-1.593037101950778,-0.9425283825388852,-0.8192823546744618,-1.4609505944069732,-1.6558473619085063,-1.1034654413130822,-0.8029342059778258,-1.535361054827444,-1.3256641601897334,-0.8191975020326828,-0.7130804098125582,-1.2691606513093872,-0.3399167382069257,-0.6698347651965139,-0.5961267681630731,-0.4875913531398194,-1.9717717771323804,-1.0063891806617702,-0.8892390915113673,-1.7503081780988323,-0.9673722096187786,-0.8416373918898827,-0.8359688701358902,-1.0257685157968854,-1.8460870908043112,-0.9607705421539808,-0.687682712564897,-1.623763143318505,related,8
HP:0000327,related,,Retrusion of upper jaw bones,Mistral-Small-3.1-24B-Instruct-2503,-1,-0.1278389198542317,-0.5075766938611201,-0.4691878729346083,-0.314133488605237,-0.3325402187434847,-0.6234437127250481,-0.5589291293116673,-0.5014028945691998,0.5328131669636114,0.0936816603214479,-0.0084207344639042,0.4506070695170163,-0.8923156984466128,-0.7519848489167836,-0.6868334688473878,-0.9250813313263964,0.1030651734034396,-0.3151266772592759,-0.3007417990331586,-0.0709025411791469,-0.7546845029742888,-0.7175800403191464,-0.6434332472261634,-0.8352583254213058,-1.5479346864754877,-0.953956958075084,-0.8353258889588373,-1.448190790618365,0.2065284031946377,-0.0092498106034878,-0.0216776651902128,0.0589526043681799,-0.8896614635845355,-0.6989886494161608,-0.7054160469614563,-0.9640588827455736,-0.7143081706792754,-0.7234604624374169,-0.5547220615172881,-0.8239813673477207,related,8
HP:0000327,related,,Retrognathia of upper jaw,Mistral-Small-3.1-24B-Instruct-2503,-1,0.1649222624112487,-0.28975576693381,-0.3070516371724881,-0.0071885994218212,-0.0425114473389676,-0.4238963711184815,-0.4430783339714993,-0.2202700320425238,0.5425607179046588,0.0744847331228237,-0.0208877179542975,0.4624864437863445,-1.118034779321005,-0.8307572271371757,-0.7443794884248739,-1.1032005097177302,0.1023844980953576,-0.3133991352568646,-0.3406829396536548,-0.071615048279443,-1.5028163135889685,-0.8749268853117511,-0.7538868312546818,-1.3964294202167038,-0.9004326137784527,-0.8426322174929674,-0.7593536302871147,-0.958772978138936,-0.3893165100750182,-0.4647276914002421,-0.4312317953495024,-0.5153363528470593,-0.8663014153056066,-0.6839529166578793,-0.7125583082567998,-0.9453256625496396,-0.391590138839147,-0.6265874008260162,-0.5038582794607089,-0.5608071021998736,related,8
HP:0000327,related,,Hypotrophic upper jaw bones,Mistral-Small-3.1-24B-Instruct-2503,-1,0.1597927122869167,-0.2873301241758253,-0.2937055926574698,-0.0128791709011973,0.0425252763836625,-0.3636613638241348,-0.3667488287614935,-0.1326534930715137,0.3487792666496396,-0.0912022878130818,-0.0322131221475622,0.2351536973086844,-0.735840938634375,-0.7088948644296703,-0.661042731598746,-0.7979040637848751,0.1036594137517653,-0.3131528675070808,-0.3056168161622493,-0.0702803630021469,0.2653859183723891,-0.3025916677437554,-0.3202898581455061,0.0904415003895105,-0.1002474255317895,-0.5453097789454334,-0.5333580680707651,-0.2663678786421359,-0.3404085146905642,-0.5181978818065452,-0.4512005833257776,-0.4714697277160478,-0.1982670867135152,-0.4053772167529199,-0.4808523107304523,-0.3659038677296969,-0.0002977245073809,-0.4510434544284895,-0.4080218107195679,-0.2071962568126267,related,8
HP:0000327,related,,Hypotrophic maxilla,Mistral-Small-3.1-24B-Instruct-2503,-1,0.7296907368959321,0.4853785704326009,0.3086590265951818,0.7271737951578908,0.3249810773325557,-0.0995848967247309,-0.1371599598213173,0.1801568563889565,-0.4279875505787685,-0.6162112598678291,-0.0861034965404768,-0.5468501816502503,0.1497057725525384,-0.2137129111410637,-0.2831672370772813,0.0019328972313512,-1.1898030241456703,-0.9849377298960862,-0.7080179311903395,-1.199626609810546,1.0435264555406294,0.8778969665024243,0.6777223421423632,1.157648067614924,0.5178784271499711,-0.1857932961462529,-0.2375511079263964,0.3946636396916825,-0.2855827632990452,-0.5118596102491815,-0.4332889231396082,-0.4217016236381536,0.2457904384335033,-0.1676998031627203,-0.2371708216035517,0.0851234666613415,0.4651487100537673,-0.152434842107365,-0.2216543188409999,0.292440428604088,related,8
HP:0000327,exact,layperson,Upper jaw retrusion,Mistral-Small-3.1-24B-Instruct-2503,-1,-0.4176098344205047,-0.6651117973009429,-0.5948313496735514,-0.5892724218220888,-1.0470257526960929,-0.940542974091042,-0.7880249456978602,-1.1097128158697322,-1.0754923287684308,-0.7466090933323427,-0.1007754458028787,-1.1046799724131966,-1.538786331644711,-0.9582916461975942,-0.8382266789304662,-1.4211110815880323,-0.5013896262913997,-0.701791699906695,-0.5716500675857901,-0.6451772651945445,-0.9071008586306532,-0.756754305934723,-0.6714156894841438,-0.9551573455261352,-1.5871013489042465,-0.9796069553491056,-0.8571021044216206,-1.476405522922163,-0.7554808398715941,-0.7038186974610894,-0.6268297577698005,-0.8297546239108216,-0.9109304955150888,-0.7090048646779369,-0.710687009146187,-0.98104066284749,-0.9743875060443457,-0.7813192911664687,-0.582925687491425,-1.0222669525804349,related,8
HP:0000327,exact,layperson,Upper jaw deficiency,Mistral-Small-3.1-24B-Instruct-2503,-1,-1.00960427568058,-0.9123305467622056,-0.7583465114685146,-1.0906283662651746,-0.9298792304326926,-0.8857321423742442,-0.7559359284854675,-1.0163719935214404,0.5671043184145433,0.0834352182910598,-0.0239432333178069,0.4926291983026754,-1.6963128106140544,-1.0440820304211682,-0.8995189159941643,-1.536147187163935,-1.094365863330582,-0.945837089018098,-0.692580861242409,-1.1274026511817368,-0.0422321467527804,-0.4763921624202075,-0.4492509878440694,-0.2184056375373207,-0.2122740287201724,-0.6252263209832356,-0.5639851765752618,-0.3715766647404063,-0.5428863839382382,-0.6424040814791974,-0.5797928091705054,-0.650052688132007,-0.5633857064804756,-0.6138090084905435,-0.6531887602962526,-0.6939569844747379,-0.1204077733064038,-0.5194251073838956,-0.4410678384772581,-0.3206472470130647,related,8
HP:0000327,exact,layperson,Small upper jaw bones,Mistral-Small-3.1-24B-Instruct-2503,-1,-0.7425457687399071,-0.8127040425766878,-0.692539910053585,-0.8728687245599928,-0.687225011490828,-0.8207901943281803,-0.7036823619688367,-0.8157678004242928,0.4304111572532184,-0.0526659059255037,-0.0399007038603605,0.3287610817451552,-1.2608167126929526,-0.8756071314903445,-0.7828754163545492,-1.212981498274485,-0.1561748796461046,-0.5108655079788714,-0.4385422461336408,-0.3303202061045375,0.5126381710113826,-0.1049255188280591,-0.1653270910603458,0.3693219326281345,-0.0906143673749932,-0.5320886650195829,-0.501246099961772,-0.2571601498984058,-0.7021223087917045,-0.6910985498310428,-0.6089797152057661,-0.7853357724212261,-0.1746503974537088,-0.391782739944587,-0.4565883499881202,-0.3435405186945751,-0.4887371377013007,-0.647526490564796,-0.522542832529964,-0.6423166792698508,related,8
HP:0000327,exact,layperson,Small upper jaw,Mistral-Small-3.1-24B-Instruct-2503,-1,-0.7189962808283629,-0.8084136003851058,-0.6963462417484767,-0.8530559082972858,-1.4035804913885903,-1.0724607164059496,-0.8751736923489536,-1.381835173089903,0.364877657989817,-0.1064488293831893,-0.0403811013885392,0.2533847556094269,-1.8082230188837385,-1.0465497869121272,-0.9047634960306872,-1.6167257095923897,-0.6912396936484628,-0.7895391611657169,-0.6272628930328071,-0.8065698336322511,0.2985161883574784,-0.2779734777755974,-0.2972548723538477,0.1259575999586382,0.2334822211951394,-0.3826320586995492,-0.3797931750554685,0.0702473476584358,-0.9130784827515156,-0.7762920518519961,-0.7020979312773322,-0.9585004369149656,-0.1779181019762471,-0.4176135520590038,-0.473236564362103,-0.3466441155586252,-0.7694956538987126,-0.7314112288474928,-0.5659732587012465,-0.8669803879912723,related,8
HP:0000327,exact,layperson,Small maxilla,Mistral-Small-3.1-24B-Instruct-2503,-1,0.0552139917458628,-0.3987450039895908,-0.3886678960509878,-0.1262763500006508,-0.0471622389774757,-0.4680004515504349,-0.4597958127677041,-0.22498698599042,-0.3743879508388564,-0.6186769861454954,-0.0876118744052284,-0.497644197216334,0.0058999692846548,-0.2764990912333886,-0.2999633626507808,-0.1398423344907323,-1.8071128632302889,-1.1715177225347977,-0.8299417713932795,-1.6390035932879654,1.072517485916952,0.9969657177423736,0.8101689198580864,1.216033169402322,0.6792009598368365,0.0019836950483933,-0.0495765744983153,0.60142370683412,-0.5652358344412992,-0.6485173517099031,-0.5866701600938055,-0.6692984692660351,0.2630540123811685,-0.1745949237466975,-0.1913208046116493,0.1041981616228681,-0.0569295253100925,-0.5067942256781353,-0.4379212080319643,-0.2613018387442679,related,8
HP:0000327,exact,,Micromaxilla,Mistral-Small-3.1-24B-Instruct-2503,-1,-1.0427614151464946,-0.9171029114591428,-0.767323518323538,-1.116844410100734,-1.4570362509511188,-1.0337343099182514,-0.8499410302283065,-1.4212402581679882,0.0937346424594669,-0.2598858720499741,-0.055171302952899,-0.0406156280993319,-1.6243965986714657,-0.946102990917886,-0.8134672435239402,-1.4838717783824544,-3.1924470198528594,-1.4214705486070072,-0.9988274736178112,-2.497977268803272,-0.2546385735563404,-0.5657573189254691,-0.5189244069519997,-0.4141024184097496,0.1053237316961815,-0.4940560510213553,-0.4695441492445861,-0.0636527600673746,-1.5884030428755558,-0.8769251765593397,-0.7857000657621306,-1.475936447693963,-1.8524240103221183,-1.0824668919478992,-0.9400318832109688,-1.6744167875066946,-2.29228421378044,-0.9996874144713266,-0.696167896674007,-1.9046847147580348,exact,9
HP:0000327,exact,layperson,Maxillary retrusion,Mistral-Small-3.1-24B-Instruct-2503,-1,-0.053715599583761,-0.4410148528758378,-0.4518729969882599,-0.2395564210728151,0.0359944435768745,-0.3925220693731384,-0.4029582374124652,-0.1394775355012262,0.4700452197004612,0.0278711135345397,-0.0312963315873041,0.3753037146076213,-0.2310067331686512,-0.4694088362224152,-0.4737150835700385,-0.3618244893138337,-0.5095663734843603,-0.703047816750377,-0.5836345750445453,-0.6522842059182469,-0.542998373838774,-0.6631735770071406,-0.5859189109060593,-0.6627212144985571,-1.202907214959484,-0.9129814213657548,-0.7968117006870581,-1.1932619468634271,-0.7226604606688833,-0.7189632177280937,-0.6374053176428812,-0.802484865829504,-0.6851135976834456,-0.6482232240559535,-0.6482840022479945,-0.7969521667310424,-0.5487900980528189,-0.6785824823676294,-0.5340181752099094,-0.6916688903290358,related,8
HP:0000327,exact,,Maxillary retrognathia,Mistral-Small-3.1-24B-Instruct-2503,-1,0.2368784902803174,-0.2027993708169496,-0.2534067065111512,0.0740139811129435,0.1808057599831788,-0.2417171118267365,-0.2882532921592632,0.0158977748363909,0.5510840521865356,0.0846540937999125,-0.0274440276233132,0.4729163235288597,-0.1831887326447712,-0.4815848514639443,-0.4733751715762364,-0.3180591891253155,0.2417889620645603,-0.2050249324662177,-0.24613168048062,0.0783053098488978,-0.8422862382665506,-0.741813201969725,-0.6598883840770415,-0.9045786733730452,-0.3029461162095774,-0.6558035705473052,-0.5903190579507908,-0.4543837191923844,-0.6806301215886428,-0.6304513414302759,-0.5798644881186171,-0.7673192487750721,-0.6883655749035346,-0.6321402098708634,-0.6537240375163268,-0.7996655492849049,-0.0358308267231234,-0.4806038039561956,-0.4160266726864562,-0.2412767024036945,related,8
HP:0000327,exact,,Maxillary micrognathia,Mistral-Small-3.1-24B-Instruct-2503,-1,0.2406147605931611,-0.2002675303749016,-0.2710480866185106,0.0783033156697594,0.2146356292334657,-0.2056405125583364,-0.2653974206891691,0.0535140186436245,0.1971307268729838,-0.2429719317341606,-0.0518340649217795,0.0684163183155939,-0.0862515977332556,-0.4333118458194887,-0.4324864023420089,-0.2277705343685357,-0.2554648787923371,-0.5704673357867107,-0.4583307542815267,-0.4240639326472102,0.5572951052101902,-0.068179805559668,-0.1034106717723527,0.4236314470310487,0.2414819080247485,-0.3964996275321802,-0.3887726721833213,0.0788259147968572,-0.8326076557532323,-0.6623880918763912,-0.6015589077954652,-0.8932047170582267,-0.2689248524766223,-0.427780860658301,-0.4578045657726285,-0.4319060753235916,0.2640712185996544,-0.3213550556106231,-0.3127183843049018,0.0625641176561917,related,8
HP:0000327,exact,,Maxillary hypoplasia,Mistral-Small-3.1-24B-Instruct-2503,-1,0.6598856106919058,0.3431007777298466,0.2055978197188965,0.6206119167322321,0.7511019985851589,0.531184057489996,0.3852114325728408,0.7476668472630642,-0.0231081977136913,-0.302956658357816,-0.0526751941034723,-0.1598853224002678,0.6922765459987977,0.2003449533107422,0.139086950691247,0.605192483601833,0.312605124593023,-0.1297455607876057,-0.1868524119299885,0.1578188866439759,1.0657195340604009,0.9678295120177778,0.7934212120679687,1.202074766157592,0.9937028169862576,0.6157852278990474,0.4808359374968503,1.085747333130762,-0.2008485909382226,-0.542279631471339,-0.4907180742429483,-0.3434803408412645,0.6978495861403057,0.3659111922680448,0.1801777289609056,0.6421780045166561,0.9625595078503344,0.7311230992702118,0.4118285337304699,1.0488792074181783,exact,9
HP:0000327,exact,layperson,Maxillary deficiency,Mistral-Small-3.1-24B-Instruct-2503,-1,-0.2469386195084325,-0.5699295437155284,-0.5344364785900483,-0.4301707688250969,0.1955805073056459,-0.2427069552359453,-0.2689992795882348,0.0322604267746532,-0.4626920339039378,-0.5775314483502703,-0.0859613454620622,-0.5784215082403027,-0.1826321569693403,-0.4537554818036344,-0.4463022398120669,-0.3175468661007917,-1.1048374587050764,-0.9559272874940332,-0.6843414470709187,-1.1353910964133005,0.616289537870088,0.0009317272265245,-0.0707032266625616,0.4976541902329846,-0.105905511879113,-0.6068442518546413,-0.5636882821916067,-0.271763811074292,-0.7166918749108493,-0.7500335334717587,-0.6534042123431612,-0.7975079315449439,0.1031087762263505,-0.282579983861539,-0.3507214930311522,-0.0675820972096032,0.5353165375961917,-0.0936868345356109,-0.1885488494370274,0.3794518071446042,related,8
HP:0000327,exact,,Hypoplasia of upper jaw bones,Mistral-Small-3.1-24B-Instruct-2503,-1,0.6226807291788429,0.2620921007800381,0.1533355612766987,0.5662707720585046,0.8189791726607505,0.6897761558762779,0.4849355832498499,0.8551011026908067,0.9986820624448636,0.6858465096182661,0.0357537418794972,1.0949099091589467,0.2346439713796003,-0.1428893522989444,-0.2044514451787477,0.0885937430736489,0.8414855172248069,0.6661289514104481,0.4163433480495651,0.8569792773411141,0.5055523282706126,-0.1138222772109118,-0.1512207477142827,0.3608314285691663,0.6165546865125696,-0.039441600089749,-0.1202899938005663,0.5186970202603575,0.6094587716129063,0.3944070607429599,0.3154435935645799,0.5172279943902136,0.615927497436565,0.3245849071026082,0.1571926718820072,0.5304566527216753,0.4078636380611931,-0.2059857120106857,-0.2637956900680313,0.2242493195289869,exact,9
HP:0000327,exact,layperson,Decreased size of upper jaw,Mistral-Small-3.1-24B-Instruct-2503,-1,-0.0186110665290346,-0.4433865589841,-0.423910159469461,-0.203549412396624,-0.5293093189115693,-0.7389568704762265,-0.6492844031463851,-0.6792435213776502,0.461456460447802,0.0239217927812432,-0.0246604693662918,0.365153958910717,-1.3997235032827615,-0.9025067954069268,-0.7614990745561896,-1.3178580495991383,0.1430391814168057,-0.2817547538472997,-0.3131641593004958,-0.0287364239382721,0.0982182924160576,-0.4059552690013817,-0.4050156729290805,-0.0816737262746728,-0.1325523790076691,-0.581355161241975,-0.5302637403117688,-0.297055192006178,0.1021822556690072,-0.0323208163010021,-0.0374074801463209,-0.0488504304842814,0.0412482915514859,-0.2816184137306557,-0.3380032664533337,-0.1312882953011577,-1.0790527997219008,-0.8159728487796865,-0.6132421754007187,-1.0991808653899369,exact,8
HP:0000327,exact,layperson,Decreased size of maxilla,Mistral-Small-3.1-24B-Instruct-2503,-1,0.3896074037477385,-0.0809784879832262,-0.1569222697257128,0.2559377241695113,0.3949355377051935,-0.0567127117353349,-0.1231279057844589,0.2639153180196723,0.6528087210229454,0.2059684915748656,-0.0079090487196959,0.6006533425435588,0.4681194810376455,0.1089150320961594,0.0606302886777392,0.3401770532009555,0.4240889356868972,-0.0082244297159205,-0.1032829509938153,0.2882706887655713,0.99912812874112,0.7176332745363453,0.5383077398666685,1.073407953529469,0.3516973690675083,-0.3357662166332422,-0.3327862832146452,0.1999686636950048,0.3197590046925531,0.1289596694431129,0.1111327987585249,0.1803737546214726,0.5743166295425841,0.1800695618521257,0.0650852973243351,0.4759032853174988,-0.1981408527560761,-0.573305495018183,-0.4732663842588579,-0.391587082368491,exact,9
HP:0000322,exact,,Vertical hypoplasia of philtrum,Mistral-Small-3.1-24B-Instruct-2503,-1,-1.0235322070496151,-0.9004512640980648,-0.7299396323711775,-1.101661255801169,-0.0520988030860074,-0.4206600440938644,-0.3948691298968568,-0.2299855755767113,0.5111486500209241,0.0250838728611097,-0.0178531389157954,0.4243863126239489,0.196592461019075,-0.0983713462853337,-0.1743909019941777,0.0494831303357319,0.8360919757360042,0.6474242449099906,0.3871427011542079,0.8485092924464175,0.6326825848505996,0.0439735459337985,-0.0461305993463394,0.5187221129067655,-0.1794740895250703,-0.5849121650626739,-0.5258210712416559,-0.341118738413061,-0.0831855374062742,-0.4346910562302088,-0.4104043399327833,-0.2320235570832043,0.2852266493251736,-0.1674949944086943,-0.2534934222716616,0.1289019276583823,0.0704077875372841,-0.439010489117865,-0.4097300964879953,-0.1379808775025833,related,8
HP:0000322,exact,,Decreased vertical dimension of philtrum,Mistral-Small-3.1-24B-Instruct-2503,-1,-0.6447672826480388,-0.768122890294667,-0.6418944478045754,-0.7898948462399183,0.4389452746444439,0.0171117772077754,-0.0970912501514238,0.3181575313326552,-0.9015962201035856,-0.6652622704244392,-0.0917905928847008,-0.9606607680520834,0.427164685200204,0.1872878670158,0.0732873686800594,0.2944581152980207,0.484323298267176,0.0649903128637276,-0.0844743702890702,0.3617693887828809,0.4786910058885102,-0.1174027360592512,-0.162518758986912,0.3289458129219903,-0.2781014211394755,-0.5945166309836379,-0.5298007340684179,-0.4318906890914614,0.0549487095809031,-0.3710906473216535,-0.3706336723333738,-0.0964831339889117,0.4539555838979369,-0.0143598393158337,-0.088967854884965,0.325241370215117,0.0938460845245985,-0.4112420963551455,-0.3694777292764745,-0.114601247255066,related,8
HP:0000322,exact,,Decreased length of philtrum,Mistral-Small-3.1-24B-Instruct-2503,-1,-0.064085244488127,-0.4675257364990722,-0.4122201637477301,-0.2501060112886609,0.6969613169613239,0.4185978578469033,0.2909513096052862,0.6663026069663378,-0.7635422195499856,-0.6361846328514429,-0.0866090176840647,-0.8435485191306087,0.7268894917008114,0.6086920187904549,0.4987154160620453,0.6487111918091039,0.738405345093254,0.4510380400735457,0.2065486994385259,0.7013562068862611,0.814688190646663,0.3143915281951775,0.172742756054829,0.770414510977276,0.2970899247714052,-0.2904149541169987,-0.3031008209062369,0.1392382349633711,0.0814202573885219,-0.358893652018869,-0.3392471435298068,-0.0698733175743026,0.6737482100141066,0.2521491559407691,0.2502496515463178,0.6086741635343721,0.6480796075632524,0.0753980258105575,-0.0616146909167357,0.5288779283597007,exact,9
HP:0000322,exact,,Decreased height of philtrum,Mistral-Small-3.1-24B-Instruct-2503,-1,-0.1835033683707019,-0.5447496291705147,-0.4677600542442472,-0.3689212881769495,0.652921294352696,0.3330579911890748,0.1820189318203463,0.6025802535994473,0.6841780702492867,0.1690487921121511,-0.0125273899091253,0.6413541488686175,0.6724417288267663,0.509457440834659,0.3337944108741198,0.5806025409546918,0.7917443587589617,0.5552719338632244,0.3152223633472613,0.7802951660236637,0.7568498851836277,0.2123304745977882,0.078006515461648,0.686474411457928,0.0009005005770417,-0.4765115758869352,-0.4406605957698524,-0.1683134930428305,0.1491870678777501,-0.323135876319982,-0.3157815746145617,-0.0007426039400935,0.681152195080816,0.2666695032613108,0.2060405907658869,0.6189076191967282,0.4771676615184436,-0.1172525812280769,-0.2118056285903787,0.3070591824424493,exact,8
GO:2000253,related,,positive regulation of eating,Mistral-Small-3.1-24B-Instruct-2503,-1,0.34405535785507,-0.1427648313254953,-0.2124619745161679,0.2001857386678956,0.5971723660293534,0.2162476669520872,0.1331027981737521,0.5247304964914948,0.2081267401976682,-0.0515782292249657,-0.01572821183306,0.0802213777473145,0.7675080486644276,0.6603399672858828,0.4826369417521799,0.7008225948769784,0.7572546489421427,0.4919139959894784,0.2538521369774529,0.7288884099467443,0.2801006793924554,-0.3188935653996013,-0.3164595441126994,0.1061534860375652,0.5538313519848982,-0.0016201283622153,-0.0761363940572285,0.4390383166738497,0.5700525184264493,0.2766980176933271,0.1933920783411401,0.4687932385829726,0.4646494346860906,-0.1176010731611954,-0.2200039539959835,0.338235008850005,0.7599907417211006,0.2946139018349037,0.1040119204901443,0.6921801378160951,exact,9
GO:2000253,related,,positive regulation of drinking,Mistral-Small-3.1-24B-Instruct-2503,-1,0.7990696752135101,0.608955662862682,0.4353841088535909,0.8400779107968747,-0.079128374727609,-0.4732737381313542,-0.4402414024378343,-0.2572070235852651,0.4325089896987194,0.0263752135445235,-0.0119053338801297,0.331205967906998,0.6164274450119391,0.4148623185666508,0.2819151700550842,0.5124477785387238,0.6273645131681316,0.2687002726003714,0.1061199887812539,0.5463328589796875,-1.523464212897933,-0.8952298390151542,-0.7655045319935546,-1.411074620358976,-0.9589754799542392,-0.7650423471024068,-0.663784876455094,-1.0050736810882477,0.8398182255099882,0.6581225673595694,0.5511238840256898,0.8222053010455714,-0.0770589113687569,-0.5826750384428763,-0.5941701428551975,-0.2494149495101359,-0.3104967892564689,-0.5432689648446898,-0.4471699784715114,-0.4910582936571731,related,8
GO:2000253,exact,,positive regulation of feeding behaviour,Mistral-Small-3.1-24B-Instruct-2503,-1,1.1618049292889008,2.7450321205581774,2.7453966875362337,1.6696150224517476,1.180037157422994,2.461395455277162,2.443490164026678,1.6149446946585286,1.0268702186801004,1.0877757940200563,0.0954358886822365,1.1408512042086123,1.42568274341695,2.991595558662064,3.256066936733569,1.857911454308832,1.271080232458346,2.669976819046328,2.573501193244956,1.7553080873921902,1.2664293003157037,2.8033375679820387,2.776190775982121,1.7402034467962253,1.337827979279329,4.999111900791516,5.899855545687104,2.0262775427598507,1.3511410828795969,2.6849863743488043,2.700927326285404,1.7673979435232494,1.3199987949591214,3.972892580503866,4.111687033696705,1.95556746808012,1.2024173650255654,4.030239433268879,5.7430570131721685,1.8486819216553128,exact,9
GO:2000253,exact,,positive regulation of behavioural response to food,Mistral-Small-3.1-24B-Instruct-2503,-1,0.473033161082937,0.00680954513397,-0.0950505292411139,0.3618012217941057,0.2742688887933782,-0.2047549595122434,-0.2117998543265365,0.1211711594652105,0.3289062393480838,-0.0748603729024545,-0.0164033652417345,0.2127963238612133,0.568932987375175,0.2768893320836562,0.2002486803290285,0.4560545426725136,0.7265659164806136,0.4323672764430445,0.2308497836352273,0.6842564526018188,0.4418200559335726,-0.1944082333378307,-0.2159664479037868,0.2859205719700972,0.3783275192154318,-0.1206022549114963,-0.1642240352091043,0.2301248730032896,0.9232425542881436,0.8266512535868589,0.6956312569376687,0.944205582272347,0.6453196810821922,0.121846609642551,0.0018696688374515,0.5698498494848222,0.5559683697926228,0.0261902032545744,-0.1191867446639741,0.4058716547570368,exact,9
GO:2000253,exact,,positive regulation of behavioral response to food,Mistral-Small-3.1-24B-Instruct-2503,-1,0.6143592890272936,0.2248758129012013,0.0685151691445345,0.5543283992192704,0.3031684063801338,-0.1646522267057934,-0.1837604009174656,0.1546151255913844,0.4935431752361344,0.0821794084686135,0.0028246880998752,0.4032585629399873,0.468060915679598,0.1640842209393438,0.0750393115814735,0.3401111421160045,0.8692116914406834,0.7305875422899247,0.4834231151245795,0.901156158051649,0.5098315201189995,-0.1326756290219366,-0.1579396301224016,0.365954870689188,0.4074191428287145,-0.09402761121575,-0.1498540767929303,0.2634965468982174,1.0726072437538756,1.2171288507582192,1.0357423038111768,1.1843870386705042,0.7088057969284093,0.2133459776385017,0.0774447464732218,0.6575954366194947,0.5664568296703065,0.0426520514158328,-0.1131422573904609,0.4194415859976969,exact,9
GO:1905155,exact,,upregulation of membrane invagination,Mistral-Small-3.1-24B-Instruct-2503,-1,0.8925271862413063,0.976231087165476,0.7282569961160681,1.006210838966017,0.8252125846631391,0.712895308339561,0.5849785650194104,0.8653066118210769,0.6682794174963804,0.053221724140175,-0.0105590048517784,0.6206438095654353,0.9662301376707366,0.910300876503474,0.7618328675981758,0.9751783596586652,0.9511822855257164,0.9355340392712672,0.6740126018761086,1.0387033503805012,1.2291012237520067,2.1831091053100784,2.0599549429120705,1.6086721563565296,1.292643611554026,3.652259033778707,3.773672269773346,1.8174447365392423,1.0344184608526514,1.0687975767368962,0.8750655387801947,1.1198359460893892,1.1655316641983553,1.4165715381377166,1.5834370829642697,1.4731123523455143,0.9228188438003584,0.568888001965964,0.3052750975491532,0.9701042404450084,exact,9
GO:1905155,exact,,up-regulation of membrane invagination,Mistral-Small-3.1-24B-Instruct-2503,-1,1.0296199405468642,1.6029576019647815,1.3745182279299513,1.2933891358745355,0.9768568140143812,1.1937575750061862,0.9924529849217484,1.1359482763678226,0.9282170597955424,0.7344971742671973,0.0476426326300473,0.9846138732708084,1.1553626612317087,1.4321741716582534,1.2563870831081247,1.2780399617807263,1.0874167473458511,1.4250883108939054,1.094702479497185,1.297344713461389,1.2428230084197678,2.383681211633128,2.2629990279887062,1.6539791190325484,1.263441900507308,3.0599577990827624,3.1024495258615152,1.7134971207948846,1.220649382199198,1.954524850898401,1.8304169083051696,1.462817784866748,1.2556619750258728,2.4842894086475336,2.3127008129178788,1.720630442874794,0.9729370251483812,0.736874875304464,0.4107592732739773,1.0704359193702178,exact,9
GO:1905155,exact,,up regulation of membrane invagination,Mistral-Small-3.1-24B-Instruct-2503,-1,1.0875953980919708,2.0009902555223804,1.8026135341785776,1.440099680049028,1.01914725679974,1.3793572132135374,1.1743274435315745,1.2212103743253353,0.7615446376106186,0.3741872770096271,0.0037289073987709,0.744711821104863,1.305814199220134,2.101082877717865,1.96740343338714,1.567924502053478,1.125322798947044,1.6039023273991213,1.238052535897968,1.37847348848105,1.2653169081937226,2.817715375958118,2.73713859494776,1.7358520342924613,1.295569083164752,3.725709959865565,3.9594116705232594,1.82881989498396,1.2161025632254845,1.870285264439176,1.6949716089964673,1.4534303182017938,1.2980420509851025,3.2344216597118374,3.105294878719815,1.8664790121792163,1.0621095745886255,1.234432053179367,0.8548850601729354,1.2786616654056735,exact,9
GO:1904747,related,,upregulation of signaling (initiator) caspase activity involved in development of an anatomical structure,Mistral-Small-3.1-24B-Instruct-2503,-1,0.4646185575108592,0.0282630904058941,-0.0558783623173288,0.3508866490422581,0.2604943451159934,-0.1894690648707782,-0.2461638539378061,0.1053845420284671,0.8545004360983328,0.5130267980819109,0.0240587279099541,0.8752580825324752,0.0789756114974017,-0.1127795213770235,-0.1701739407935699,-0.0685330117826625,0.6662732103024993,0.3259996410262896,0.1545674882473116,0.5993449332759405,-0.7304674412500104,-0.7161728734013739,-0.6017360587513968,-0.815891171637673,-0.6941899232065282,-0.6038870543870316,-0.5595938102032127,-0.7916882177053959,0.8599091733281594,0.7638019124550574,0.6121568811922229,0.8509231180686111,0.3364290270810877,-0.2639148430749354,-0.1754899422727458,0.1868678305596224,-0.0293502320363267,-0.4246555667493837,-0.396944260755278,-0.2350946763450989,related,8
GO:1904747,related,,upregulation of signaling (initiator) caspase activity involved in anatomical structure development,Mistral-Small-3.1-24B-Instruct-2503,-1,0.4647610836392798,0.032331417431902,-0.0748274317727231,0.3510710562580176,0.3485355625519961,-0.1087985268422461,-0.1731190519338424,0.2080379194735282,0.9175543289690792,0.6229171040753659,0.0361166461747975,0.9684392504964447,0.0434612507390059,-0.1465775689468943,-0.2084174663313439,-0.1033715505379048,0.6603632199291517,0.3142554326029478,0.1833211816109992,0.5912065814390671,-0.7940570992124374,-0.7319329983704335,-0.6177609767138912,-0.8665549088523581,-0.6738286407958749,-0.5867599492477245,-0.5485885948077577,-0.7748318373304208,0.9173516793993798,0.8684423406622311,0.7243446332545956,0.9353417873344252,0.4648024184462794,-0.0957519708565023,-0.1553277572993313,0.3384214142190674,0.0321599461984237,-0.3810456680587568,-0.3702437610922596,-0.1756609098832,related,8
GO:1904747,related,,upregulation of induction of apoptosis involved in development of an anatomical structure,Mistral-Small-3.1-24B-Instruct-2503,-1,0.6272012408227039,0.2612705097781921,0.1230544201992688,0.572789924891538,0.4846199468438316,0.0551071339888195,-0.0196810334317782,0.3758319751665251,0.8350730683036363,0.41992808741172,0.025051410530703,0.8473414302001703,0.4680117699245931,0.2401232761522039,0.1303201554462021,0.3400558333147659,0.7375409954956894,0.4475543753503901,0.3379231705228532,0.7001028438275742,0.0978296207071124,-0.4062156054815882,-0.3702274066667438,-0.0820613223256359,0.8411611841751548,0.5763986620079435,0.4132665169848138,0.8334861444004993,0.9856287423887216,1.0078186841141648,0.844744406831269,1.0406886760156808,0.4878672223655915,-0.1849140778818782,0.022568806850557,0.3666965064093481,0.4554420083535258,-0.0971509227352047,-0.1797673766247304,0.2807154847785406,exact,8
GO:1904747,related,,upregulation of induction of apoptosis involved in anatomical structure development,Mistral-Small-3.1-24B-Instruct-2503,-1,0.6685213035753875,0.3371959163891591,0.1679188473889628,0.633456477180118,0.605785921022563,0.2185877969872822,0.1320557574186338,0.5365666798629677,0.9123953775964978,0.5292842697219833,0.0332331004206186,0.960658755132298,0.4944206509244505,0.2657436459195806,0.1450577143116908,0.3699362426000749,0.8510776368837794,0.6807647441806728,0.5583338672290181,0.8721406213936354,-0.0971930645936245,-0.5072644508178946,-0.4550031641894321,-0.2702292240465995,0.7066502420357632,0.3063975092963375,0.1654093695812943,0.6387798680140051,1.1778204295316148,1.6251644258192908,1.4203769323645143,1.3767976237494777,0.6237025038656017,0.0240917834950526,0.0420094749671899,0.54080576672616,0.488969887943829,-0.0517649304909415,-0.1474102142205462,0.3215253711176499,exact,8
GO:1904747,related,,upregulation of induction of apoptosis by p53 involved in development of an anatomical structure,Mistral-Small-3.1-24B-Instruct-2503,-1,0.6417528109097558,0.3016580275524111,0.1632159012810042,0.5939296212282146,0.6004711743246252,0.2278516376543842,0.1117820266122838,0.5292555110781361,0.8570050579209929,0.4667058474059136,0.0298337939445454,0.8788831551143371,0.3276072624510089,0.1261023673900914,0.0561144773953017,0.1862461509982329,0.8457229911268671,0.6709653716727929,0.4565943186163111,0.8636614560877114,-1.1373260958558555,-0.8061417687474407,-0.6803702626494346,-1.1303853450373058,0.0498425193635925,-0.3027372480340432,-0.2975822647909625,-0.1197198309097051,0.9377070396721118,0.9073731238374784,0.7598855120681339,0.9661431137167514,0.1831414440040205,-0.3506527536480945,-0.4142764054541032,0.0170237411154199,-0.2289472850672833,-0.5659253267194982,-0.475104719037127,-0.4192071257554252,related,8
GO:1904747,related,,upregulation of induction of apoptosis by p53 involved in anatomical structure development,Mistral-Small-3.1-24B-Instruct-2503,-1,0.5952420160849303,0.2227902325378707,0.0954303078169079,0.5271712526152,0.7031520184043338,0.3930787738441876,0.2540895168935382,0.6754303379152969,0.7805721433780035,0.2809440053860335,0.0182164812614692,0.7708331039609305,0.3587566610690502,0.16565637983994,0.0858525314698278,0.2196784427468735,0.842265592736609,0.6600627195944225,0.4737387820466108,0.8582075591615279,-1.1396893111194422,-0.8095240925252543,-0.6911904328070083,-1.132150732995539,-0.029920718934875,-0.3499652741189809,-0.3322607678719079,-0.1985207474258382,1.0985221080388607,1.3437176258589116,1.1977243125798298,1.2296505828257325,0.2384557964730477,-0.279337060042735,-0.3967212960670936,0.0770607620447149,-0.1705419510263744,-0.5268799592125398,-0.4521473628933677,-0.3666090555033188,related,8
GO:1904747,related,,upregulation of commitment to apoptosis involved in development of an anatomical structure,Mistral-Small-3.1-24B-Instruct-2503,-1,0.528082313874274,0.1076725043924421,0.0023001648963827,0.4346363442931273,0.4974921328848919,0.0774648659032627,-0.0010263013515378,0.3923553065337313,0.9418924181001528,0.6359380658445167,0.0438547921590673,1.005547464124673,0.5684726554699621,0.2832122321973458,0.1719519542440779,0.4555138920980598,0.75780567181059,0.4909975458776785,0.2905106418954552,0.7296990873997379,-0.2303233931423282,-0.5551916164905353,-0.4821040566597766,-0.3922979296399845,0.5584480927581736,0.1552318583374682,0.062821521456676,0.4448018833919932,0.2236643829901202,-0.1401931029250068,-0.1699639788364014,0.0770172209446024,0.483679470649768,-0.1620615406020994,-0.0055773617961196,0.36153717517354,0.2057123256385935,-0.3070213580025817,-0.3146372528660588,0.0002687813675122,exact,8
GO:1904747,related,,upregulation of commitment to apoptosis involved in anatomical structure development,Mistral-Small-3.1-24B-Instruct-2503,-1,0.5793312334073296,0.1913890120108297,0.0616771416676995,0.5048555388227958,0.5570920005529267,0.1488867857214762,0.0858845956139369,0.4705186261419401,0.9185949708572896,0.5373857450241131,0.0506958345791961,0.9700122506030084,0.5661050587225996,0.2728143903001567,0.1499682395826349,0.4527349504785514,0.798438746392099,0.5705706656725228,0.4364592569997037,0.7904347543789637,-0.3639104679947925,-0.6066338745882318,-0.5293963880551249,-0.5103850823642827,0.5172859936655969,0.0940303773434926,0.01699287559539,0.393939801377187,0.2352252188499743,-0.1806830852857827,-0.1923170492473423,0.0892650877766299,0.6384733003750496,0.0837623726925251,0.0396246669764947,0.5606076683193889,0.3074781478976353,-0.2194249362208991,-0.261744908987383,0.1100740028220026,exact,8
GO:1904747,related,,upregulation of apoptosis activator activity involved in development of an anatomical structure,Mistral-Small-3.1-24B-Instruct-2503,-1,0.4932009558791721,0.0637061124641644,-0.0527190972785538,0.3881915384453981,0.5393228547402129,0.1364420708628691,0.0452113195781228,0.4469197717818408,0.9293427541457698,0.6088536153155427,0.0282115103282855,0.9863289339417728,0.3867287866260228,0.10164211463333,0.0122325244680914,0.2500246517608601,0.7144023567688867,0.4077558964232073,0.2390515279047961,0.666839203075495,-0.1659655190819861,-0.5339467485445865,-0.4664141283438213,-0.3338722295281156,0.2491957752586615,-0.1135775704711042,-0.1804674812346682,0.0871241266880227,0.2647240693258917,-0.1274728905515176,-0.1684673642935726,0.1207431131265297,0.3387688207591161,-0.3004803109640135,-0.2530371769888994,0.1895484314551698,0.3863356174916287,-0.1316251181677543,-0.2116810954380847,0.1992210188018929,related,8
GO:1904747,related,,upregulation of apoptosis activator activity involved in anatomical structure development,Mistral-Small-3.1-24B-Instruct-2503,-1,0.4997641102805945,0.0723852291971364,-0.0578187598903315,0.3968515033834663,0.6422483138418167,0.2811029321893841,0.1771865949274545,0.5874425191709051,0.918348665084932,0.5461019134711171,0.0266040243848456,0.96963983467939,0.3575874016478913,0.053937713463418,-0.041389122121469,0.218416705755251,0.7634304268167412,0.4974868565131586,0.341560384326571,0.737993651413028,-0.4092496693617485,-0.6250516589913864,-0.5338373419755165,-0.5495620462184383,0.1361828702129482,-0.1965113916218792,-0.257196474543072,-0.0319914032997638,0.9830383800797158,0.9226600141150784,0.7319227563939357,1.036582044092241,0.4198452095175137,-0.1624343137489921,-0.2430256404048083,0.2842640178595819,0.3923776019798605,-0.1170442850898188,-0.204269977493034,0.2062138941590516,exact,8
GO:1904747,related,,up-regulation of signaling (initiator) caspase activity involved in development of an anatomical structure,Mistral-Small-3.1-24B-Instruct-2503,-1,0.4934039687059958,0.0625552985180444,-0.0406348883511874,0.3884588745112098,0.312978633591567,-0.1408051916058299,-0.2032061635208211,0.1660700535672573,0.9961224066761925,0.78085914635641,0.0572200987725213,1.0907927646617184,0.1648074439696366,-0.0595322628056196,-0.1360266814501333,0.0171729798670021,0.8261238640020911,0.6292647792525903,0.4038781559840032,0.8329575254947559,-0.8029767726582306,-0.7344219466796491,-0.6191772927410578,-0.8736127839857344,-0.7124485356385732,-0.609495504345031,-0.5646787780839092,-0.8067459521618144,0.9087834451278358,0.8774192435518267,0.7583618916977166,0.9225206867971524,0.5238176911325853,-0.0429950636958352,-0.0335652698115278,0.4114703561021285,0.0098811281713157,-0.4084053984909174,-0.3889038766543577,-0.197349037302169,related,8
GO:1904747,related,,up-regulation of signaling (initiator) caspase activity involved in anatomical structure development,Mistral-Small-3.1-24B-Instruct-2503,-1,0.5231237951040467,0.1092189747849137,-0.006755219993965,0.4279700284999691,0.3434646543203284,-0.1186448959949417,-0.1790941651653005,0.202008736613594,0.9741988838197606,0.7678561647589561,0.0469761564347491,1.055884456035614,0.1471051430168609,-0.0790254246608318,-0.156659703083754,-0.0006844762353976,0.8060774359605756,0.585782595995005,0.3856109377034527,0.8020713461471977,-0.8943043560253809,-0.7569192792411035,-0.6407025452261983,-0.945217595746358,-0.7226891133354367,-0.6067486035183495,-0.5632386479125704,-0.8151676159166562,0.965538283318156,0.998599807611098,0.8761620919152876,1.0090748896369843,0.5961825840888276,0.0727343958950118,-0.0063047090521313,0.5043982615713887,0.0437268711525789,-0.3801450233421046,-0.3723268943919012,-0.1643260803965787,related,8
GO:1904747,related,,up-regulation of induction of apoptosis involved in development of an anatomical structure,Mistral-Small-3.1-24B-Instruct-2503,-1,0.6581224581959305,0.3148491139580197,0.1472597603181203,0.6180004684351453,0.5634923720147039,0.1561951010135727,0.0847538188462662,0.4790828944878991,0.9671218262449454,0.7523502225379367,0.0451876538705429,1.0447479206186994,0.5979408597188764,0.3922176227736689,0.2785036570556685,0.4903511909685881,0.8935993153359669,0.7855675080518033,0.5858908075454797,0.9409407251677564,-0.1147760859159067,-0.5098239712146397,-0.4463076112476138,-0.2866247194480498,0.7867669833149276,0.4529715657767302,0.307883852934488,0.7522075865104068,0.9669747125306406,0.9989151383750696,0.9035916543805288,1.011317437131443,0.659625807292001,0.0905799436790423,0.1438791109126315,0.5892959660435809,0.4520678058965656,-0.1162503148843748,-0.1953477055260652,0.2766564595245097,exact,8
GO:1904747,related,,up-regulation of induction of apoptosis involved in anatomical structure development,Mistral-Small-3.1-24B-Instruct-2503,-1,0.7149389349796843,0.4283074653486891,0.2406055332779001,0.7041122162689253,0.6377046868795675,0.2688428309900147,0.1909473518041432,0.5810327460082335,0.8582231169358545,0.5022817197799205,0.0247125200367932,0.8806482982106727,0.6721214623233176,0.4975230355526683,0.3712463983783056,0.5802075125789022,0.9199079562118376,0.851968760280183,0.6871978298671751,0.9849062158582724,-0.184689835706171,-0.5450421351384612,-0.4752514568476193,-0.3509800332794348,0.6614711748165143,0.2315448305999699,0.1067455173946475,0.5776655775891444,1.1147123612177534,1.4143653696723133,1.3138907082073676,1.2585823060232584,0.7337971953977631,0.253527391641769,0.1683935564653625,0.6932200884323748,0.5114432424943005,-0.0427485271461601,-0.1494954859313051,0.349385569082557,exact,8
GO:1904747,related,,up-regulation of induction of apoptosis by p53 involved in development of an anatomical structure,Mistral-Small-3.1-24B-Instruct-2503,-1,0.6616765731641583,0.3363054332321121,0.1776588726861973,0.6232683624076386,0.6410058248417144,0.2823809684657051,0.1702241853201104,0.5856876861775148,0.9559576322600732,0.7160679618036497,0.0446084336965921,1.0273064305376696,0.4137089870278126,0.2039908889128625,0.133714340507006,0.2795961375470135,0.9235598332615476,0.8641188786858658,0.5907300568002688,0.9910995643670866,-1.2065347601780332,-0.8207485452504814,-0.6967490521264642,-1.1818256805132483,0.0205763867817535,-0.3244553936116159,-0.3251727109679366,-0.148871893396359,0.8980788950727702,0.856391851298251,0.8016879702300179,0.9066191352837468,0.2555978412654226,-0.2653140131095745,-0.3848371292596318,0.0959428490301482,-0.1454090706366044,-0.5306207896396196,-0.4493689022549645,-0.3436646293747777,related,8
GO:1904747,related,,up-regulation of induction of apoptosis by p53 involved in anatomical structure development,Mistral-Small-3.1-24B-Instruct-2503,-1,0.632110396885039,0.2825052851730719,0.1430633225706103,0.5798951210462823,0.7229254542853378,0.4247841828241243,0.3002417204788632,0.7048818632643651,0.9176132114427832,0.618776638573291,0.0322933958763792,0.9685282233571452,0.4640129436590253,0.2703443692649183,0.1933101260792881,0.3355592034294738,0.8618733633573605,0.7031175758943345,0.507272877751149,0.8893578040259248,-1.1925977228808564,-0.8212768693084902,-0.702769235312179,-1.17150960851763,-0.0107920080474586,-0.3400918060006247,-0.3294228685572835,-0.1798081498871229,1.0108754886970257,1.1040082944571192,1.0740054916939354,1.0812065969807336,0.2283888931507146,-0.2723377526746494,-0.3881000999670992,0.0660341775236868,-0.0804658645770861,-0.4903175890534203,-0.4274019306171498,-0.2834610799162258,related,8
GO:1904747,related,,up-regulation of commitment to apoptosis involved in development of an anatomical structure,Mistral-Small-3.1-24B-Instruct-2503,-1,0.576902727228922,0.1784313714398739,0.0480514929145962,0.5014716817171064,0.5859604559146798,0.1968509357534557,0.0912765054236627,0.5094241442197713,0.9464929481044676,0.7118219062593331,0.0362858653654239,1.0126386155196896,0.6388600248839394,0.368241629237471,0.2586190846833098,0.5395205883984622,0.9117139220269256,0.8362444528310459,0.5713061587550873,0.9710914307923112,-0.3157185988305782,-0.5880588512394,-0.5089017450652946,-0.4682562039127712,0.5595143099375532,0.1609242554622282,0.0674778301625764,0.4461351256117841,0.9704081644590872,0.9949163270883976,0.8656603999712913,1.0166886720620445,0.6903383694659871,0.1688201228057271,0.1677419054499292,0.6316766541513043,0.3050379271576192,-0.2492936298718961,-0.2833294192690361,0.1073750736060597,exact,8
GO:1904747,related,,up-regulation of commitment to apoptosis involved in anatomical structure development,Mistral-Small-3.1-24B-Instruct-2503,-1,0.6542617382392464,0.3159295257959129,0.150802600729697,0.6122951684666543,0.633778421639244,0.2681176079136345,0.1683660647335569,0.5755102865018586,0.9341441772956636,0.6420660898534707,0.0384980716737437,0.9936603936547932,0.6777040105439193,0.4202989715470409,0.2848020679551944,0.5871023382764847,0.94563748285734,0.9292227954128486,0.7206280514885975,1.0290372821821658,-0.413865050829223,-0.62432281130961,-0.5392420614400798,-0.5535259911075079,0.4970992202234998,0.073226363851899,-0.0023673791310056,0.3694134501808435,1.0687388064565582,1.2464158514193349,1.0705660302325992,1.1777352405526176,0.7447984434610626,0.2973571340136738,0.1849998453260019,0.7091108542447394,0.3753775866954813,-0.1794609788888555,-0.2417329474249414,0.1865998477138278,exact,8
GO:1904747,related,,up-regulation of apoptosis activator activity involved in development of an anatomical structure,Mistral-Small-3.1-24B-Instruct-2503,-1,0.5391242649551414,0.1243072338830505,-0.0129839639249737,0.4495599654288491,0.5917628795451578,0.2105651066551573,0.1130785042644169,0.5173315062911027,0.8889870927560735,0.5912834105440992,0.0287919090047318,0.925715199942613,0.5535073635230026,0.2997930039996305,0.2018729901609188,0.4379975255130408,0.8853577419231891,0.7673568983220925,0.5052628788485218,0.9273948562448104,-0.107295866891207,-0.5104752212148274,-0.4530072486150462,-0.2796603299720436,0.1705191407013207,-0.1754756790058304,-0.2294862994548193,0.0036583140654152,0.98458819873667,1.0301102437987086,0.8308172781782741,1.0390379456517076,0.487932276207541,-0.1082550990688242,-0.1425033566941155,0.3667767437392912,0.4453070166946856,-0.0931120537966329,-0.1982872970137285,0.2685491713221314,exact,8
GO:1904747,related,,up-regulation of apoptosis activator activity involved in anatomical structure development,Mistral-Small-3.1-24B-Instruct-2503,-1,0.5715409638026752,0.1740369685778155,0.024242256217897,0.4940211566197441,0.6579999681406143,0.3107066842474593,0.2424021890329014,0.6098240419217771,0.8857616416964984,0.5975893330138446,0.0285010695684953,0.9209453906637304,0.5644169020381803,0.2970407355187653,0.1888494309165078,0.4507552832015729,0.8864446615421264,0.7684685710190333,0.5401788899914638,0.9291753190731954,-0.2467514281827449,-0.5678829032758669,-0.4958365999271359,-0.4070454143887431,0.0650525253519583,-0.2457457756924314,-0.2921971897384556,-0.1044555710122377,1.0658136520378034,1.24476782909382,1.020866344348451,1.17272288316153,0.4954720879772218,-0.0552000110513598,-0.1343668713753247,0.3760952551912107,0.4759297487344938,-0.0513295853997701,-0.1729436057492564,0.3055482747206602,exact,8
GO:1904747,related,,up regulation of signaling (initiator) caspase activity involved in development of an anatomical structure,Mistral-Small-3.1-24B-Instruct-2503,-1,0.4777483425607385,0.0375497012689321,-0.0481973373741695,0.3679418075016136,0.3598414358973025,-0.0938902172308227,-0.1648404171002698,0.2215342784603434,0.9292388438980566,0.6421863833605016,0.0466477325071607,0.9861705603999772,0.1932697984327834,-0.0336622111835575,-0.1184534281302969,0.0460904931397033,0.7914115841638992,0.5559872143560547,0.3351981843769961,0.7797925405829026,-0.7519550539966962,-0.7206023591519607,-0.6063507059252585,-0.8330800217832496,-0.7689613079955716,-0.6353117584834187,-0.5823975871153702,-0.8530131828343949,0.9149954271933952,0.8721530341979875,0.7311034117667534,0.9318076442834108,0.5084692736968168,-0.0585498226269424,-0.0523493073950077,0.392247674297852,0.0864180918089014,-0.3587813409988103,-0.3601402776437815,-0.1220350279319368,related,8
GO:1904747,related,,up regulation of signaling (initiator) caspase activity involved in anatomical structure development,Mistral-Small-3.1-24B-Instruct-2503,-1,0.5521170858718556,0.1517050960346298,0.0220626181724071,0.4672620912779857,0.4096248639089036,-0.0458044677067671,-0.1159761879617651,0.2818809158375089,0.8850331154041973,0.503195165546684,0.0414059204721134,0.9198695241656024,0.1860822317633124,-0.0461413538570012,-0.1282385870013583,0.0387636992404214,0.771455912830128,0.515165751281086,0.3168090059199657,0.7498899812362789,-0.797000659904449,-0.7322985848031733,-0.6182903244605652,-0.8688853626631695,-0.7554609190753276,-0.6203202768506841,-0.5732489319745038,-0.8420061166034487,0.9510400743494104,0.9416406585882516,0.816452943896728,0.9865890150653994,0.5818943298136202,0.0584195344192481,-0.0311182441452281,0.4857360596034349,0.1325557566019478,-0.3210808205588213,-0.3371128804754653,-0.0754846282936616,related,8
GO:1904747,related,,up regulation of induction of apoptosis involved in development of an anatomical structure,Mistral-Small-3.1-24B-Instruct-2503,-1,0.6545711242253304,0.299690015097219,0.1478470811141579,0.6127517230526658,0.5729081089686046,0.1714100074346359,0.0822219276623938,0.4917450259869768,0.924373920041227,0.6356161085200741,0.037665772378093,0.9787694208437824,0.6232374084637889,0.3992615389449467,0.2858689135918759,0.5206358993545077,0.9022946722874662,0.8074877781504679,0.5931729872829209,0.95534781460187,0.0636067344599883,-0.4235283012485619,-0.3803326501592435,-0.1159802354377092,0.7898025423590886,0.4596000604120819,0.3124125054693784,0.7566459696990648,1.034922359633894,1.140628810087672,1.0213512915115748,1.1206720969070938,0.6486595882205206,0.0656604642152473,0.1320542513276413,0.5743734374879639,0.5303024490085968,-0.0227031143515326,-0.1347150806495423,0.3730955849984192,exact,8
GO:1904747,related,,up regulation of induction of apoptosis involved in anatomical structure development,Mistral-Small-3.1-24B-Instruct-2503,-1,0.725090966819681,0.4446574116043493,0.2362119681842512,0.7199499044610173,0.6647233867424182,0.3160568782309197,0.2221405543310795,0.6194546928968735,0.9160868853597056,0.5608786188082069,0.0415170483908908,0.9662231428229856,0.6956200955309664,0.5117693674976698,0.3718336337435455,0.6093621498291184,0.981907752845142,1.034621096423884,0.8141267043407281,1.0933354331241787,-0.1280304757399362,-0.5206892543529872,-0.4559880201299717,-0.2989268805201833,0.6514250849187193,0.2071255262111873,0.0797020593232172,0.5643276747702863,1.212510268325259,1.7778961123353163,1.6002534408271758,1.446058730416984,0.7460394705997907,0.2624132419791801,0.17891951944615,0.7109116986269116,0.5710792651511829,0.0377328983837431,-0.094536620542185,0.4254555033347812,exact,8
GO:1904747,related,,up regulation of induction of apoptosis by p53 involved in development of an anatomical structure,Mistral-Small-3.1-24B-Instruct-2503,-1,0.6573882748222121,0.3261043480757061,0.1653893628279334,0.6169141442452832,0.6518799332594851,0.3002623544891785,0.1862731273471617,0.6010982013327614,0.9211696358839638,0.6344374364269617,0.0386928949696475,0.973909189207772,0.4665976008243262,0.2544829625203794,0.1977471825471536,0.338464791385107,0.9258093030892094,0.8700552702652653,0.6029078454190651,0.9949258635148432,-1.1084141689193183,-0.8008422197929179,-0.6817860317336077,-1.1087352154154329,0.0825225855756209,-0.2976613663480347,-0.3100052316420105,-0.0868249795181706,0.9866047713568508,1.0412234885114862,0.949533613514864,1.0422384114255083,0.2748394809347818,-0.2533601066787428,-0.3708929152451772,0.1172999265872723,-0.0669081653334443,-0.4858392826769215,-0.4220475783576137,-0.2707194591871587,related,8
GO:1904747,related,,up regulation of induction of apoptosis by p53 involved in anatomical structure development,Mistral-Small-3.1-24B-Instruct-2503,-1,0.651041342986345,0.314625521601124,0.1488282283451583,0.6075495849160616,0.7672566852533648,0.5177628986798427,0.3736665270461862,0.7726545357028898,0.8595396982596591,0.4907161997751581,0.0298522936798941,0.8825578255641404,0.513304088189178,0.3166911613057697,0.2293295342653251,0.3915024633377727,0.9113854691798512,0.8282238449476921,0.5992141391143968,0.9705400030715836,-1.1082464544147734,-0.804131046012834,-0.6915643326464237,-1.1086093425040773,-0.0008103396847849,-0.3455068507320123,-0.3382065348146095,-0.1699980909252488,1.1406125630745745,1.5062651650882803,1.3976560120647483,1.305996193646619,0.2820039820778312,-0.2312334982688442,-0.3580608840770839,0.1252968205412083,0.0035290204720986,-0.4383366602408727,-0.3968459499102735,-0.2034986775665835,related,8
GO:1904747,related,,up regulation of commitment to apoptosis involved in development of an anatomical structure,Mistral-Small-3.1-24B-Instruct-2503,-1,0.545196573275271,0.1228693726368808,0.0009002747642107,0.4578138929164431,0.6071674134795518,0.2308703347395584,0.1207553517692986,0.5384713597945391,0.9211569357425766,0.6214877632940392,0.0371234790410726,0.973889948553932,0.6644883074751352,0.3719641990010209,0.2592636324404465,0.5708111841982183,0.8922941474436444,0.7863064424927965,0.5447195027414509,0.938788523407454,-0.1795325196151672,-0.5349042553727148,-0.4613779304384613,-0.3462770786616067,0.528886355031,0.1112065195170647,0.018986045036593,0.4081559862843062,0.3111883266829817,-0.0679413582619482,-0.1076709384752961,0.1710076174692088,0.6608489624961278,0.1174658778546152,0.134915314670806,0.5909671087341276,0.3475593798664971,-0.2039733957964244,-0.256918608064921,0.1549058148083111,related,8
GO:1904747,related,,up regulation of commitment to apoptosis involved in anatomical structure development,Mistral-Small-3.1-24B-Instruct-2503,-1,0.6828476128545939,0.3664858322263959,0.183247352940494,0.654967254809514,0.6593123471469724,0.3126877857108716,0.1960289851671521,0.6117002174451021,0.8724568966087319,0.4877521514381691,0.0394202470696879,0.9013822951083772,0.7048631834035186,0.4237626372424947,0.3158597606888275,0.6209265325371026,0.9610185839460008,0.9747134293267842,0.7484329056402763,1.055992488360841,-0.3573015277227281,-0.6044744809630292,-0.5234979887899682,-0.5046377935863711,0.4893947308079904,0.0512854314702734,-0.0198776748952672,0.36012220701727,0.2948226131137244,-0.1384309937757841,-0.1703963810573233,0.1532057374475391,0.7291912404122645,0.2665798137072835,0.1552309334779032,0.6866054991637447,0.4440262749148759,-0.1035696087959919,-0.1946702083627141,0.267017180916631,related,8
GO:1904747,related,,up regulation of apoptosis activator activity involved in development of an anatomical structure,Mistral-Small-3.1-24B-Instruct-2503,-1,0.565316395862428,0.1622758331302635,0.0166354704750004,0.4854067489853254,0.5944008390035002,0.2124518342839004,0.121860363707167,0.5209363689102683,0.9214120931286282,0.6215799053039742,0.0292784269221754,0.9742765452470232,0.5708775210815367,0.288126504204261,0.178604422142999,0.4583395858940336,0.84911124154932,0.6804398840660538,0.4416595686300499,0.8690221950515826,-0.0782295361250887,-0.4960173840210633,-0.4388603044030097,-0.2524479234807212,0.2265438587700906,-0.1364736716418892,-0.1998327793893374,0.0628290320115919,0.3481757679699537,-0.0512355969565728,-0.0918984981989871,0.2116459558421431,0.4514656659692559,-0.1524175190956628,-0.181434215047285,0.322226217172823,0.4856875356225683,-0.0424959245744109,-0.16704234061186,0.3174909338084032,related,8
GO:1904747,related,,up regulation of apoptosis activator activity involved in anatomical structure development,Mistral-Small-3.1-24B-Instruct-2503,-1,0.6035238270202844,0.224040573430755,0.0515614187387164,0.5388890522239571,0.6695597751753166,0.327713045157887,0.2547772965278728,0.6264115615592231,0.8818496132964768,0.4870659188725779,0.0266931530315154,0.915174589083168,0.5867573336195463,0.3012325947813294,0.1712429400887418,0.4770751167821233,0.8733756956269506,0.736789260645182,0.517010567147585,0.9078858445759178,-0.2870915203382678,-0.5819097240377971,-0.5052963998036835,-0.4429835513628758,0.1155618630056353,-0.2180866207733659,-0.2740067579315286,-0.0531872521629335,0.3772792216330436,-0.0833972457626274,-0.1059107851382588,0.244031143507699,0.4735117696162825,-0.0813680498289078,-0.1785852600028234,0.349057967315752,0.5034429924724758,-0.0143364140577548,-0.146530728873266,0.3394195506119076,related,8
GO:1904747,related,,positive regulation of signaling (initiator) caspase activity involved in development of an anatomical structure,Mistral-Small-3.1-24B-Instruct-2503,-1,0.4841091793847442,0.0473383824595473,-0.0365444922198931,0.3762537979111377,0.4190281759728032,-0.0331007076239711,-0.1202604573301942,0.2934538637115447,1.0541693650182342,0.931883330708153,0.0710620666784215,1.1864532513627442,0.3183789183049582,0.0817399053760084,-0.0191722940792303,0.1764124218781119,0.8426588718035007,0.6668215809244585,0.4386669537262112,0.8588271175069137,-0.7228457487656946,-0.7145455015848752,-0.6077156621052078,-0.8097769975326758,-0.6323705288267286,-0.595708962667637,-0.5556371376242977,-0.7402950130228632,0.984239721693968,1.0174342415177209,0.9081944539890848,1.0384854494309488,0.5798412019665999,0.020276309885716,0.0304410434493736,0.4830675556361301,0.2208350892731148,-0.2763671886970227,-0.3030106749434068,0.016245555405248,related,8
GO:1904747,related,,positive regulation of signaling (initiator) caspase activity involved in anatomical structure development,Mistral-Small-3.1-24B-Instruct-2503,-1,0.5633119918222478,0.1719836457483385,0.0402993704728482,0.4826407158780663,0.4416018714377878,-0.0130303077787498,-0.0957671671901606,0.3214725496068442,1.0091681458502142,0.8221435936279098,0.0560514468346399,1.111869895588844,0.3081914128403947,0.0608978574359508,-0.0342867457894792,0.1655934902554399,0.8312624223596123,0.6393089175972245,0.4423661787421813,0.8409580551221474,-0.7934771340890113,-0.7327041188395707,-0.621937988453028,-0.86609559171221,-0.62957349255501,-0.5826734606167246,-0.5446535700313815,-0.7379543575202009,1.0460506538629044,1.16679274041614,1.0317927167685474,1.1392414170508092,0.6294594114394368,0.1151761460862443,0.0159030799461995,0.5485013959609577,0.2641037273555481,-0.2345400874121655,-0.2758475575195986,0.0625993123817713,related,8
GO:1904747,related,,positive regulation of induction of apoptosis involved in development of an anatomical structure,Mistral-Small-3.1-24B-Instruct-2503,-1,0.6540031054598683,0.2972374571357972,0.1645491770773501,0.6119135959984997,0.6664069593375569,0.3164676363561226,0.1843589219595539,0.6218736253486333,1.078426250214984,0.9932516067827764,0.0712228819109186,1.2279629139004462,0.7806696914027061,0.6449371630131928,0.5254530223574407,0.7179627278303424,0.9954758806529111,1.079808307661679,0.8859486062390369,1.1180704053342048,0.1278585034256184,-0.3924279740926235,-0.3576138973515571,-0.0519539620132548,0.9091116331348134,0.6927520765397356,0.5587467674964596,0.9408486037526158,1.044421169346258,1.1462461214870538,1.0237625037866265,1.1365098701897496,0.7593719338125099,0.2291495430834974,0.3805910102410847,0.7303658606158285,0.709262118179075,0.2147757990959395,0.0231350834363341,0.6159940058762459,exact,9
GO:1904747,related,,positive regulation of induction of apoptosis involved in anatomical structure development,Mistral-Small-3.1-24B-Instruct-2503,-1,0.7802819504900317,0.5756696734859716,0.3903522416017072,0.8087317873522392,0.7677443621859049,0.5129563096426598,0.3933980241298935,0.7734142513759352,1.0702177254984016,0.9154611957537404,0.0751623688835845,1.213807234824376,0.8796062394470056,0.8331392041608701,0.6585062868644795,0.851202984541156,1.0852645168479156,1.4181415569922875,1.2065081557518034,1.2928817172148768,-0.0477998119376705,-0.4886444442104387,-0.4389404773316311,-0.2236961287149496,0.7711985815710457,0.3807142698843324,0.2774980844441412,0.7296147570213684,1.2705671301365589,2.1222425862346177,2.010246342492223,1.570497263466734,0.8469522770110854,0.4529675376112498,0.4020347966809202,0.86348694872917,0.7423173307789247,0.2857463234510585,0.076700786704058,0.6651906562873101,exact,9
GO:1904747,related,,positive regulation of induction of apoptosis by p53 involved in development of an anatomical structure,Mistral-Small-3.1-24B-Instruct-2503,-1,0.6583094802863947,0.3273169507124674,0.1721027269831207,0.6182772956101361,0.7106162710724487,0.3978768777103097,0.2323165669415457,0.6864942124560847,0.9837778692478508,0.7417986630272239,0.0522997802135916,1.0710596341972531,0.582013130069737,0.3985528314550013,0.288912815855553,0.4714636586604574,0.9927899142784794,1.0717041149213862,0.7971599262136412,1.113142734145676,-1.0527215442604598,-0.7915636611887009,-0.6781281259364462,-1.0667535814435125,0.093814294396171,-0.2927978774450234,-0.294796109954501,-0.0753726405496611,0.9747262495534396,1.0099807180781553,0.924503985710756,1.0234658985181857,0.3410056720938398,-0.1965836173476957,-0.316827583024459,0.1921137587124316,0.0482244317298638,-0.4304041251355163,-0.3952231074709249,-0.1599047685641139,related,8
GO:1904747,related,,positive regulation of induction of apoptosis by p53 involved in anatomical structure development,Mistral-Small-3.1-24B-Instruct-2503,-1,0.6588795848000776,0.3325272351307029,0.178650136800453,0.6191214126395364,0.7980774014565287,0.5765157040352535,0.3904896175348427,0.8213153499716583,1.0421038458476417,0.8595880199366001,0.0671701016390123,1.16615805212419,0.6343386154234859,0.4719170886476819,0.3224337367212295,0.5340405614609741,1.0031383398353209,1.1042743235134953,0.8197913971367482,1.132214460449394,-1.088805262867534,-0.8023708089890368,-0.6948828314732324,-1.093995964552299,0.0091648049781297,-0.3465819084358331,-0.3295411115002585,-0.1601627847191029,1.146024465309975,1.5259997985014886,1.3803803391520224,1.3160895300203372,0.3398418517125901,-0.1825868268587333,-0.3119031088457628,0.1907787088861339,0.1105545530299316,-0.3813906125968481,-0.3645365499813861,-0.0977955496028746,related,8
GO:1904747,related,,positive regulation of commitment to apoptosis involved in development of an anatomical structure,Mistral-Small-3.1-24B-Instruct-2503,-1,0.5482779186467862,0.1272703973921203,0.0073099878794597,0.4620152130565541,0.6561804983110895,0.305305817613291,0.1766846641509588,0.6072258650168563,1.0891740335034643,0.9981623544502356,0.0795668755581587,1.2466720443132189,0.7688689765301058,0.5258532611460779,0.3965028827838295,0.7025889799436928,0.9392434567093564,0.9118592517134922,0.6610142930719974,1.017960709841569,-0.2474869380507489,-0.5649228731919343,-0.4897165872913085,-0.4077041455103819,0.6633104504173485,0.2498022239291293,0.1673798185314778,0.5801171323748247,0.4947242937329511,0.087545676968465,0.0352481910265912,0.3786948036470258,0.7390472549062997,0.2273191726248019,0.2920785328102079,0.7007872537129216,0.4667715677884577,-0.100466167372509,-0.1957356525102725,0.2944077619630113,exact,9
GO:1904747,related,,positive regulation of commitment to apoptosis involved in anatomical structure development,Mistral-Small-3.1-24B-Instruct-2503,-1,0.7082673216707808,0.4192491831652405,0.2409490190195026,0.6937820180034625,0.7288668813727023,0.4389584703109904,0.2865594981578263,0.7138220435779271,1.0606514402116984,0.8738929125184924,0.0856782013429449,1.1974514659402564,0.8211702985543105,0.6035232256385762,0.4924849222914776,0.7715344469492788,0.9958043334999858,1.083723865593592,0.8309771766861893,1.1186740554065424,-0.3990118587895324,-0.6223724018272793,-0.5427182120663616,-0.5407535017497458,0.6109157635332886,0.1657677031225386,0.1000894231156286,0.5114117988402527,1.1509867197483403,1.4195158191530897,1.2357079800292932,1.3254033964732772,0.8116580656826589,0.4102511675518321,0.3265520991857389,0.8086650667406832,0.563480988476043,0.0208321806115256,-0.1182218624297201,0.4155808179009049,exact,9
GO:1904747,related,,positive regulation of apoptosis activator activity involved in development of an anatomical structure,Mistral-Small-3.1-24B-Instruct-2503,-1,0.5843578866194359,0.1923302557553106,0.0559198422280181,0.5118781998242853,0.6863543436785752,0.3588607859685185,0.2444826016477817,0.6507635231227655,1.0798040231291086,0.9681282242565564,0.0691168418701346,1.2303500964211536,0.7023870564471869,0.4685427354589224,0.3289301497942525,0.6178231177102829,0.932471277612438,0.8910309685825992,0.6573170095389987,1.0063091202745418,-0.0360601769245302,-0.478627051890117,-0.4230187499024195,-0.2125299653264734,0.323225904662576,-0.0759415010596511,-0.1431455945162117,0.1681240835068524,0.5426230253121038,0.1181767048859683,0.0521390554428256,0.4356201928591874,0.5540998971213672,-0.041970100642143,-0.0732019912349268,0.4498836829682708,0.6088260588396825,0.0992838709782452,-0.0730194163143256,0.4753634502933014,related,8
GO:1904747,related,,positive regulation of apoptosis activator activity involved in anatomical structure development,Mistral-Small-3.1-24B-Instruct-2503,-1,0.6401891949935694,0.2909557327070031,0.1079314860706253,0.5916466248444785,0.7393418401991901,0.4524978283755738,0.3591465475578497,0.7296891328215613,1.0375664316974935,0.8206039209813859,0.0535551867169304,1.158583832636658,0.7220130041604472,0.4833792902950067,0.3413882897582388,0.642531889775094,0.9142032488679116,0.839562486046738,0.6424727438171927,0.9752764765088534,-0.2515451726947355,-0.5701063834128359,-0.4982523937311606,-0.4113363945661042,0.1873511015422953,-0.1832644491464348,-0.2353023929729536,0.0213018246701841,1.1207698990399837,1.2859824006402174,1.0769117720045245,1.2695434917586703,0.5433016742351408,-0.0079065069162112,-0.1062192551557914,0.4361102852821034,0.615855690292683,0.1173249668382943,-0.0596324749484172,0.4848214189989431,related,8
GO:1904747,related,,activation of signaling (initiator) caspase activity involved in development of an anatomical structure,Mistral-Small-3.1-24B-Instruct-2503,-1,0.3926233956750023,-0.0642259407060121,-0.1406129731925449,0.2596777905663609,0.2995620820573368,-0.1697922031124069,-0.2267934382639454,0.1504173579477901,0.8103493566977154,0.4699187862454551,0.020339768020049,0.8123139039870082,0.0277432096445542,-0.19133165433162,-0.2451591360899044,-0.1186794334256883,0.6093493066808926,0.2348706683309458,0.0861061799316244,0.5222259445590961,-0.7249906689598735,-0.7158289306141397,-0.6004210922134793,-0.8114985878593706,-0.7488650508876321,-0.6476677182038217,-0.5936296404452284,-0.8366180634044191,0.8138290715889711,0.6767418894339993,0.5448287386178615,0.7856317532291581,0.1744042126160391,-0.39928571330544,-0.3134423067021265,0.0076607930491535,-0.2783817505175432,-0.5424219976089732,-0.4663343084448285,-0.4629752939823265,related,8
GO:1904747,related,,activation of signaling (initiator) caspase activity involved in anatomical structure development,Mistral-Small-3.1-24B-Instruct-2503,-1,0.4483504166380962,0.0094217888808349,-0.087210208567192,0.3299414164652435,0.3857954779981906,-0.0831790650098826,-0.1392366994002428,0.2528049834135403,0.9115121404909348,0.6050628540022325,0.0351824710706039,0.9593296186046356,-0.001741376522695,-0.2265219094048083,-0.2792633020980724,-0.1472158386348825,0.6203114204520049,0.2477777068043098,0.1353686999476841,0.5368627317705155,-0.7788441386437231,-0.7285490073829919,-0.6125971572942572,-0.8544900602086649,-0.75339045986428,-0.6388917429052251,-0.5798452934793594,-0.8403155276919536,0.9039487538144988,0.8437884437075543,0.7444217960642804,0.9153229611754056,0.2661658736339817,-0.2968132498057056,-0.3219851274284876,0.1076512246409564,-0.1787062928636622,-0.488208788484678,-0.4336123636852254,-0.3740215255393238,related,8
GO:1904747,related,,activation of induction of apoptosis involved in development of an anatomical structure,Mistral-Small-3.1-24B-Instruct-2503,-1,0.6195979933085137,0.2442920037405392,0.0949517213600724,0.5618378931297867,0.430897828701906,-0.033658630158946,-0.1017645825672821,0.3081444595803861,0.8333258367309754,0.4812362509763494,0.0222592086154059,0.8448479149174491,0.500662571358035,0.2303201253215295,0.1472600196139006,0.3770461737902387,0.7280677239063821,0.4264754208615779,0.3044115022792573,0.6864174311428075,0.0243759919864548,-0.4458282342769272,-0.3895574303271837,-0.1543687824455031,0.7241786078260228,0.2704691292763488,0.1554640854267759,0.6630168398424666,0.8772587358272336,0.760481384095906,0.6303787612677888,0.8760491706698462,0.4857797804041363,-0.1873770644329919,-0.0188956763322258,0.3641233322893617,0.3537288193183119,-0.1884032361454993,-0.2456090528269139,0.1618927858804139,exact,8
GO:1904747,related,,activation of induction of apoptosis involved in anatomical structure development,Mistral-Small-3.1-24B-Instruct-2503,-1,0.7390508796614352,0.4827781190856988,0.3157799505174627,0.7419683839786924,0.5776086001671168,0.1585969971443693,0.0959260730283359,0.4980946402171028,0.8549068406227226,0.4489636321297042,0.0212400058061759,0.8758458842074598,0.594451101565568,0.3514309842863167,0.2432549019029162,0.4862011580166014,0.8864252136761812,0.7622663318642633,0.624804248289042,0.9291434459747892,-0.1773556538010749,-0.5420661332203676,-0.4765816477212992,-0.344289923242063,0.670668368283155,0.192999100228063,0.0778559719827425,0.5899545755220362,1.1436858080177876,1.5155967445974343,1.3915812380143862,1.3117196944669598,0.6093298940590752,0.0065148918221167,0.0009926270884103,0.5217140970840266,0.3920901832968009,-0.1444295919537157,-0.2165074980889865,0.205880690226044,exact,8
GO:1904747,related,,activation of induction of apoptosis by p53 involved in development of an anatomical structure,Mistral-Small-3.1-24B-Instruct-2503,-1,0.66567147625638,0.3404328596546097,0.1714552874342891,0.6292077170667795,0.569744421352094,0.1601495644382383,0.0544573120554853,0.4874821075089321,0.9030111276696776,0.5863547914618895,0.0345322287152755,0.9465800749348572,0.3012045246705271,0.0610686544700144,0.0025536153782951,0.1581956849281452,0.8266532781305994,0.6262973999262318,0.4248057641172226,0.833780202411961,-1.304718482066577,-0.840662471555441,-0.7046645501408241,-1.2539117893158858,0.0875095463102258,-0.3139573109868083,-0.3126436130510529,-0.0817726330294966,0.8133403239834983,0.6776740334353741,0.5988768744728018,0.7849499674697666,0.1181362137166759,-0.3989584069094036,-0.448402853007016,-0.0518897523078594,-0.2778167173793919,-0.5814805014615828,-0.4806716632084031,-0.4624787687061752,related,8
GO:1904747,related,,activation of induction of apoptosis by p53 involved in anatomical structure development,Mistral-Small-3.1-24B-Instruct-2503,-1,0.6714357890892394,0.3572478046548543,0.2039548838671983,0.6378119062063823,0.6894186321750776,0.3456642300830502,0.2051312816870354,0.65523982110918,0.8219399675509814,0.3893977701733707,0.0190384112616062,0.828666870125948,0.3285402127001859,0.0923763566988162,0.0114675685160533,0.1872420857571336,0.8365738506366465,0.6451812106903688,0.4505128101270543,0.8492644335937033,-1.277439965100607,-0.8379161567924001,-0.7128414337542809,-1.2339854058706865,0.0137505581775494,-0.3651620899934544,-0.346548688319268,-0.1556305980246851,1.0291438966943889,1.151251244801194,1.084142652720967,1.1111074795522342,0.1910965995338403,-0.316860053017012,-0.4255591125506617,0.0255765626365502,-0.2093011602555617,-0.5403740113340778,-0.4586131214413111,-0.4016243941469683,related,8
GO:1904747,related,,activation of commitment to apoptosis involved in development of an anatomical structure,Mistral-Small-3.1-24B-Instruct-2503,-1,0.4642396465840821,0.0158789586175745,-0.0900380191804992,0.3503964729138987,0.4422021489359622,-0.0121935362503135,-0.0871024813326314,0.3222222620408085,0.9669509516153724,0.734291340382797,0.0459802769431846,1.044479807597226,0.5776154040927125,0.2500911868491497,0.168202391567973,0.4662727737926709,0.7137432902007438,0.4070173886032115,0.2446754412680831,0.6658997555161907,-0.3293647028035446,-0.5938699163192195,-0.5043481459397703,-0.4802377467115715,0.5180908551233772,0.0247001644265904,-0.0140740858843889,0.3949232422328096,0.2716134555726366,-0.1009727825800358,-0.1311010376169428,0.1281424447249158,0.4183739918611182,-0.2299501325169821,-0.0987835958711052,0.2825122814955346,0.0837286372737008,-0.3815553971116356,-0.3641405023073916,-0.1247209659454091,exact,8
GO:1904747,related,,activation of commitment to apoptosis involved in anatomical structure development,Mistral-Small-3.1-24B-Instruct-2503,-1,0.6337977671956588,0.2810415758981359,0.1306028291292274,0.5823435147225247,0.529734722437548,0.0960437139552797,0.0244721140530549,0.4342922494455038,0.9656882496792708,0.645216562827278,0.0549984148376139,1.0424996766656671,0.5904395793132906,0.2586919281694053,0.1749097373499817,0.4814388457429354,0.8092647251015949,0.591174864166228,0.4534669820504757,0.8069481155651045,-0.4403666046823017,-0.633625357419433,-0.5437173266732008,-0.576202689829745,0.5065088416635466,0.0118246565309434,-0.0348872552122984,0.3808127445418288,1.0963305637759206,1.2737530636248735,1.0790806855693784,1.2257739780236303,0.5311880769622439,-0.0677643653880475,-0.0887613782017751,0.4207594300029709,0.1907773903714578,-0.30251780593995,-0.32056252430356,-0.0153997914480906,exact,8
GO:1904747,related,,activation of apoptosis activator activity involved in development of an anatomical structure,Mistral-Small-3.1-24B-Instruct-2503,-1,0.4938823002979638,0.0632586404592443,-0.0554271495302229,0.3890888969272708,0.5371244257656568,0.1088045311778577,0.0235496873832818,0.4440179526604058,0.8851216315411382,0.5021892714866777,0.025333117547946,0.9200002131886992,0.3985340065261654,0.0727201585449131,0.0019698544014039,0.2629266458276582,0.7294809354984001,0.4316357172858747,0.2762716321241424,0.6884530602817416,-0.2289124615961573,-0.5605588942552414,-0.4839148897073311,-0.391028247629055,0.1097076579343036,-0.2835709327764086,-0.3036454737958401,-0.059176133806461,0.7492112619218042,0.4962260006095403,0.3740744589288479,0.6973008129738799,0.2864054821314886,-0.3571435959919944,-0.2931797926279156,0.1302219046249944,0.2024573219532433,-0.2789245624750475,-0.3096617598488154,-0.0031553248638926,related,8
GO:1904747,related,,activation of apoptosis activator activity involved in anatomical structure development,Mistral-Small-3.1-24B-Instruct-2503,-1,0.5524681868223553,0.1505193682613405,0.0172475703684006,0.4677426148553945,0.5961566312717698,0.1844693108227587,0.1036717343403546,0.5233391854656204,0.8515282181609627,0.3850381560751305,0.0163404443571376,0.8709640265625622,0.4172638633065025,0.0790539741341894,0.0063323993956326,0.2835150705116413,0.7660710148373009,0.4981801220726069,0.3204374311011767,0.741899809074067,-0.4017086015372139,-0.6225598918603724,-0.5278647695666938,-0.5430758752461429,0.0318998986386293,-0.3284795097073831,-0.3487207793071942,-0.1376261714316796,1.0456068710371351,1.1344159453733358,0.9252174643121523,1.138497063120716,0.3024373223464183,-0.2972224762716106,-0.3364400884243042,0.1482403702406019,0.223962637994882,-0.2532619222533469,-0.2950780688476508,0.0195639172868201,exact,8
GO:1904747,exact,,upregulation of programmed cell death by apoptosis involved in development of an anatomical structure,Mistral-Small-3.1-24B-Instruct-2503,-1,0.6449878064002026,0.2938613818422806,0.1566655559929481,0.5986618466341243,0.6170607321428668,0.2495971937527278,0.1323133584780053,0.55216318943404,0.9214421116446344,0.6613641615878856,0.0417253619440515,0.9743220319811828,0.4272375847367947,0.1976600630020586,0.0863134481984167,0.2945388439408404,0.7923018642493908,0.5575172745967087,0.3556096496979193,0.7811375242675759,-0.3298012929423597,-0.5923222060764521,-0.5179208844543042,-0.4806203923049515,0.4964366569667151,0.0899837602243357,0.0188495315434384,0.3686129404900501,0.276442281914708,-0.0989954914127428,-0.1429181607459122,0.1333396466526908,0.6538017012440642,0.1533347669588096,0.0162699393204576,0.5813572767028777,0.4274622897690701,-0.1258842267697565,-0.198173990041303,0.2473118586275192,exact,8
GO:1904747,exact,,upregulation of programmed cell death by apoptosis involved in anatomical structure development,Mistral-Small-3.1-24B-Instruct-2503,-1,0.6521544372868405,0.3122574365815508,0.1563525157228258,0.6091884665232058,0.6660893480869057,0.3195883760431318,0.2232250236308369,0.6214170586654647,0.9743520552219452,0.7837297457953085,0.0496909778152304,1.056126187606095,0.4298996464662283,0.1959253764717106,0.109553662430812,0.2974883632781894,0.8989496393448914,0.8002799438258158,0.5673207910277561,0.949791319440728,-0.2780288522128626,-0.5776287695110595,-0.5066611701811579,-0.4349433370306432,0.4133422544787518,-0.0104962738711777,-0.0746654623314413,0.2703476482597121,1.046948483214158,1.1692132825282684,0.9901036394398862,1.1407483255235362,0.6820222008572171,0.2089959650237499,0.0814115949208143,0.6201134976303248,0.4912852337802536,-0.051863264655598,-0.1492785854256889,0.324376475006399,exact,9
GO:1904747,exact,,upregulation of apoptotic programmed cell death involved in development of an anatomical structure,Mistral-Small-3.1-24B-Instruct-2503,-1,0.6728394976418318,0.3463972389928169,0.194023245626991,0.639913347300145,0.6551391372178786,0.3157725253914333,0.1964981996283677,0.6057403459874661,0.9164609622514734,0.6824696161793605,0.0398169407397284,0.9667878417811328,0.5127884673095847,0.2878701095569036,0.1729763292383513,0.3909113203103327,0.7987174991373135,0.5699015117484897,0.3697140365736274,0.7908581420350622,-0.0787980920985458,-0.4899232623963421,-0.4351922303667636,-0.2529825414137533,0.5188056079782347,0.1500871127993909,0.0651247390854006,0.395796943461787,0.2886013448436608,-0.0816583652182913,-0.1278186735621239,0.1464666526200102,0.670846522712207,0.1812809966771688,0.0237235115086855,0.6046775760493671,0.4475826296072402,-0.0977324958384396,-0.1708557868846847,0.2712741998428236,exact,8
GO:1904747,exact,,upregulation of apoptotic programmed cell death involved in anatomical structure development,Mistral-Small-3.1-24B-Instruct-2503,-1,0.6756232762671809,0.3531438360806906,0.1853542457361759,0.6440880552087613,0.7497181764612949,0.4848625058305375,0.3698309050566938,0.7455422443434786,0.9352579412100424,0.6883754591115752,0.0357300313986534,0.9953648130552256,0.5122581027034898,0.2846471984350192,0.1646148853213008,0.3903034080190337,0.9495918822661976,0.9391310419155474,0.6874946180225536,1.035925029766731,-0.1709623464634254,-0.5343707449019021,-0.4742140089762033,-0.3384466359942982,0.459193670504424,0.0830958151940254,0.0302284668461386,0.3240590707387043,0.8432340825246377,0.5597879144705367,0.4347963102313514,0.8270599588659772,0.6630829543213153,0.1812551213421819,0.0853286360034693,0.5940228216004209,0.4951403594196404,-0.0392625093723086,-0.1346635189685254,0.3291333424082084,exact,9
GO:1904747,exact,,upregulation of apoptotic process involved in development of an anatomical structure,Mistral-Small-3.1-24B-Instruct-2503,-1,0.7387115979508532,0.4737688457321611,0.322575278053615,0.7414298729347815,0.4576268733166079,0.0169855390246013,-0.0606827921529546,0.3415711794206721,0.8323306074695435,0.4676625835618094,0.0126391115174424,0.8434288499698513,0.6781229781053363,0.4687632944020836,0.3257096702965426,0.5876205736256584,0.8406362937451998,0.659962772606472,0.4443670645364435,0.8556430565136328,0.4386798775570946,-0.1780370752740009,-0.2104098603251674,0.2822943952218253,0.9712131775291946,0.9567009057573046,0.7667321391939994,1.0458171279483297,0.3158270302065242,-0.0793008427308178,-0.1202111969908911,0.1760731152485439,0.7070586366017666,0.1020238996853079,0.2001202551347503,0.6551288324006912,0.5989501052039948,0.070014264074418,-0.0700109963346426,0.4621646576827853,exact,9
GO:1904747,exact,,upregulation of apoptotic process involved in development,Mistral-Small-3.1-24B-Instruct-2503,-1,1.0192308286591043,1.4704096649678948,1.223218307119592,1.2690972471759052,1.0184048696221788,1.3220389319551182,1.1643020464913654,1.219666322298791,1.3340269866568075,2.131117252723865,0.2035966616292823,1.7490885312483209,1.2049798059367276,1.7834493598347556,1.6634470224737723,1.3674251083031566,1.23071942800007,2.282563473032225,2.0022524068969867,1.6370580136864537,1.2253015965073182,2.109778698431525,2.0230981888552284,1.5966295606268872,1.291410224568319,3.514007131384441,3.655458675270421,1.8127100880121567,1.250425841315024,1.95770615017169,1.787623074415143,1.5259718413662482,1.2433646542652723,2.3280202572431388,2.6703602593356224,1.682791700334223,0.9928793408471336,0.966083331540773,0.6191419586715808,1.113177868220201,exact,9
GO:1904747,exact,,upregulation of apoptotic process involved in anatomical structure development,Mistral-Small-3.1-24B-Instruct-2503,-1,0.7871531003787242,0.589917837309736,0.3845997280089342,0.8201253791126195,0.5040959619204359,0.0702053640330926,-0.0035948673899907,0.4008800564530503,0.8451238832268988,0.510591401640882,0.0220754256413148,0.8617399897120788,0.7885842056982917,0.6639317322927195,0.4762196748806948,0.7283319175819124,0.9746256074856606,1.0127395893033948,0.7943540444579579,1.0802181165449651,0.2391327036836364,-0.3287305714541287,-0.327596216855597,0.0626498446317799,0.9578877053087416,0.914864475191765,0.7380854702463028,1.0226672120775768,0.6566165618221622,0.2018439269152209,0.123833053325108,0.576471603614558,0.8577490701425438,0.4754529670419601,0.320904211035963,0.8806028533236648,0.6294324819802622,0.1244687026211579,-0.0318654032295929,0.5032407870398894,exact,9
GO:1904747,exact,,upregulation of apoptotic cell death involved in development of an anatomical structure,Mistral-Small-3.1-24B-Instruct-2503,-1,0.6707447111787507,0.3423499686524112,0.1977163196220586,0.636778210727791,0.6226402843089515,0.2589441235970944,0.1508175002371235,0.559925558999771,0.8931231054678327,0.6147594725948835,0.0291977621612915,0.9318473005782884,0.647682507003241,0.4433469141879493,0.2876549789794275,0.5502481126143504,0.7729706854998598,0.5175062892863063,0.3296894685023094,0.7521435682691163,0.0081111077905953,-0.4469698130367573,-0.3935576108429506,-0.170135427171395,0.5860514973639093,0.227098288580699,0.1408209340178259,0.4795861382553288,0.326196788151841,-0.0680969021860168,-0.0974667673332393,0.1874288949804411,0.6625475111606544,0.1399780157712471,0.0244387868976312,0.5932900142936083,0.4425891814995778,-0.0993786014922637,-0.1749679538107877,0.2652996092280349,exact,8
GO:1904747,exact,,upregulation of apoptotic cell death involved in anatomical structure development,Mistral-Small-3.1-24B-Instruct-2503,-1,0.6942733416080871,0.3882309719156946,0.2316665189651338,0.6723090515467648,0.6934947726510383,0.3742524575157505,0.2730048835081992,0.6612103606351882,0.914779155649595,0.6592329741580126,0.0359189483228827,0.9642502298558724,0.7135652584230582,0.5461016066013621,0.3789712101443954,0.6318650344115093,0.907029147208126,0.8210834607846039,0.595456094209588,0.9632430974193176,-0.1272383004270861,-0.5139698679137761,-0.4531874602740797,-0.2981929799200615,0.5492761786280994,0.1731766437890246,0.1114301768333165,0.4333664801458238,1.0462520178763592,1.0560288190133762,0.8725615802325828,1.139579269745289,0.7407858367043337,0.2982552767972232,0.1470743037615683,0.7032996904660167,0.4757801052549835,-0.0550174315768633,-0.1439538150707873,0.305365712468255,exact,9
GO:1904747,exact,,up-regulation of programmed cell death by apoptosis involved in development of an anatomical structure,Mistral-Small-3.1-24B-Instruct-2503,-1,0.6500165453605297,0.3002931724240619,0.1377303099254213,0.6060419902315041,0.6374142550757935,0.2725744785114486,0.1659266318954524,0.5806237226538524,0.9587147174993996,0.767434871448347,0.0504719636974513,1.0315995211717153,0.5055398779943159,0.2780308315051221,0.1696973886709323,0.3826145878239649,0.9089393598187436,0.8272690502918274,0.5791205484378386,0.9664389042207164,-0.3666372548373923,-0.6060647105084145,-0.5283108225665331,-0.5127536094466225,0.4893633355028997,0.0805588466523373,0.0073408831059055,0.3600844230484817,0.8750813652448521,0.8061660321390317,0.6816814654910957,0.8728787907349064,0.8425064545596163,0.4960704620766399,0.3113394483756887,0.8564874636963568,0.4745385803870455,-0.0920650961675489,-0.1770290398681535,0.3038517550389518,exact,9
GO:1904747,exact,,up-regulation of programmed cell death by apoptosis involved in anatomical structure development,Mistral-Small-3.1-24B-Instruct-2503,-1,0.6685755330291281,0.33817175571419,0.1708229742016409,0.6335374230186132,0.6370422849313879,0.261929072676611,0.1909095345104767,0.5800999878425835,0.9479399945170678,0.7401939016096736,0.0413637859633631,1.014874229468749,0.5335021744002875,0.3096139553988444,0.2045252265053646,0.4147609928344595,0.9516879300402916,0.9442582539018648,0.6640094953232807,1.0395876630118606,-0.4027567221143694,-0.623515367563898,-0.5403667627119646,-0.5439780840135531,0.4240227741781203,0.0041397390250683,-0.0576312690667076,0.2827510698036139,1.0142629983505578,1.1161035175806626,1.0171653376490253,1.086713179864942,0.842657293687653,0.4899104902352285,0.3504604361028683,0.8567244882145751,0.5322287217982944,-0.0212770597479732,-0.1287412591369953,0.3755348216061077,exact,9
GO:1904747,exact,,up-regulation of apoptotic programmed cell death involved in development of an anatomical structure,Mistral-Small-3.1-24B-Instruct-2503,-1,0.6989488938696935,0.3963030927417764,0.2081745558980926,0.6794544581949109,0.7127300554838729,0.4121682374843083,0.2907119593530076,0.6896391111765822,0.8944727841297978,0.6479582952096485,0.039645295191587,0.9338522050555887,0.6248731430095363,0.4217261469942389,0.282923734915283,0.5226065944486167,0.9101408057593584,0.8295297766157892,0.5935542646286802,0.9684519958573464,-0.1756397176457317,-0.532001634906652,-0.4655908052056202,-0.3427226583922295,0.4913885365468686,0.1124828060927532,0.0344275254778994,0.3625230145468311,0.8987538555159281,0.8321109262939655,0.6678272337028748,0.9076180277036366,0.8489896775556565,0.5090450355176459,0.305778190723761,0.8667039759669526,0.5112358056709791,-0.0424641030086132,-0.1418129518304852,0.3491264797775225,exact,8
GO:1904747,exact,,up-regulation of apoptotic programmed cell death involved in anatomical structure development,Mistral-Small-3.1-24B-Instruct-2503,-1,0.7282585231176556,0.4592994447840629,0.2758124053179693,0.7249212681081317,0.759199144087701,0.4988954783443,0.4060999427269308,0.7601483302634503,0.914863823258843,0.6688059187468534,0.0323360926379365,0.9643779071904964,0.6715308941673417,0.4861098271588309,0.336834037206645,0.5794792504816517,0.9566881924622026,0.9586476000240248,0.6881911223455375,1.048358390958566,-0.2450936786922438,-0.5642480084519573,-0.4952035053536509,-0.405560233966831,0.4294818876827908,0.0436680431320243,-0.0077156661855048,0.2891157240957708,1.0159721487268962,1.1134747382494878,0.9700557698045644,1.089497970021882,0.7782375479778535,0.3583874063128882,0.340823724171343,0.7582390653494889,0.5794407235718257,0.0470004837886199,-0.0848295397229832,0.436386913016505,exact,9
GO:1904747,exact,,up-regulation of apoptotic process involved in development of an anatomical structure,Mistral-Small-3.1-24B-Instruct-2503,-1,0.7672342048701701,0.5387637447906682,0.3472194618514936,0.7873126647741545,0.646124879522136,0.2884815304185208,0.1637883552737218,0.5929274912433548,0.8156761038777152,0.4913417034538495,0.0215056151526233,0.8198145726122933,0.852309048925434,0.7410429889179817,0.5476920625754278,0.8136215428997704,0.9279982684450416,0.8765453688868367,0.6425833380313037,0.9986576162222136,0.320040310384065,-0.2679759247600377,-0.2656326680034417,0.1493082682434857,0.9488246554183976,0.8696184678586196,0.696646209053876,1.0071269968912917,1.0615908727265182,1.23347460109017,1.0430799056893965,1.1655132115973026,0.872035894662983,0.4926131970747506,0.4299629911301951,0.9035144728997228,0.60216692400147,0.0596573216269634,-0.077320129108774,0.4664525430335207,exact,9
GO:1904747,exact,,up-regulation of apoptotic process involved in development,Mistral-Small-3.1-24B-Instruct-2503,-1,1.116813949667625,2.222062449545712,2.0644669192679417,1.523262425906324,1.1001218180476606,1.7643574613141022,1.5547174731348066,1.4021329011806174,1.2806394407927846,1.842579595041584,0.1825708454070895,1.6230974522408943,1.3121863559044815,2.293958524113194,2.2321709667734027,1.5816561305815924,1.2101414249560525,2.120271918654776,1.8082469875581728,1.5817211033593988,1.2167785811754483,1.999559887947688,1.8516157959185773,1.5703211347377428,1.2744824468871323,3.181893046698612,3.2232919674148333,1.7509735233777823,1.2279067953928635,1.8722889263039704,2.0946777764925195,1.477937099302128,1.2897673452646077,3.2327311808964394,3.283036378488708,1.8357163157865084,0.981377949416764,0.8902380135668825,0.5056978894895681,1.088307289299487,exact,9
GO:1904747,exact,,up-regulation of apoptotic process involved in anatomical structure development,Mistral-Small-3.1-24B-Instruct-2503,-1,0.8416988925994435,0.7394074539172508,0.5082198903640416,0.913596331680181,0.6902068361345175,0.3657070805910239,0.2703576343410318,0.6563929044880639,0.8190801266222495,0.4995386929741636,0.0237931854536688,0.8246209243428319,0.9906961231560658,1.0600433183114133,0.8677524034284906,1.0116361674760868,1.0342225122377355,1.21423291050714,0.9295888361716104,1.1909753711169415,0.1428307309299859,-0.3856262942405904,-0.3634424364982994,-0.0368179144086789,0.9296286688772154,0.8071143686108144,0.6377399714831763,0.9747327943871726,1.2008345767781188,1.7575502589474112,1.6230659400507117,1.4223666541416269,0.9517976239120942,0.7620585563971163,0.5932975858195227,1.037550386668648,0.6354254453286544,0.1165629745296237,-0.0393074713690973,0.5114367507110136,exact,9
GO:1904747,exact,,up-regulation of apoptotic cell death involved in development of an anatomical structure,Mistral-Small-3.1-24B-Instruct-2503,-1,0.6964689392351731,0.3907422145813056,0.2158055173459402,0.6756608893422115,0.699535598858411,0.3884873714145256,0.2698289689174846,0.6700929092288153,0.7399763338602586,0.3975558000058998,0.0145484882050407,0.7154490541232698,0.7439098953028938,0.5722001754997567,0.4359079388508811,0.670406270722611,0.9375752619860568,0.905130844309989,0.635279913680618,1.0150829857886998,-0.1373411027246686,-0.5142862163779621,-0.4436729403562436,-0.3075397119842207,0.5503684906065154,0.181936909501276,0.0968866676301271,0.4347252240167663,1.026016400766968,1.1263497910925988,0.9510342500828872,1.105952495561331,0.8449134467117463,0.4973817227534545,0.2808792419844965,0.8602735610982014,0.4682452980556359,-0.0897615776336618,-0.1687020330341391,0.2961960776155297,exact,8
GO:1904747,exact,,up-regulation of apoptotic cell death involved in anatomical structure development,Mistral-Small-3.1-24B-Instruct-2503,-1,0.7436228397614091,0.4929581477457038,0.3140917574342565,0.7492417275499951,0.7333825523324492,0.4484326260012163,0.3571267135137472,0.7206456089855455,0.8787958065720133,0.5916094625407173,0.0258186065387207,0.9106806144531204,0.8462485582374094,0.7567378387985265,0.611932791449929,0.8053662618967786,0.963523036904944,0.9788077526539476,0.7074750617568984,1.0604240796234092,-0.1084348803631158,-0.5063345436552811,-0.4459230232440437,-0.280721809685907,0.509535022889304,0.1242791558832059,0.0716244943650421,0.3844910509584097,1.1332310079891186,1.479321247229758,1.3619284106317269,1.292335483694021,0.8241841472061583,0.4550949077290523,0.3758191194328181,0.8279296243050951,0.5301811861889936,-0.0102807328882569,-0.1193815847634191,0.3729421401048551,exact,9
GO:1904747,exact,,up regulation of programmed cell death by apoptosis involved in development of an anatomical structure,Mistral-Small-3.1-24B-Instruct-2503,-1,0.6091073750073419,0.2236504447231581,0.0906626546594911,0.546829483130857,0.6202383977606286,0.2457050135903973,0.1450795857778809,0.5565803934750546,0.9989214408673736,0.8438262615192799,0.0577086594516081,1.0952953966937309,0.5775744492968751,0.363193211903799,0.239492348963209,0.4662244809480056,0.8783651536788919,0.7496075491224993,0.5115572855218525,0.9159833999681956,-0.328423828236098,-0.5912689409772554,-0.5174874865655935,-0.4794129808290789,0.5544576271617728,0.1612364584711512,0.0967938125047139,0.4398192700316062,0.89467281301023,0.80191144455628,0.6586263626369664,0.9015860115002388,0.804988974566763,0.4184461321953175,0.2482544657133425,0.7984913115122209,0.5205663346244515,-0.0315101695480366,-0.1386887763731709,0.3608167280893358,exact,8
GO:1904747,exact,,up regulation of programmed cell death by apoptosis involved in anatomical structure development,Mistral-Small-3.1-24B-Instruct-2503,-1,0.6844779727138456,0.3694193345207864,0.1822936819363499,0.6574315431569506,0.6580597629237442,0.2999202926822433,0.2360142992945693,0.6099094858425637,0.9708799135372436,0.7626235239168286,0.0487636777263758,1.050653834676273,0.595975848614596,0.3832660683347479,0.2646599570294876,0.4880135734633822,0.9864585534763192,1.0517049879768428,0.7701637224568258,1.1015882953482383,-0.3208599421116253,-0.5930939707820713,-0.5157383485555713,-0.4727753167793585,0.4688079730244129,0.0497843525312698,-0.0063640657979216,0.3354786504124026,1.13766688125639,1.4670282070857767,1.324301639924616,1.3005302288923049,0.8236594272062582,0.4514647596416922,0.3243114124953696,0.8271184772174003,0.5963220560965933,0.0676226368834147,-0.0731483213458629,0.458669566429286,exact,8
GO:1904747,exact,,up regulation of apoptotic programmed cell death involved in development of an anatomical structure,Mistral-Small-3.1-24B-Instruct-2503,-1,0.692656886736974,0.3778259476711733,0.2025552105106303,0.6698453736443172,0.6965544018137904,0.3801304509751404,0.265297957498918,0.6657041613859392,0.960507361698839,0.7710070975337283,0.0462683418465665,1.0343958454788178,0.675465830951403,0.4856648565447098,0.3429704078988884,0.5843357101949286,0.9144560711251992,0.8419770285031274,0.5938118966813358,0.9757020956215016,-0.1653779478585807,-0.526248555060097,-0.4597338748837736,-0.3333338984294651,0.5090746943250517,0.139091079118324,0.0632319488085447,0.3839311373737022,0.4011833782691137,0.0199818637462378,-0.0394584330229759,0.2709110115092909,0.8256131870968942,0.4600511347208469,0.2767753042745364,0.8301405925182302,0.5431320553226208,0.000952039615971,-0.1113825093773398,0.3894043020252464,exact,8
GO:1904747,exact,,up regulation of apoptotic programmed cell death involved in anatomical structure development,Mistral-Small-3.1-24B-Instruct-2503,-1,0.7709489224513989,0.5583912763694586,0.3404140278925559,0.7933823479570856,0.7597520516927465,0.4996904237272129,0.4079701782667276,0.7610037497834476,1.0099570940272968,0.839310331046861,0.0509829408708244,1.113152073227453,0.7345386189193703,0.5720178058899528,0.414845199960222,0.6584364633407223,1.0010228441952818,1.099363153286113,0.829681176419629,1.128296558842817,-0.170458062034794,-0.5336798425372051,-0.4731660936292955,-0.3379852803181162,0.448539245604092,0.0679706109111742,0.0214568407459751,0.3114689573814041,0.8715506525429165,0.5771349859955843,0.4890922532904242,0.8677483639724604,0.7250413771977962,0.2686614385329656,0.2802864250082599,0.680665061194613,0.6034357975053185,0.0862537878540931,-0.0542587925963273,0.4681468760584776,exact,8
GO:1904747,exact,,up regulation of apoptotic process involved in development of an anatomical structure,Mistral-Small-3.1-24B-Instruct-2503,-1,0.7649273673379753,0.5283455245244134,0.3582570008309425,0.7835545884057943,0.6499439800862007,0.2930112535149015,0.1659974632636865,0.5983459043784444,1.0005501377870876,0.8152187095337354,0.0467314172770631,1.0979202651199875,0.9173268350571644,0.8715904716675518,0.6938056909094863,0.9042642077414796,0.8962463859785083,0.7913120389012857,0.5532022180660877,0.9453139065968884,0.4218106887178751,-0.1893489652603404,-0.2063477439431431,0.2629135466721941,0.9739551700841956,0.9528159526769188,0.7586531099576754,1.050626550741889,0.4947902746596899,0.0814359379102866,0.0296568839132878,0.3787723743955446,0.8742234194582066,0.4829767303676711,0.425276663891002,0.9070497322451666,0.6566412786392403,0.146230903469416,-0.0166402229531058,0.5407851896815197,exact,9
GO:1904747,exact,,up regulation of apoptotic process involved in development,Mistral-Small-3.1-24B-Instruct-2503,-1,1.1776879019902244,3.0741747464242004,3.248672406689398,1.728889055074717,1.1338072479516856,2.0122337193776363,1.958245379579924,1.4865402754608334,1.352077351242918,2.258200541415438,0.2643356103000803,1.7948639874349883,1.4196857326624732,3.136207891884177,3.3521415811545783,1.8413865956366395,1.2367569099390583,2.332611545165177,1.9568521397751868,1.6538673402721842,1.249693978836121,2.478734752375728,2.404697111734405,1.6778718976488962,1.302060164425067,3.81515825497314,3.931605063707319,1.8548397604901004,1.3421271107918615,2.654379074388674,2.5766425515615503,1.7435619676157277,1.3172844055318456,3.9244119181459753,3.997457027313058,1.9438627399894768,1.030040976929548,1.1494943367210535,0.7522412652661832,1.198211441980264,exact,9
GO:1904747,exact,,up regulation of apoptotic process involved in anatomical structure development,Mistral-Small-3.1-24B-Instruct-2503,-1,0.8578279835908204,0.790533294684781,0.5544261586849961,0.9423591703371674,0.7109975598843552,0.4039731417572129,0.3078594923525545,0.6870611101288363,1.0059119065690945,0.745519466964486,0.0519355914843177,1.1065871060073222,1.0380333143768143,1.18268243110227,0.9819616205534876,1.0842247458511611,1.035551449743991,1.2199727224452863,0.9453157971802943,1.19353957510837,0.1685267987952506,-0.3697880121248848,-0.350712727972239,-0.0106412391524573,0.9619275063845708,0.9091427306234784,0.7221588816782006,1.0296469721107933,1.2741726212221318,2.079150041058014,1.859225519188456,1.578636519813264,0.9652980833100676,0.7958202244739031,0.5904676090990969,1.0613886937975547,0.686607643417196,0.2039896868751314,0.0254656420072947,0.5831721644471706,exact,9
GO:1904747,exact,,up regulation of apoptotic cell death involved in development of an anatomical structure,Mistral-Small-3.1-24B-Instruct-2503,-1,0.7077187698887127,0.4116069663387383,0.2449502813479144,0.6929353547378803,0.70990183989739,0.4068883364545341,0.2752474192584036,0.6854324569237589,0.9676760142327496,0.7730225280678924,0.0411063300260377,1.0456177271087286,0.814706403127287,0.6807896577595097,0.5286359818516606,0.7628979563989379,0.9120531792439698,0.8355737794529116,0.578777811130404,0.9716611846207934,-0.0041799694710484,-0.4525741632465966,-0.3923600792980221,-0.1819935918290272,0.5642354299069744,0.2002660449775933,0.1181989557829399,0.4520484609260268,0.488747399265624,0.0770010989308421,0.0214839251112359,0.3716774511065382,0.8283711840445978,0.4613417205218732,0.2524967475783392,0.8344154228468091,0.542450403472851,0.001515908864059,-0.1088946789035064,0.3885340666029281,exact,8
GO:1904747,exact,,up regulation of apoptotic cell death involved in anatomical structure development,Mistral-Small-3.1-24B-Instruct-2503,-1,0.7751134663989117,0.5662877039570318,0.3590951839891053,0.8002137459435033,0.7788234812886926,0.5474248071526086,0.4281495176033554,0.7907607923508151,1.000574383511554,0.796236307388668,0.0476965976092644,1.0979593676869488,0.9324899386680188,0.9213375424407928,0.750003670536477,0.925985409886076,1.0194075601354795,1.1627174855259608,0.8716148686724009,1.1626844258273354,-0.0967161621249187,-0.5003405400512917,-0.4389672456645083,-0.2697833145973844,0.5339862573176845,0.1524859386320549,0.098569561450062,0.4144347195034202,1.1367788268572456,1.3084566487267126,1.153578483203232,1.298886169093786,0.8330772218638648,0.4734713369250795,0.3980621443258929,0.8417334000951711,0.5814758748931671,0.0602757246643681,-0.072400129507874,0.4390580190111338,exact,8
GO:1904747,exact,,positive regulation of programmed cell death by apoptosis involved in development of an anatomical structure,Mistral-Small-3.1-24B-Instruct-2503,-1,0.6003374989883227,0.207532215015409,0.0769248389785486,0.5343723610812675,0.6546219511715861,0.2910024856966893,0.17652644870964,0.6050029842853496,1.0058580271813913,0.8342926398324886,0.0612656913067339,1.1064998179059953,0.659903827629092,0.4625527578293877,0.3219683022402044,0.5651848585082685,0.9084250718081928,0.8250253973444092,0.580697870995039,0.965577908209231,-0.3518373054975572,-0.603657138673332,-0.5325406000943895,-0.4998788167662717,0.5540356253336053,0.1508372688976001,0.0868698985548662,0.439293011001119,0.8879090348980917,0.7790712248416728,0.6666815968036743,0.8916287025938145,0.9090694026668276,0.6523240128953592,0.4693726988435909,0.9643872556880428,0.6490512581560735,0.1226750427737732,-0.0560661078089276,0.5302248780154512,exact,9
GO:1904747,exact,,positive regulation of programmed cell death by apoptosis involved in anatomical structure development,Mistral-Small-3.1-24B-Instruct-2503,-1,0.6765848061969655,0.3548007946492919,0.1754838619065699,0.6455322570043661,0.6671951632969968,0.3041366391044964,0.2183401125260349,0.6230071276958319,1.1001889046138449,1.0829298901315867,0.0831913072217697,1.266057991878616,0.6770757639757728,0.4768606578846051,0.3505839606300884,0.586325443722454,1.0316899679168716,1.2052038597768542,0.8895851758348765,1.1861010333766864,-0.377082331634046,-0.6165506310626455,-0.546526790972029,-0.5218115852322389,0.4690864534578799,0.0447742980190944,-0.0141100369558919,0.3358102586063601,1.081326989783116,1.257276360474859,1.0811054508333815,1.1994787562147322,0.8724641062160349,0.5548601819748501,0.463185948718176,0.9042059300154172,0.7203073550029371,0.2447040271347417,0.0295376179490583,0.6322544852461729,exact,9
GO:1904747,exact,,positive regulation of apoptotic programmed cell death involved in development of an anatomical structure,Mistral-Small-3.1-24B-Instruct-2503,-1,0.6776610522788936,0.3451389900603724,0.1897942268605849,0.6471501294389325,0.7489812251731092,0.4743788251995894,0.331837414336773,0.744411797113313,1.0080409120889096,0.8781607957159522,0.0677783845509658,1.110039450860999,0.7705010251442278,0.6183498643140053,0.460104996332438,0.7047090500569969,0.9604675610775536,0.9712445380450008,0.7077631042576641,1.0550190876998793,-0.1752187200118743,-0.5343759651759916,-0.4738030654260316,-0.3423380193055224,0.5679470073386732,0.2010238747250507,0.117229318270246,0.4567086683236182,0.911278012906169,0.73699047416708,0.6499430793895871,0.9262448136188512,0.9171232112756476,0.6714885545534054,0.4743362325894324,0.9779261574391812,0.6779143892816387,0.1720821384726801,-0.0170706851986106,0.5707586572990875,exact,9
GO:1904747,exact,,positive regulation of apoptotic programmed cell death involved in anatomical structure development,Mistral-Small-3.1-24B-Instruct-2503,-1,0.7826423222265602,0.58556814638902,0.3656976643099247,0.8126366979878189,0.7968201578995501,0.5726865334519704,0.4418675213397193,0.8193039325389572,1.1274376352391993,1.1555151109423163,0.0854707177085338,1.314987496204848,0.8236734556758949,0.7012282297613573,0.5511991874519289,0.7748880146371289,1.0759597934301333,1.379025115005034,1.0651312860038764,1.2737508954288157,-0.1949451403083396,-0.547890245215657,-0.4880393666062265,-0.3603114523546318,0.5075461099252452,0.1272323497296497,0.058307604123989,0.3820728633758997,1.1852122483167855,1.6159369988075198,1.4893406861710072,1.391276557941142,0.7630335357736652,0.3342624385205246,0.4009971290110031,0.7357436541423665,0.7379683816571536,0.2839286855785428,0.0694758008542597,0.6586247629661413,exact,9
GO:1904747,exact,,positive regulation of apoptotic process involved in development of an anatomical structure,Mistral-Small-3.1-24B-Instruct-2503,-1,0.7676555260107699,0.5344795072423316,0.3721461754769429,0.7879999635194072,0.7576864137300764,0.4906055437145767,0.327534269202594,0.7578099981117917,1.043651338833031,0.922876539909258,0.0588493896222201,1.1687484387781255,1.0180318111857245,1.0902139320973547,0.955392574863219,1.0532092315679595,0.9531767722220966,0.948260596512029,0.7044614891537854,1.042194250928702,0.4014145513182273,-0.2087749344087235,-0.2341295570813825,0.239698838532911,1.0586022131148272,1.2327684091594433,1.0549065851279575,1.2079205702800817,0.850386414983127,0.5660055939516137,0.4419695703952586,0.8372617555243274,0.9595526137743772,0.708828344654347,0.6639707871858357,1.0511988664654148,0.8280733647783474,0.4525877329557619,0.1949195997001383,0.8012547655573082,exact,9
GO:1904747,exact,,positive regulation of apoptotic process involved in anatomical structure development,Mistral-Small-3.1-24B-Instruct-2503,-1,0.8879719121270988,0.8882998225032404,0.6735554145669082,0.9976655354222992,0.8075762298623111,0.6075137869647653,0.4837298036958649,0.8365876184806953,1.093719529561768,0.9847970001247512,0.0701686152193147,1.2546456052938453,1.1442196803802576,1.4856919038341816,1.3458765482831123,1.2586442149581447,1.1734260149255047,1.874268848967056,1.5963423208829857,1.4894308509883725,0.1494487985220255,-0.3844946648519465,-0.3687098967090202,-0.0301003928152739,1.022188959715648,1.0871681991219415,0.9117438515804056,1.1380106086299826,1.408470688253953,3.426371014730444,3.462757624556351,1.9341602576664243,0.9934964217243144,0.8865438322277673,0.6827739537740981,1.1124118069470577,0.84502951904287,0.506017257632424,0.2256838572521313,0.8298461140127368,exact,9
GO:1904747,exact,,positive regulation of apoptotic cell death involved in development of an anatomical structure,Mistral-Small-3.1-24B-Instruct-2503,-1,0.6883866648796079,0.3692126649023967,0.2166758006765654,0.6633533499858022,0.7707387606761515,0.5218308570127261,0.3645810322049803,0.7780860461699453,1.0130316828013028,0.8789397063041919,0.0637866338302522,1.118157131638627,0.9208817113358544,0.866528033129051,0.6838935804401367,0.9093358157358916,0.9565909531324766,0.9604151210955514,0.6956954121369873,1.0481873775326225,-0.0048002469243651,-0.4564426155027092,-0.4106964755013073,-0.182590749949874,0.6381436476716404,0.2888381475592954,0.2000235173215772,0.5468279732467045,1.0034738949597453,0.9581060516213408,0.8298280730833255,1.0692335340045185,0.9259390791758756,0.6940916841887066,0.4835445740770835,0.9928763301110672,0.7067202430753915,0.2183653696467486,0.0195346143487686,0.6122763588414964,exact,9
GO:1904747,exact,,positive regulation of apoptotic cell death involved in anatomical structure development,Mistral-Small-3.1-24B-Instruct-2503,-1,0.7890608647513411,0.5998176231635703,0.3990789743190924,0.8233030564121524,0.8289920808903254,0.6571919480011563,0.5045368450866081,0.8715244290988945,1.1298452741639935,1.1611270608744164,0.0867017818381901,1.3193804759350962,1.0201929957620663,1.0951964160205252,0.9412925456844432,1.0565355709510635,1.1008897966978886,1.4895382687401206,1.1460297766206125,1.3256196974638517,-0.1072688652362802,-0.5090685306100063,-0.4578519171338411,-0.2796351619240715,0.6093105256613125,0.2398661987234569,0.1707284297526065,0.5093425444110219,1.2561265933852588,1.9762427552577515,1.871317385882672,1.5384171657507866,0.868057602020689,0.5500911399700966,0.5442570948524197,0.8971038172829525,0.7380395913129206,0.2857302902318998,0.0724426364552525,0.6587320383630073,exact,9
GO:1904746,related,,negative regulation of signaling (initiator) caspase activity involved in development of an anatomical structure,Mistral-Small-3.1-24B-Instruct-2503,-1,0.4900911052819727,0.0570865706145403,-0.0240089325187365,0.3841006002256275,0.433483758933369,-0.0158653755004889,-0.1109517544938145,0.3113573010535004,0.9665141437222072,0.7952970242333436,0.0618554429317647,1.0437945940661908,0.3383955747705078,0.0701614551383278,-0.0285264344190291,0.1977829509253302,0.8332266568200778,0.646910742941877,0.4019632062415515,0.8440254872452302,-0.6154251790622183,-0.68154423939884,-0.5874594857308798,-0.7226050970089624,-0.5836654018876806,-0.5021589379426535,-0.4693753670020466,-0.6993410739454013,0.973099697522426,0.9898547062720564,0.8739478679702393,1.0209101236991942,0.4341277447736485,-0.076415366051151,-0.0176538861078378,0.301336427771853,0.219858794572309,-0.284018489950275,-0.3086841811053537,0.0152107001528223,related,8
GO:1904746,related,,negative regulation of signaling (initiator) caspase activity involved in anatomical structure development,Mistral-Small-3.1-24B-Instruct-2503,-1,0.5439423433451687,0.1444560024882059,0.0115722234750798,0.4561062898759314,0.4588957652079624,0.0086179733406928,-0.0746799910489239,0.343170186664002,0.9082701407622792,0.6396025247193473,0.0540294042912146,0.9544581739447456,0.3249009695420708,0.0466684159993858,-0.0471737396677005,0.1833590099839709,0.8299810240812229,0.6372651822583144,0.4343310980728119,0.8389597199127645,-0.6686085513378864,-0.6966460626526809,-0.6014197419959941,-0.7660005055614544,-0.5666010342427876,-0.492331983931884,-0.4584041672712016,-0.6848923834721857,1.0365757927832084,1.13872646546626,1.0121489104767818,1.1234185655903903,0.521695220179311,0.0564518310795238,-0.0355157981011412,0.4088024179482956,0.2611124058013351,-0.244254268307043,-0.283197440940493,0.0593632064557025,related,8
GO:1904746,related,,negative regulation of induction of apoptosis involved in development of an anatomical structure,Mistral-Small-3.1-24B-Instruct-2503,-1,0.6405368196970346,0.2742591294933161,0.1501292141548053,0.5921539417640291,0.6848043386509475,0.349953255265409,0.2005550957226649,0.6485032207064799,0.9654846625643068,0.7936149609457848,0.0519044320133269,1.0421806032255174,0.813573183926465,0.6539795285647364,0.5310046008552688,0.7613873034512131,1.0091261216724492,1.1286609546644553,0.8997775571718991,1.143358195432261,0.2291584444757052,-0.3316316670761883,-0.3122213932915454,0.0521700176616554,0.8723734179413833,0.6933475002712984,0.5804364655984205,0.8819295753591767,1.0209270719511796,1.0759503665090038,0.9453282644975528,1.0975960059811982,0.5454262898205671,0.0034786602477295,0.1994927293886499,0.4388135656906307,0.7291492205940082,0.2366636368591148,0.0378351471126923,0.6453984603538693,exact,9
GO:1904746,related,,negative regulation of induction of apoptosis involved in anatomical structure development,Mistral-Small-3.1-24B-Instruct-2503,-1,0.7659459077191282,0.5409298706022131,0.3611724025734716,0.7852128437681133,0.792739358089839,0.5695421353984828,0.4457967493355286,0.8127910734875825,0.9666265207308452,0.7092350515004696,0.0646773475010629,1.043970855357119,0.9107621908323807,0.8464495063104012,0.6824136739687171,0.8949315627837737,1.1117114536593966,1.541726345838652,1.2780792406950554,1.3487683666870989,0.03141201477236,-0.4504800986143751,-0.4084045972921824,-0.147521569952882,0.7826170948056635,0.4517792563350976,0.3518385118402293,0.7461576036736328,1.2647989308967686,2.0868867291223703,1.9918693873656377,1.5575851251768418,0.7333589755613343,0.3318111599481916,0.2861935891293618,0.6925897938565829,0.762636851248443,0.3113373757996058,0.0951800712866384,0.6962646046732431,exact,9
GO:1904746,related,,negative regulation of induction of apoptosis by p53 involved in development of an anatomical structure,Mistral-Small-3.1-24B-Instruct-2503,-1,0.6593634783873011,0.3294998482847703,0.1691904158410619,0.6198381869703846,0.7208341899870405,0.419822967095509,0.2463727382900627,0.7017452180387321,0.8956377334624949,0.6184713805546992,0.0462594450103144,0.93558423307749,0.6279979939319331,0.4224644252773813,0.3068216227540909,0.5263756013881277,0.9928590622462846,1.0743457016130702,0.7782523529336584,1.1132693979205586,-1.0655450485206588,-0.7914297700715897,-0.6623529374620962,-1.0764529797783802,-0.0222476248244564,-0.2846968726233298,-0.2874150606470133,-0.1910282285268965,0.9662528323173571,0.987462466392812,0.916898868989181,1.010190104282528,0.1480488280978988,-0.2913198318816211,-0.3477447730970108,-0.0203907928074085,0.0710600267031501,-0.4243247103712289,-0.3930792875982687,-0.1373332965798227,related,8
GO:1904746,related,,negative regulation of induction of apoptosis by p53 involved in anatomical structure development,Mistral-Small-3.1-24B-Instruct-2503,-1,0.6569683441804262,0.3287020424378954,0.1803010823342047,0.6162930878747312,0.8129523244546291,0.6152310177707414,0.42306634291825,0.845291298796114,0.9533206210847708,0.7082258416950222,0.0646339338593157,1.0232089355405765,0.6820779827393579,0.5021891441564672,0.3552364436852006,0.5925180646529246,1.0217888432767697,1.1715713605149567,0.8645343301046162,1.1671959319561278,-1.086338984949227,-0.7999359652372888,-0.6815719259607553,-1.0921389441597305,-0.0543218024213575,-0.3109099097247088,-0.3066724400962011,-0.2222279394425538,1.1497770694247953,1.5373953860992446,1.3989676774888131,1.323127676833185,0.1670552731079022,-0.2553576251830501,-0.3588811746694239,-0.0001898026019447,0.1381617109516062,-0.3716459468808143,-0.3607205808576693,-0.0697660476473185,related,8
GO:1904746,related,,negative regulation of commitment to apoptosis involved in development of an anatomical structure,Mistral-Small-3.1-24B-Instruct-2503,-1,0.5333043321697276,0.1052649872176572,-0.0065169482748241,0.4416804801988803,0.6753948141420473,0.3407449590688451,0.1974835903173105,0.6348378936169637,0.980809499838174,0.7891911102616308,0.0691315024631481,1.0663444550618526,0.8029687586402764,0.5453349002017301,0.4265925767310523,0.7473002983687366,0.9632399624117418,0.984458398568314,0.7289659098615106,1.05992257452471,-0.1442854720058226,-0.5237104151497846,-0.4533173527629542,-0.3139482677129871,0.623620668814156,0.266705273391665,0.2081705889473466,0.5278620791762317,0.4324133727636159,0.0228600584979028,-0.0244854492393883,0.3064241655120595,0.5182159119510911,-0.0043930370147623,0.097466757820019,0.4044357208140415,0.4939824284954289,-0.0826833534166118,-0.1841668984947748,0.3277032867163524,exact,9
GO:1904746,related,,negative regulation of commitment to apoptosis involved in anatomical structure development,Mistral-Small-3.1-24B-Instruct-2503,-1,0.6729688140315209,0.3493980145396314,0.182784607015742,0.6401070645772234,0.7476564212767501,0.4776645759384186,0.3156707474682241,0.7423813641968408,0.993409194652567,0.7777049601201095,0.0964294845918061,1.0864382560697785,0.8579198559551635,0.6344884053804166,0.54286069781013,0.8212925276699222,1.025194380691174,1.1872597404196454,0.9339197884970064,1.173671540027047,-0.330592327340213,-0.6002608651166437,-0.5235013541411442,-0.4813135791637376,0.5877191181148319,0.2010808865806222,0.1384644137050142,0.4817057518109066,1.110151368563481,1.2477107029809902,1.0742348728612303,1.2503788429603406,0.6687998287616431,0.247895403832005,0.1652186151231048,0.6018632968911037,0.5914746393844531,0.0446078110929224,-0.1024243994733376,0.4522415783047119,exact,8
GO:1904746,related,,negative regulation of apoptosis activator activity involved in development of an anatomical structure,Mistral-Small-3.1-24B-Instruct-2503,-1,0.5744332013355054,0.1767185871846704,0.0471441048017189,0.4980366185094682,0.694024383587332,0.3699768572934384,0.2534630083273408,0.6619874701548041,1.0106798475280585,0.8477968936855551,0.0653415462992396,1.114327436488512,0.7310709763558142,0.4747080326808064,0.3331200706702428,0.6540226671581207,0.9577362163492495,0.9660887983126248,0.6992565409567283,1.0502026771108943,-0.1074689056657374,-0.5083695403990113,-0.442132853560152,-0.2798216133033624,0.3961119402212365,0.0717866592996515,-0.0009640862837878,0.2504714500833542,0.497180250450452,0.0568144825147551,0.0027781096528035,0.3815836945821548,0.4027367639621896,-0.1294777213302217,-0.1135661515066771,0.2639713920327909,0.6364497291453032,0.12431026590029,-0.0541252098252474,0.5128416406222163,related,8
GO:1904746,related,,negative regulation of apoptosis activator activity involved in anatomical structure development,Mistral-Small-3.1-24B-Instruct-2503,-1,0.6283122493749785,0.2711802610882995,0.0875569847421017,0.5743955858995267,0.7402985567292689,0.4480737509059077,0.341106303284821,0.7311451226300095,1.0090919450018911,0.8110953168143543,0.0601704895576313,1.1117461019912165,0.7483575861308399,0.4866215314648826,0.3509541111918822,0.6761086980221337,0.9335430711134182,0.8945704306179456,0.6806728736743516,1.0081477324692625,-0.280714185810575,-0.5792373317207883,-0.5071234139837323,-0.4373277127015297,0.2816471042478861,-0.039749284303134,-0.1013927528699779,0.1223212609125679,1.0931507718547144,1.1890797422292558,0.984678716301262,1.2201656700771863,0.4264664038486774,-0.0527400488350936,-0.1382127729376574,0.2921634803389696,0.6419019119194647,0.140421122556421,-0.0411204082244823,0.5203400312353724,related,8
GO:1904746,related,,inhibition of signaling (initiator) caspase activity involved in development of an anatomical structure,Mistral-Small-3.1-24B-Instruct-2503,-1,0.3752859612143805,-0.079631282985212,-0.1566201962198309,0.2382621045090476,0.3563531480295152,-0.1121728600503385,-0.1715260428095549,0.2173621429135006,0.7665896725634846,0.427171982277596,0.026910913547181,0.7516093322353691,0.0048330968530894,-0.1947052546817437,-0.2274872415024436,-0.1408727331542395,0.6892454617317708,0.3643680551342849,0.1629433245814494,0.631284226360158,-0.705373015893113,-0.7073567540536788,-0.5962466857040826,-0.7957257045341245,-0.7955592473759344,-0.6109725289264789,-0.5573997763967568,-0.8746166488470284,0.8554107403673876,0.7424367569477139,0.5874764982938857,0.844458388087687,0.0499426302964237,-0.478216500957363,-0.2191605434324953,-0.1224188939285256,-0.2607222718993217,-0.5366085438042988,-0.4586867787062686,-0.4474164974254168,related,8
GO:1904746,related,,inhibition of signaling (initiator) caspase activity involved in anatomical structure development,Mistral-Small-3.1-24B-Instruct-2503,-1,0.4243365021227225,-0.015471556728902,-0.1099614185690845,0.299388420485759,0.3929312476369034,-0.0783105996638311,-0.1232309642320084,0.2614745289851081,0.8189977681296174,0.4973355331736139,0.0344081313282558,0.824504515969167,-0.004366578935875,-0.2071020118639045,-0.2319419586870309,-0.1497454920870867,0.7222506511147727,0.4206520222256826,0.2432054671455711,0.6780600652035575,-0.8131373813156563,-0.73503439003447,-0.6226500550814966,-0.8816382993800175,-0.8003541666988805,-0.6032580469590135,-0.5489299915479016,-0.8784997236214126,0.9469179770448526,0.924907488547952,0.8084312170568135,0.9802444266627056,0.2312669894989402,-0.2985056504506351,-0.2288230131458146,0.0691819971821662,-0.1689299295436486,-0.4858433402435377,-0.4304422487076745,-0.3651431350691241,related,8
GO:1904746,related,,inhibition of induction of apoptosis involved in development of an anatomical structure,Mistral-Small-3.1-24B-Instruct-2503,-1,0.5587859181831313,0.1516708041006547,0.0358238838077983,0.4764089234370806,0.5074553415544627,0.0624633766814786,-0.0278239948244665,0.4052292166382949,0.7648170407080495,0.4127072158791922,0.0227364721226144,0.749183499705807,0.4507419516158607,0.1738459965457702,0.1013668336874382,0.3206875914645386,0.7999816104237517,0.5689158613439219,0.359312483294287,0.7927793452561179,-0.1149198412055166,-0.5104839145361393,-0.4546201465200691,-0.2867584083526752,0.6848129725546112,0.3033169672545793,0.2034847820714417,0.6090035011928215,0.8930071611707787,0.8081208471022806,0.6858171802709391,0.899129315411454,0.1934714222036876,-0.4136164794589351,-0.0584674456316333,0.0281350111245491,0.2285695931158089,-0.2870052264782299,-0.3004517945935787,0.0244609109231889,exact,8
GO:1904746,related,,inhibition of induction of apoptosis involved in anatomical structure development,Mistral-Small-3.1-24B-Instruct-2503,-1,0.6975118133455686,0.4005752207201137,0.2624895980510119,0.6772551777969038,0.6144134540170237,0.2160409639994638,0.1366208926828284,0.5484905355879742,0.7047734661988346,0.3145535495602145,0.0101796144522236,0.6684419188792593,0.5147526593179484,0.2521360018733095,0.1942904973335654,0.3931638921611228,0.92569909851552,0.8692039496887733,0.6274092211866165,0.994738205300244,-0.1976570952559798,-0.5502171684262541,-0.4925347288046858,-0.3627745836355615,0.5882467223328499,0.1491341915597281,0.0598291204153101,0.4823767976744237,1.1448558697852895,1.518623753190145,1.4369665533260036,1.3139044175946726,0.4635621061849353,-0.1301849236374763,-0.010358251755999,0.3369105630084476,0.2920880900479886,-0.2307347952783911,-0.2640774544224271,0.0931091066744058,exact,8
GO:1904746,related,,inhibition of induction of apoptosis by p53 involved in development of an anatomical structure,Mistral-Small-3.1-24B-Instruct-2503,-1,0.6010744633596689,0.2298588028239232,0.1006982141667959,0.5354160856434321,0.6288100187500847,0.2528158197898243,0.1199471179282986,0.5685435864985983,0.8062714567541217,0.4511691626243866,0.0305009218173767,0.8065885110731704,0.3140954562083202,0.080187457633833,0.0383324135736186,0.1718587795940762,0.8787973284776741,0.7490311091385427,0.4928805155719513,0.916686540441474,-1.590455318771129,-0.8867325521206041,-0.7303748589505069,-1.458334667313954,-0.2246229846329334,-0.4121733536426245,-0.3834206170774314,-0.3829727914210365,0.862353400103129,0.7695292793532601,0.675177619540309,0.8544442720143518,-0.0673608847765988,-0.4726302432409061,-0.431368683777127,-0.2399038130665353,-0.3417026148543695,-0.6078617822717232,-0.4986986760166066,-0.5180916359569835,related,8
GO:1904746,related,,inhibition of induction of apoptosis by p53 involved in anatomical structure development,Mistral-Small-3.1-24B-Instruct-2503,-1,0.6211282372531675,0.2661647463863519,0.147066455809487,0.5640370436268063,0.7193284486300414,0.4078523304849135,0.2705088473036458,0.6994900243132484,0.7162501606323854,0.3194577307863291,0.0165874542792465,0.6836670639401751,0.3562707049617175,0.1266980406418847,0.0696239714588256,0.2169965117131695,0.8105677321199234,0.5900702339209865,0.3900844251042283,0.808945458258322,-1.5770092552276196,-0.8871537128879553,-0.7395763366795839,-1.4488797466013994,-0.2939095688495047,-0.4558719821956023,-0.4194465672396228,-0.4462192404334341,1.053700531383765,1.2176541724209524,1.1086360329652576,1.1521235067080364,0.1007811354638511,-0.3311359577605335,-0.4117673532196215,-0.0700049783238063,-0.2772568443612237,-0.5704155854458485,-0.4759742575821203,-0.4619866939966376,related,8
GO:1904746,related,,inhibition of commitment to apoptosis involved in development of an anatomical structure,Mistral-Small-3.1-24B-Instruct-2503,-1,0.4519427703237053,0.0026627028599879,-0.0837377502699656,0.3345490982686039,0.5401646410377823,0.1164941684362734,0.0093882792017341,0.4480319192951987,0.7840261969825479,0.4204698136029388,0.0328261604891436,0.7756065044630424,0.5626787805028393,0.2450709593686282,0.170063843743496,0.4487185744939581,0.8091545205279054,0.5937374940039182,0.3636729127795986,0.8067792835743667,-0.3682809330429317,-0.6081386769146168,-0.5124571824281752,-0.5141805590372542,0.4841125726592858,0.0689561540343523,0.0254211661748653,0.3537739330325552,0.586340032378831,0.2108819766743139,0.1273650145778591,0.4886987455848841,0.1940283116858704,-0.3837919326267043,-0.1211876984960861,0.028735308496754,-0.0238789568182276,-0.4467776460085173,-0.4007521028188907,-0.2298639038170644,exact,8
GO:1904746,related,,inhibition of commitment to apoptosis involved in anatomical structure development,Mistral-Small-3.1-24B-Instruct-2503,-1,0.6166369260843975,0.2575405846451831,0.1123918060710871,0.5575896759441094,0.5939582022972136,0.1886190051492254,0.0787117729832682,0.5203310546734379,0.7638202720355403,0.3315511731073378,0.0418924645943538,0.7478205313712477,0.5919168187991471,0.2720921369435511,0.2149524049678783,0.4831915454236817,0.9229807190311796,0.8677879538435372,0.6449415804825006,0.9901159077415068,-0.4866984020965639,-0.6501416649916093,-0.5601010638212487,-0.6155107666661598,0.4238698749650161,0.0051139058902253,-0.0249132060771847,0.282573052198074,1.1279437363931135,1.3945452465652357,1.1893758473317972,1.2826241395357083,0.4269274997613961,-0.1263377609195949,-0.0782353541076611,0.2927145612153904,0.1020480952377631,-0.3644593870040172,-0.3515800602982099,-0.1063661816166201,exact,8
GO:1904746,related,,inhibition of apoptosis activator activity involved in development of an anatomical structure,Mistral-Small-3.1-24B-Instruct-2503,-1,0.4664512349475275,0.025909434341402,-0.0812318072247265,0.3532590679866027,0.56817810865634,0.1526523343784426,0.0489825633898503,0.4853747476677651,0.8071181328466006,0.4120911644430552,0.0306574732437431,0.8077760603777109,0.3921024653878535,0.0697085002630866,0.0056489845285649,0.2558904968648325,0.7199968595391232,0.4155936270652715,0.2429129413592924,0.6748313752016712,-0.439817824568791,-0.630084693776224,-0.529666507784041,-0.5757345550078282,0.1430462100907672,-0.195569576543371,-0.2251921283078964,-0.0249015393422525,0.8341692806859334,0.6325358438516627,0.5033885280703123,0.8142015993338748,0.1250290614537825,-0.4472952981703274,-0.2373934034429231,-0.0446626560411218,0.1217014442174611,-0.3339576498454457,-0.3349392629713465,-0.0865178892808836,related,8
GO:1904746,related,,inhibition of apoptosis activator activity involved in anatomical structure development,Mistral-Small-3.1-24B-Instruct-2503,-1,0.5659455965756999,0.1695925849695977,0.0307309548529247,0.4862758259599722,0.6048292044924842,0.1947250765766857,0.1090907529241198,0.5352486733889401,0.6458840651447764,0.0967116490141425,0.0085604402968024,0.5917564129232533,0.3943230344181596,0.0591616577241126,-0.0076457279207874,0.2583178923699306,0.7336816745425637,0.4380742464925971,0.2942685595053482,0.6945161941931175,-0.6010949063961085,-0.6802280600479501,-0.5708477152107647,-0.7108299295141639,-0.0273161318060502,-0.3049754555593202,-0.3157547496493464,-0.1959794942014924,1.0723237701427013,1.2106964982766988,1.017089191075531,1.1838987051621397,0.2604883174497771,-0.2910474027057879,-0.2810180017441445,0.1013545576750767,0.1637017248080442,-0.2978929381959357,-0.3145667865966201,-0.0435352144598231,related,8
GO:1904746,related,,downregulation of signaling (initiator) caspase activity involved in development of an anatomical structure,Mistral-Small-3.1-24B-Instruct-2503,-1,0.4980767399699745,0.0732894785718746,-0.023329293402258,0.3946216242759982,0.2450851518478491,-0.2045080440587072,-0.2632072000174834,0.0878390576431246,0.7665311749425497,0.4135561671980332,0.0269546510450411,0.7515292386223756,0.0587328845588295,-0.1445861467732362,-0.1949413328278812,-0.0884336177041615,0.6814209369998178,0.3527032373615874,0.1943276697111742,0.620350130441643,-0.6596599747121715,-0.6936620480171514,-0.5954962878644472,-0.7587319455458867,-0.6518853611936373,-0.5246036569619406,-0.4960832850170203,-0.7565882713312706,0.8779938122258647,0.7955673169638593,0.6328230932121404,0.8771206060195534,0.2023008727742128,-0.3332618367680768,-0.1162123250231425,0.037668341128183,-0.0542338786309121,-0.4418494613684677,-0.4106312959079339,-0.2587519211763717,related,8
GO:1904746,related,,downregulation of signaling (initiator) caspase activity involved in anatomical structure development,Mistral-Small-3.1-24B-Instruct-2503,-1,0.510457046159183,0.094951743078519,-0.0276962948118301,0.4110380723380775,0.3442769315041453,-0.1139220688346231,-0.1747372537477948,0.202973513812831,0.8538450318322003,0.5557723324153578,0.0425480606668789,0.8743104742300164,0.0197701299909211,-0.1806439329704939,-0.2332985649098753,-0.1264189337440775,0.6709471807513295,0.3340685416310702,0.1993516856060409,0.605803710439541,-0.7322959476850481,-0.7129552071649407,-0.6158323607080788,-0.8173566605902873,-0.6140230309854656,-0.5054589310331462,-0.4826786452357086,-0.724916422909594,0.9463979495926296,0.928544563412416,0.7755632716231895,0.9794455203298388,0.4127772168213124,-0.0878324374518271,-0.0964981385129984,0.2758599428588464,0.0053299023462065,-0.400610869197834,-0.3858022796543838,-0.2017567140390845,related,8
GO:1904746,related,,downregulation of induction of apoptosis involved in development of an anatomical structure,Mistral-Small-3.1-24B-Instruct-2503,-1,0.6570677648456171,0.315412713418679,0.1521225425998682,0.6164401071263251,0.4230887853362627,-0.0206081768348002,-0.0958686652593891,0.2984691120930844,0.6948080885903586,0.2786779947315594,0.0217081415620893,0.6552980046896769,0.4977732105117035,0.2583117286098189,0.1696345796803846,0.3737527252065992,0.7277716841692162,0.4308463867116245,0.335618915411515,0.6859912695036342,0.0961292770567269,-0.4061102873334019,-0.3803513584905389,-0.0837563240868615,0.8647675994847306,0.6859402813770917,0.5649058030924634,0.8699943533283142,0.9975238816107193,1.033735652729643,0.8844705019840906,1.0596660111711131,0.2833436622955596,-0.3129615190666048,0.0545641459502597,0.1267948762681031,0.4231221128512703,-0.1329974089235072,-0.2109559475946947,0.2421812747882071,exact,8
GO:1904746,related,,downregulation of induction of apoptosis involved in anatomical structure development,Mistral-Small-3.1-24B-Instruct-2503,-1,0.6969451850789203,0.3930186125327701,0.2150365191601254,0.6763887700463738,0.5622289160127248,0.155015036729597,0.0616410099790801,0.4773895496497001,0.7529539540941128,0.3008803012134884,0.0269691088910774,0.7330130692358865,0.52307631202395,0.2821968676128322,0.1804092218522821,0.4027304108034626,0.8073653168609467,0.5852818324659204,0.5184797831348039,0.8040403682623843,-0.0854401189055203,-0.5024239104428412,-0.455905015334671,-0.2592211634496766,0.7366568145402611,0.3804749619178839,0.2810450068129596,0.680460599009655,1.204515334994935,1.746223269857378,1.5244268838889763,1.429792248681902,0.561878477937324,0.0223243543032155,0.1369749527149771,0.4598586650412116,0.4705013025122547,-0.0759993745416612,-0.1705996575758938,0.2989369181245536,exact,8
GO:1904746,related,,downregulation of induction of apoptosis by p53 involved in development of an anatomical structure,Mistral-Small-3.1-24B-Instruct-2503,-1,0.6566255862228094,0.3301074377017876,0.177742909425975,0.6157863212677018,0.574952003373773,0.1894397046959064,0.0746375527309768,0.4945036540024446,0.7117901018888685,0.2818177005777184,0.0265961387952068,0.6777389985432495,0.3475960696553891,0.1268489485331691,0.0513977135848444,0.2076569138898514,0.8194316372429478,0.613451862977447,0.4199679917401836,0.8225895841417523,-1.163284954475407,-0.8066461795061227,-0.6757839286798515,-1.1497424990181735,-0.05921620816563,-0.3085349837958269,-0.3100677035856284,-0.2269615445595141,0.9592554328498027,0.9515769259808804,0.8145210298881512,0.9992975624818824,0.0159537850712906,-0.4123954507545201,-0.3788624663765678,-0.1569403999312606,-0.2086257005497716,-0.5590856848653775,-0.4725581742057562,-0.401017921889972,related,8
GO:1904746,related,,downregulation of induction of apoptosis by p53 involved in anatomical structure development,Mistral-Small-3.1-24B-Instruct-2503,-1,0.621341678821095,0.2682684308612489,0.1346147878078858,0.5643439880036716,0.6774293898797149,0.3484538043503471,0.2019562356921472,0.6377845659757634,0.6391880118115766,0.1492534117901467,0.0161919845671363,0.5831825654354238,0.3720960476212633,0.1590406055729544,0.0704147169469366,0.2341110143596734,0.7711944470768647,0.51016389570485,0.3719480870755858,0.749501253788641,-1.1613800067355766,-0.8111989998035062,-0.6881060690550425,-1.148324599340267,-0.0985936676428551,-0.3326033535701715,-0.3221491076682519,-0.2647890251111706,1.1311831555221874,1.4496752835174047,1.2968729867172426,1.2885669090500005,0.137091187555027,-0.2947564140876816,-0.3832666725868883,-0.0319707157913198,-0.1489989661088589,-0.5198228623945731,-0.4490014401318726,-0.3469537169490829,related,8
GO:1904746,related,,downregulation of commitment to apoptosis involved in development of an anatomical structure,Mistral-Small-3.1-24B-Instruct-2503,-1,0.5744290298390639,0.1774988190756081,0.0611336149761819,0.4980308210958345,0.4384700226019048,0.002556804097561,-0.0797914624459934,0.3175649921861451,0.8085863461615128,0.446703681902481,0.0446854729556701,0.8098368534091667,0.5877750602961067,0.3001135805350931,0.1961107633752011,0.4782804643211106,0.7789022846131465,0.5342369368580518,0.3355801475361544,0.7609936413751482,-0.2812584022640981,-0.5749013058638506,-0.4959542810850099,-0.437810730351159,0.585855378639901,0.2413828830044589,0.1576110506094285,0.4793370018997206,0.2347574873915368,-0.1366076670991355,-0.1542809833558374,0.0887686030770507,0.3120417000012646,-0.2643686414942062,-0.0182638268765866,0.159095528797755,0.1881441811440732,-0.3234491124147483,-0.3335947974511459,-0.0181512241956496,related,8
GO:1904746,related,,downregulation of commitment to apoptosis involved in anatomical structure development,Mistral-Small-3.1-24B-Instruct-2503,-1,0.6269141028176416,0.2713870460872244,0.1250282398399302,0.572375166733683,0.5126155536830128,0.0873226052154363,0.0169662704909161,0.4119265021046163,0.7235238779723173,0.2484656272448809,0.0513556878878952,0.6933660277583786,0.5801689356131771,0.2827760702154308,0.1556915954312857,0.4692855956076563,0.8408891160024874,0.6648798385165772,0.5104220418610579,0.8560407604909945,-0.4002756123011027,-0.6205826775414032,-0.5420038063544093,-0.5418420062910498,0.5060012162760408,0.1270606349894077,0.0550726340419101,0.3801963150629729,0.2795512054331207,-0.1488994338947126,-0.1510365107409812,0.1366905447795283,0.5627770788090876,0.0582461363278328,0.0643414392894172,0.4610139050592717,0.2968410765644377,-0.2330181809807293,-0.2739707932450195,0.0983341170865046,exact,8
GO:1904746,related,,downregulation of apoptosis activator activity involved in development of an anatomical structure,Mistral-Small-3.1-24B-Instruct-2503,-1,0.5346614590120556,0.1209012221663948,-0.0020457571373181,0.4435151386958672,0.5068317673875363,0.0905824567688276,-0.0118649139337136,0.4044212714712103,0.8084162412374784,0.4038983343068702,0.0262194440590442,0.8095979971740235,0.3972938953082076,0.1044516661778633,0.0313294188343837,0.26156863098011,0.6473504367378176,0.2966287465801216,0.1729496998548906,0.5733975193807261,-0.196540139474011,-0.5431392807218447,-0.4658267797212106,-0.3617603366947793,0.3664111661429468,0.0512105281027177,-0.0194050113790683,0.2165853721059531,0.2885822836870474,-0.1148452989929971,-0.1495171410782507,0.1464460285278475,0.2126551568049379,-0.3528324017487426,-0.1829498135247076,0.0488909645144188,0.3493427173326624,-0.1707933285116583,-0.2394445221235016,0.1569230439042411,related,8
GO:1904746,related,,downregulation of apoptosis activator activity involved in anatomical structure development,Mistral-Small-3.1-24B-Instruct-2503,-1,0.5444276274312061,0.1351227537951007,-0.0055745566057899,0.4567668209946938,0.6176043210804116,0.2383240876657707,0.1266624758387532,0.5529181440384139,0.8579437138253365,0.4699100583001314,0.0335563894865812,0.8802432763453574,0.3644444631149541,0.0523346713010699,-0.0472050290255252,0.2258237628948536,0.6782811870866646,0.3448303855030799,0.2423125713364835,0.615978802950228,-0.3943439952322003,-0.6173356292946768,-0.529628578165384,-0.5367300537575623,0.2329550247083563,-0.0721360133534451,-0.1241289870574866,0.0696829642124738,0.4031667160521224,-0.0551962594485875,-0.0910445569877173,0.2731528821367537,0.4053760912641391,-0.1070971504255132,-0.156711095118839,0.2670908982649999,0.3659371471863686,-0.1482321495172035,-0.2286132778754883,0.1757890946524561,related,8
GO:1904746,related,,down-regulation of signaling (initiator) caspase activity involved in development of an anatomical structure,Mistral-Small-3.1-24B-Instruct-2503,-1,0.522671882989542,0.1035163812083516,-0.0092758284357223,0.4273635462493744,0.338895401022452,-0.1144813090240752,-0.1886243811153874,0.1965887078498828,0.922773702226442,0.6643454244620096,0.0573384546856701,0.9763407884838372,0.1316447075882267,-0.1006970808274656,-0.1641796454477461,-0.0162019577850306,0.8643648510723403,0.7180965234437012,0.4484605318623321,0.8933548147148248,-0.7397704621347634,-0.7168772147868511,-0.614960733209108,-0.8233418294139355,-0.6656234574238539,-0.5330264303631733,-0.5037302858783269,-0.7680195611369843,0.9181786403478398,0.8931338743342447,0.7561769415988654,0.9365836609068926,0.4268152640120987,-0.0928585414771486,0.032954644754841,0.2925804105106031,0.0303038510404965,-0.4069333296627914,-0.3856379760545388,-0.1774749729187037,related,8
GO:1904746,related,,down-regulation of signaling (initiator) caspase activity involved in anatomical structure development,Mistral-Small-3.1-24B-Instruct-2503,-1,0.5606637868312502,0.1660834072604485,0.0238373947808225,0.4789921326199966,0.3806834123183945,-0.0787339353999795,-0.1425583856152135,0.246613429888786,0.9547087850236669,0.7622250328264051,0.0562193512090109,1.0253648731217098,0.1123631897079592,-0.1210083628343685,-0.1914865185283291,-0.0354540459780914,0.8362086629316754,0.6527547087829976,0.4239590909960078,0.8486921232006783,-0.8010657400384169,-0.7333702655906257,-0.6353384216231487,-0.8721016294998597,-0.6740859192051248,-0.5341590299137423,-0.503821209784039,-0.7750452582170293,0.973795185365014,1.014171021478019,0.8706304190486214,1.0220025015662582,0.5401776600667985,0.0722181284311867,0.0274883194417112,0.4321413363363517,0.0712958441863785,-0.3733551011605112,-0.3650690188613669,-0.1370991210866876,related,8
GO:1904746,related,,down-regulation of induction of apoptosis involved in development of an anatomical structure,Mistral-Small-3.1-24B-Instruct-2503,-1,0.6826960484838831,0.3621489693272383,0.1665281941249871,0.6547383368586837,0.5748487214756395,0.1736272728634255,0.0735475930344986,0.4943641687535646,0.8309524497026495,0.5308552946268145,0.031153100227015,0.8414652736215811,0.6250107511235502,0.4138294890014907,0.3113035927258732,0.5227724512692076,0.8896773290370178,0.7758161208881844,0.5736658972524203,0.9344814265767968,0.0411698804358786,-0.4391081196369381,-0.4033335474836209,-0.1379984856427938,0.8178250946743472,0.5612344444801293,0.4538471057253653,0.7981513744837574,1.019257021383279,1.124646999722577,0.9870918341286276,1.094862437763475,0.4676140311977874,-0.1020222410734594,0.1775989845675167,0.3418499047349086,0.4197871273061818,-0.1611412786770587,-0.2238934143028272,0.2382480237195526,exact,8
GO:1904746,related,,down-regulation of induction of apoptosis involved in anatomical structure development,Mistral-Small-3.1-24B-Instruct-2503,-1,0.7486522739711431,0.5029244260438831,0.3092375444120377,0.7572790816436977,0.6557782424973063,0.2997018992177211,0.2054787249510779,0.606651908578283,0.8656180628981186,0.5730317186340096,0.0390787268571596,0.8913955298152454,0.6949422936598567,0.5147008694139228,0.412921852690604,0.6085162985736069,0.9019294845824952,0.8041404843979492,0.6379535829991089,0.9547403239299898,-0.0450125566002347,-0.4887126690598717,-0.4518942109049959,-0.2210487990255304,0.6750710501580847,0.2666249227881562,0.1765303468494686,0.5958641925912546,1.124256135709821,1.443026646795695,1.379159087254144,1.275886602328541,0.657504051216111,0.1932161008111189,0.2085690250953547,0.5864003168607191,0.4803447473920488,-0.0893809630695436,-0.1806426759866953,0.310942453802273,exact,8
GO:1904746,related,,down-regulation of induction of apoptosis by p53 involved in development of an anatomical structure,Mistral-Small-3.1-24B-Instruct-2503,-1,0.6737141213957502,0.3600457471565454,0.1821288250709798,0.6412239459256579,0.6551166171047518,0.3069887499074968,0.1720770696507064,0.6057082329449252,0.9138189479901702,0.6764377700068934,0.0505942696197051,0.9628028028971672,0.416262518548277,0.188972429013953,0.1112266198032663,0.2824106374629047,0.904928777686044,0.8156483788862604,0.5476820738694076,0.9597360140497472,-1.1819176175948407,-0.8145039703965242,-0.6842897610535313,-1.1635898240885083,-0.1811763674309632,-0.3828461570684548,-0.3722197722137058,-0.3427063174459436,0.9415964931164644,0.94198581145433,0.8707216611747094,0.9720849203039964,0.0748132144878714,-0.3459806949850546,-0.3698958139224776,-0.0968968825039612,-0.1072107664495819,-0.5205798884363355,-0.4455559194094694,-0.308417890315001,related,8
GO:1904746,related,,down-regulation of induction of apoptosis by p53 involved in anatomical structure development,Mistral-Small-3.1-24B-Instruct-2503,-1,0.6613762254203644,0.3380595589411892,0.1991044224609962,0.622822602997733,0.7352618169451041,0.4499364796894066,0.3029271273859636,0.7234927309448679,0.9008905889107874,0.6124992030238945,0.0485865839047659,0.9434118419654915,0.4618439776714744,0.2485132732470315,0.1668230135579828,0.3331232469724786,0.8162810829598249,0.6008987373654061,0.417706143675937,0.8177285347198966,-1.1403438160226658,-0.8108052843710849,-0.6911842430049339,-1.132639553521011,-0.1739423998605797,-0.3800734256409515,-0.3648081440084111,-0.3359545266239806,1.0517988144508703,1.2076514653722576,1.185740007729661,1.1489120291729504,0.10782053306469,-0.3005624494020819,-0.3833045648397213,-0.0626712126680586,-0.0395425010269795,-0.4775524634920275,-0.419110052403923,-0.244810728035259,related,8
GO:1904746,related,,down-regulation of commitment to apoptosis involved in development of an anatomical structure,Mistral-Small-3.1-24B-Instruct-2503,-1,0.6047537232211442,0.2231076236006989,0.0797741671727176,0.5406352906339245,0.5687038368145083,0.169199758702535,0.0447484160910859,0.4860818431078595,0.894903434378654,0.675100209035753,0.0347439800989164,0.9344923232371196,0.6642470837276527,0.398714681015408,0.2839049490264129,0.5705148223594734,0.9448854987074587,0.929254904595046,0.6432712141678424,1.0277307364351334,-0.2994510524997259,-0.5850099767043414,-0.5073014748624392,-0.4539179089112475,0.5818983470047657,0.2300579211545617,0.1572089523564619,0.4743164518575056,0.9985360779016532,1.056233797576478,0.890045193821646,1.0612900353918495,0.5455299470412558,0.0268483463361612,0.1804852440832259,0.4389455389918129,0.2802311663507821,-0.2802194854825132,-0.307816601462628,0.0801296853069167,related,8
GO:1904746,related,,down-regulation of commitment to apoptosis involved in anatomical structure development,Mistral-Small-3.1-24B-Instruct-2503,-1,0.6864462237848653,0.3779318916041217,0.1998922724647872,0.6604110675093671,0.6220477723670277,0.2467241879870511,0.1378188165374446,0.5590998430863916,0.8777174491124107,0.5798870463991184,0.0504661645040084,0.909095960598737,0.7045789571204067,0.4555107792238633,0.3388171812303289,0.6205700987888252,0.9656990370168128,0.9898552394988204,0.772731232202726,1.0642843709220444,-0.3948562660658101,-0.6228200216664175,-0.5432664324936572,-0.5371718265326364,0.4768174454036606,0.0791931622061629,0.0248278938266583,0.3450351625083682,1.1047775886413074,1.35554487354593,1.1540722946457098,1.2407672642151697,0.6827706774783279,0.2656413107970624,0.2083825908839243,0.6211515047103643,0.3515641489853943,-0.2115320573002514,-0.2655321244777742,0.1594385783390128,exact,8
GO:1904746,related,,down-regulation of apoptosis activator activity involved in development of an anatomical structure,Mistral-Small-3.1-24B-Instruct-2503,-1,0.5739819844704076,0.1761511558516095,0.0327488366225683,0.4974096302622841,0.6034259684779936,0.2271235666008074,0.1131099829462412,0.5333170465442614,0.9025897138872848,0.6600781120218265,0.0362435142718468,0.9459500718584646,0.5514637192107142,0.2871407884683983,0.193598927762147,0.4356144753505576,0.8791841249225842,0.753220282282771,0.5109115573134634,0.9173160890086792,-0.1270177235276847,-0.5184949720984455,-0.4576817751260786,-0.2979885985961753,0.3034436006055437,-0.0106987474772025,-0.0731685706022632,0.1462306051696978,1.0102591779665244,1.0892823640002969,0.8870919364402703,1.0802065735492494,0.4091542182388963,-0.1305325687772123,-0.0599186656478418,0.2715633628102812,0.3937558700273511,-0.1537822758414918,-0.2368728053090286,0.2078124862022955,related,8
GO:1904746,related,,down-regulation of apoptosis activator activity involved in anatomical structure development,Mistral-Small-3.1-24B-Instruct-2503,-1,0.6086547676434303,0.2335897562745301,0.0725034723975186,0.5461846015738396,0.6669156032719737,0.3227309586034148,0.2421919253551269,0.6226050225586325,0.7824914041385453,0.4957515459128732,0.0198144998689027,0.7734842500929354,0.5597554271759627,0.2818876041538787,0.179197448975856,0.4452965648197375,0.8676472186690916,0.7225954304201034,0.5190354578974434,0.8986342921604062,-0.23103760593039,-0.562731698989759,-0.5036638097343749,-0.3929404549200739,0.1596840908639083,-0.1359146917002166,-0.1755169696783253,-0.0076401884680546,1.100386191406134,1.3515313098171753,1.1000704334072535,1.2329552636499108,0.4503568911465788,-0.0312783472893306,-0.1051054127101585,0.3208847870883776,0.4343912988823997,-0.1045407587195564,-0.2069827746223334,0.2555307051116475,related,8
GO:1904746,related,,down regulation of signaling (initiator) caspase activity involved in development of an anatomical structure,Mistral-Small-3.1-24B-Instruct-2503,-1,0.5010725696644374,0.0700864279945685,-0.0321478868495783,0.3985822873503367,0.3927759365118906,-0.0587798221216776,-0.1422295294012951,0.2612854984676238,0.8519619472319735,0.5343056569549745,0.0481560002205799,0.8715901232726009,0.1601127957227907,-0.0732598583142768,-0.1376657737347196,0.0124277417539672,0.8136124035773444,0.6041682572504359,0.3532860767362121,0.8136208660578308,-0.673508400944589,-0.6980222297451947,-0.6003785614941654,-0.7699748685811466,-0.70510325744105,-0.5504890107368259,-0.5157140881495901,-0.8006948881459726,0.9221697532941308,0.8837485863010046,0.7290120275570372,0.9425883718618044,0.4008230372050609,-0.1227579639064383,0.0011659051649408,0.261711992099474,0.1058253030654048,-0.3575563816838479,-0.3569744454395374,-0.1025642556887361,related,8
GO:1904746,related,,down regulation of signaling (initiator) caspase activity involved in anatomical structure development,Mistral-Small-3.1-24B-Instruct-2503,-1,0.5641796630820969,0.1711596378240699,0.0313957830356855,0.4838376110009864,0.4444743506948994,-0.0054066581458936,-0.0734932151137087,0.3250623223412031,0.7885366714388443,0.3823924907406924,0.0453196029708168,0.7818547338142108,0.1504343583704865,-0.0889702324850038,-0.1576170621314441,0.0026665456630558,0.7947371692405288,0.5637956906351548,0.3474005907987147,0.7848215073502837,-0.71152406894642,-0.7089527742645213,-0.6135720620001653,-0.8006777986362292,-0.6517088135689064,-0.5285982663865173,-0.4990148263601874,-0.7564411604204573,0.9591000111112624,0.9546060893766756,0.8074798945929568,0.9990563403790323,0.5263476421947736,0.0555711604063967,-0.0051325380126887,0.4146546095570611,0.1619705045537084,-0.3125520596227827,-0.328265245096858,-0.0453226012023795,related,8
GO:1904746,related,,down regulation of induction of apoptosis involved in development of an anatomical structure,Mistral-Small-3.1-24B-Instruct-2503,-1,0.6667609320770399,0.324813826208302,0.1452626456478285,0.6308308007401852,0.5876774204016962,0.1936957072324505,0.0868758089958425,0.5117608546479423,0.8997333366334765,0.6499373671340656,0.0458953200303299,0.9416848426309824,0.6465075139106649,0.4231045672113845,0.3267966367551883,0.5488167504205128,0.8823973445515305,0.7583151384646974,0.5612794792771996,0.9225546323469288,0.1769406665924165,-0.3632206397883586,-0.347340084454632,-0.0020140232065501,0.8445449456939583,0.5967932110005865,0.4841245739277198,0.8386708666085025,1.0805234887197188,1.268818757017572,1.1020455542102423,1.198082339441889,0.4489035454247849,-0.1324020100474724,0.1739730761395223,0.3191276338076294,0.4929457603908207,-0.0788733300511296,-0.1713984431963849,0.3264239226045077,exact,8
GO:1904746,related,,down regulation of induction of apoptosis involved in anatomical structure development,Mistral-Small-3.1-24B-Instruct-2503,-1,0.744172086792884,0.4887711500541901,0.2768992240509139,0.7501176034811533,0.6880596598312156,0.3578896665694254,0.2638754158263061,0.653253361707078,0.8486110341696037,0.4789819166260605,0.0524179536610257,0.8667576556438579,0.7185564193917672,0.53249654152488,0.4272396084745597,0.6381615393765611,0.9544473661305164,0.9515045877961216,0.7585513557628706,1.0444220332806882,-0.0305347255945255,-0.480590868424748,-0.4375613706705264,-0.2072599319459533,0.6947995336921042,0.2670267307377926,0.1835978447953278,0.6225643930666174,1.2584129546836609,2.0208144123116547,1.8309584281189688,1.5434426185260426,0.6634568351931787,0.1904451292028802,0.2211182798314437,0.5945346698792567,0.5522210906608832,0.0008740317071701,-0.1231307033642915,0.4010485967065685,exact,8
GO:1904746,related,,down regulation of induction of apoptosis by p53 involved in development of an anatomical structure,Mistral-Small-3.1-24B-Instruct-2503,-1,0.6700807479951322,0.3509997615109064,0.1745565353541545,0.6357856258783181,0.6656498176031195,0.3243637341844657,0.1835619608231762,0.6207854075098982,0.8051711626866686,0.456221336134357,0.0392019956309325,0.8050461640572585,0.4668777316278543,0.2386031041619431,0.1608844870225591,0.3387798867506958,0.8949628268261249,0.7901449322917736,0.534147631985035,0.9431919841139368,-1.0873083823915963,-0.7952492987610202,-0.6682238971974107,-1.092868952420345,-0.0636066581035113,-0.3285136270555914,-0.3245893209061927,-0.2312016810655534,1.0340269740206676,1.1606358166945183,1.0481628815282056,1.1191866042220189,0.1012829793874613,-0.3313667985929588,-0.3477720081208399,-0.0694827749759171,-0.0367415879001436,-0.4797917415425579,-0.4221751739073137,-0.2421443194822219,related,8
GO:1904746,related,,down regulation of induction of apoptosis by p53 involved in anatomical structure development,Mistral-Small-3.1-24B-Instruct-2503,-1,0.6736077482364898,0.3596637953525783,0.1912468715965384,0.6410644982106423,0.7734101120263717,0.5319502161134556,0.3781125993355954,0.7822641110148686,0.8331799775314075,0.4823361767872988,0.0474377133894008,0.84463988237173,0.5131275730191187,0.2980193798217291,0.2009966125859595,0.3913000798198245,0.8578152419967949,0.6955225983338924,0.5039705360188459,0.8828665169833703,-1.0739136600229475,-0.7967064747220532,-0.679773137137906,-1.0827720929218971,-0.127625354764601,-0.3643499701075185,-0.3460987722746422,-0.2923936776143362,1.1781625528554458,1.6525956206484045,1.5288870900522138,1.3774645882321344,0.1663554081489075,-0.2597068302647263,-0.3514479441425927,-0.0009362762461963,0.0338369851929368,-0.4314383168688012,-0.3932823580345854,-0.1740207142508715,related,8
GO:1904746,related,,down regulation of commitment to apoptosis involved in development of an anatomical structure,Mistral-Small-3.1-24B-Instruct-2503,-1,0.5685882395714421,0.1605682268884293,0.0246921755805944,0.4899301078485689,0.605724573128183,0.2276048620178702,0.0961814165121873,0.5364821395743652,0.870543793492499,0.5656361077943931,0.048369710610535,0.8985839223041066,0.6841003305578108,0.4029084335940194,0.2871843274977909,0.5950261365637162,0.9160270265187728,0.8495688420183549,0.5892185502640019,0.9783491427625712,-0.1795283362601786,-0.5377089129642517,-0.4680347250163317,-0.3462732610612531,0.5884909533425816,0.2111252831052607,0.1334501844792412,0.4826875002909018,0.376022651539373,-0.0289079737865827,-0.0787590384296751,0.2426252282384689,0.4938242956069635,-0.0427174148904713,0.1232259874497235,0.374055522084994,0.327814696763098,-0.2342731361598394,-0.2816439772789496,0.1327012825437052,related,8
GO:1904746,related,,down regulation of commitment to apoptosis involved in anatomical structure development,Mistral-Small-3.1-24B-Instruct-2503,-1,0.6897938496792348,0.3834812842231533,0.1840407916487676,0.6654900887640722,0.658882135330687,0.310474044816854,0.1878608367785556,0.6110849912479913,0.79478975923457,0.3858786078802781,0.0564910571038077,0.7905451082594168,0.7164710011877247,0.4390185270711627,0.3260833848726615,0.6355287003094524,0.9705912557390282,1.0052142383924343,0.7714868258727695,1.0729972636068503,-0.350098931347275,-0.6062836945183033,-0.5228208812577745,-0.4983634423820191,0.5021045288636772,0.0836099039711364,0.0267604333895465,0.3754699993491435,0.3536155288188662,-0.1087579064561774,-0.1451813287183956,0.2176712312110063,0.6660125218411932,0.23366204779892,0.1717762926346618,0.5980368645654235,0.4263126150368316,-0.1347812383632729,-0.2195193145137365,0.2459515051022414,related,8
GO:1904746,related,,down regulation of apoptosis activator activity involved in development of an anatomical structure,Mistral-Small-3.1-24B-Instruct-2503,-1,0.5799611293700084,0.1847239802899456,0.0318118764597969,0.5057341813626225,0.6133433603656856,0.2400664898867479,0.1242954615544248,0.5470078266895394,0.9398934928163644,0.6983163344337765,0.0483044557532659,1.0024741084314364,0.5786253493580639,0.2972198152296931,0.2024226707347434,0.4674639575478716,0.8178196252434898,0.6121140480610423,0.409079777232071,0.8201007959900274,-0.1346097522220811,-0.5199812352313633,-0.455813979473164,-0.3050155194889553,0.3870142331759221,0.0586987806527206,-0.0186736505188863,0.2400419316951326,0.4208280995234882,0.0109283286085518,-0.0260361268075947,0.2931966676752963,0.358139138357606,-0.1854408311000295,-0.1109403597739048,0.2118504797927844,0.4446578736008094,-0.0964141073848314,-0.2011474408194839,0.2677725314027264,related,8
GO:1904746,related,,down regulation of apoptosis activator activity involved in anatomical structure development,Mistral-Small-3.1-24B-Instruct-2503,-1,0.6208550042362437,0.2527765964117479,0.0811748495654306,0.5636441872012063,0.6872699027605256,0.3553334312853003,0.2583799251414466,0.6520998823061218,0.8468276264366279,0.4733491750850545,0.0330740365694817,0.8641900765374138,0.590035355478375,0.2991370765457841,0.1729646191849089,0.4809594527135423,0.8293111531431104,0.6352141844574426,0.4655817306135504,0.8379159206768725,-0.3110271563633101,-0.5908706747780434,-0.5208803040250783,-0.4641273271271224,0.2485193491398888,-0.073351391098078,-0.1290546815512306,0.0863954256126094,0.6118389724515589,0.1580034333064005,0.1150080731539558,0.5201839805456572,0.4398782184510272,-0.0471152870615333,-0.1245281233212933,0.3082446608021938,0.4838840736884688,-0.0469869141957015,-0.1688983382214431,0.3152779362350428,related,8
GO:1904746,exact,,negative regulation of programmed cell death by apoptosis involved in development of an anatomical structure,Mistral-Small-3.1-24B-Instruct-2503,-1,0.6237117840493205,0.2461381954145465,0.1055582008248609,0.5677557103474907,0.6540915636796674,0.2910320379657404,0.1814527447982259,0.604247085174658,0.9102848450096096,0.6891601473317668,0.0542501846601592,0.9574841368405398,0.6990885571904394,0.48666594361543,0.3490479867466707,0.6136951885957871,0.9142723968357168,0.8421949143773315,0.574752903536007,0.9753928745867928,-0.3154436383163244,-0.59098249318676,-0.5196746408071524,-0.4680143523235419,0.5274629652898091,0.1935280249535256,0.1072198730699791,0.4064067455029748,0.8953111173829775,0.7916593628458355,0.6806360453519459,0.9025282585356352,0.7338064888037559,0.3694061725944412,0.2476959188093028,0.6932334574164157,0.6811616527870143,0.1614104764651404,-0.0271736405390547,0.5753841281237382,exact,9
GO:1904746,exact,,negative regulation of programmed cell death by apoptosis involved in anatomical structure development,Mistral-Small-3.1-24B-Instruct-2503,-1,0.691379713576443,0.3835219507521657,0.2092163968028834,0.6679012095492249,0.6658913264025144,0.3030955803837895,0.2092608548048477,0.6211324557634503,1.0674240792459906,1.0473757508086854,0.0845969550295889,1.2090152980593514,0.7173449765308957,0.5033646616615612,0.3767263902986897,0.6366317400281475,1.0611815761857737,1.3203603986260788,0.9917474565599068,1.2438932533745868,-0.412715769122342,-0.6293546908147878,-0.5538372731512102,-0.5525393351439885,0.4733480603255187,0.1149270613182541,0.0136457849594938,0.3408908128675643,1.089491029784934,1.2841648406295458,1.107779220825992,1.2137346493689949,0.7435352551234286,0.3921838864592707,0.2806310468166541,0.707279580863992,0.7498382056543178,0.2869224781787489,0.0597614203796727,0.6766150044206625,exact,9
GO:1904746,exact,,negative regulation of apoptotic programmed cell death involved in development of an anatomical structure,Mistral-Small-3.1-24B-Instruct-2503,-1,0.6907373031244394,0.3686891672758536,0.2006277324903133,0.6669241070924012,0.750544431646363,0.4766047271343204,0.3450051573846223,0.746810509665808,0.825505243605856,0.6119775997549824,0.0385008391075028,0.8337210725837708,0.7961153831048389,0.6275142704882846,0.4734182395822633,0.7382431016654644,0.981540404266177,1.0388151095082,0.7504234749631211,1.0926711249629772,-0.1680446465113436,-0.5304422486688476,-0.4643222870503935,-0.3357763897189837,0.5913617889678251,0.2989637761809205,0.2039213685707246,0.4863430896277143,0.7945650847192599,0.5022043462731959,0.4261705755231844,0.7589218996409239,0.7561285351210296,0.4132489788199708,0.2749802491630849,0.7256149585096143,0.6960645953102548,0.1929386167651477,0.0022239248021677,0.5967889190101825,exact,9
GO:1904746,exact,,negative regulation of apoptotic programmed cell death involved in anatomical structure development,Mistral-Small-3.1-24B-Instruct-2503,-1,0.7889239006181757,0.5992280158418458,0.3862434119848014,0.8230747129648113,0.798202426912164,0.5741662774207016,0.4588597889693455,0.8215155000543808,1.1057812002046676,1.159604120500994,0.0865179124343592,1.2759848550602395,0.8471864230620869,0.7090539809572335,0.5587736123609706,0.8066417153697939,1.1001810300278856,1.4879876013464803,1.1818702448814231,1.32411746010552,-0.2340739610421497,-0.5625310868084727,-0.4980426214635546,-0.3956706415979862,0.5330431749712581,0.2118699133641252,0.1223188977999397,0.4132723061201519,1.1789460152670186,1.5868673985846091,1.4305382803067088,1.3789930892316251,0.6152333514966427,0.1946546984874071,0.2290027038849332,0.5295351414577076,0.7491503616605683,0.2950352576818606,0.0829657514553179,0.6755664486012053,exact,9
GO:1904746,exact,,negative regulation of apoptotic process involved in development of an anatomical structure,Mistral-Small-3.1-24B-Instruct-2503,-1,0.7591880834837654,0.5127666781408431,0.3585938732541089,0.7742414742820146,0.7654519699807161,0.506485052185843,0.3542003524448147,0.7698458854972614,-0.8057786564232928,-0.6058218849345485,-0.0868036756202168,-0.8796561679943167,1.0403132678610847,1.1037422805522,0.9705744410536292,1.0877936089383875,0.9633588104814068,0.981389808418725,0.7157592761702143,1.0601331111453876,0.4486898854349289,-0.1687925338150289,-0.1884803371199814,0.2938741419696049,1.0239034695585891,1.212815621864769,1.066722422042298,1.1412207807644954,0.886277106643418,0.644501446414934,0.5100006691460411,0.8892336452080462,0.804620097836588,0.3987370305657738,0.5104453786465085,0.7979302418354484,0.8407925445247326,0.4712303901768488,0.2094654354882466,0.8226428221536352,exact,9
GO:1904746,exact,,negative regulation of apoptotic process involved in anatomical structure development,Mistral-Small-3.1-24B-Instruct-2503,-1,0.885265306185919,0.8746050620940937,0.6633009692633014,0.9926123433156168,0.8343557505926422,0.6722365443063053,0.5396608000909342,0.8803878174360509,1.0465665985605437,0.909481571318949,0.0672556457634186,1.173638379517158,1.1638988693281067,1.5060074005622417,1.3733913944360407,1.2930584944099874,1.197913039024508,2.0378302172248666,1.753229237627408,1.5501358386115476,0.1647393413105292,-0.3752319780716531,-0.3604291149010993,-0.0145156322923797,1.0298163879277529,1.215755628941623,1.029641771612212,1.1523510433904876,1.402492816291415,3.340383981846717,3.3725530018990946,1.9153043999440724,0.8994492977095321,0.6965946467220296,0.512590904083106,0.9483600751187332,0.8560154144869263,0.5207086978607783,0.2404291159771523,0.8487131884797103,exact,9
GO:1904746,exact,,negative regulation of apoptotic cell death involved in development of an anatomical structure,Mistral-Small-3.1-24B-Instruct-2503,-1,0.6994640736802289,0.3896626013818854,0.2335163437389183,0.6802435446953851,0.7819095133426968,0.5465872147054014,0.3965144035624166,0.7956227254846981,0.9840168628175916,0.9151368458009264,0.0761290145535201,1.071439767471804,0.9474036275722232,0.8866362907620442,0.7093416172322234,0.9475796780593434,0.9896458426173383,1.065708999893955,0.7730482902238569,1.1073943039637968,0.0095931563715732,-0.4485299372680719,-0.4050341312022101,-0.1687023179484978,0.6601913064700238,0.3831661066604663,0.3087804214344862,0.5759614164270935,0.996402205856159,0.9380578754558416,0.8154292900833028,1.0578680306986217,0.7563394239493273,0.3997419168229593,0.2640375870032815,0.725923506577291,0.7182598193936363,0.229782522064327,0.0285571845479482,0.6292269792586471,exact,9
GO:1904746,exact,,negative regulation of apoptotic cell death involved in anatomical structure development,Mistral-Small-3.1-24B-Instruct-2503,-1,0.799888679014874,0.6264527008569286,0.4355595711834277,0.8414583794517936,0.8454923348116846,0.6994176911801583,0.5478238539541068,0.8989414648105811,1.1218107028991389,1.212923450367143,0.0951102890149588,1.3047657952553375,1.0472075981923596,1.1250812250074758,0.95859828009063,1.0986281968206033,1.1271897940777835,1.619070952976492,1.271636817774681,1.3826014491036414,-0.1256645983413569,-0.517156558814762,-0.4682955729767444,-0.2967345319879551,0.6284249659555058,0.3139706326317761,0.2210558418062041,0.5341168143908757,1.254439925398772,1.96637444160836,1.8527848911904,1.5347224450466552,0.7400988395382521,0.3862189943048363,0.3343279095819235,0.7023065156099515,0.7469996236516051,0.2924187680792312,0.0815948637641942,0.6722926842860376,exact,9
GO:1904746,exact,,downregulation of programmed cell death by apoptosis involved in development of an anatomical structure,Mistral-Small-3.1-24B-Instruct-2503,-1,0.6768580392138891,0.3526805382477445,0.1995169895964433,0.6459428588409643,0.5792308248678755,0.1916787648149493,0.0758164164385936,0.5002904542368495,0.8352608764550589,0.5417890839894159,0.0483598732272761,0.84760962243022,0.4254327068842386,0.1804594051866292,0.0720589626767246,0.2925407996064817,0.787200040749766,0.5478890151721316,0.3618189761073499,0.7734428138142636,-0.434105643484293,-0.6273011768070904,-0.5444120700717757,-0.5708582014222708,0.4522822183408815,0.0983243901909497,0.0105129391067217,0.3158842492340912,0.2363996793459254,-0.1411784093256547,-0.174471965282581,0.0905121044412595,0.5847373971700269,0.1268828590263121,0.0661763124299141,0.4894366775021173,0.4199997242494862,-0.1373095211415914,-0.2108487222114081,0.2384985241849626,exact,8
GO:1904746,exact,,downregulation of programmed cell death by apoptosis involved in anatomical structure development,Mistral-Small-3.1-24B-Instruct-2503,-1,0.6900045102495348,0.3843631261556779,0.2266350991652611,0.6658101861019449,0.6427049285493543,0.2814703924621931,0.1724155982051656,0.5880878061101773,0.9544678671900796,0.7829826288552459,0.053555640725878,1.0249905402167547,0.4266973909796988,0.1766581150490838,0.0863102726614614,0.2939406897505315,0.8975407495008612,0.7971891911522859,0.5717402410996221,0.9474563232685372,-0.4164408565872327,-0.6267352953445362,-0.5482378061833167,-0.5557363278934805,0.3851541632821058,0.012752471740058,-0.0621342595979914,0.2379150351144924,1.0582639677760648,1.181701064286158,0.9797716499439229,1.1598546646209185,0.6830008679959952,0.2918702767112683,0.1556285926919931,0.6214708460705193,0.4880648028987903,-0.0605302874052867,-0.1555727431656066,0.3204120355770792,exact,9
GO:1904746,exact,,downregulation of apoptotic programmed cell death involved in development of an anatomical structure,Mistral-Small-3.1-24B-Instruct-2503,-1,0.7119855154990442,0.4233804840488991,0.2684529368903833,0.6995316721942242,0.6161047921684131,0.2502413861364996,0.1278250268121935,0.5508362232046752,0.8997818280824095,0.6842733563020289,0.0384124806809713,0.9417571792418754,0.5157540040761739,0.2762299087245933,0.1636759256699021,0.3943129716450235,0.7736362346899845,0.5197740992355218,0.3452958696618264,0.753134563072082,-0.2023926531031282,-0.5408132425672408,-0.4692809885061683,-0.3670711582708123,0.5550223349221708,0.2427239323203523,0.1548582755352545,0.4405236895988755,0.3575377283527856,-0.0339833908385836,-0.0721876849239216,0.222023484783581,0.6107903885547098,0.170112293471795,0.0541540766633689,0.523646327129484,0.4436439100241269,-0.1065745904466764,-0.1841690172632877,0.2665600408858921,exact,8
GO:1904746,exact,,downregulation of apoptotic programmed cell death involved in anatomical structure development,Mistral-Small-3.1-24B-Instruct-2503,-1,0.7216891114715709,0.4447949147512688,0.2853793444599272,0.7146267088299963,0.7181977836399484,0.4219144094357234,0.3285781570916888,0.697798368503691,0.9729042391038064,0.8109431402808444,0.0486830459054216,1.0538424672220637,0.5081142964606575,0.2633624229776342,0.1548537977993698,0.3855583770906005,0.9168611238804224,0.8486940881187093,0.6174624064873921,0.979756266687911,-0.3252410556997356,-0.5928864253036753,-0.5224146761194497,-0.4766215117140031,0.4919728154065438,0.1547504512280522,0.0855872893668071,0.3632270423647876,0.4692683634495048,0.0143528716366833,-0.037127720822569,0.3489350733472169,0.655551006202859,0.2514680370645701,0.1636118918521757,0.5837385033124491,0.493216150677936,-0.0472560508098187,-0.1418327104227787,0.3267575297301641,exact,8
GO:1904746,exact,,downregulation of apoptotic process involved in development of an anatomical structure,Mistral-Small-3.1-24B-Instruct-2503,-1,0.7589238887091319,0.5198574809904188,0.3420900875861105,0.7738140188642648,0.3972706404697609,-0.0544372167176204,-0.1319897897029393,0.2667621334307268,0.7884173670803587,0.4515730157565388,0.0173011473386198,0.7816892467347377,0.6805626552933727,0.4534576042375214,0.3217395482975755,0.5906404732793394,0.7952687442430311,0.5641794158219913,0.3690763667158887,0.7856265924249961,0.3601571635051938,-0.2396852298530644,-0.2617065563209774,0.1934393032125804,0.987510194989922,1.088492602556675,0.952403557118605,1.0746405363237788,0.3381031685687644,-0.0696926395402739,-0.1164807784092394,0.2005224476813485,0.5897637000573528,-0.012091260356471,0.2829817727623452,0.4959945227044149,0.5644423188288976,0.0206557927417503,-0.1031075931058225,0.416827092005285,exact,9
GO:1904746,exact,,downregulation of apoptotic process involved in development,Mistral-Small-3.1-24B-Instruct-2503,-1,1.0470227284517375,1.6440357458616657,1.425560390085598,1.3353128932992082,0.9582055010115949,1.077253603495164,0.936235041329499,1.0999411488624506,1.353542870588445,2.3450084211012587,0.2423576261840848,1.7986626212204984,1.1847452699573229,1.6660459503642089,1.585392726664988,1.330347849675399,1.2009533887339412,2.057490627620514,1.7228026645119223,1.5579048694235995,1.2639565572124145,2.7661865731762587,2.710571121873457,1.7305747492553845,1.3112280012427917,4.279848082239521,4.628717450727192,1.8936741996666693,0.7057063713158521,0.2248720118398586,0.1390153564909862,0.6397437453054506,1.2809471881000754,3.0318376246274075,4.069188879074177,1.8042898258215152,0.9939051726997774,0.9641915239546408,0.5859299619722573,1.1154265882047696,exact,9
GO:1904746,exact,,downregulation of apoptotic process involved in anatomical structure development,Mistral-Small-3.1-24B-Instruct-2503,-1,0.8005741949301074,0.6219035763506902,0.430163839501379,0.842614767921458,0.4512008755192035,0.0043654810272463,-0.073425866229957,0.333490514932913,0.8453317037223255,0.5897656182528942,0.0305129669705708,0.86203870216337,0.7869779586055473,0.6385083257199048,0.4746833510517628,0.7262236654165654,0.9404340982800016,0.9138700817590444,0.6921839411433408,1.0200176856276186,0.1433228455986504,-0.386039278916103,-0.3692317992073757,-0.0363189788238338,0.9799488192378782,1.0400629209675811,0.8759046830642995,1.0611953526701237,0.5597301689988634,0.0869756113230381,0.0152277814534762,0.4562587159829905,0.8426580085650369,0.5132866819282217,0.4123885825465232,0.8567256116294804,0.6028201951913326,0.081469280649161,-0.0588526522477244,0.4673246482105661,exact,9
GO:1904746,exact,,downregulation of apoptotic cell death involved in development of an anatomical structure,Mistral-Small-3.1-24B-Instruct-2503,-1,0.7039129746351761,0.4070543598039113,0.2479569368845536,0.6870724929964537,0.5815286529624397,0.1948976980079977,0.0800737555715627,0.5034046808255153,0.8838246777085683,0.6506900248937723,0.0327487282636069,0.9180861371494408,0.6613949917455333,0.4462568745213574,0.3121889384766373,0.5670134957496993,0.7403609360577437,0.4564384884490881,0.2865717175169934,0.70419486417202,-0.1555021876453821,-0.5203985132872122,-0.4557507881045769,-0.3242720790695191,0.6327261227529343,0.3378876791154964,0.2757848994132344,0.5397326433537292,0.3765548976817329,-0.0352445587747966,-0.0577623113151518,0.2432206472300599,0.5837487217478718,0.0963730799495933,0.055679666325248,0.4881490751186797,0.4352447827276073,-0.1128517946808873,-0.1854609065818605,0.2565454631173077,exact,8
GO:1904746,exact,,downregulation of apoptotic cell death involved in anatomical structure development,Mistral-Small-3.1-24B-Instruct-2503,-1,0.732425848062796,0.4667420224970361,0.309744067868841,0.7314836888151431,0.6677084665651641,0.3298000675660419,0.2293951435269602,0.6237456515530049,0.9939010364917432,0.8732345260032907,0.055593075243017,1.0872268944643488,0.7186219470651071,0.5346975436177415,0.3772313360644962,0.6382443151215513,0.8788859243114245,0.751674696214696,0.5428776883847802,0.9168307188706454,-0.2952760642210562,-0.5809630491732463,-0.5140265280638304,-0.4502282855527174,0.5957648785739896,0.2631326233167805,0.2038680927892416,0.4919620429557382,0.5523144015810243,0.0790689238394683,0.0402125222063758,0.4472916712513327,0.7407350804100655,0.3806921480520295,0.2433310168149318,0.7032262958680481,0.4758595711027235,-0.0619084363385163,-0.1510070719627511,0.3054626571227775,exact,9
GO:1904746,exact,,down-regulation of programmed cell death by apoptosis involved in development of an anatomical structure,Mistral-Small-3.1-24B-Instruct-2503,-1,0.6796077506182986,0.3543605496270222,0.1777394946981145,0.6500801994418061,0.6427414266637324,0.2799976505687502,0.176276555805902,0.5881393941296568,0.7961124982026835,0.5080561960582238,0.0361131893414789,0.7923876409097124,0.4661950151812442,0.2125868080995818,0.1072254419405468,0.3380120191464293,0.9274645325685456,0.878068333262906,0.6113604824233555,0.9977469380136916,-0.3405547970931763,-0.5992966273619027,-0.5189299518865461,-0.4900318308065581,0.4632803606722717,0.109482415157735,0.0246516702501291,0.3289062738951838,0.9167632272823906,0.8845993006650812,0.7412691299860582,0.9344585700154708,0.7525284126149034,0.3993816677510537,0.2947622456941584,0.7203553592727828,0.4592935219089244,-0.1201514766574788,-0.2014422277539502,0.2853592151448825,exact,9
GO:1904746,exact,,down-regulation of programmed cell death by apoptosis involved in anatomical structure development,Mistral-Small-3.1-24B-Instruct-2503,-1,0.7104872530271094,0.4215255312604175,0.2518534246533419,0.6972125537051895,0.6497203320661823,0.2819344531819094,0.205099138411296,0.5980281942441964,0.9532936813909192,0.8138056483866496,0.0512113328833807,1.023167118879168,0.4888651328691016,0.2358924809739994,0.1403160624178916,0.3636235878983185,0.970839756248328,1.0023238149814018,0.7186723713434833,1.0734410998003658,-0.4335694134357483,-0.637044148965951,-0.555680521039706,-0.5704000966655213,0.4025483854960687,0.0328603737850458,-0.041219062944283,0.2578771982571362,1.05646586533553,1.2276706803882091,1.0843176962323908,1.1568042101877036,0.7825947256336993,0.4637175199219759,0.3118762914724292,0.7647358706790174,0.5226272865457084,-0.0443296198741217,-0.1526326428925901,0.3634090183004005,exact,9
GO:1904746,exact,,down-regulation of apoptotic programmed cell death involved in development of an anatomical structure,Mistral-Small-3.1-24B-Instruct-2503,-1,0.7295280485347104,0.4579429926667233,0.2767524586436595,0.7269177769842352,0.7186474093468603,0.4216219580434353,0.2937295464355416,0.6984708985373067,0.8540236035171594,0.6281233821512808,0.0345414781584979,0.8745686191872197,0.5946571041886304,0.3646255002090067,0.2487935170808928,0.4864459522393216,0.9261312733143022,0.8735581990020477,0.6157102107087319,0.9954742397807478,-0.1551005855664719,-0.5253628435628432,-0.4591486744656036,-0.3239030278806379,0.5288888014184097,0.200880175433883,0.1279416340678143,0.4081589938978936,0.947061180093256,0.927910426172586,0.7370657483986894,0.9804644851302586,0.7894818543517333,0.4727715490177571,0.3389461719564333,0.7750514601920427,0.4900339046843477,-0.0766914162921887,-0.174901306999188,0.3228350551047956,exact,8
GO:1904746,exact,,down-regulation of apoptotic programmed cell death involved in anatomical structure development,Mistral-Small-3.1-24B-Instruct-2503,-1,0.7697051212624005,0.5523129906329971,0.3698097775279238,0.7913475435484347,0.7690870268616405,0.5174852291489402,0.4345092278812059,0.7755075466930169,0.9776771831487714,0.8424395366275804,0.0504328704961617,1.0613811982202788,0.6280139663023098,0.4073011290145311,0.2777690129837586,0.526394880697888,0.9732556133735208,1.0099580089605915,0.7347257578132643,1.0777623842916983,-0.2511135265209069,-0.5692602162916682,-0.506835734459682,-0.4109502465474339,0.4569111910512052,0.1018226055307326,0.0470566564962184,0.3213562083624202,1.0723706899128267,1.2712176988444213,1.0955883092722254,1.1839795229187775,0.7624444768091998,0.4253240380337829,0.3394223244693074,0.734877473800696,0.5554079807624563,0.0074093779961527,-0.1221884806014585,0.405149552668642,exact,9
GO:1904746,exact,,down-regulation of apoptotic process involved in development of an anatomical structure,Mistral-Small-3.1-24B-Instruct-2503,-1,0.7805322402765266,0.5708820776075826,0.3684023408419749,0.809145413743677,0.6388772858734141,0.2745392487349694,0.1431047445328369,0.5826849961755914,0.8534678761182779,0.6091831631975249,0.030241490672155,0.8737653544997025,0.8129412514266934,0.6515009260199192,0.4678707129767241,0.7605453426857086,0.9222417001252616,0.8617447285951108,0.5951007247551318,0.9888614763730308,0.2973920067805292,-0.2863430854637169,-0.2922433133900785,0.1247441002177927,0.9699023216088484,1.003470129357246,0.8828921465936952,1.0435235136007803,1.095019253950437,1.3338972680554897,1.1550138040896636,1.2234588326014528,0.7551763184454617,0.2911199102539388,0.521548860857702,0.724222406988761,0.5428322523516017,-0.0266221179754003,-0.1334408095866111,0.3890215044294757,exact,9
GO:1904746,exact,,down-regulation of apoptotic process involved in development,Mistral-Small-3.1-24B-Instruct-2503,-1,1.1472512734536282,2.583043217515216,2.597329057920877,1.6192584166042543,1.1153096929626618,1.8648451020899004,1.69235089675336,1.4393837391303093,1.362268252574209,2.516397289369805,0.249001440383954,1.8215514562814383,1.2392581509567493,1.8770273160328024,1.7573982979237814,1.4324191493394487,1.2220067840566196,2.2132310283535293,1.9311175090105748,1.6132735861001968,1.2788557661569802,3.125645720308698,3.1731279171442,1.7912699674765975,1.294256596319466,3.7398597675791327,3.899461123993883,1.8236908435037469,1.291581322181468,2.2247338163398696,2.518496704704348,1.618714249657605,1.3092384605742502,3.840846534727647,3.9208688519503374,1.9103943456015329,0.8997706518837675,0.590137201633517,0.3050466517224817,0.9268194701947986,exact,9
GO:1904746,exact,,down-regulation of apoptotic process involved in anatomical structure development,Mistral-Small-3.1-24B-Instruct-2503,-1,0.8516791978359285,0.7659212673579601,0.5378022215652538,0.9313289291328916,0.6818549803869545,0.3487841213104166,0.2480713656977861,0.6442095673403629,0.7745869131097167,0.5007453740920194,0.0260613122983856,0.7625848898725319,0.9424665269340196,0.9271157745902292,0.7562887106724889,0.9404052185634676,1.024654162192696,1.1806566020226044,0.8996629221362986,1.1726424533691524,0.0923585529919601,-0.4178974320166382,-0.3937345660534542,-0.0875115163232021,0.934259680243714,0.863610573704122,0.715930248680438,0.982484890261918,1.24421972422073,1.9688340843378835,1.877827333196443,1.5125578658696952,0.910420520922701,0.7163302826911837,0.589052425152667,0.9666507620989752,0.5964897599960446,0.0518296866143699,-0.0791187011426647,0.4588923853678738,exact,9
GO:1904746,exact,,down-regulation of apoptotic cell death involved in development of an anatomical structure,Mistral-Small-3.1-24B-Instruct-2503,-1,0.7264772941371,0.451522556709178,0.2726186305399326,0.7221239305706398,0.7032824797493447,0.3946688019972938,0.2659704466819576,0.6756231631387811,0.7898851955425016,0.5236547855472438,0.0242953528360968,0.7837260993176123,0.7253610587201581,0.5256070477061188,0.4046697706368551,0.6467726879534648,0.9479042396769528,0.9361962329602348,0.646758891910604,1.0329819745284474,-0.1581955076480728,-0.5254052705912177,-0.4667875624505598,-0.32674598818399,0.6027399368101835,0.2932832023078475,0.2369728573527884,0.5008938577443316,1.0563730032904903,1.209238371300787,1.0213371412817809,1.156646819626119,0.7870069488481176,0.449512226390955,0.3519483525725639,0.7713379273462252,0.4551963866423295,-0.1153386354920002,-0.1988559427859942,0.2804197223973109,exact,8
GO:1904746,exact,,down-regulation of apoptotic cell death involved in anatomical structure development,Mistral-Small-3.1-24B-Instruct-2503,-1,0.7798272573778993,0.5769038547003876,0.4061055427747247,0.8079806345643126,0.741270804371849,0.4627808503269415,0.3710802100025314,0.7326259252717365,0.8798125875885265,0.6563747301133749,0.0364275543761268,0.9121758574310486,0.8153403833668507,0.6801710920734707,0.536077234951984,0.7637435401333661,0.983247494721367,1.0413485199413317,0.7543246271346411,1.0957605717034955,-0.1530720387019771,-0.5291751940274557,-0.4781193957228424,-0.322038242153802,0.535141359906282,0.1744264362812929,0.1330911350948137,0.4158592937160234,1.176106880426827,1.6440585785551871,1.4883703195684603,1.3734616694049837,0.8071843630132113,0.5116535117454756,0.3936746740252371,0.8018341206294178,0.5161250193549827,-0.0381847021837372,-0.1469106889454315,0.3552428772418628,exact,9
GO:1904746,exact,,down regulation of programmed cell death by apoptosis involved in development of an anatomical structure,Mistral-Small-3.1-24B-Instruct-2503,-1,0.6392582560376897,0.2767268849346687,0.1253616235454004,0.5902887079089072,0.6246577758228676,0.2503751880370534,0.1480950886025092,0.5627396192244323,0.9629711891279524,0.8201708796550146,0.0628751421661355,1.0382455771785488,0.5523561242120121,0.3162466650917827,0.1928373061436693,0.4366548269584172,0.8721526409463968,0.73519972762669,0.4936666597876551,0.9059065484007008,-0.3288318954999906,-0.594168807056843,-0.5147606976681957,-0.4797707147975324,0.5139185413961911,0.1616917304495583,0.0722269176045689,0.389829860262266,0.948687243376664,0.9135663029358924,0.7692194187532609,0.9829650249404548,0.7088808590537355,0.3238591902158009,0.2467528067993175,0.6577014765179667,0.5070478522926813,-0.0595151195116306,-0.1636327546904815,0.3439035033060681,exact,8
GO:1904746,exact,,down regulation of programmed cell death by apoptosis involved in anatomical structure development,Mistral-Small-3.1-24B-Instruct-2503,-1,0.7054383518339813,0.4132733776229598,0.2115276643365363,0.6894200053438244,0.6592409040294666,0.3000839568990407,0.2291704194889122,0.6115980366764953,0.938124709488622,0.7531563509170127,0.056316114791148,0.9997584812808636,0.5596067612670728,0.3176210624363161,0.2013438548007601,0.4451226582589808,1.001256218586624,1.1006701877883602,0.806279782837477,1.1287282812729285,-0.3934179525597134,-0.6218590324970457,-0.5419991555933388,-0.5359313122518593,0.4304009138863555,0.0501877570643244,-0.0300712265079493,0.2901888686454529,1.151628934101932,1.5096647256302895,1.3455218264587745,1.3266129888430218,0.7668760017129878,0.4341431863974036,0.2911642360703782,0.7414035448137027,0.5818525636519347,0.0361296004623269,-0.1009396843035996,0.4395528694348855,exact,8
GO:1904746,exact,,down regulation of apoptotic programmed cell death involved in development of an anatomical structure,Mistral-Small-3.1-24B-Instruct-2503,-1,0.7262263091011982,0.4496744214686742,0.2589805174953952,0.7217301349272474,0.7069804376358992,0.3969436083828174,0.282455878147632,0.681096967176647,0.9000543038430799,0.695972951046526,0.0404040115058052,0.9421636884468833,0.6461995338459673,0.4299614028928273,0.2883906181652458,0.54844170822881,0.9094428434593248,0.8299115453049991,0.5719381441185134,0.9672822317046924,-0.1872831354941332,-0.5373751165755192,-0.4668467727089768,-0.3533422626080438,0.5594869919448119,0.2337455334261756,0.1556509596979015,0.4461009558579827,0.4888847373427619,0.0812983361234463,0.0342796763518409,0.3718384886991956,0.7698055692328657,0.4367864351806245,0.3010657491734054,0.7457301733804579,0.5307493153991347,-0.0255284323635349,-0.1401252012209334,0.3736611581579415,exact,8
GO:1904746,exact,,down regulation of apoptotic programmed cell death involved in anatomical structure development,Mistral-Small-3.1-24B-Instruct-2503,-1,0.7908657322117322,0.6077129636223022,0.3931279688227652,0.8263151139849384,0.7757646286815656,0.5312440352541296,0.4513349826502313,0.785954734365428,1.0316296928781394,0.9441757271543226,0.0654723411435093,1.1487206535009833,0.6860411783325472,0.4818510844460432,0.3570075927925331,0.5974355589275365,1.0136747614296326,1.1437264686498478,0.8504190737356034,1.1518780976633585,-0.2349536065047625,-0.5618777836470294,-0.4962791312818354,-0.3964611655804672,0.4786926013531699,0.1183460898865294,0.0530101320072464,0.3472782300824957,0.9590100815518556,0.7453411270908876,0.6235653227870652,0.9989167794476216,0.7096407737129914,0.334130242128937,0.2897331687952972,0.6587753238727801,0.5908936098743541,0.0588457276899685,-0.0829317113279862,0.451472710965138,exact,8
GO:1904746,exact,,down regulation of apoptotic process involved in development of an anatomical structure,Mistral-Small-3.1-24B-Instruct-2503,-1,0.7684001381255923,0.5390637906231434,0.3384626026404331,0.7892153446743813,0.6454127780139525,0.2830212212529904,0.1463413790659452,0.5919188082311067,0.9730985897523072,0.8000213281105487,0.0492510582836835,1.054148872780744,0.8834752390097687,0.784080367093709,0.6149392419531919,0.8565838156561472,0.8519030907494536,0.6844584136856732,0.4667548820434885,0.8734512778783481,0.3836832110463475,-0.2222533864350645,-0.239705340200625,0.2197054108549438,0.986747737580576,1.0451712437504552,0.9069964317152224,1.073279023905322,0.670556621025458,0.2805339923366583,0.1957345471860037,0.5942670339740609,0.7472283116894826,0.2707457514370319,0.5010659710207187,0.7126383997027043,0.6086227501123478,0.0657019905885333,-0.0743021648937004,0.4750906978912981,exact,9
GO:1904746,exact,,down regulation of apoptotic process involved in development,Mistral-Small-3.1-24B-Instruct-2503,-1,1.1803187257460488,3.128073446297736,3.3711863888840474,1.7392231027093767,1.1471756530371615,2.119223345347344,2.023300507934855,1.521989939462285,1.384452705608232,2.6553173093795834,0.352733607088931,1.8820277702759207,1.3931527586312284,2.851366745884844,3.028752869451652,1.77136748296836,1.2431142012291456,2.3917710247448887,2.063164784599298,1.6718742522448278,1.299200942686766,3.860490158173288,4.2738903908225865,1.8879267426842168,1.3255785097878945,4.693775007686401,5.319855853278478,1.960673503305217,1.403768447541699,3.383399771794481,3.415555372890943,1.9192941855422767,1.3440179601861535,5.172607305197422,5.82772430635773,2.071073186567819,0.958281252372332,0.8086367480187101,0.4874203925176374,1.040119261093432,exact,9
GO:1904746,exact,,down regulation of apoptotic process involved in anatomical structure development,Mistral-Small-3.1-24B-Instruct-2503,-1,0.856823348197806,0.7853776285372743,0.5377530933382656,0.9405513745562596,0.7155396337353543,0.4112738271305983,0.2997782145152771,0.6938273212868502,0.9483167653782208,0.6710896479564142,0.0522105573599766,1.0154567296043129,0.9995521882079542,1.0620686597374924,0.8738190261835383,1.0250050767543548,1.0063580420862488,1.1180615275182035,0.8442599594910095,1.1381965321126313,0.0941037726322238,-0.4152030239974809,-0.3887300757972537,-0.085774115864559,0.9756444005905702,0.9711372188144376,0.7997724244224229,1.0535974051355168,1.325148507725341,2.46389686308861,2.313845370906625,1.7000574742551446,0.9214567979778194,0.7418460268491402,0.5942733631616445,0.985257931821736,0.6576222174480308,0.1473343279149362,-0.011637757127723,0.5421550548482588,exact,9
GO:1904746,exact,,down regulation of apoptotic cell death involved in development of an anatomical structure,Mistral-Small-3.1-24B-Instruct-2503,-1,0.7292172720498126,0.4581800640965152,0.2771458376918262,0.7264288225860986,0.719287291181913,0.4231253552128831,0.2918743540157467,0.6994284195177134,0.9667619889056418,0.8420021290337155,0.0508231157067077,1.0441833556401894,0.8098729181225522,0.664915477498028,0.5244125889318624,0.7564617399901925,0.8973052142355249,0.7986928145434513,0.5328761543686612,0.9470662705864088,-0.0517576460619296,-0.4775483346710164,-0.4264278378717221,-0.2274512621816454,0.6366305570587618,0.3248248974885714,0.2636209650455225,0.544843806898441,0.5560332821110671,0.1254465882260149,0.0987974989876423,0.4517845493651933,0.7599395464554535,0.4003270643396066,0.2937373132968197,0.7311985160315966,0.5256820775757137,-0.030862830217605,-0.1442470486941382,0.367258177200353,exact,8
GO:1904746,exact,,down regulation of apoptotic cell death involved in anatomical structure development,Mistral-Small-3.1-24B-Instruct-2503,-1,0.7966481215291717,0.6203662941099304,0.4149858498454428,0.8360032389825145,0.7929863027786093,0.5777096853653941,0.4719462028012149,0.8131845052251796,1.00990513890344,0.8799833741751318,0.062866074084652,1.1130676104022337,0.9105148238655228,0.8591656888581957,0.6919225304964419,0.8945807205566861,1.0268474492965165,1.1909490916064,0.8838945883767431,1.176824940902918,-0.1887412248601762,-0.5426366110959685,-0.4874142711629622,-0.3546696704240918,0.5764689978802461,0.2112260059642525,0.1538369891569503,0.4674469914999413,1.21311582660844,1.6490589272191094,1.4775930593658475,1.4472986090199635,0.8162325660632588,0.5305132377712073,0.4097716864069681,0.8156766254160654,0.5738703740500509,0.0382382517467656,-0.0948302739895504,0.429096855635746,exact,8
GO:1904099,exact,,negative regulation of protein amino acid O-linked glycosylation,Mistral-Small-3.1-24B-Instruct-2503,-1,1.1514686563560677,2.653069831878537,2.7065361125060816,1.6335092088112564,1.2369982890770612,3.2623515277472803,3.439827943406617,1.803803124489056,1.2132875121944,1.5103058817662007,0.1324040417393095,1.4796569935661708,1.3822636975139695,2.510563248435082,2.514459679634009,1.7439357259532542,1.200495283447232,2.0606411497026054,1.9628119607868064,1.556730790712633,0.7002700089621773,0.1109037565183957,0.0451354343038827,0.6081241547470309,1.105375509462709,1.6984542158002984,1.5328759240736374,1.3037985829563603,1.3605885740933863,3.160467634336754,3.178820365849952,1.7929822219832938,1.0548507732112646,1.4508349311953372,1.2487855233616196,1.230002731305376,1.0095207277926863,0.8974846901229637,0.547059360954727,1.1503141782723094,exact,9
GO:1904099,exact,,downregulation of protein amino acid O-linked glycosylation,Mistral-Small-3.1-24B-Instruct-2503,-1,0.9928655806494922,1.342759676017219,1.1301340224798344,1.209656068806722,0.9733110610303392,1.1846787740494282,0.9788128827885644,1.129032730836146,1.0636532918123054,1.0141791049118685,0.0731515214528961,1.2025676846001294,1.0357115870007898,1.0248211472270303,0.9206907393728228,1.0805976364246952,0.8613093752449497,0.7173476381351083,0.5041355564407567,0.8884542538622087,0.5976739884756078,-0.0122146816872805,-0.0826446200670749,0.4740004181136034,1.0440608863517702,1.3909460075480211,1.2041896871946185,1.179553472778332,1.091388836736985,1.4817975014403677,1.326489690541872,1.2170663783019764,0.9257825210287666,0.9798362849645528,0.7643036811151921,0.9926096265289568,0.8396108770485988,0.36540454588287,0.1424632049666701,0.8206409765916997,exact,9
GO:1904099,exact,,downregulation of protein O-linked glycosylation,Mistral-Small-3.1-24B-Instruct-2503,-1,1.023555975219618,1.505955194476142,1.344111712867027,1.279146832727311,0.9551427656263424,1.1226647548919737,0.8846960299818024,1.09411358912617,1.192901861004125,1.4576542782730295,0.1322399214441137,1.4389355899567462,1.2086575466029297,1.617301187118528,1.5156224116395065,1.37426277072366,1.1311895718405134,1.644679780426671,1.2828644326667045,1.3914899142587716,1.2123579158674456,1.9935370716296232,1.8356626224120185,1.55703315216312,1.3087881375328845,4.227430975981437,4.538458253660439,1.8830771804783328,1.2095880463921371,2.004351761005684,1.8555603957489528,1.4400910692123043,1.1967189049553573,2.349295980225031,2.358865884247737,1.5519508519999383,1.0288593094534142,0.9641330249378318,0.5923928636140381,1.195384277037567,exact,9
GO:1904099,exact,,down-regulation of protein amino acid O-linked glycosylation,Mistral-Small-3.1-24B-Instruct-2503,-1,1.035869537465761,1.5833386421461328,1.4302754419879948,1.308260466534086,1.071818695180954,1.637221052450622,1.4636725395026808,1.335796736222137,1.0936383256274438,1.1384793005205822,0.0932351620820883,1.254502836606914,1.1832397716623384,1.4816128047224408,1.3716196111278958,1.3276247759685411,0.9686810431284104,1.0025891937304277,0.7811006832746857,1.0695896089429575,0.636932873519065,0.0282444033072572,-0.057175527391746,0.5242219182118627,1.0519133822055644,1.38207536899499,1.2004662621732252,1.194794465302637,1.0825293088925791,1.5512265388662183,1.422569414239441,1.201570490908599,1.0105784168164285,1.2655612040978683,1.023412727887504,1.1441919635994695,0.8497370965034677,0.3860824933752454,0.1379380472901009,0.8378968859950632,exact,9
GO:1904099,exact,,down-regulation of protein O-linked glycosylation,Mistral-Small-3.1-24B-Instruct-2503,-1,1.087556464125183,1.9530391260445603,1.825689924949865,1.4399936631151422,1.0978263196199716,1.8119028397537087,1.5724261194440703,1.3966088535807455,1.1314501102120105,1.27315485588867,0.1078545917402553,1.3223151715999617,1.3136840727882568,2.1192136123898826,2.0465519210869645,1.5849053093710677,1.1289984456106874,1.6300299625641903,1.2744776056075036,1.3866130780307764,1.2659961329218792,2.847122374911661,2.811420564775708,1.7385050898537449,1.29261262398017,3.647426904539513,3.7522741619056,1.817325347329908,1.187974649782918,1.9787660354257453,2.031211160915233,1.3967249759527811,1.2501995969342703,2.985571523087468,2.9877198497266564,1.703618779477978,0.9999141324201172,0.8219331928564912,0.4747536984108452,1.1287032519116655,exact,9
GO:1904099,exact,,down regulation of protein amino acid O-linked glycosylation,Mistral-Small-3.1-24B-Instruct-2503,-1,1.0813388486790048,1.9056080133724416,1.7705212211070178,1.4232103770521118,1.1153221178526629,1.9200789291761,1.723653978316305,1.439414732113436,1.125660000297763,1.1520360488395784,0.1042264046826193,1.3117514940985715,1.2055048464193636,1.5510765412114078,1.413587733065442,1.3683993581163023,0.9253900935343906,0.8788297071060699,0.7067825887154883,0.9942121379325104,0.660028415801387,0.059152977010812,-0.0178281380799745,0.5543854468284426,1.0519773960094507,1.412402606656347,1.2229719793797362,1.194919451215127,1.1158667830618805,1.5621558624586156,1.414791918971163,1.2606653973086677,1.0146589369246428,1.2807679705219783,1.0509048326287054,1.1518871253685614,0.8729287397555892,0.4434490938651583,0.172963429892681,0.8783205026162288,exact,9
GO:1904099,exact,,down regulation of protein O-linked glycosylation,Mistral-Small-3.1-24B-Instruct-2503,-1,1.1406825570569503,2.4990641394560145,2.4784360686157,1.597567523654824,1.1606496696876467,2.3008065027696403,2.13436976559624,1.5590267510977165,1.2713371645058271,1.7959492636974368,0.1814713972765715,1.6023685361654487,1.413512206737937,2.8777658878129984,3.0287040440286725,1.8246595189410728,1.1587234282709318,1.7940794684574026,1.4085377292541583,1.4544405791359432,1.2812326724005294,3.247875048540789,3.37727460176516,1.8016180297440323,1.3126432363592837,4.299223467636475,4.696645509254353,1.8999153218782536,1.2765733494602145,2.407440122051941,2.302319223794582,1.58408587415478,1.2909704839019809,3.707445841808191,3.829858623697399,1.8401083419376247,1.0445713587900074,1.0784431925177216,0.7147792212275776,1.2337326027682596,exact,9
GO:1903771,related,,upregulation of sumiklat,Mistral-Small-3.1-24B-Instruct-2503,-1,-0.5093264409333474,-0.7003684405593747,-0.6018816874066637,-0.6716867764100656,-0.7040467594409638,-0.7782533131912577,-0.6474771125996517,-0.8300172793322387,0.3486996021263927,-0.1410208533971747,-0.0273802823083027,0.2350637488533519,-1.0951082846112052,-0.7331729231839907,-0.6769020149016569,-1.0853735610945003,-0.4812351545501885,-0.689255364562248,-0.5362687877193941,-0.6275965096575006,-1.9474871730221968,-0.9357325849561372,-0.800073142968677,-1.7042088602395,-1.439967455462211,-0.8404779396516006,-0.7348242428555178,-1.369688158614132,-0.3211665214630993,-0.2982466632140563,-0.3192677958425849,-0.4540756691040346,-0.9982749291769246,-0.9471700230404518,-0.81350973321875,-1.0500554924119267,-1.966322530518924,-0.9362795617974854,-0.6739393312816757,-1.7009291892467084,related,10
GO:1903771,related,,upregulation of oryzatym,Mistral-Small-3.1-24B-Instruct-2503,-1,-0.176206725844968,-0.5125175507692156,-0.4776322633013873,-0.3617963929583713,-0.5887616410108418,-0.7046613439135427,-0.6270946416171417,-0.7312450580509702,0.1489298417809323,-0.2340314342896954,-0.0537475321779575,0.0171545310731784,-1.1147878831070126,-0.7544367129679169,-0.6740098864483739,-1.1006792827210763,-1.0971361037907763,-0.9371075294690562,-0.7290229871291568,-1.129517538771463,-3.051185332574421,-1.067361606735041,-0.8805993011156511,-2.4170053665009155,-1.5407105044547424,-0.8437917572420353,-0.7285879802975849,-1.4429716775665995,-0.2580765368106404,-0.2392477556923297,-0.2479098833541928,-0.3964873602787254,-1.428821986642593,-1.0319835444296444,-0.8988901944863034,-1.3750844006301368,-1.8203633766764744,-0.9008743187375292,-0.652676096916134,-1.6071009150448878,related,8
GO:1903771,related,,upregulation of maxilact,Mistral-Small-3.1-24B-Instruct-2503,-1,-0.5237014176710391,-0.6944786365406679,-0.6304784772215881,-0.6844244071248031,-0.6720153930183251,-0.7534537502574461,-0.6494445991510778,-0.8028370833374281,0.3677848358091739,-0.0822586948888868,-0.036716215673831,0.2566887300505885,-0.895497886083182,-0.6676956706455672,-0.6255742232539417,-0.9276346455599562,-0.7232746506081985,-0.8001458370812009,-0.6078804933430122,-0.8330959183681598,-2.571332267534172,-1.0195118497227076,-0.8638945246952209,-2.114219802980006,-1.2282224318747117,-0.8067522398123383,-0.7144760865239752,-1.212387417734213,-1.2763665328898837,-0.7749598761839804,-0.6703422600434528,-1.2430189774411329,-1.038594013637909,-0.9505847302641014,-0.8456869220725082,-1.0815338467526023,-1.7861239165404994,-0.8977840757070615,-0.6541133356393968,-1.5848362018155993,related,8
GO:1903771,related,,upregulation of lactozym,Mistral-Small-3.1-24B-Instruct-2503,-1,0.0910221172004027,-0.3202551744832705,-0.3410561213281805,-0.0879926534013359,-0.1648375956215446,-0.4800971980508397,-0.4449034554103327,-0.3419407139718245,0.2958373802924758,-0.2414815402323616,-0.0308417113614543,0.1759463241915215,-0.5507223946134306,-0.5078163814773794,-0.4806351980999916,-0.64297003224443,-0.7576282253634011,-0.8187482711657879,-0.6254709206999598,-0.8613288561407488,-1.128990951193476,-0.8105898388294468,-0.6942287977854806,-1.1241536448936735,-0.7712556116546037,-0.6706303095156612,-0.5983671443975376,-0.8548809509284025,0.0293324700828617,-0.0608673675143556,-0.0901160129493464,-0.1220310515204354,-0.9566769290758568,-0.9506564341673528,-0.7523608266912097,-1.0173299220736824,-0.8772245108102443,-0.728869966246045,-0.5608087612393469,-0.949446716479488,related,8
GO:1903771,related,,upregulation of lactose hydrolysis,Mistral-Small-3.1-24B-Instruct-2503,-1,0.2172648092614058,-0.2166654931332551,-0.2920556653867502,0.0516181225107832,0.1361398335407493,-0.2589098690276267,-0.2705597031664697,-0.0329697008617482,0.5344680338716382,0.0088001113696532,-0.0225344873723546,0.4526202405729296,-0.7484926941644775,-0.6580496742169331,-0.6218525723893288,-0.8083095751838291,0.0691913126748854,-0.3414631443778327,-0.2917485941518534,-0.1061434710489913,-0.8000077315312882,-0.7447624507535736,-0.6505821044769207,-0.8712647745812602,-1.16561203889912,-0.8621853194561852,-0.7608975406481657,-1.164953644471216,0.5544150387893465,0.2895852354359363,0.3348962206261062,0.4498285348713436,0.3140447864314007,-0.3014955478450018,-0.2969414430119417,0.1613652777405561,-0.742656837842524,-0.7275308952045969,-0.5656937258295605,-0.8461351234596578,related,8
GO:1903771,related,,upregulation of hydrolact,Mistral-Small-3.1-24B-Instruct-2503,-1,-0.1344639514528708,-0.4832645674298979,-0.4694839121525427,-0.3207073001782583,-0.539952790308696,-0.6903543269091298,-0.6222728414001462,-0.6886087507565204,0.2749110109613225,-0.2435927427754101,-0.0312182523439351,0.1528479617487773,-1.0077713633919445,-0.7328695374183503,-0.6763189517107081,-1.0169288261411025,-0.906242334294654,-0.8841053562473987,-0.6281647109111642,-0.9810474815776368,-2.6216922554975026,-1.0267872657101833,-0.8579814245719298,-2.1464406158079394,-1.3690960199354107,-0.8078132751879775,-0.7169294978873783,-1.3175513398351728,-0.2014741878732278,-0.1971300520871657,-0.2373871343354663,-0.3440638963532949,-0.9332260913691524,-0.9587017677964382,-0.8506566910881709,-0.9987669262089798,-1.3365592992633888,-0.8188452948978818,-0.6094215611337477,-1.2823550023636463,related,8
GO:1903771,related,,upregulation of S 2107,Mistral-Small-3.1-24B-Instruct-2503,-1,-0.4378986026135457,-0.6709990909745226,-0.5699067966727915,-0.607678292856854,-0.9039640161130575,-0.8560337999186838,-0.7183312325001519,-0.9954304200570012,0.2127876920867643,-0.248475078478394,-0.0391806070326289,0.0852379921757982,-1.4981051138434636,-0.8905959836689095,-0.787585051501452,-1.391077240574777,-0.4623361505994399,-0.6728429135927134,-0.5043049495578787,-0.6110281795519904,-2.220986745622459,-0.9723566785910344,-0.8153958044066685,-1.8866453052884664,-1.1209458975734312,-0.7553487046358107,-0.672304136292928,-1.130838347056481,-0.7214371254123848,-0.5994790761792629,-0.5337875987526893,-0.8014652308162837,-1.229252526844097,-0.9737004211069508,-0.8587735006172011,-1.22735502476143,-1.9794374914680144,-0.9406337027513674,-0.6753326496649883,-1.7092770714097163,related,8
GO:1903771,related,,up-regulation of sumiklat,Mistral-Small-3.1-24B-Instruct-2503,-1,-0.4253354458303146,-0.6650172351255033,-0.5727904884210481,-0.5962930700590047,-0.4816163786426404,-0.6844448353253811,-0.5829910369310566,-0.636971381717115,0.6663878661352288,0.336449471317076,-0.0021252740861943,0.6181911334878039,-0.6264289729107748,-0.5326323070767249,-0.5178229361100861,-0.7069577963459749,-0.1023885650636572,-0.4706062493931228,-0.4154003873136517,-0.2783285086402253,-2.0434984026041363,-0.9512636410189133,-0.8113267233415902,-1.76878308988473,-1.4488857607641497,-0.8458004908620577,-0.7431350919815598,-1.376214172690712,0.0503618133035407,-0.0003140031025508,-0.0813772798899521,-0.1010722488563161,-0.6318809681568012,-0.7697553844296535,-0.7220587935800512,-0.7522587168850623,-1.7669587149112045,-0.9087769844387652,-0.6630746973015489,-1.572329967178678,related,9
GO:1903771,related,,up-regulation of oryzatym,Mistral-Small-3.1-24B-Instruct-2503,-1,-0.1153515452563559,-0.4852362784675463,-0.4552409335123966,-0.3017026556886521,-0.3274615449555664,-0.5800084184028735,-0.5298745345002519,-0.496687073064927,0.504266327947379,0.1498326376670292,-0.016249678729676,0.416108087688779,-0.5699645958896942,-0.4957660888377869,-0.4918772941689759,-0.6593192310822921,-0.6158748913628168,-0.744422489448882,-0.6315022510715554,-0.7433828443600361,-3.0936661615691343,-1.0725425477813724,-0.8827648197813394,-2.443398580067633,-1.4687960924289545,-0.8298515580752314,-0.7154016957370413,-1.3907562074156732,-0.0324530472105901,-0.0720751490851118,-0.1240985425823569,-0.1828653922906776,-1.1825209922480944,-0.9376551824786874,-0.8353702510179506,-1.192058637506306,-1.8972161396570268,-0.9258663619991432,-0.6655191989935854,-1.6567192220981743,related,8
GO:1903771,related,,up-regulation of maxilact,Mistral-Small-3.1-24B-Instruct-2503,-1,-0.3920830571956505,-0.6290498538024544,-0.5854390391654586,-0.5659684271298001,-0.4047063095363046,-0.6300586983441016,-0.5577406963613071,-0.5677041365294531,0.8781854300798899,0.5783363143879758,0.028006241150825,0.9097835177934548,-0.4871871720910156,-0.4665006585862294,-0.4871049572203873,-0.5885577865331926,-0.2428475355418887,-0.5566281171478459,-0.466661916347161,-0.4123051092138937,-2.51490413300731,-1.0128544065155425,-0.8546563052516853,-2.077978524331333,-1.2028750041919234,-0.7977042681249097,-0.708865828901751,-1.193237566069372,-0.0369387727336197,-0.0713148443445731,-0.0838588984365789,-0.187240109964322,-0.9303994661925792,-0.8676302200411705,-0.8153563799040986,-0.9965238174317868,-1.6929244094654303,-0.8924343111748387,-0.6529817079310903,-1.52371650150592,related,8
GO:1903771,related,,up-regulation of lactozym,Mistral-Small-3.1-24B-Instruct-2503,-1,0.1546902768894549,-0.2782434229876855,-0.3177151068118629,-0.018527201673597,0.0145498599907329,-0.371659308953163,-0.3591218668033511,-0.1617711881588699,0.968239053834248,0.755970846426545,0.0463188966102073,1.04650181930886,-0.1531148069654211,-0.2908183312855303,-0.3439363415067205,-0.2902778759269451,-0.2370326236242733,-0.5555366092630801,-0.4614680787898526,-0.4068711670182071,-1.189389469909563,-0.8243780592048543,-0.7038587070499871,-1.169131867010982,-0.7515291667767589,-0.665494811929014,-0.5930639911221269,-0.8387951558266349,0.4098259021766896,0.2807785445995614,0.1836440264081472,0.2806933457091103,-0.715818296206207,-0.806056175010249,-0.714508536114068,-0.8224954415612581,-0.877237411110202,-0.7367548284390677,-0.5696332180629691,-0.9494564801601088,related,8
GO:1903771,related,,up-regulation of lactose hydrolysis,Mistral-Small-3.1-24B-Instruct-2503,-1,0.3052347167203009,-0.1276289211865503,-0.2250980223035824,0.1537103398235404,0.2988662882172795,-0.1216306452710405,-0.1841810156288117,0.149608261420973,0.8921590492807147,0.6310771923773598,0.0326313500054499,0.9304163901913176,-0.441220328338988,-0.4870233443396292,-0.4734771187372632,-0.5487661525004217,0.5114120146548486,0.101882723793178,-0.0099586328716049,0.3955861948231788,-0.7438621636186591,-0.73258507836899,-0.6416338721857345,-0.8266145617285293,-1.1309540684663764,-0.8617230045248025,-0.7617485178337925,-1.1385028695833364,0.7604314407006437,0.6927533824852162,0.5721408935133497,0.7123861739265953,0.3540228743801885,-0.193848425378728,-0.2598236700210944,0.2070945999857387,-0.7249230534965455,-0.7213383605423281,-0.5646228811475544,-0.8322931670984552,related,8
GO:1903771,related,,up-regulation of hydrolact,Mistral-Small-3.1-24B-Instruct-2503,-1,-0.0483816461337915,-0.4257392432093086,-0.4244519731604231,-0.2341146962939806,-0.2070177675081444,-0.5239962627485675,-0.4943851565451821,-0.3828033304422179,0.7637125132601338,0.4178998715480081,0.0182450146041793,0.7476732308544769,-0.6230452876786854,-0.5580299720158886,-0.5495963796601404,-0.7041168885563642,-0.4216252845541501,-0.6634482143495977,-0.5065195396308264,-0.5750600128733523,-2.6185425694960505,-1.0302973356126583,-0.8568951334150884,-2.144428749101448,-1.3438346235431955,-0.8013044957817076,-0.7073356299793376,-1.2988463207374892,0.1715536245470028,0.0937922163231032,0.0199911885806892,0.0224068165398584,-0.6314920748598725,-0.8085071878666981,-0.7603479139309544,-0.751930256124938,-1.46387081151085,-0.8526912897215466,-0.6307298774643927,-1.3700683334129795,related,8
GO:1903771,related,,up-regulation of S 2107,Mistral-Small-3.1-24B-Instruct-2503,-1,-0.4017929104128396,-0.657957784592987,-0.5828754778965104,-0.5748521974021092,-0.9386682869971664,-0.8847991914280472,-0.7460937694698663,-1.0234495800149936,0.7522542917595099,0.3904250459733177,0.0092386489148027,0.7320628197151946,-0.9433928816232364,-0.6944435586230322,-0.6736121222100735,-0.9659129153027498,0.1808652806802238,-0.2437792359121202,-0.2551432364061712,0.0117667264735365,-2.3230566141429563,-0.9859313594400564,-0.822222371592207,-1.9536029726909456,-1.0042055135778565,-0.7280187907115254,-0.6503879672188823,-1.040529925337044,0.183749343546366,0.0672275145862299,-0.0101718493352133,0.0351016667261745,-0.8777737675650016,-0.8323272943581851,-0.7851665868281077,-0.9545365314454002,-1.763604636922178,-0.9108993256374004,-0.6598747083243764,-1.570138000773068,related,8
GO:1903771,related,,up regulation of sumiklat,Mistral-Small-3.1-24B-Instruct-2503,-1,-0.7220699784564019,-0.8074571815062331,-0.6840412983863501,-0.8556479255329034,-0.7677709140337133,-0.8146479198866652,-0.6976172593641915,-0.8835154102063206,0.6318300117151661,0.2187547329853177,0.0041501785118196,0.5737940497324314,-0.7653582886382942,-0.5961780228944441,-0.5722803104833635,-0.8221462133228609,-0.3043395267866239,-0.5958124012648792,-0.4912049512785128,-0.4692092388673982,-2.012748841912586,-0.9446891928839192,-0.8073807834361321,-1.7481670358452288,-1.4646906466242997,-0.8497827122601651,-0.745836768393114,-1.387760773626752,-0.090462500504159,-0.131790044545577,-0.1813763725231449,-0.2390183329665436,-0.7176126384401975,-0.8145464063726586,-0.7496996232205433,-0.8239829312762174,-1.8942459745947449,-0.9230639716096102,-0.6659211422176705,-1.6548105744120514,undefined,-1
GO:1903771,related,,up regulation of oryzatym,Mistral-Small-3.1-24B-Instruct-2503,-1,-0.2845265834447141,-0.5920939201252955,-0.5318719086759246,-0.4658989314426049,-0.6897612421622871,-0.7573788770044206,-0.6624753964955723,-0.8179196761093291,0.5020472668795458,0.0661948097144532,-0.0172321513490713,0.413444161914805,-0.7383887364834223,-0.5856646850422972,-0.5638458361621341,-0.8000013146141194,-0.8252484552548689,-0.8350579570717185,-0.6786040214718368,-0.9162771454549804,-3.0480662611253857,-1.0674140439324384,-0.8787133061334202,-2.4150651219521624,-1.5693360912664838,-0.8503719862207783,-0.7282067180639351,-1.463624751136927,0.0038276650388681,-0.0853025085551765,-0.1065630743233767,-0.1472756070192022,-1.290461758222083,-0.9709328946103004,-0.8666660170001483,-1.2731712991787694,-1.8229434366680328,-0.9017654631828348,-0.6519300954396285,-1.608774616658059,related,10
GO:1903771,related,,up regulation of maxilact,Mistral-Small-3.1-24B-Instruct-2503,-1,-0.585875486384598,-0.7215745966475547,-0.6386677012032592,-0.7389838572144232,-0.6754858201067361,-0.7593722158740479,-0.6545098288151584,-0.8057914729853327,0.6569712885757868,0.2079665036430842,0.0006139253561769,0.6060164996086777,-0.5338965262915761,-0.4818739549016135,-0.4851096932052544,-0.6286249424159341,-0.5098472871035687,-0.7048489984623771,-0.5597446233416449,-0.6525281051594346,-2.4666677681582163,-1.0054719921723914,-0.8483627736505014,-2.0468790786290736,-1.2547571729136582,-0.8101518303567904,-0.7213458018973191,-1.2323579802135198,-1.008404793218145,-0.6697491331330462,-0.5902719160326928,-1.0347209582527204,-1.0714848072011258,-0.909432587611834,-0.8533249780671087,-1.107041319471433,-1.6682915447020243,-0.8763156130714762,-0.6386909895051603,-1.507432726008864,related,8
GO:1903771,related,,up regulation of lactozym,Mistral-Small-3.1-24B-Instruct-2503,-1,0.0040262541606169,-0.4034385504010621,-0.399108402489953,-0.1800834012839502,-0.1646294787140275,-0.4902107721182261,-0.4509146528009111,-0.3417377685709858,0.661092292029543,0.1503899889334516,0.0257159311176211,0.6113373037906594,-0.2471244930704763,-0.3524825507361443,-0.3839095885787075,-0.3764666607844706,-0.4350875295362178,-0.6663121925791948,-0.5349743231287193,-0.5869964736967171,-1.1669750538803925,-0.8182880654093554,-0.6986849428063763,-1.1524879710752012,-0.7715451008314143,-0.672235066051493,-0.6026268495545973,-0.8551165631852452,0.3011489621189645,0.1516034903096144,0.0861630262816342,0.1600744725362751,-0.7837223542859149,-0.8261376052618054,-0.7375833221065657,-0.8783945369958146,-0.8216200898961713,-0.7104514840690747,-0.5511220241365399,-0.9071174628936636,related,8
GO:1903771,related,,up regulation of lactose hydrolysis,Mistral-Small-3.1-24B-Instruct-2503,-1,0.1775264389094887,-0.2509618381955795,-0.3102770874831569,0.0068480178490444,0.1304236075846534,-0.274656676430603,-0.312533246486779,-0.0391604820809054,0.0291505749779497,-0.2393176750591418,-0.0361123174484495,-0.10702746161616,-0.5763957274800476,-0.5890648930426894,-0.556795927141123,-0.6647702953459885,0.3702442775066142,-0.0665015705739163,-0.1150821245841781,0.2244101627241735,-0.7458667512682189,-0.7316136715349653,-0.6397908699137846,-0.8282169792907548,-1.1546522233038146,-0.8687042451338004,-0.7661842571501686,-1.1566043582014829,0.6392933916937836,0.4588372532202547,0.4150507062133692,0.5545402421495839,0.3848626847285372,-0.1776542183852395,-0.2648669504631491,0.2429496006244808,-0.6797136942884618,-0.6930123635837483,-0.5492740119965377,-0.7967529209747608,related,8
GO:1903771,related,,up regulation of hydrolact,Mistral-Small-3.1-24B-Instruct-2503,-1,-0.2355928444367364,-0.5524542962509601,-0.4992440093243182,-0.4193052882253367,-0.5146526080441118,-0.6881655585981796,-0.6061670912592703,-0.6663064958709255,0.5091859008974504,0.0766540402310478,-0.0077307189167114,0.4220229680308736,-0.7825097475870565,-0.6467930738506631,-0.6240040769572193,-0.8361773162676553,-0.6737733491556774,-0.7847217793499494,-0.6163939464671523,-0.792024689337651,-2.703939486556796,-1.0369379293875844,-0.8623193852127121,-2.19882297909526,-1.3735696470452208,-0.8139771624036909,-0.7186032144209845,-1.3208571304563017,0.1022497028385625,-0.0071755677416621,-0.0737466234101213,-0.0487819136754427,-0.65624112989603,-0.8250897268342038,-0.7850113536328889,-0.7727765857257568,-1.4951112099126371,-0.8483199304469834,-0.6283820577649238,-1.3913290476107762,related,8
GO:1903771,related,,up regulation of S 2107,Mistral-Small-3.1-24B-Instruct-2503,-1,-0.621552904950635,-0.7701920694746539,-0.6539931374605804,-0.7699132074502754,-1.1971836545809629,-0.968544940100336,-0.8150059577538538,-1.2263873022124598,0.6238219952913934,0.1712549211839141,0.009721160717491,0.5636148227956326,-1.102496939328238,-0.7655690787468623,-0.7029255102267573,-1.0911249910381873,-0.1290775197624563,-0.4815572515034846,-0.3974616177215485,-0.3042375753844001,-2.317311536676048,-0.9836172854264928,-0.8217873647459962,-1.949849285855838,-1.172086403178802,-0.7658592197072515,-0.6856398344644338,-1.1698793362721325,-0.0156024960167037,-0.1887766522366282,-0.2070156084392107,-0.1663818735246646,-1.078992449488524,-0.8922856398810748,-0.8289119654206155,-1.1128424352391848,-1.7434306318361836,-0.8991843938470245,-0.6516015977190001,-1.5569331364340555,related,8
GO:1903771,related,,positive regulation of sumiklat,Mistral-Small-3.1-24B-Instruct-2503,-1,-0.5058522796469166,-0.6982233976858682,-0.6096495833272643,-0.6686012265206153,-0.3813762488925077,-0.6343659202994288,-0.5827485316496471,-0.5464126007930913,0.5502308335969784,0.1832960153210346,-0.0138707860044429,0.4718704521005277,-0.5212091400890951,-0.4787899677449405,-0.4935341193743558,-0.6177775835609649,-0.3607491423976797,-0.6284698096829036,-0.5007706677885484,-0.5205438933333257,-1.888548835349647,-0.9268012822723672,-0.7921391044691577,-1.6642644294331146,-1.3611269129484225,-0.8271541498573719,-0.7299988524791708,-1.3116575523513287,0.1579073026545962,0.0008670229145009,-0.0070147710579276,0.00826265071535,-0.6502940649380348,-0.8127812813355589,-0.722837228372221,-0.7677778126363162,-1.4453155360635592,-0.8383804844561045,-0.6200205415495149,-1.3573925874695916,undefined,-1
GO:1903771,related,,positive regulation of oryzatym,Mistral-Small-3.1-24B-Instruct-2503,-1,-0.1709068396159381,-0.5207970351455462,-0.4693695571621302,-0.3566106700809033,-0.3865892668035622,-0.6267292937229787,-0.5568210409471527,-0.5511817397183771,-1.174458372954437,-0.6806698786336711,-0.0942470606038893,-1.1850612449789957,-0.5820376601546136,-0.5225693889196705,-0.5241379372496203,-0.6695470415815973,-0.6448975899750401,-0.7580937008100606,-0.6394086426249783,-0.7678483810898522,-2.9895196376017728,-1.062945029582822,-0.8793911415924952,-2.378584018628277,-1.4590782261752897,-0.8316510652959753,-0.7138133974298476,-1.383663225407067,0.1831232578637553,0.0318145215144285,-0.0141948316070892,0.0344486994856254,-1.24312972662347,-0.9599977119727444,-0.845599289978773,-1.2377831377943085,-1.583722338298719,-0.8611865541315201,-0.6310270730544874,-1.4510982047218532,undefined,-1
GO:1903771,related,,positive regulation of maxilact,Mistral-Small-3.1-24B-Instruct-2503,-1,-0.6247879004410818,-0.7374109968276082,-0.6457504578573916,-0.7727044123729147,-0.4260056772205592,-0.6515956555127754,-0.5938547355646169,-0.5870268023463462,0.6554380351428615,0.2382793254523309,-0.0041723043116584,0.6040396988473311,-0.2392185792820166,-0.3168611758674243,-0.3523111820106138,-0.3692913249092519,-0.192799532968908,-0.5307953142997169,-0.4296038870798466,-0.3652266805877388,-2.582321750936849,-1.0222542001826398,-0.8550772076057781,-2.121260753345072,-1.1772556197754271,-0.7940036352432789,-0.7059336053449584,-1.1738086048277965,0.0216004829642817,-0.2297519471630315,-0.2075620083711946,-0.1297041682549061,-0.9479018091865202,-0.8858462167429958,-0.8393338099190655,-1.0103935259934542,-1.417224358887468,-0.8338717920071345,-0.6179374017585259,-1.338133471249488,related,8
GO:1903771,related,,positive regulation of lactozym,Mistral-Small-3.1-24B-Instruct-2503,-1,0.0367412150037238,-0.373835738740157,-0.3842691453378553,-0.1458163442021195,0.2281911842245824,-0.1908278661021697,-0.2571650924514771,0.0687389954787359,0.6546244563885432,0.1871659361137123,0.008177110793738,0.6029913889391874,-0.039192080028285,-0.2279248077352892,-0.2781528878453483,-0.183135112074887,-0.4143150478327481,-0.6556212417829997,-0.5253787002960005,-0.5685604667485672,-1.1961360805912538,-0.8252074117417195,-0.7064577403121465,-1.1741306872146895,-0.7236293415632186,-0.6638334824709077,-0.5947130188948282,-0.8159399968233196,0.4720869708902666,0.28363506874107,0.2140930314175889,0.3522139356833305,-0.6628122828103096,-0.7926601264007717,-0.7235136767303832,-0.7782922786192655,-0.6689894169275497,-0.6674182686710853,-0.5176300164218928,-0.7882679728195173,related,8
GO:1903771,related,,positive regulation of lactose hydrolysis,Mistral-Small-3.1-24B-Instruct-2503,-1,0.2349380491855749,-0.1930826090165315,-0.2610623606836374,0.0717892441977599,0.3468201511762298,-0.0739508593445974,-0.1370104562342416,0.2059966721101724,0.9130561698014006,0.6661481375699754,0.0367564192878234,0.9616537027222928,-0.3256049396898904,-0.4396681624191095,-0.4322488273042118,-0.4470052816238704,0.5424918653092756,0.1450338853588542,0.052407492584787,0.4350069809119021,-0.7513340159333816,-0.7351988893455853,-0.6463008677707145,-0.8325842275597064,-0.9928750702899864,-0.8275365150036036,-0.7323464706449789,-1.0316731285622722,0.7192202426071757,0.540683382059421,0.5278593476524209,0.6574676259953164,0.4383626783968201,-0.129124217373982,-0.2437346247459121,0.3064220520667897,-0.4684356776517231,-0.633116021447011,-0.5177688744051073,-0.6254582792441155,exact,9
GO:1903771,related,,positive regulation of hydrolact,Mistral-Small-3.1-24B-Instruct-2503,-1,-0.2578081487363813,-0.5555751761287039,-0.5096288456646885,-0.4405445811444778,-0.2549491103539679,-0.5622916976201973,-0.5334032995448079,-0.4286059739522991,-0.9135847687203168,-0.5850557387245305,-0.0826033750291672,-0.9707102838133348,-0.4638490816830495,-0.4800469425647443,-0.4824714043410365,-0.5684005923276846,-0.776620146895888,-0.8222042108181652,-0.6666008036558139,-0.8768443045953987,-2.7833543961362754,-1.0457407487006063,-0.8681932896733292,-2.249130891448704,-1.2569112170278696,-0.786963721682206,-0.6995401344911663,-1.2339757723094464,0.2875710648913241,0.1102548937503347,0.037143318298762,0.1453520999712316,-0.6646802574148584,-0.8127694734250925,-0.7756938629108472,-0.779858757308632,-1.1406445078523844,-0.7782928359536393,-0.5882265539100359,-1.1437467171873472,related,8
GO:1903771,related,,positive regulation of S 2107,Mistral-Small-3.1-24B-Instruct-2503,-1,-0.3266726024928309,-0.6152008939445873,-0.551405613273452,-0.5054835971154522,-0.8029364589591103,-0.8300117341179203,-0.7263186606882376,-0.912720753642574,0.7630971336820094,0.4485085670606565,0.0158005394581712,0.7468322167561741,-1.0067749332092195,-0.7336026085120915,-0.6651215861487645,-1.0161429330602636,0.082897736418265,-0.3289239705312605,-0.2926409125243895,-0.0919368537732341,-2.125839759150674,-0.9633571579283372,-0.8104957771387628,-1.823697390043052,-0.9794953698152858,-0.7147954833282826,-0.644357843736396,-1.0211928454853725,0.4028025990860452,0.2039192343592897,0.1848688606292753,0.2727411664810961,-1.0316811493340488,-0.882645826721133,-0.8101313241471373,-1.076153339473312,-1.6430699102485449,-0.8879621981556995,-0.6456950586572704,-1.4907019747674877,related,9
GO:1903771,related,,activation of sumiklat,Mistral-Small-3.1-24B-Instruct-2503,-1,-0.9890346267271392,-0.885468152094239,-0.7460357764684418,-1.074278974196856,-0.9511257923344428,-0.882550709773706,-0.7623112441788785,-1.033460086606636,0.3625038861087217,-0.0310774310175619,-0.0324357426353806,0.2506896527447971,-0.7613598719206849,-0.583128857641137,-0.5785307533360486,-0.8188694380920837,-0.8740798857692775,-0.8654063714346267,-0.6574170143846276,-0.9554602237478208,-2.049232070921076,-0.9476855525747568,-0.8019478514793846,-1.772620578625032,-1.415547208607686,-0.8299584950024199,-0.7326363977901252,-1.3517791416913942,-0.3599408239956799,-0.2680045229669773,-0.2812727580478326,-0.489047315096815,-1.203389692843574,-1.0120850886187518,-0.8477213399513658,-1.2078553089768598,-2.1689759226158807,-0.969137252203265,-0.6881643513705753,-1.8284881710286671,related,10
GO:1903771,related,,activation of oryzatym,Mistral-Small-3.1-24B-Instruct-2503,-1,-0.5575246060687928,-0.7109125942479517,-0.6294571493239635,-0.7142110572820831,-0.823825805273331,-0.8210739790849692,-0.6988594577050364,-0.9299659238780036,-0.3718186737509524,-0.4251067108175134,-0.0664845262198363,-0.4952715940312335,-0.9811212586446044,-0.700052534273701,-0.658434366609135,-0.9958697830624108,-1.1298452534366124,-0.9575026846416128,-0.7222944058798562,-1.1544043014812493,-2.965120790087988,-1.060846448233557,-0.8796054385986168,-2.3633455651887965,-1.601394775076457,-0.8529889353856581,-0.7408022727121734,-1.486668432828995,-0.3174202710671501,-0.2728895349290146,-0.2804923197282577,-0.4506801139815836,-1.4684297681064378,-1.03883248274969,-0.9080833701843868,-1.4038560764438326,-1.8791185668522383,-0.9079523818605328,-0.6525716250339201,-1.6450785286763312,related,9
GO:1903771,related,,activation of maxilact,Mistral-Small-3.1-24B-Instruct-2503,-1,-0.9530533841702736,-0.8559324324867001,-0.7352434045273234,-1.0455186988140368,-0.8803738093348644,-0.8440504642004805,-0.7389743959795382,-0.9762718671813372,0.4351841012981833,-0.0374737734053319,-0.0304054387000889,0.3343266049769046,-0.6629078191111424,-0.552758850281543,-0.5308003543125802,-0.7374752983497053,-1.0322212881396855,-0.9297960558436884,-0.6813725768239678,-1.079660238103496,-2.639135704885164,-1.0275423725613584,-0.8618317167674108,-2.157574705784973,-1.4364120390934958,-0.849190496313491,-0.7451700669342616,-1.367084329476763,-0.2095052885263571,-0.2242881380392301,-0.2014583750795831,-0.351547121583329,-1.2331200134918616,-0.989630912176972,-0.8937410276188916,-1.2302637035049313,-2.116893283590285,-0.9527022795998924,-0.6766245751903753,-1.7959905323615144,undefined,-1
GO:1903771,related,,activation of lactozym,Mistral-Small-3.1-24B-Instruct-2503,-1,-0.3349106127155484,-0.6074019894478878,-0.5502394028852186,-0.5131638485582378,-0.3141917624344732,-0.5715814513005306,-0.5170225085402431,-0.4843335375822719,0.3546802141614479,-0.1945215916305297,-0.0210537506659278,0.2418237558210971,-0.2421357893895176,-0.344594923334919,-0.3863195924628724,-0.371940474987165,-1.0647662113619845,-0.9411426286494636,-0.6850888642379805,-1.1047347395546947,-1.1355618609656433,-0.8079976369692573,-0.6965994976454354,-1.129066995254166,-0.8942314294261834,-0.715733785087082,-0.6472947779829256,-0.9538408233415758,-0.1124517440219866,-0.1536241380664035,-0.1728214491997523,-0.2600711499709535,-0.8973077920844413,-0.928106236600078,-0.773713299918478,-0.9701720477597274,-0.9709431259556148,-0.7535165344219051,-0.5640750458557148,-1.0197095003817114,related,8
GO:1903771,related,,activation of lactose hydrolysis,Mistral-Small-3.1-24B-Instruct-2503,-1,-0.0138527795880034,-0.3975631151513714,-0.4105967148657313,-0.1986332516928711,0.1184359184005409,-0.2786287946029515,-0.2926350471018836,-0.0520980717657152,-0.6908616195077547,-0.5554163473184371,-0.0651416604750594,-0.7808097516442668,-0.6329416045448447,-0.625294301701879,-0.5790373674268943,-0.7124208338304323,0.1773063212122518,-0.2546291868317751,-0.2373299258884101,0.0079301673484714,-0.6946362451622511,-0.7159007583523248,-0.6414100656268131,-0.7870672657724567,-0.8885093292749737,-0.7687945984190662,-0.694083122209065,-0.9492849167045874,0.2273754435584753,0.0349160244682355,-0.0146394360671793,0.0809434621953142,0.3320940106241478,-0.2561600458098315,-0.3291918984297592,0.1819088832850876,-0.9343078221114788,-0.7708760321946201,-0.5858944474688916,-0.99240022940438,related,8
GO:1903771,related,,activation of hydrolact,Mistral-Small-3.1-24B-Instruct-2503,-1,-0.7143346335548949,-0.778819679932177,-0.6654317759709953,-0.8491213074022563,-1.0154626493153678,-0.8978344668518228,-0.7585604654743084,-1.0847716430959495,0.2737549132423196,-0.1774818460833127,-0.0328544238471646,0.1515767448645198,-0.8561390986395256,-0.686237684177132,-0.6511849635525891,-0.8959640329085622,-1.2181752996857265,-0.9950699212789142,-0.7195232437913176,-1.220851337797112,-2.5966537349754537,-1.023913177412759,-0.8562893625238992,-2.130435001905806,-1.3859369508635542,-0.8039942134830593,-0.7262243335469384,-1.3299854957785455,-0.4055360881102392,-0.3116205619519806,-0.3535463995821954,-0.5297774393678576,-1.0598144339063462,-0.9936913486938204,-0.8657823501267771,-1.098008101816906,-1.6961623847548362,-0.8902372445852271,-0.6394419701102911,-1.525852891239163,related,8
GO:1903771,related,,activation of S 2107,Mistral-Small-3.1-24B-Instruct-2503,-1,-0.9777250046246034,-0.8823898547564748,-0.7315956938067442,-1.0652613267276296,-1.747986017326962,-1.1125313053343973,-0.912466695579119,-1.6301596361853887,0.3069415372453359,-0.1726581718349087,-0.0316895786189095,0.1882718569136703,-1.2525286906593296,-0.8264593587452643,-0.7569666659104403,-1.206665625249865,-0.5939441811986105,-0.7382320665394058,-0.5685862291501491,-0.724782985275125,-2.2677085458131625,-0.9759353232345,-0.8187787338855883,-1.917365888065032,-1.3067873480736778,-0.7935508101482394,-0.7054086663578882,-1.2712955680568587,0.0556872072127725,-0.0563500827389115,-0.0644152643260892,-0.095743684453425,-1.538362648202108,-1.0248329910053615,-0.9233948391358612,-1.4542390730813886,-2.022183409396158,-0.948760895223033,-0.6800937808253823,-1.7363940801210105,related,9
GO:1903771,exact,,upregulation of trilactase activity,Mistral-Small-3.1-24B-Instruct-2503,-1,0.2032923819303269,-0.219822783628223,-0.2652968232803229,0.0357856157333503,0.2744839947015209,-0.1264877229014238,-0.1754894136026809,0.1214184636717943,0.5280848658398862,0.0575498912540432,-0.0179492912570063,0.4448631195295642,-0.4776074357966797,-0.5679979679774979,-0.5196555682196617,-0.5802950138078059,0.4122343809562995,-0.0054194804775114,-0.1024502060911106,0.2740672111794576,-0.885227236310015,-0.749469185493256,-0.651855111777239,-0.9381532925905522,0.1114674259443237,-0.3309826793499412,-0.3401139357081999,-0.0573771942697254,0.7588298147975093,0.6401545846469039,0.5980853939440098,0.7102265574595238,-0.228535710032,-0.6512848069790269,-0.5790982423985988,-0.39434149241289,-0.7806833100341086,-0.707185946013572,-0.5592312898054767,-0.8756333838225722,related,8
GO:1903771,exact,,upregulation of exo-(1->4)-beta-D-galactanase activity,Mistral-Small-3.1-24B-Instruct-2503,-1,0.1900061657638882,-0.2532237716390384,-0.2922094078189269,0.0208226275499686,0.428882666854865,0.0309210608963945,-0.0634248664272351,0.3056438361755451,-0.341113965257207,-0.319483169846944,-0.0557497134868353,-0.4668161725942074,0.4780968883995631,0.1314089808036382,0.0068011493698132,0.3514287129209953,-0.2918172619919077,-0.5598683601542899,-0.4847643069326387,-0.4577027442949576,-0.272277119408472,-0.575183807762654,-0.5317328898360826,-0.4298305253602214,0.6671353771323618,0.1842473684054892,0.101404605865362,0.5852249683335684,0.1635567362262565,0.1485392951360847,0.1644139586447872,0.0141104752431186,-0.1130444091275695,-0.4729699873074892,-0.4782829452978951,-0.2844528238576108,-0.2818390309062317,-0.5783109682913635,-0.4832545545142915,-0.4660115440354767,related,8
GO:1903771,exact,,upregulation of beta-lactosidase activity,Mistral-Small-3.1-24B-Instruct-2503,-1,0.671720146096674,0.3652860059387569,0.2160371231382459,0.6382374104327752,0.8443065343722119,0.7799334193666189,0.5615979735309575,0.8969560886163513,1.0064507004461265,0.8472656137602194,0.0571013983918523,1.1074602078061362,0.6039513855559794,0.3237452115991903,0.2359420738262367,0.4975146077775796,0.797490122708772,0.5888458178044678,0.3294687070738742,0.7889946321492123,0.2913116904570303,-0.2929842562954911,-0.3083282153101843,0.1181910036184864,0.9623988436921666,0.7644218738694744,0.6065208051120525,1.030463480575288,1.1425836821674464,1.683435690616264,1.5410983920383905,1.30966467324948,0.6721647566084136,0.1685841571823241,0.0284381147758814,0.6064922514539783,-0.1173529822763985,-0.5185338323504071,-0.4588668518031341,-0.3178213872430292,related,8
GO:1903771,exact,,upregulation of beta-galactosidase activity,Mistral-Small-3.1-24B-Instruct-2503,-1,0.9675202635198468,1.2218679282798692,1.0161572841540951,1.1551631386825365,0.9885183498359668,1.2582798988324246,1.0352417663442564,1.1589355720666414,0.9794525089735918,0.5837749095117871,0.0684838903195778,1.0641927083655045,1.2050113411295222,1.628574559362397,1.5425631842312408,1.3674836062476845,1.1407211870276563,1.71284921135495,1.346421283522626,1.4129249175820715,1.245367248862863,2.448221578858114,2.3185702731662343,1.662724487137898,1.3151613844663,3.9162912278985447,4.143950420800548,1.9112006110843345,1.2504077576536214,2.1507027789183017,2.02882044372378,1.5259325532819434,1.137008771451745,1.508658518851188,1.3627368938518634,1.405645127152359,0.986595862743692,0.8192072480765852,0.4861198374260437,1.099514020463087,exact,9
GO:1903771,exact,,upregulation of beta-D-lactosidase activity,Mistral-Small-3.1-24B-Instruct-2503,-1,0.6993848152478388,0.423330929288689,0.2755912442073404,0.6801221238818346,0.699050251592746,0.4449121986408069,0.2477415862296073,0.6693777234251674,0.8694754422048985,0.6064883406695828,0.0291148072372899,0.8970227828171715,0.5558798748458655,0.2769931125938042,0.2162056498507412,0.4407667461295048,0.5612158384665173,0.1868986717725149,0.0242497573725297,0.4590907145671885,0.2015665561905855,-0.3516803088399503,-0.3684934742624582,0.023399243380481,0.9006601800968859,0.594961900652886,0.4687717205964598,0.9271013397521864,0.9997344870302728,1.2355805932342838,1.1079908841042716,1.0632147158971474,0.5945955562962144,0.0938166562692371,-0.0243862081015389,0.5023174467462179,-0.1773718858360281,-0.5467417951282094,-0.468580216749383,-0.3728113636568903,exact,8
GO:1903771,exact,,upregulation of beta-D-galactoside galactohydrolase activity,Mistral-Small-3.1-24B-Instruct-2503,-1,0.6369277800256592,0.331290356765685,0.190947015031497,0.5868936674238006,0.7181558496361948,0.4899767521181311,0.3147182669948343,0.6977356577347897,0.4857399004856339,0.1559577033324758,-0.0148780184641508,0.3939446359375165,0.6537065479229703,0.2433504591052102,0.1308194654881817,0.5575994300023555,0.3246930537149631,-0.0966666645294261,-0.16968405808442,0.1716396463804908,0.5892342599385121,-0.0383916963808949,-0.091220463335844,0.4633684188048897,1.0461354228751674,1.0299424898881755,0.8534417917228895,1.1835625976988815,0.7589226768425491,0.7145091382581342,0.5711668663721726,0.7103517144761681,0.6108640209252679,0.1133334524199633,0.0640956650054844,0.5237437888706373,-0.1907892298161292,-0.5317516882958373,-0.4563964892805288,-0.3849554812762439,exact,9
GO:1903771,exact,,upregulation of beta-D-galactanase activity,Mistral-Small-3.1-24B-Instruct-2503,-1,0.7325280497256148,0.5076661573201411,0.328827686681441,0.7316449447136871,0.6807561541774889,0.4133113879648563,0.224721532309311,0.6426123284309451,0.7493255621850716,0.4420305141215204,0.0167171237558835,0.7280892848432682,0.9319763655282172,0.7996869172712301,0.6331451364722397,0.9252458964417328,0.467431746256771,0.0632867237614098,-0.0726671587257043,0.3409275225693693,0.1847148613813185,-0.3644296132411089,-0.3538901109889696,0.0059823106839027,0.959542278660146,0.7152377583105213,0.5546900019429223,1.025521910566041,0.8446147945100985,0.8968940830715673,0.7375659109739672,0.8290254556121553,0.5459009684035829,0.0210008076525164,-0.1181948179376977,0.4394179763739817,0.0697070432435768,-0.4101189219715295,-0.3859351571907137,-0.1386764262165001,exact,8
GO:1903771,exact,,up-regulation of trilactase activity,Mistral-Small-3.1-24B-Instruct-2503,-1,0.2616057306872017,-0.1689138240330727,-0.2137630238630585,0.1025418597196262,0.4519409330298895,0.0664671767367328,-0.0263979392885242,0.3344196827351907,0.9010918669091358,0.6499317721314019,0.0329661297751767,0.943712359785853,-0.0753412401221612,-0.3186502517085028,-0.3575400323131681,-0.2174705636979725,0.7195344325044262,0.4321399963477763,0.2127780014128984,0.6741695609181426,-0.928268254568208,-0.7623082093472934,-0.6564490201916646,-0.9715505131213762,0.1286594134657542,-0.3243778050115831,-0.3320372190724251,-0.0397428631206626,0.9549539651740366,1.113059046090397,0.9476771120504562,0.9926328495832392,-0.0701925140948605,-0.5204131008546493,-0.516776540792789,-0.2426839252166056,-0.5995894152386132,-0.6614249563372218,-0.5310601399234854,-0.732837657758944,related,8
GO:1903771,exact,,up-regulation of exo-(1->4)-beta-D-galactanase activity,Mistral-Small-3.1-24B-Instruct-2503,-1,0.1853605092267797,-0.2639170844726047,-0.297994777961985,0.0156115017254778,0.4512202894098301,0.046851054920673,-0.0453590176700113,0.3335148849365258,-0.0684661753988604,-0.1902458591679016,-0.0404872086143344,-0.2051600600325153,0.5503898844638565,0.1819357070926959,0.0472696929879861,0.4343631552513291,-0.1316511206892047,-0.4630865058007245,-0.4106972275734536,-0.3067243621136907,-0.0913705950594258,-0.5008140516916851,-0.4760573357727806,-0.2647807131661251,0.6710960783486117,0.1811628966907147,0.0982691074169841,0.5905279117977538,0.2265196465012924,0.1935113190270878,0.2328664214539139,0.0800375950362228,0.0011451000604876,-0.4050490292082809,-0.4131912262370224,-0.1718555475337267,-0.1206461708496238,-0.5145686702248249,-0.4464960671626557,-0.3208676540260476,related,8
GO:1903771,exact,,up-regulation of beta-lactosidase activity,Mistral-Small-3.1-24B-Instruct-2503,-1,0.7452914383380419,0.5108296141449817,0.3227232597689135,0.7519040202689831,0.9459398049137092,1.0810979851073892,0.9134856165651304,1.0767415038003227,1.0504274415422472,1.0005391270790291,0.0826677363376787,1.1801347087081164,0.7310197828610174,0.4718728914124702,0.3042635808516411,0.6539575671550074,0.8735053480665853,0.753186288129078,0.5015838033761207,0.9080957935431276,0.3366181855940751,-0.2634006941426198,-0.2868584684851194,0.1674468315128187,0.9301729900758662,0.6717648180446851,0.5147908988969025,0.9756419302874662,1.1687043091943357,1.7948187469664063,1.6683644273749494,1.3591369776169926,0.7172077508232666,0.2676297918776819,0.0919999418188233,0.6695002772781036,-0.0854655048287282,-0.510915193329369,-0.4556659149593541,-0.2881443021561466,related,8
GO:1903771,exact,,up-regulation of beta-galactosidase activity,Mistral-Small-3.1-24B-Instruct-2503,-1,1.068012308046964,1.7938077952492768,1.5801370000005075,1.3881723115321245,1.092200174116383,1.77807126302513,1.6194985694797168,1.3831816920508442,1.200586985954448,1.4585970242912505,0.1268039826675697,1.454156822469061,1.3213590015281933,2.1712907741691603,2.0660434202261966,1.6016886008173388,1.1764339515250293,1.9129959793201363,1.626320424875875,1.4967181506558205,1.2251468123727385,2.1422907835189084,2.0083174681790914,1.5961432420671966,1.3052001026653737,3.57789060734212,3.6770987021283736,1.8678463984063776,1.2956525897350566,2.502617951987933,2.418592861387705,1.628282285631619,1.2277445834235614,2.311920648170413,2.18304204876528,1.636936948536578,1.0105837125092083,0.9203330438514028,0.5696035522989522,1.1527357668460052,exact,9
GO:1903771,exact,,up-regulation of beta-D-lactosidase activity,Mistral-Small-3.1-24B-Instruct-2503,-1,0.7376117133890894,0.4948275802435711,0.3283902302455341,0.7396852956018588,0.7563150164962134,0.5433476476574409,0.3975399990047981,0.755692730522795,0.9466110979046451,0.7712508635419,0.0607511143985418,1.0128210579052428,0.6660716198822108,0.3958626003784707,0.2521693564525936,0.5727572866992029,0.6830091793853427,0.3701886246750574,0.2153921169772749,0.6225648852198106,0.2716537250603792,-0.3078995731587892,-0.331767233946614,0.0971220399711543,0.883023765529366,0.5518350310896399,0.4351835006662551,0.8987896670066852,1.0552156489607307,1.389691662554377,1.3069580500555844,1.1546864562813497,0.6124431850666565,0.1188419981750311,-0.0049336648503222,0.5258350845772857,-0.1124405480524711,-0.5230076338291287,-0.4522585445239331,-0.3132708672053585,exact,9
GO:1903771,exact,,up-regulation of beta-D-galactoside galactohydrolase activity,Mistral-Small-3.1-24B-Instruct-2503,-1,0.6756211905189601,0.4026625049892708,0.2563278950312131,0.6440849237022883,0.8036786971801151,0.6703349403074116,0.4881442064186159,0.830304918331879,0.5278855121053845,0.2077001322746738,0.0024235601739224,0.4446212070026372,0.7992324526160265,0.4393948157075405,0.3277783886322766,0.742357997138273,0.4508146252435928,0.0436410464530323,-0.0283449762166832,0.3206020867399444,0.6720433916337801,0.0575317086503493,-0.0129085051470114,0.5702687896665123,1.0436046350998671,0.9964130180976573,0.8494368991365792,1.1786734004194712,0.8820455298752343,0.968259085956504,0.8579988390518413,0.8830365311187192,0.6458558391202373,0.1498662472552232,0.1666510491745245,0.5705753620273367,-0.1213691036592585,-0.5076437225081859,-0.4402477147119714,-0.3215359210005478,exact,9
GO:1903771,exact,,up-regulation of beta-D-galactanase activity,Mistral-Small-3.1-24B-Instruct-2503,-1,0.815068754565791,0.7085611684565498,0.5212983335221905,0.8672651766849614,0.7836544338322156,0.6130741999891518,0.4251502527530676,0.7983776823284441,0.7983288653011316,0.5323546775432956,0.0407217801834337,0.7954782977570715,0.9814190428029684,0.8615016965827321,0.6553008665058946,0.9977310482314908,0.6062851873575263,0.2495272445844023,0.1019132796087303,0.5181522841998386,0.2267108015023477,-0.3395916628782711,-0.3352513640349968,0.0496048300818335,0.9332782711612028,0.6282647121250291,0.4720851290894552,0.980838773552432,0.9195466448955584,1.0487804718891354,0.966100745721548,0.938639771073802,0.596974668230366,0.0984239787959897,-0.008616897064105,0.5054375459780465,0.1126082807832122,-0.3931298832912159,-0.377066545421196,-0.095721727054376,exact,8
GO:1903771,exact,,up regulation of trilactase activity,Mistral-Small-3.1-24B-Instruct-2503,-1,0.1390256125019076,-0.2850974298271988,-0.3050980633846141,-0.0357901414088178,0.3320881144131412,-0.0683690910797055,-0.1309711482182132,0.188536073025469,0.8055340788481266,0.4757186254777384,0.0151415916998753,0.8055547693097315,-0.1378886329689771,-0.353960241812258,-0.3830363178759083,-0.2761348141837251,0.6476702460889164,0.3129161470212963,0.1056577486473756,0.5738334103709429,-0.8796223012352259,-0.7483462279464529,-0.645737200544358,-0.9337855523670326,0.0902519465964618,-0.3530900800447906,-0.3573655062844517,-0.0789905357931893,0.7702274089571354,0.6943308821875234,0.6299592526752646,0.7256409155637515,-0.1224171665099803,-0.5578315591727862,-0.5493961712149836,-0.2935142809399517,-0.5195544062644725,-0.627539685956343,-0.5150433219788203,-0.6677374963030173,related,8
GO:1903771,exact,,up regulation of exo-(1->4)-beta-D-galactanase activity,Mistral-Small-3.1-24B-Instruct-2503,-1,0.1975635268172209,-0.2537188817232473,-0.2838014470808436,0.0293228678217667,0.4533115537081274,0.0466787932034519,-0.044417972720162,0.3361415397055111,-0.1196589059195167,-0.2144639074764538,-0.0471084312618732,-0.2556182184994633,0.6107781404741225,0.2579931430817835,0.0968443363600909,0.5056750828583252,-0.1902626669000561,-0.5001572994797615,-0.43514982544628,-0.3628214242979691,-0.1546921379975804,-0.5293365187906457,-0.4984526723848737,-0.323527641919704,0.6446163810263827,0.14532024280057,0.0651550367457473,0.5553376959549312,0.2934296824381268,0.2447520957025774,0.2775198272136003,0.1516955322482447,-0.0332783906141539,-0.4244433430937853,-0.4309169249445438,-0.206240883221784,-0.0807986923159971,-0.4875992602682609,-0.4346775075034192,-0.2837731012258276,related,8
GO:1903771,exact,,up regulation of beta-lactosidase activity,Mistral-Small-3.1-24B-Instruct-2503,-1,0.7656031497615116,0.5643333112320014,0.3753983039022318,0.7846546243136062,0.9411865079326928,1.067085251259132,0.8652703424733763,1.0678485750301778,1.170494963069442,1.371585729209508,0.1148818218229198,1.3954049472665355,0.808269128317558,0.5918801667141963,0.4330700679226598,0.754330249538372,0.914121135656143,0.859618543707768,0.573430128048256,0.9751382641229756,0.3452872380455486,-0.255638642537701,-0.2817189236595618,0.1769866253043304,0.9594448308949944,0.745457776665562,0.5979337947984525,1.025353627351627,1.2025007173651756,1.9339596380144688,1.8202003423668247,1.4257230726421668,0.7236738167620893,0.2755875154594746,0.1189654169923007,0.6787113766390452,-0.0086194500041538,-0.4566960012540203,-0.4206710269318505,-0.2152185760888092,related,8
GO:1903771,exact,,up regulation of beta-galactosidase activity,Mistral-Small-3.1-24B-Instruct-2503,-1,1.1421877720229543,2.530573691529258,2.530242528057101,1.6024857455194443,1.1191924710879817,1.9662094774235173,1.819884386796034,1.449112149790114,1.1865675692740756,1.4202905251442863,0.1451994164755589,1.426504005134731,1.4310617463022397,3.076359989162567,3.2897502843281394,1.872976744740224,1.229818343544609,2.301965233422773,1.987615030446186,1.6345727415360225,1.2322041322385855,2.24400560602511,2.117685471552687,1.618660344469847,1.3214938582762217,4.100816058517283,4.4241152540145565,1.940695367788492,1.215722806336032,1.9354934133655963,1.8260555209901008,1.4526491665818253,1.259214915624651,2.7156178670729694,2.551581899835724,1.731880839080046,1.0702274753460654,1.3082638856806716,0.9073531374375912,1.300318399685302,exact,9
GO:1903771,exact,,up regulation of beta-D-lactosidase activity,Mistral-Small-3.1-24B-Instruct-2503,-1,0.7620233105652273,0.5532494396278244,0.3957410194839225,0.7788356646077812,0.7739622430757921,0.5873303669631225,0.4058763356126003,0.7831288744633838,1.0203538915901678,0.9311158013125967,0.0655329062212199,1.1301306641005684,0.7550098736187155,0.5287064557314368,0.3864924406087405,0.6846637505060731,0.6716473039253568,0.3536606773773149,0.1840432382194819,0.6067729065439581,0.2533184604501384,-0.3196057796554936,-0.3435925581829903,0.0776290644187594,0.883771544614254,0.5423331456509535,0.4422189638189283,0.8999800270979651,1.0517093736390688,1.379253151287005,1.2500154644780097,1.1487611367013255,0.6093005840863287,0.1150089248430661,0.039716044899051,0.5216753379630411,-0.0454993435354899,-0.4787499354298304,-0.4258644886840994,-0.250472410324515,exact,8
GO:1903771,exact,,up regulation of beta-D-galactoside galactohydrolase activity,Mistral-Small-3.1-24B-Instruct-2503,-1,0.6462642843113267,0.3462768571921488,0.1898291863268638,0.6005324219032645,0.7912064372859626,0.6405941360344855,0.462001143290516,0.8103507942786071,0.7931014101356132,0.524191381694861,0.0250650180080538,0.7881954426177101,0.80956862398948,0.431721429013731,0.3273532644197347,0.7560571664159689,0.4204694717470957,0.0077489928354567,-0.0719639071275347,0.2839252175824254,0.6570008077046036,0.0393482384596069,-0.0312571140442374,0.5504040374545301,1.053990772847606,1.0397653765617734,0.8931800276228569,1.198856746539992,0.8524973158911641,0.8926433660914457,0.7660290767979748,0.8402822709958888,0.613985890461458,0.1104220431467206,0.1539332212503409,0.5278800809733809,-0.0496568522058873,-0.4641167443506289,-0.4179299823891365,-0.2544166170779136,exact,8
GO:1903771,exact,,up regulation of beta-D-galactanase activity,Mistral-Small-3.1-24B-Instruct-2503,-1,0.8243072286850812,0.7345393554310636,0.5543085966161453,0.8831812403733473,0.7814241660770318,0.6127401418876933,0.4219041605911272,0.7948571970178419,0.883980158227369,0.6673211275851286,0.034237705834642,0.9183155083099492,1.070116072791991,1.075797802529728,0.889716274871062,1.1351046261689013,0.5916258181828318,0.2295978983766124,0.069086866872896,0.4987675889566961,0.1848087967160636,-0.3652798512623119,-0.3593011036613817,0.0060790780872103,0.9512408707166782,0.6704517842538945,0.5157919670074758,1.0112542146948065,0.8731537446888673,0.9520080725077128,0.8415938009415899,0.8700761888148982,0.5806797531381023,0.075971343506741,-0.0362213637466381,0.4841570477880599,0.1721792859283072,-0.344616006868718,-0.3484743676204407,-0.0347626766217977,exact,8
GO:1903771,exact,,positive regulation of trilactase activity,Mistral-Small-3.1-24B-Instruct-2503,-1,0.142245312505402,-0.2762266324057987,-0.3026261764563719,-0.0322513078000962,0.692009998295916,0.4442665889179811,0.3187141049111602,0.6590333905566514,0.8390967040067574,0.5731257862401433,0.0233344879788691,0.8530943414794427,0.1515069644734691,-0.1421709595585184,-0.1945761962429773,0.0037469013332466,0.7568159915213786,0.5027110648189619,0.2636457214123016,0.7282432870466834,-0.7949991146948809,-0.7286152102818618,-0.6366677180449172,-0.8673008540166918,0.1346693718688346,-0.3201134916805754,-0.3221656558628732,-0.0335524697521364,0.9862240369721876,1.0966827272128286,1.081832736200198,1.0416337267848663,-0.0143705986831507,-0.501750762878358,-0.5019202929381233,-0.187402943822965,-0.3897020509373245,-0.5835249770959458,-0.490821123698983,-0.559201399394726,related,8
GO:1903771,exact,,positive regulation of exo-(1->4)-beta-D-galactanase activity,Mistral-Small-3.1-24B-Instruct-2503,-1,0.2566214876889181,-0.1928329463618661,-0.2525731461641419,0.0967646995449061,0.5930744819958909,0.2321379520763858,0.0867711153324187,0.5191230763816476,0.1333737079927107,-0.0724478992647741,-0.02849188708773,0.0007745676240798,0.6415409258194583,0.2867026144032703,0.1204230692099507,0.5427755303391778,-0.0694309149085214,-0.4179293045208328,-0.3780477223703561,-0.2460245579037697,-0.0867008299770989,-0.5007926111653513,-0.4800821051336753,-0.2604038676637972,0.6845336766586743,0.2061893193276803,0.1171112531195758,0.6086255841960687,0.3561301352490238,0.2966154946358094,0.3047482533171866,0.2204607919378034,0.0032854429483632,-0.4049551406384286,-0.4168190716691585,-0.1697044488706839,0.1004876749548685,-0.3916428882238204,-0.3710897147322192,-0.1079350600706144,exact,9
GO:1903771,exact,,positive regulation of beta-lactosidase activity,Mistral-Small-3.1-24B-Instruct-2503,-1,0.8038738486153987,0.6725699781945719,0.4702904620771713,0.8481927024044096,1.1810179471774498,2.5073824478994844,2.552790402051207,1.6178646865466502,1.2922931675002172,1.9697290547756867,0.1894741512412995,1.649539088382008,1.0307122350729132,1.0659802691808804,0.9181695403613572,1.0728116784357935,1.0505824892456384,1.2972668980221571,0.8935179874601687,1.2228578617614991,0.3919217582389893,-0.2224456638447707,-0.2608327942362696,0.2289735784316915,1.0295888738986538,0.9842114300237944,0.8025065312480559,1.1519210636897494,1.4024331890835473,3.6200430660990697,3.791185031460526,1.915118344520532,0.8204617806673578,0.4511335610757616,0.2824448521461263,0.8221832495613357,0.1744373544329193,-0.3540268459717149,-0.3484889030494568,-0.032420420023438,related,8
GO:1903771,exact,,positive regulation of beta-D-lactosidase activity,Mistral-Small-3.1-24B-Instruct-2503,-1,0.7988061756882835,0.6546128607950623,0.4784878214000572,0.8396340240962151,0.9998172341806476,1.2784338302832303,1.070928440940711,1.1815772897846502,1.115212017316574,1.190866028860157,0.1023141406558374,1.2928581603501086,0.9211458697690058,0.8227236773680907,0.697246309175966,0.9097131839214736,0.8471210766009277,0.6961199171508223,0.4217775830856822,0.8658715267777174,0.2878646059463852,-0.2988317518046549,-0.3264125081234902,0.114483577730395,0.9511862347311956,0.7278899541755671,0.5780951958132851,1.0111607631185386,1.2532283200848051,2.2082403678074267,2.2083215224929424,1.532074912115215,0.7022003298996948,0.2476446752144404,0.1371222915484742,0.6482860320293888,0.1451211647728362,-0.3758600032100476,-0.3542187439254372,-0.0626474133576043,exact,9
GO:1903771,exact,,positive regulation of beta-D-galactoside galactohydrolase activity,Mistral-Small-3.1-24B-Instruct-2503,-1,0.6869036978946255,0.4298721473703036,0.2423711504967687,0.6611042981946643,0.9344840563327655,1.0413977470499214,0.8535216893646974,1.0553987827885003,0.715164490970166,0.4195010266859993,0.0320167734708322,0.6822227216101168,0.9634329251150392,0.7336948279165205,0.6165904560444692,0.9710532841484592,0.5889333691864183,0.22659759278881,0.0924865575261106,0.4952258121316089,0.6826843255049022,0.0692456209481918,0.0033234478230885,0.5844489226911876,1.1136328824328026,1.3362462533539723,1.1423093145086554,1.3215522955737269,1.0164467226518104,1.2666935763545195,1.1180617137477415,1.0902719872930031,0.6823174452168338,0.2068807161345008,0.2670847265551427,0.620522886699801,0.0798874439582685,-0.397582900350463,-0.3815156757081304,-0.128551995757779,exact,9
GO:1903771,exact,,positive regulation of beta-D-galactanase activity,Mistral-Small-3.1-24B-Instruct-2503,-1,0.9188215188114116,1.0588487259227584,0.8643870765049698,1.056581563859823,0.9485404897020486,1.0869295478829455,0.8741591319539268,1.0816298942423967,1.0264822870886374,0.9676586328559992,0.0859466738397602,1.1402112560345925,1.1350482634004209,1.2187823249323515,1.065241148257117,1.2428521982911878,0.7523084083700795,0.4978641004147623,0.251878940164746,0.7216263641281685,0.2670653452478314,-0.3144301272290752,-0.3188776159367107,0.092229775879087,0.9995998338372584,0.8407819657325147,0.6682574483673586,1.0964059344320782,1.0344292132999715,1.3274892437656374,1.1978831126138565,1.1198537841106275,0.6681507200969167,0.1914833494610031,0.0554948629709962,0.6009715572935536,0.3705884793391503,-0.2003163209333248,-0.2560959239082707,0.1811084239039798,exact,9
GO:1903524,related,,upregulation of hemolymph circulation,Mistral-Small-3.1-24B-Instruct-2503,-1,-0.4512334862384695,-0.7269707976744166,-0.6264331993178697,-0.6197205821667883,-0.3230227530027007,-0.6117180222085644,-0.5608476171616789,-0.4925599086839263,0.5796728401546225,0.0609301693211235,-0.0220303292727952,0.5081963543508785,-0.3820492488610108,-0.4457895304773229,-0.4357466960023671,-0.4969943197403786,0.0665355985363683,-0.3546265397006037,-0.3619332877636257,-0.108887889076938,0.424904850189478,-0.1906957843389282,-0.2183041857472796,0.2664559996819965,-0.090733017164362,-0.417272211361804,-0.3852201971608543,-0.2572737227190074,0.4430030671313955,0.1446629633607515,0.074515178621116,0.3185710431425015,0.1704738167584772,-0.5375702295329496,-0.4562767060282801,0.0034593135658954,-0.5887593554180471,-0.6494875161378331,-0.5189961608669091,-0.7241039326361195,related,8
GO:1903524,related,,up-regulation of hemolymph circulation,Mistral-Small-3.1-24B-Instruct-2503,-1,-0.3295808307620205,-0.6696008723219209,-0.5898544985202534,-0.5081970236764889,0.0179667047410144,-0.4060277145120778,-0.4058697243567487,-0.1582306218315673,0.8285994598710968,0.482932836101371,0.0156113493990584,0.8381167691484859,0.0156586780368003,-0.1683879910635126,-0.218914866780815,-0.1304032861657167,0.1947813092010129,-0.2480973191733354,-0.2520248988046289,0.0268205843056894,0.410435766198745,-0.206470021389589,-0.2347654698533673,0.2499377119259099,0.0133118393687492,-0.3673318579971389,-0.3478783082556266,-0.1560644858108565,0.5819217540253567,0.3646539436960385,0.290493432599361,0.4832834211904492,0.4359099340921101,-0.2383353020808887,-0.2892057468221501,0.3034752947590088,-0.4250906697935397,-0.5969573264455191,-0.4996982512616179,-0.5891579311639452,related,8
GO:1903524,related,,up regulation of hemolymph circulation,Mistral-Small-3.1-24B-Instruct-2503,-1,-0.2683662062300254,-0.6357348224247935,-0.582785579894647,-0.4505881582391078,0.0537317506089607,-0.3827070225151055,-0.4024483892681911,-0.1209056289665522,0.4746757682207819,0.0558127516982174,-0.0216296456572274,0.3807908376583293,0.0499165456589034,-0.1565268225285915,-0.204875266506112,-0.0970651634722876,0.354137122755999,-0.091996085552157,-0.1471195135568794,0.2056232622492912,0.4712929327435876,-0.1536012627879805,-0.1909162933810796,0.3202454268470442,-0.1146696947742428,-0.441504173462762,-0.4066309184618857,-0.2801040655397976,0.7451732292053878,0.5201089011905071,0.4121970770244559,0.6918965345483965,0.3669700186828993,-0.3237027225891473,-0.3432629187960417,0.2220842395955568,-0.2450669838825427,-0.5098890110517691,-0.4481662859019665,-0.4335527777285926,related,8
GO:1903524,related,,positive regulation of hemolymph circulation,Mistral-Small-3.1-24B-Instruct-2503,-1,0.0930598932121155,-0.4033649598842981,-0.410007733288437,-0.0857974610584364,0.4911663107631208,0.0589274484376992,-0.0433791810943873,0.3842199286212929,1.048144879767478,0.943479850286736,0.0622627681795788,1.1762912176898477,0.3256586332650635,0.0825374557219198,-0.0342051981815369,0.1841670266018759,0.9264597261613768,0.8699362518443994,0.5297496361915559,0.9960338414260026,0.5528326063523008,-0.0772015029193418,-0.1277882551847054,0.418140381361559,-0.0479929981925505,-0.3903654238172691,-0.3630063915735239,-0.2160964240641193,0.8610308490827195,0.7382414448662499,0.6126554024433151,0.8525382550082425,0.5130780881918517,-0.1791148186435683,-0.2169257134208729,0.3980028140551345,0.085688966855287,-0.3569290698179166,-0.3537577886258115,-0.1227634932408061,related,8
GO:1903524,related,,activation of hemolymph circulation,Mistral-Small-3.1-24B-Instruct-2503,-1,-0.4300123885907349,-0.7127912985594257,-0.6170230019904802,-0.600536045243581,-0.2146350016343969,-0.558499968554657,-0.5139041469536396,-0.3901264275863879,0.6894813414103588,0.1652058156065534,-0.0032728058027359,0.6483008730661249,-0.3605463428545205,-0.4317420958761415,-0.4395902870829516,-0.4780215940747316,0.0676916661231109,-0.3573566151887667,-0.3436907224867724,-0.1076935332930543,-0.0375684665504369,-0.4721549761203193,-0.4549518489625757,-0.2139669147692877,-0.0982658517299598,-0.4001845242623749,-0.3872227536622344,-0.2644759645268676,0.4476129345462151,0.2038020133523923,0.129113761629848,0.323875722121172,0.136221181778626,-0.5358579519653347,-0.5308097952194935,-0.0328880743378986,-0.7690880044200462,-0.6987029094265108,-0.5433816404419158,-0.8666646948937857,related,8
GO:1903524,exact,,upregulation of blood circulation,Mistral-Small-3.1-24B-Instruct-2503,-1,0.5737525521661206,0.0920462272333565,-0.0045015384856038,0.4970908990221079,0.4505905027979033,0.0046792929301497,-0.0812465430901913,0.3327244540102909,0.172969670015792,-0.1669501725787174,-0.0469765427439883,0.0426234531115786,0.6129733175310094,0.339651727070513,0.2082537220905833,0.5083046513678107,0.7336687092986003,0.4400502510920446,0.2200536820993706,0.6944974524441996,1.2061513382842892,1.9054430942200025,1.7695713881090405,1.538758204500133,1.2573768983875102,2.858229045103072,2.86584238746122,1.693700136111265,1.0176959615313987,1.0958764697208214,0.906851053290782,1.0923110761376893,1.1010711704776643,1.0919267266647097,1.010508069057712,1.3257950118654502,0.5924400978332943,0.0748499837522299,-0.0634876414839101,0.4535199167605003,exact,9
GO:1903524,exact,,up-regulation of blood circulation,Mistral-Small-3.1-24B-Instruct-2503,-1,0.573009330550112,0.080812083499843,-0.0156916034756854,0.4960587560071726,0.6322548195028684,0.2456138985841924,0.0843042441912101,0.5733713381503518,1.030167637207536,0.8416460741651246,0.0581587992474841,1.1462996905116634,0.8483544538393707,0.7387040124728449,0.5786414012328123,0.808231234148816,0.9016528927112744,0.8048711250745015,0.5614626392134499,0.9542803550603556,1.2129956873507146,1.975259913008704,1.8089429136967925,1.5589358912747513,1.2266572039530943,2.383157955580084,2.3001906523014264,1.6004726382094956,1.0657256774688182,1.2439558572365923,1.3211977283849534,1.1725723667810757,1.175641460163732,1.618788596957832,1.4659728692381289,1.4980371839532214,0.6600712103920182,0.1584487922453845,-0.027451519150913,0.5455801237972202,exact,9
GO:1903524,exact,,up regulation of blood circulation,Mistral-Small-3.1-24B-Instruct-2503,-1,0.6537326534405723,0.2106696235925048,0.0826232875108257,0.6115146704158153,0.7863972282999415,0.5424958564091475,0.3872605437612658,0.8027167970035061,-0.0012131539621883,-0.2666673557100665,-0.0507755949650212,-0.1378319336360389,1.137555516001589,1.4448468733508095,1.2733484300235338,1.2471542500066075,1.0706375607831295,1.360805777287766,1.0367582295546505,1.262925034859148,1.2331796145609384,2.238660170921885,2.144620557175568,1.6218300136909267,1.2355090490637373,2.43254650773129,2.332915528864272,1.6262564786315277,1.243915723210126,1.9434999639339976,1.8159877282493573,1.5119043249931556,1.2253354466392792,2.044188958245692,1.9318266198203915,1.6300633889227296,0.8431305948890829,0.5234981370135904,0.2289455688475661,0.8266127941205665,exact,9
GO:1901731,related,,upregulation of thrombocyte aggregation,Mistral-Small-3.1-24B-Instruct-2503,-1,0.7403447388077325,0.5130761653401958,0.3595524487624228,0.744023574423517,0.7293895033083703,0.503479667611782,0.394843271809618,0.7146104927323054,0.2732245861262123,-0.2168269074688683,-0.0422709466112113,0.1509937792809541,0.0418332976044676,-0.2182348157731907,-0.2662760334064522,-0.1049601455604889,0.5970625771515127,0.2165985070348489,0.0543380900505617,0.5059368225769272,0.4534064280321289,-0.1754388668326189,-0.1979131748531077,0.2993511764112277,0.7309110659774247,0.3314821770801475,0.2142281957024748,0.6724084159737922,0.923451738263286,0.8218758337837571,0.661208511995254,0.9445210765151792,0.8886339177660882,0.572297966590789,0.4307897493918152,0.9305242528358986,0.364226051399967,-0.2152167593135711,-0.274141400137868,0.1738357373125021,exact,9
GO:1901731,related,,up-regulation of thrombocyte aggregation,Mistral-Small-3.1-24B-Instruct-2503,-1,0.810707455036117,0.6814848289777904,0.5029530297257038,0.8598074670488544,0.8259658436194511,0.7144675126339807,0.6178866731481293,0.866544016584473,0.6155145634130986,0.1840556424205444,-0.0092340896505224,0.553097056761758,0.0707252678759491,-0.2042230628700265,-0.2516660622181237,-0.0766578385341542,0.8321635068150733,0.6418496612661257,0.4088617200435099,0.842364592121613,0.4646280876366749,-0.1696632372263916,-0.1949328905714022,0.3124367340167279,0.7186395789993032,0.3086254611932468,0.1991824007386615,0.6553246788879391,1.026088735412578,1.094652407108016,0.9504192552163182,1.1060715524824731,1.028920025859256,1.0577882023874026,0.850559246193557,1.1791099396727271,0.4646512744873948,-0.1280842931323569,-0.2214029800719056,0.2918378117206492,exact,9
GO:1901731,related,,up regulation of thrombocyte aggregation,Mistral-Small-3.1-24B-Instruct-2503,-1,0.8609663394137038,0.8305320959508673,0.6295407371112919,0.94802072842652,0.8611329416560981,0.8160725350780749,0.7034196607409547,0.9253536440510652,0.5940251544804469,0.1483118338930096,-0.0131842820258703,0.5260846597065465,0.1753475702263606,-0.120239428909921,-0.1883476751844417,0.027851777316572,0.8254280625760517,0.6277661920698565,0.3862595779794058,0.8318768490817873,0.5277339976404147,-0.109212445843793,-0.1464173790634781,0.3875240415478168,0.7015287299936266,0.2671926382260822,0.1564867117054635,0.631755419111794,1.031194192899347,1.0760902936406376,0.9745802129664232,1.1144951804197814,1.0504978848197233,1.1420705798718669,0.9951198397177043,1.2213273996749507,0.5726845784779305,0.0134391210854465,-0.1296120840391575,0.4275489079568627,exact,9
GO:1901731,related,,positive regulation of thrombocyte aggregation,Mistral-Small-3.1-24B-Instruct-2503,-1,0.888769363196848,0.924780668627556,0.6816234015695859,0.9991577830660828,0.9200820557103292,0.9948998375200296,0.8031232425260054,1.0289911793488218,0.5468983934675355,0.17246832786217,-0.0075726175854844,0.4677894079294451,0.2818935193372567,-0.0404534546050974,-0.1359359341046757,0.13784124559428,1.0959241082598803,1.4711881423310702,1.1098177322256553,1.3151299078839889,0.5510143681522353,-0.086520794517309,-0.1218946974627455,0.4159072314607642,0.7942896245996517,0.4451415154011514,0.3243215916959158,0.7632269043918789,1.3398725180878155,2.588460246016483,2.4650997271745205,1.7376831569051896,1.178061320108775,1.873358114765632,1.7650981816415048,1.504089056536491,0.7471415269511408,0.2637551635821291,0.0346022665493003,0.6725084582384961,exact,9
GO:1901731,related,,activation of thrombocyte aggregation,Mistral-Small-3.1-24B-Instruct-2503,-1,0.7232200506656314,0.4682686723965009,0.2974676588988629,0.7170202828781734,0.5599807874781647,0.1895687683279319,0.0994200627134754,0.4743798234726107,0.3448352954697654,-0.1561401833560857,-0.0347816559363286,0.2307037597000623,-0.1020036313082524,-0.3485044442044323,-0.3939144349912506,-0.242590822639842,0.7353412257698877,0.4456787339032633,0.2220217274551761,0.696916594734191,0.2381382061113354,-0.332902635186687,-0.3200768386380667,0.0616030133946528,0.6435664730964009,0.1982413743433687,0.1040293113312506,0.5539549646891816,0.6923210406447681,0.4397133295809477,0.330511569928277,0.6223213777098056,0.6275170895869459,0.1264069740871607,-0.0081280807245866,0.5459018299565354,0.2627997650358143,-0.2849609784826465,-0.3099540077971212,0.061188056711751,exact,9
GO:1901731,exact,,upregulation of platelet aggregation,Mistral-Small-3.1-24B-Instruct-2503,-1,0.9831028884773764,1.302752092164566,1.1179079494524868,1.188378858596086,0.9190554491739946,1.0035469203775853,0.8126065769415695,1.027126229865051,0.2655383066175817,-0.0652778273085194,-0.0146406725745235,0.1425564877437303,0.9135561270044112,0.8157960969403854,0.6749660584963311,0.8988983833394804,1.0325975349943144,1.2083330416614588,0.8582381608999083,1.1878459705398725,1.2225523716697793,2.07949808938932,1.9608546296921767,1.5880399176212925,1.3057134362901686,3.793414928393811,4.061932468567252,1.870000733826097,1.1436017434296462,1.4480530583483364,1.2350340691108062,1.3115628504932446,1.084581093859552,1.1932629900793503,1.0383475618733913,1.2908059737082656,0.7908663196400817,0.2928815484153935,0.0837935509737399,0.7405840526744591,exact,9
GO:1901731,exact,,upregulation of blood platelet aggregation,Mistral-Small-3.1-24B-Instruct-2503,-1,1.0100479744923685,1.4389514715839735,1.2233070732616529,1.248049065007327,0.977801105654459,1.2095217736825543,1.0676057277773456,1.137795718459633,0.8994989612969677,0.5044033094381809,0.0243071270901188,0.9413352507948626,0.7566972112072181,0.4631802578967076,0.3323205571521501,0.6868387309160421,0.9175439600624984,0.845576280375908,0.5759524767360954,0.980909081094607,0.9228089018532392,0.4970173863370222,0.3713251193912259,0.9402512276176116,1.0401964097069671,1.0309763816282878,0.8709159994651315,1.1721178724851031,0.7758460514296509,0.3791021913703071,0.3123129213822688,0.7332794449080903,0.9766746419999984,0.8082874290349636,0.6537875241255265,1.081767274739263,0.8140068777043702,0.379996498172102,0.1278026187158215,0.7779967634935085,exact,9
GO:1901731,exact,,up-regulation of platelet aggregation,Mistral-Small-3.1-24B-Instruct-2503,-1,1.05669781919858,1.7302661230551784,1.5619475563313223,1.359346299199132,1.0511778466667536,1.543401081307911,1.3456878941851524,1.2896409095224033,1.1251416036175044,1.13354383959213,0.0917854111501503,1.310808994997653,1.131058856737896,1.4549608062690766,1.2940994613672188,1.236030118138724,1.1276997603403465,1.616633611310894,1.344803288434364,1.3837312983847188,1.2330624806212562,2.216354089840803,2.1010373127736304,1.621448643866345,1.2747923226256903,3.0013315918763066,3.0461410978412,1.7520544493330443,1.1284241752892934,1.4111930611101215,1.3844294343969663,1.2835040823133872,1.2186048760683543,2.23914881092917,2.1072818713946493,1.6111207396556095,0.8533362801916919,0.4485826395431205,0.171118144903645,0.8440863558760299,exact,9
GO:1901731,exact,,up-regulation of blood platelet aggregation,Mistral-Small-3.1-24B-Instruct-2503,-1,1.016757826518653,1.461622549066352,1.2511146851177348,1.2633907894970169,1.0666926514999069,1.6203345810775078,1.435910642508109,1.3241704420415426,0.9314563655548124,0.6811722200842619,0.0477145523222458,0.9895530356824656,1.0594575871752967,1.1900692651720823,1.0690793448498483,1.1180409365916453,0.9899116301185896,1.0610090817246698,0.7828792334090197,1.1078794377382082,0.9651573847083116,0.603583044576971,0.4179202579113876,1.0125169950846198,1.0343263031174728,0.9746318791446802,0.8680913837824791,1.1609031232908245,1.0540744233019517,1.171998711484066,1.0318210579924467,1.1527556186131414,1.151562245236439,1.680019714495246,1.4091797671606645,1.439570064887305,0.8482582061163064,0.4615016607252657,0.172879770771362,0.8353622968131793,exact,9
GO:1901731,exact,,up regulation of platelet aggregation,Mistral-Small-3.1-24B-Instruct-2503,-1,1.103373388132848,2.1267566159821665,1.943283814663004,1.4840704122160566,1.07789834916958,1.7013420531160603,1.563923986902976,1.349733387745785,1.1287326648079228,1.0023853428738418,0.1072172010318417,1.3173489558806808,1.2862627892352978,2.1059498645693497,2.0507040924019195,1.5266822451179485,1.196136800601513,2.02382853755003,1.7461493110306123,1.545621908788074,1.254847111572136,2.5813225145174576,2.4916072178872324,1.6963955528779342,1.304003003759577,3.6616442477692126,3.9468975945554536,1.86285340126808,1.262050703111195,1.995936038602488,1.8987396093592044,1.5514795010007507,1.2573762509928488,2.7088530838054568,2.511171090351007,1.7260399708367211,0.9743596702277264,0.8574135348719016,0.4867372284397248,1.073426253976124,exact,9
GO:1901731,exact,,up regulation of blood platelet aggregation,Mistral-Small-3.1-24B-Instruct-2503,-1,1.0422081263087448,1.6280361773096896,1.4125760511889096,1.3235520243970762,1.027826042465455,1.407353349635432,1.2405641953018527,1.2393966068093227,0.275918170658603,-0.09043802309125,-0.0223453451609819,0.153955822637047,1.1151823205835532,1.32506591270716,1.2115102652983871,1.2091550555493624,1.028409761194114,1.1941756428217196,0.8502319068453191,1.179811333672332,1.0025805375217507,0.719090040674142,0.533060866975658,1.0797585566455905,1.0435899567754094,1.0116503763505666,0.8575376784880908,1.1786450969475766,1.1628803927275215,1.4903954302409113,1.364613686937115,1.3479641259134296,1.1592764870878305,1.7270750429467148,1.4667957368561333,1.4579686932224467,0.9508321031647042,0.7798217224103973,0.4138589032537553,1.0250362053328683,exact,9
GO:1901731,exact,,positive regulation of blood platelet aggregation,Mistral-Small-3.1-24B-Instruct-2503,-1,1.1718700549530314,2.981373516988344,3.168163461536311,1.7065859386024564,1.23801480039027,3.2952703805136365,3.549120853908138,1.807624135034969,1.0837576156282156,1.0314605758421822,0.1105587519648004,1.237218370854331,1.369867909457851,2.4804115290127853,2.478938286175511,1.71352520200968,1.247152874723766,2.4271035523093025,2.108319152453975,1.683485171057565,1.0824845193299029,1.0258656088892193,0.81990344394197,1.2368175741547758,1.165086525626611,1.7267557431089056,1.554079944293521,1.439053596394837,1.4429166419924664,4.014184734997205,4.149371323943941,2.0520425966956872,1.2771254536048906,3.037858038107402,2.9226020176999983,1.7910675243224137,1.166730491234326,2.546442656684908,2.373043955308443,1.6302152533138194,exact,9
GO:1901657,exact,,glycosyl compound metabolism,Mistral-Small-3.1-24B-Instruct-2503,-1,1.0484778854604426,1.6676424664752107,1.489880573042739,1.3388929823362918,0.5308902372076433,0.1368238113269516,0.0169902891585894,0.4358101738721761,0.3204221600486764,-0.3055700819301729,-0.0604165712187162,0.203300631648633,1.234452515213184,1.6353210268918374,1.4549085156244494,1.4231306934628751,-0.0259908650089216,-0.4127324743954839,-0.380049120621341,-0.2029053859883866,1.2136494316439406,2.0713875268800765,1.960639138775015,1.560891234134714,1.2093559444606987,1.9818616953937425,1.8681598965987465,1.5522020422003298,1.2134149401429892,1.2358810172541463,1.0793362885751487,1.447911454313932,1.2046132959075315,1.8321060600211112,1.9098610747135427,1.5728902911545586,1.061108511311901,1.371198273446794,0.9673744212153256,1.2760307839124474,exact,9
GO:0051130,related,,positive regulation of cellular component organization and biogenesis,Mistral-Small-3.1-24B-Instruct-2503,-1,0.8093934336570187,0.6685599643700694,0.4691205531468488,0.8575674415334668,0.7421886931206747,0.4765362149668938,0.345369007447127,0.7340250265644649,1.295952347630803,1.7857353470796855,0.1686783896051605,1.657954938802377,1.1877308745738722,1.6227691144031184,1.554527643058829,1.335762328253021,1.0647686270156664,1.3503654256794482,1.0081642261478454,1.2510827908842757,0.8401222283676387,0.3347182683226047,0.2168560432611206,0.8087238804603671,0.9285636748915408,0.9684177376012244,0.8084475182726625,0.972955576276914,1.336401921341353,2.5975218987720265,2.513932947553737,1.7286962588674444,1.192345999997062,1.7052602161044557,1.5848375434779318,1.5405344775409295,0.7746583827731109,0.4179182570886105,0.1620325162124567,0.7149686915775665,related,8
GO:0045787,exact,,positive regulation of progression through cell cycle,Mistral-Small-3.1-24B-Instruct-2503,-1,0.8781640287435326,0.8417825885000618,0.6290703610096606,0.9794383842967108,0.9033076776533224,0.8915995040573673,0.6829196189727124,0.9987986719346033,-0.0343420500498084,-0.2847776366086789,-0.0426734667297821,-0.1711496646386612,1.056922485312959,1.0054405916932918,0.9101385138762604,1.1140062868814549,1.165716016515229,1.8272406398793912,1.417797275555499,1.4709545021562955,0.7835309429962193,0.2256492073363782,0.0838429481030734,0.724676749156537,0.7185270451784586,0.3353168710261096,0.2828879689252958,0.6551687216720484,1.225495314707461,1.8059425835198253,1.6323237333638705,1.4728945231832709,1.1241945943424694,1.4887703124180391,1.375918241687505,1.3765660872681504,1.0093535399052334,1.0823785328980176,0.6821933511971352,1.1499338692038323,exact,9
GO:0042101,exact,,TCR complex,Mistral-Small-3.1-24B-Instruct-2503,-1,0.8020926196348432,0.6537377150912652,0.4924065902192391,0.8451791744460276,-1.2854337654801076,-1.0248054538914566,-0.8493483348005417,-1.2935168483714938,-1.9535954983890165,-0.9653940086024828,-0.1170905050760572,-1.7858540610037774,-0.9289530397068714,-1.0102910973926542,-0.8723886709220653,-0.9544020953704864,0.3564082013235999,-0.0964652130176537,-0.1076616610863758,0.2082636414390037,0.7645563856827134,0.2253791662796977,0.1158015266921822,0.6974214136527207,0.6010927026210081,-0.06424701298953,-0.0993048005956697,0.498781100987935,-0.3676200263728688,-0.6943028962753115,-0.6392488568167911,-0.4959365242714562,1.0258975242794504,0.8943076838942894,0.8401589633701977,1.1732967227141673,0.3692365279035736,-0.1965107028536891,-0.2325564797924624,0.17956088459678,exact,9
GO:0030217,related,,T cell development,Mistral-Small-3.1-24B-Instruct-2503,-1,1.0050025495462749,1.2579731433420207,1.0218288327905545,1.23664513118568,0.8960841572289773,0.847968695224818,0.671483425339525,0.9859757914250122,0.8633251100985783,0.5547734851625813,0.080000326015365,0.8880574333776418,-0.1376945072367076,-0.4206283356013726,-0.4321388199611098,-0.2759541559475361,1.1101188895258838,1.5109322940813292,1.154612683802276,1.3453363205579236,0.783759506300599,0.2402912669021937,0.1330513781899287,0.725007744666169,0.1570256832120709,-0.369785440604729,-0.357747673511222,-0.0104053429630308,1.075934148704329,0.6731041404810195,0.5398427416936993,1.1901289317013048,0.9782516615092348,0.962883978557042,0.7716607628470041,1.0846137958869375,0.7328072296500399,0.2471209691740575,0.0203685030825471,0.650870208417199,exact,9
GO:0009057,exact,,biopolymer catabolic process,Mistral-Small-3.1-24B-Instruct-2503,-1,0.5800042348332382,0.1658102266912384,0.0558540623357095,0.505794323580839,0.6446486472788895,0.2803512158420667,0.1313235157546733,0.5908369916386039,-2.014911203727181,-0.8602502607323627,-0.1120213343993389,-1.831154906589151,0.4864594481616102,-0.0317181029634033,-0.0955693740483002,0.360894519731354,0.8610716791056193,0.7085336520373499,0.4624894270395357,0.8880735836785277,0.2231732044019482,-0.342885456695059,-0.3473512751133689,0.0459018510945537,-0.3025000582385482,-0.5894091790419843,-0.5346429667038641,-0.4539811527963403,0.8832028842049939,0.3075164101052367,0.1911868114634242,0.8847295751331394,0.4403707689686446,-0.1185136953173048,-0.1342950826166407,0.3088373087063306,0.3885859458162661,-0.0658672694157273,-0.1613541992186036,0.2018226679935441,exact,9
GO:0006915,exact,,apoptotic cell death,Mistral-Small-3.1-24B-Instruct-2503,-1,1.0253740524187407,1.4239137240127695,1.1944461316536623,1.2833979794463828,0.3492771731739322,-0.1310516297285716,-0.1680624648343496,0.2089209253051528,0.2172223505475069,-0.2341427063707198,-0.0143175033799765,0.0900181353150031,0.5532685970632703,0.1615454801215105,0.0796602619039861,0.4377189947039636,0.58791775840928,0.1941369575883932,0.0464939477993866,0.4938913083513339,0.9521269945286742,0.5649755233013856,0.4077321297160226,0.9898774874106244,0.1775928698963711,-0.3326190975629886,-0.3494314660502478,0.0110594199318157,0.466351517740043,-0.2714756967367989,-0.297267831014451,0.3455461424298235,0.577638664746311,0.0457826283992251,0.301648330774818,0.4802084863456617,0.676542313378128,0.1430371614191286,-0.0418286295976559,0.5688083079812488,exact,9
GO:0004930,exact,,"receptor activity, G-protein coupled",Mistral-Small-3.1-24B-Instruct-2503,-1,0.4744945753363045,-0.0329060448656946,-0.1011263375181728,0.3637025271188701,0.5198802315554862,0.0678024542006898,-0.0377414923644121,0.4213897545750062,0.4403253494433764,-0.0236629596844312,-0.033459503332833,0.3403334906758051,0.8850208730046737,0.1798130678979476,0.0402262143830477,0.8587372622335031,0.9053371828708934,0.8284066977656748,0.51234490804822,0.960417386342298,1.0436462516153042,0.9043779178641678,0.6724327626846784,1.157883417979059,0.8790793735625139,0.3873557519999144,0.2617587920606123,0.8925251403716737,0.930545909756724,0.944749779837914,0.8188208674640884,0.955251077574696,0.5347781911849933,0.159834101242537,0.8843603352451085,0.4252980372958266,1.183855897434295,3.0523368941259434,3.2693484674385567,1.7184254170357942,exact,9
GO:0004565,related,,exo-(1->4)-beta-D-galactanase activity,Mistral-Small-3.1-24B-Instruct-2503,-1,-0.2788151095667814,-0.6332802041514283,-0.566330183409864,-0.4604962553594726,0.301956203049409,-0.1531227508105377,-0.2140028147378707,0.1532033336192563,-0.9768453275281818,-0.550562388534489,-0.0765220495067267,-1.0234362010127684,0.3075164778049936,-0.2115048579876211,-0.2688355326825683,0.164878078211627,-0.3324136017155202,-0.5976940193534231,-0.4759955149453583,-0.4948585167059608,-0.4383388184278048,-0.6160598844839791,-0.5650175382166116,-0.5744725929494809,0.2389906701792382,-0.4020248604351617,-0.3821076351801385,0.076151457507805,-0.3461996850678116,-0.2378924344006815,-0.2269725351276487,-0.4766895711309729,-0.4658535552184006,-0.6043105790973038,-0.5789169810205628,-0.60930560955403,-0.2799277224644851,-0.6047741461910421,-0.498766461918124,-0.4643333890061505,related,8
GO:0003857,related,,beta-keto-reductase activity,Mistral-Small-3.1-24B-Instruct-2503,-1,0.0634860691895199,-0.4056324754904675,-0.4078333287377085,-0.1174806091467218,0.3082299959443008,-0.1240201592447361,-0.1776548271588413,0.1605187320633691,0.4926787959162674,-0.0478192330728814,-0.0268945224437329,0.4022253319190761,-0.4876470944482701,-0.8393779961173861,-0.7601177871686129,-0.5889540888868257,0.344194941510013,-0.0749415512828271,-0.1341251369969251,0.1940969705326692,-1.1432463037747889,-0.7943080524765187,-0.6996993883945964,-1.1348067025717057,-0.7421517561042726,-0.6532915132741708,-0.5786931284052594,-0.8311270643186186,0.2940660318204524,0.3002621807106331,0.1971463032937749,0.1523853616917802,-1.0282504527679448,-0.7982200588882898,-0.7286343234157049,-1.0734805857464904,-0.8896031226377439,-0.7858389592531847,-0.5967592534726766,-0.9588036550074628,related,8
GO:0003857,related,,beta-hydroxyacylcoenzyme A dehydrogenase activity,Mistral-Small-3.1-24B-Instruct-2503,-1,0.6230109726471348,0.2461144150737378,0.1008251847641035,0.5667462663247993,0.71597295177414,0.4870423477502267,0.3352097707787926,0.6944740911953163,0.9542858318301968,0.8221481986927809,0.058487033470608,1.024707744140671,0.5880338946057994,0.1118170194199239,0.0179966125640676,0.4785871046398274,0.726559433858632,0.4453919817560196,0.309219875435289,0.6842471296882725,0.2778268358036262,-0.2616757896142221,-0.2711501969488038,0.1037190913769389,0.779738512286956,0.4265801306753649,0.333412034609675,0.7419729174096849,0.6779948708331488,0.505177202351381,0.4314937846723882,0.6038173666521427,-0.3077655705073706,-0.5246193037456885,-0.4361290635386711,-0.467633212456378,0.1436025414618049,-0.3733676635024542,-0.3536779349854594,-0.0642026105309781,exact,9
GO:0003857,related,,beta-hydroxyacyl-coenzyme A synthetase activity,Mistral-Small-3.1-24B-Instruct-2503,-1,0.6240357702729501,0.2310428264661281,0.1007008373503978,0.5682225596800554,0.5714303236141078,0.2424759845909007,0.1405251967492352,0.4897527115836895,0.8563119380834682,0.7194203573307225,0.0502352780656541,0.877879362655984,0.5884839878120528,0.0658852784734292,-0.0199682756462522,0.4791204150367857,0.835097973698805,0.6766945761018437,0.4683918802765682,0.8469525836870327,-0.6581866731461699,-0.6785094777317421,-0.591654443283298,-0.7575339746652784,-0.0903835914960147,-0.4832007027454441,-0.4632532786415353,-0.2569392372126967,0.463384819774823,0.4194959555902402,0.3112251964764072,0.3421036662287242,-0.7461290972903513,-0.665788282457922,-0.439451659011643,-0.8475464653977632,-0.4085014000598166,-0.6306697121521562,-0.5169811247328651,-0.5751515310209565,related,8
GO:0003857,related,,beta-hydroxyacyl dehydrogenase activity,Mistral-Small-3.1-24B-Instruct-2503,-1,0.6339674080509499,0.2290219056700008,0.0733018024455171,0.5825898420491227,0.7075442170196957,0.4543589096512232,0.3329613324637411,0.6819328708127135,1.0357791754368244,1.013900879175292,0.0778962860034252,1.155608960507706,0.7034666248654619,0.1671473674777151,0.026222912471902,0.6191756863889553,0.6748972584121995,0.3632693459233214,0.2286974671767239,0.6112778047703827,0.3471123217355956,-0.2183496005246317,-0.2657262650092216,0.1789998714275023,0.205568533119611,-0.3082216440877701,-0.2552012567616278,0.0405257355402745,0.5821978964224489,0.3788096221347519,0.3817819160348021,0.4836215364826103,-0.2240612924851684,-0.4901301539821034,-0.4082432144861921,-0.3901533832643414,0.2107465386941226,-0.3419564202037499,-0.3457687508549027,0.005574740865667,exact,9
GO:0003857,related,,L-3-hydroxyacyl coenzyme A dehydrogenase activity,Mistral-Small-3.1-24B-Instruct-2503,-1,0.8513475638688227,0.7454739398567988,0.5252441133632901,0.9307363239335787,0.9150321144805382,0.9825870218135522,0.7704891405258034,1.0198392238731089,1.1451093047003102,1.4195890745320243,0.1323482833187174,1.3475083935897691,0.8799666416503751,0.5743752039410698,0.4289077476357457,0.851703636436581,0.9726527295292196,1.0380224254543715,0.7949701986976525,1.076682902238009,0.9153640511934434,0.5425767902812615,0.381890945805643,0.927921000720924,0.9418394039013304,0.7970558393212774,0.6849847901172912,0.995258694835755,0.7401894698723814,0.776459323876335,0.6319113138408222,0.6852444088331383,0.3706337652762068,-0.0419842432114688,0.2736208607644816,0.226342392982675,0.5804386907765606,-0.0201826948796057,-0.1337590970552893,0.4376962158182591,exact,9
GO:0003857,related,,L-3-hydroxyacyl CoA dehydrogenase activity,Mistral-Small-3.1-24B-Instruct-2503,-1,0.9470695022149912,1.0882197771855373,0.8449475356982155,1.1128562630486802,1.013645360196162,1.346470903783528,1.1035617611975528,1.2098097449419147,1.2020690539690553,1.637991648657015,0.1554106359523904,1.457110062159352,0.9876589154967612,0.7840990069268997,0.6084065807898416,1.0070727131607846,1.0332976581683415,1.2381230716023726,0.9412129591844994,1.189193466914232,0.980948789180456,0.7116789613813749,0.5178167948417665,1.0404727723099276,1.0204622179356584,1.0471130006841185,0.8884423776693459,1.1347852259961069,0.9824435742438552,1.2704210023423472,1.115861318236964,1.035640362971362,0.5754968921036673,0.1790739150011115,0.4789131815678276,0.4774318793349245,0.6368357061200404,0.0457262304846692,-0.0833802169038205,0.5133713510458621,exact,9
GO:0003857,related,,3-oxoacyl-thioester reductase activity,Mistral-Small-3.1-24B-Instruct-2503,-1,0.3988952405749209,-0.0566203235812061,-0.1313015785506067,0.2674753703046668,0.5278135238211398,0.1691901828807063,0.0875011046026337,0.4317708343628079,1.0287448365194023,0.9964489138887684,0.0712330613763091,1.1439467636776226,0.0349856557404474,-0.4218825955614927,-0.4632484833644568,-0.1116343146745065,0.628501132888929,0.2829317153206764,0.1473451102528302,0.5478628981877679,-0.502244890149373,-0.624185979390188,-0.5647373300994452,-0.6286069950014174,-0.3233763051989363,-0.5451735848689242,-0.4888025407403902,-0.4727728659826188,0.4773458951251541,0.3072386170189861,0.2886733800703968,0.3583423476470385,-0.1430942799665319,-0.4456743300210378,-0.4622900295829206,-0.3134125026783524,-0.434914506217398,-0.6523906597301317,-0.5206452867198099,-0.5974223575654779,related,8
CL:0000748,related,,BPs,Mistral-Small-3.1-24B-Instruct-2503,-1,-2.4012648513002284,-1.2654085710498029,-0.9960385305444108,-2.0792689800398905,-2.574891956008831,-1.3195742993869377,-1.0513256921516796,-2.1818064390979903,-2.212554075243057,-0.9009391740433544,-0.1187923641932045,-1.9755960778872803,-2.013289620087205,-1.1672347549860145,-0.9913668865470456,-1.7621283877217075,-2.3640478829250235,-1.306448078461664,-0.8997696380068799,-2.001973263440833,-2.3447125118516854,-0.9923513085959662,-0.8274836223417671,-1.96773662352116,-2.2692976801139344,-1.074651732186618,-0.9197934303334168,-1.948777639110703,-1.230444296627263,-0.974083825122188,-0.8710665186242746,-1.2079046765519663,-1.3003813968032998,-0.9665562989337662,-0.9195561656717176,-1.2805530470541189,-3.147814820579307,-1.1219035954188885,-0.7707680725841455,-2.408999807019954,related,9
CL:0000748,related,,BCs,Mistral-Small-3.1-24B-Instruct-2503,-1,-2.2876722221983226,-1.246136194355511,-0.9780323150061674,-2.0053700627411573,-2.5709058959853777,-1.3337794879932408,-1.0424420808328323,-2.1792720745890093,-2.1475634108107657,-0.894024856804572,-0.1165897840863399,-1.928355518651052,-1.870183529506204,-1.1035749235470858,-0.9624847955798492,-1.6609556398613654,-2.071593035715068,-1.242209423788103,-0.8542966384524842,-1.814799680881361,-2.3863030468438144,-0.9970054654186464,-0.8272354622753673,-1.9948116658682755,-2.481635748782661,-1.1065854570562306,-0.9376019041064166,-2.0896757257287,-1.7390350548822786,-1.0716138763763885,-0.9479195115663044,-1.5851613355420884,-1.8095914169787792,-1.1301965552386886,-1.031147598931449,-1.644940150263763,-3.4340931171226594,-1.1292481890637338,-0.7723497858919346,-2.56998477686072,related,9
CL:0000748,related,,BC,Mistral-Small-3.1-24B-Instruct-2503,-1,-3.5196694667658264,-1.4602600581938452,-1.0999763764739832,-2.763803663650634,-2.3114143979808763,-1.2922425347044426,-1.016311168857129,-2.011904944616876,-3.84731223364714,-1.1491640646526604,-0.1393219217472218,-3.106066237309125,-1.85539065724972,-1.1297363882654743,-0.9521862486964728,-1.6504199561250048,-2.023984659881213,-1.2307032586347322,-0.8569654307611024,-1.783635519855995,-1.9402024307669663,-0.9411468642165962,-0.7914630990506195,-1.699284560043728,-2.69197104162534,-1.131702270219626,-0.9469164657958328,-2.226936951730756,-1.8008723794219106,-1.111535332273059,-0.9584191274489476,-1.6294518466579466,-1.476468564290193,-1.0332081043990948,-0.9840057536331316,-1.4096744708994444,-2.4660450620679275,-1.0044911775775285,-0.7046459153093392,-2.0103866163055746,related,9
CL:0000169,related,,beta cell islet,Mistral-Small-3.1-24B-Instruct-2503,-1,-0.5030045380761299,-0.7575912008337724,-0.6339284091009442,-0.6660699514748823,-0.4165689732647818,-0.6864284208047619,-0.6087990432661016,-0.5784793515682571,0.3795751852497112,-0.112688137640994,-0.0455742399400959,0.2701254002056573,-1.1939645612556633,-0.9082480818484272,-0.8152503155629439,-1.161841544590838,0.5813746319557164,0.163250784449808,-0.0027144033948938,0.4853130060993536,0.4132511641061044,-0.1848115809001168,-0.2300784819015441,0.2531424958818716,-0.601253296438242,-0.7478209599286652,-0.6393730652707252,-0.714178248634712,0.3410112168213277,-0.3440364954203802,-0.3452766076032904,0.203729490835669,-0.0562095124626467,-0.534562943040166,-0.571132984910963,-0.2289306739141449,0.3233124920778283,-0.2982913399973979,-0.3099506456015483,0.1276710002433729,related,8
CL:0000169,exact,,type B enteroendocrine cell,Mistral-Small-3.1-24B-Instruct-2503,-1,0.2611545138221039,-0.2032009740003419,-0.2552654481627111,0.1020182966609598,0.4675116498680472,0.0376175519545863,-0.0902862140312413,0.3540573552399593,0.4574139669589847,-0.1427930063075889,-0.028533894313885,0.3603891394588897,-0.045199329481721,-0.4885156239325702,-0.4918086699178765,-0.188863468897388,0.2554889031859583,-0.2048310700990272,-0.2032546110703462,0.0934998923836905,-0.034510053748737,-0.4477329095243971,-0.4192420193989739,-0.2110524388820249,0.041435101299039,-0.4835213494995139,-0.4465992416201915,-0.1281236374591703,0.6458450533451467,-0.0016634970554596,-0.0581424228751358,0.5628112441618196,-0.2325125729195258,-0.5362026676566737,-0.4282988235690788,-0.3980593785860382,0.1407345467751884,-0.3558935729889576,-0.3543985898272236,-0.0671368730878715,related,8
CL:0000169,exact,,pancreatic islet core,Mistral-Small-3.1-24B-Instruct-2503,-1,0.3837193365204455,-0.0960009892789951,-0.1569292722218964,0.2486539016743842,0.1930248627435604,-0.2637970217454067,-0.3037151880560679,0.0294228944235225,0.6006546282845563,0.0658760821066588,-0.0283538081521589,0.5343884019798386,0.126091646820628,-0.3062784232841087,-0.3559298639064822,-0.0217579018545811,0.221370863696092,-0.2504235228099575,-0.2884234065247545,0.0558204252692015,-1.1195814449090118,-0.795625008566691,-0.6773711110190614,-1.1171090861546693,-1.7901963543424,-0.9974529369477146,-0.8398295868739061,-1.6206201668541964,0.1481206206026084,-0.472940551541006,-0.4490490202555973,-0.0018421516767935,-0.7775744087829988,-0.83565759838828,-0.8191437251994372,-0.8733662270551424,-0.1470536008752238,-0.5531929377762647,-0.4745762186352094,-0.3451718513955539,related,8
CL:0000169,exact,,pancreatic beta cell,Mistral-Small-3.1-24B-Instruct-2503,-1,0.011969478634796,-0.4432969814297648,-0.4158083168019633,-0.1718023267137234,0.8923869758980477,0.855332707973237,0.6759101243859162,0.9794530421102956,-0.6202007267988552,-0.5941315350586573,-0.0849025132287444,-0.7190460956239421,0.7906782244094601,0.3537074907139987,0.3097227261219836,0.7310833332880609,0.7309611341842294,0.4042899157260237,0.1898375813445744,0.6905874039275108,0.4554825130214947,-0.1543576587010574,-0.1976063629050634,0.3017662840485385,0.6853683024966054,0.1267984401487699,0.0708720246389672,0.6097551371082941,0.3603690432312896,-0.3251830515014951,-0.330376411883063,0.2251693697132611,-0.0307284229852118,-0.4577974733050127,-0.4700114263928098,-0.2037072078402907,0.6240102279020029,0.0063890875443486,-0.110900730485017,0.4958600957712481,exact,9
CL:0000169,exact,,pancreatic B-cell,Mistral-Small-3.1-24B-Instruct-2503,-1,0.350961270214109,-0.1278069928032489,-0.1594569166824706,0.2085512911389882,0.7458990758972304,0.4832545423261704,0.3164744308873425,0.7396914673730721,0.7602426806920478,0.2053558670388805,0.0067169301234454,0.7429350845802756,0.979777574585804,0.6859020671257654,0.5703960602369934,0.995281114640843,0.5611639774906635,0.1340221541210898,-0.0022914601759606,0.4590236506193677,0.6629141701335556,0.0792660059858243,-0.0256263340525863,0.5581881179928917,0.931120557465877,0.5657537123401084,0.4652582065385046,0.97722586273149,0.1446837474409236,-0.3572186301031375,-0.3367414959227852,-0.0053831072170821,0.6495267344873854,0.1508674066191184,0.3074024939860753,0.5755495174330713,0.848325287676087,0.3786212814696748,0.1302068225995885,0.8354771560202611,exact,9
CL:0000169,exact,,insulin-secreting cell,Mistral-Small-3.1-24B-Instruct-2503,-1,-0.5382668927462295,-0.7509897317959743,-0.6336402560937239,-0.6972829979920877,-0.598329582867255,-0.7559890616816477,-0.6585099909141428,-0.7395443000490083,0.2660409243342986,-0.2127876757449582,-0.0503896858390083,0.1431075369895161,-1.338921194286579,-0.9432889920711188,-0.8380607821176874,-1.2721743242953212,0.4444832644414325,-0.0051497638606042,-0.1174105778789897,0.3129032411431949,-0.2330935347548105,-0.5541261519534292,-0.5367831871644122,-0.3947893235677862,-1.0807211725899917,-0.8443004490475577,-0.7261804439418404,-1.0999117523678543,-0.3943745590440564,-0.5862236688767692,-0.5385516209458308,-0.5198453939971247,-0.8469396762357254,-0.7773373338057381,-0.7214536308376497,-0.9297328594056196,-0.172046126001453,-0.543167993997106,-0.4670110537940957,-0.367976202069753,related,8
CL:0000169,exact,,beta cell of pancreatic islet,Mistral-Small-3.1-24B-Instruct-2503,-1,0.1114089155598209,-0.3827959155802657,-0.3738537456272537,-0.0659488058841919,0.6450050863107938,0.2917897398116328,0.141619145331489,0.5913415467519982,0.3604583936398467,-0.0951048741111446,-0.0421570321858517,0.2483691808781656,0.3891483959640989,-0.0951135577231146,-0.1479787779351869,0.2526644108367398,0.4899761446352481,0.0492529157968619,-0.0571068537459363,0.3687857828663913,0.4628786846414226,-0.1461902616906492,-0.2008202712118659,0.3103916642954345,0.4677919067869314,-0.1225989573059304,-0.1745468434323285,0.3342691435642041,-0.2885059627273781,-0.6304506174024451,-0.5927467642166964,-0.4243714595143009,-0.1286030005142515,-0.4895729740668596,-0.5280730775393554,-0.2994803213927889,0.3700208661410075,-0.2935464565542158,-0.3086145752357054,0.1804585507325359,exact,9
CL:0000169,exact,,B-cell of pancreatic islet,Mistral-Small-3.1-24B-Instruct-2503,-1,0.3020671604223263,-0.1939846078681393,-0.2550225048111536,0.1499583555984694,0.5093159688321159,0.0831236616703501,-0.0055361280541054,0.4076417283168393,0.3795086057206208,-0.1343776155434145,-0.0370484291165946,0.2700493559164155,0.4397136441927545,-0.035340282468896,-0.1406939611496337,0.3083885447512026,0.4980513307504948,0.0524856178791021,-0.0400439554160934,0.3788455677890427,0.6303703304568747,0.0412097307062899,-0.0388877381838075,0.5157366343865821,0.4978665704076651,-0.0938175666689203,-0.1454763715650176,0.3703409157798665,-0.0795262840840992,-0.4661926091193907,-0.4247636005943757,-0.2285009409493388,0.4731121531585929,-0.0603401593665293,-0.1538189742195112,0.3485688643408108,0.7420593247797688,0.1038089624880089,-0.0510468615426308,0.6648003117726053,exact,9
CL:0000049,related,,pluripotent stem cell (bone marrow),Mistral-Small-3.1-24B-Instruct-2503,-1,-0.0026460543976934,-0.4809813198454337,-0.4433032782068679,-0.1870204846898065,-0.3166355829865495,-0.6298030797707944,-0.5604942679035362,-0.4866120938500819,-0.8856167482691245,-0.6894407286017976,-0.1007602212383249,-0.9472367695252952,-0.9013691656144376,-0.8877640314780025,-0.7901271089568815,-0.9323422997764894,-0.3624022110030218,-0.6279144614154356,-0.4592421770318171,-0.5220361688982784,-0.68644903914447,-0.686443460072898,-0.6045426638507128,-0.780452417273047,-0.9937773795129182,-0.8027272360306424,-0.6949862485604704,-1.0323790600915863,-1.308602369956449,-0.933240575188926,-0.8248483432070511,-1.2675327030129406,-0.752059005191129,-0.8219691179634682,-0.7758822865541068,-0.8524285591059294,-0.4881442399152405,-0.6326503409871801,-0.5048555018988906,-0.641825607794514,related,9
CL:0000049,related,,myeloid stem cell,Mistral-Small-3.1-24B-Instruct-2503,-1,0.8288054923479204,0.6366675996941652,0.4515458068558148,0.8909903547638472,0.6959929520968692,0.381442721190134,0.2540990522512509,0.6648787497453076,-0.5948931935418931,-0.5871951276131672,-0.0915886712135761,-0.6967328081331666,0.2378757143191329,-0.3106194041537396,-0.3478809682129532,0.0919376541327264,0.1300717765793436,-0.2975643828917841,-0.3231247815996628,-0.0424852353338873,0.0566676894488198,-0.4013199448108521,-0.4049882844568696,-0.1228080562209766,-0.784328290509391,-0.8130166836727908,-0.7039077931866946,-0.8655078101043576,-0.0383292596711898,-0.6359943173785078,-0.5662605040808194,-0.1885950596864149,0.3861508937746133,-0.1922186111197355,-0.2266034659097392,0.2444586592284239,0.6892351765125994,0.1817357059025458,0.0053360085200152,0.5869435500813673,related,8
CL:0000049,related,,multipotential myeloid stem cell,Mistral-Small-3.1-24B-Instruct-2503,-1,0.8296516108761547,0.6751860129179423,0.4714739398459731,0.8924636680492634,0.6657903741712561,0.3247254072813592,0.2183732555406285,0.6209873799206685,-0.5563167065047102,-0.6042625081309737,-0.0922516705054446,-0.6625183548987061,-0.0036044101853402,-0.4721601126462286,-0.4700005124711208,-0.1490112492936933,0.5180934370440226,0.1036679227167655,-0.0440524109270913,0.4040036164530562,0.0377581642901375,-0.413959811145631,-0.3724488303928648,-0.1413317092662133,-0.6334648794613194,-0.7563360779827658,-0.6632966083005533,-0.7412104351775207,-0.1703849526891018,-0.6601002513507075,-0.6211545291518583,-0.3149513049090215,0.2996307137365988,-0.2638165273897268,-0.3276949648348431,0.1450768866134229,0.6963220852974124,0.1865445518598547,-0.0086616257765461,0.597161342418849,related,8
CL:0000049,related,,"colony forming unit granulocyte, erythrocyte, macrophage, and megakaryocyte",Mistral-Small-3.1-24B-Instruct-2503,-1,-0.6990739090727741,-0.83977441597509,-0.690124092738119,-0.8362111585623735,-0.3032454343435715,-0.6116780828333245,-0.5413998621639764,-0.4741080569973448,-1.3455970115271865,-0.7269058120978619,-0.1058502953967701,-1.3216128861450496,-0.65077250355655,-0.8365307298577371,-0.7475682928950401,-0.7273452709455198,-0.4926661779779795,-0.677828812206492,-0.4914886282571645,-0.6375788830580369,-1.0665338415179753,-0.7743882965606333,-0.6648141315625222,-1.0772000535006585,-1.6209426336733963,-0.9524398926302826,-0.8146037858017544,-1.5006753457053852,-1.4638315419402492,-0.9631610679025936,-0.8403831611873269,-1.3840847865249617,-0.105068522153612,-0.5278863361702116,-0.548121352443503,-0.2767210570018709,-0.5438446390609994,-0.6634097458984274,-0.5324821379427962,-0.6876331311015805,related,8
CL:0000049,related,,CMP,Mistral-Small-3.1-24B-Instruct-2503,-1,-2.344430993281301,-1.2614086083504517,-0.9831444413362186,-2.042413937129618,-3.5482461903546394,-1.4404076446456913,-1.1252513978283556,-2.772616194534407,-0.5677687703610252,-0.6109896017190778,-0.0938602236974097,-0.6727013073938488,-2.139490185268448,-1.2033584914022688,-0.9908034631513816,-1.8502817515044268,-2.2022459600089297,-1.2635740225514849,-0.863182897186223,-1.8993024434325567,-0.9695457985461868,-0.7554362417705401,-0.665745912880258,-1.0033466966675868,-1.2407030849763598,-0.8812922649180283,-0.7700789829763993,-1.2217902386409598,-2.887194820313957,-1.237978472308757,-1.079979498480187,-2.365664448012363,-0.5670022711664352,-0.7685195749038656,-0.7788103276362603,-0.6970583674912261,-1.7246973322494754,-0.9163892976678392,-0.6644481744662145,-1.544639249980594,related,9
CL:0000049,related,,CFU-S,Mistral-Small-3.1-24B-Instruct-2503,-1,-1.0963561061785332,-0.9640409913690752,-0.7959368983871083,-1.1588674943959514,-2.537670091788265,-1.30809582792112,-1.0484788644746037,-2.158098843127336,-1.4617024737943496,-0.8110989128233355,-0.1129407673796698,-1.41262993234588,-2.3040662132452896,-1.2161910268760634,-1.0218009861514803,-1.9638571744084248,-2.0591961016119984,-1.2063116377308345,-0.8597470103465832,-1.806704273874348,-1.704420176896845,-0.8921915490287058,-0.7584078328888797,-1.5378735816003275,-2.356104679361684,-1.0646212936046868,-0.9094667040192084,-2.0066802132196684,-2.908818236249088,-1.1784576203134018,-1.0298139027572504,-2.379657763130989,-1.0228352565836902,-0.8808633002563299,-0.8768398851722198,-1.0692583390632524,-1.352047399392715,-0.8651424049292479,-0.6329671275564391,-1.2931205103988497,related,9
CL:0000049,related,,CFU-GEMM,Mistral-Small-3.1-24B-Instruct-2503,-1,-0.9608471300219626,-0.916356631506486,-0.7686267238097725,-1.0517659534092787,-1.9580955665780204,-1.183716267674073,-0.9720186223292384,-1.7757450732069613,-0.7585780036786743,-0.736146736611206,-0.100823953323176,-0.8392879679613394,-2.102026785776148,-1.174330048525747,-0.993140108831538,-1.8242127506200068,-0.7536608607105799,-0.8129616039022661,-0.6000465724996136,-0.8580794373109407,-0.7768041826292593,-0.710493699220251,-0.6240019593444819,-0.8528696113237564,-1.742289565161373,-0.9446388319030536,-0.8229357909749568,-1.5869057181724004,-2.989671263874851,-1.1617360191369728,-1.003655057560263,-2.431793749585541,-0.308877919716968,-0.6433633199952615,-0.6679038750146319,-0.4686507962586369,-1.0618009705823457,-0.8116373123441829,-0.6033942681915604,-1.0866075600432414,related,9
CHEBI:9300,related,,"octane-1,8-dioic acid",Mistral-Small-3.1-24B-Instruct-2503,-1,-2.1422489894989254,-1.2054613010432418,-0.9517280822647936,-1.9093307899482723,-0.8675769491894352,-0.8674352737624824,-0.7195416402468495,-0.9658402768072444,-1.3015964095593686,-0.7875261582785976,-0.1061515936085692,-1.286786601519594,-0.4136745422066831,-0.5707279014885464,-0.5036032310242725,-0.5247434643531823,-1.8068016973751653,-1.1447479493424948,-0.7683077140368882,-1.6387928027118952,-0.6753015390147226,-0.6693044501393504,-0.5897304279248551,-0.7714283344969823,-0.3339928110944186,-0.5422386735708474,-0.4911754701631432,-0.482291215774534,-1.4644502964087778,-0.8497731707629835,-0.7276927919235853,-1.384544607996368,-1.15020638985643,-0.8406043341423115,-0.8302029199337746,-1.1674862234654149,-0.8262002123931861,-0.7373431733892986,-0.5771084641581372,-0.9106228485846776,exact,9
CHEBI:9300,related,,hexamethylenedicarboxylic acid,Mistral-Small-3.1-24B-Instruct-2503,-1,-2.15522373393106,-1.1986723826666992,-0.955008661839635,-1.9179674097947272,-1.1575202994751952,-0.944736413333528,-0.7923038335563662,-1.1958768375340698,-0.983927388188998,-0.7183413147131729,-0.0915873879232409,-1.029307817014217,-0.8210883461700096,-0.8614865187889954,-0.7618032923200239,-0.8675922603708011,-2.1988858009483976,-1.2310894343137129,-0.8210183709721649,-1.8971474821175385,-0.7715133794836178,-0.6930988181681121,-0.6153254105727066,-0.8486639166083875,-0.9732281330029556,-0.7372497655152835,-0.6383805183609138,-1.0162756232753758,-0.709727710280467,-0.7761154404534789,-0.7113149172140333,-0.7916938422132398,-2.439184643997812,-1.1008298700923032,-1.0446728199150177,-2.063079665853458,-0.7824217544564208,-0.7022542061903443,-0.5416688661079325,-0.8769760731709336,exact,9
CHEBI:9300,related,,Suberinsaeure,Mistral-Small-3.1-24B-Instruct-2503,-1,-0.5326444107923839,-0.7590988090379656,-0.6408151448587867,-0.6923250657896601,-1.111708176930171,-0.9542318256360846,-0.7759334352551807,-1.160364755509125,0.0631704052265191,-0.4280083524925653,-0.0778398125758541,-0.0721992636345209,-0.7382408896704491,-0.733690031686865,-0.6754558324160098,-0.7998796375728869,-0.382995340164997,-0.6648339171209717,-0.5478613522789414,-0.5405698751251778,-1.5836995807694632,-0.8421027939800163,-0.7302909399956327,-1.453586119603992,0.4732991325773254,0.0022158086245195,-0.012829079420174,0.3408324194106039,-0.992752651152878,-0.8630042814601248,-0.7850903598021776,-1.0222869557938654,-1.5420764362122998,-1.0077776433902723,-0.9660866909983572,-1.4569000770150808,-1.4995850339379997,-0.8751831643168723,-0.6538510939426843,-1.3943655240245074,related,9
CHEBI:9300,related,,Oktandisaeure,Mistral-Small-3.1-24B-Instruct-2503,-1,-0.9233759679860454,-0.909506450995044,-0.7709878207132563,-1.0216395397302012,-1.0823489384133778,-0.96305023830121,-0.79079561283525,-1.137449462793926,-0.5327256165988644,-0.6310002319324086,-0.0937218326450606,-0.6414717288035715,-1.127293020468017,-0.7697320779040816,-0.7025134925626167,-1.1103833411133952,-1.2302502635637032,-1.0137892522267176,-0.7695995043840894,-1.229850995990161,-2.0714057538859,-0.9220940753469484,-0.7819626798997216,-1.787441770340917,-1.0949648555515392,-0.7242848690273227,-0.6387884808828761,-1.110885369966348,-1.2803400509223777,-0.9136273665179236,-0.8217587723699997,-1.2460466074676115,-1.5800750286846257,-1.0576901874706437,-0.9000447843609378,-1.484044024181289,-2.191357943042651,-0.9512717458378526,-0.688920521788353,-1.842395436782157,related,9
CHEBI:9300,related,,Octanedioic acid,Mistral-Small-3.1-24B-Instruct-2503,-1,-1.0109169065608643,-0.9390594901873184,-0.7837006512245123,-1.0916694398691833,-0.264091499727846,-0.5751154915465173,-0.5358568627895361,-0.4372685127029037,-0.5024650282009011,-0.6411615165955074,-0.0866182672921644,-0.6143347612785188,0.3506615361238215,0.024774833399947,-0.0510896715207647,0.2109540242534951,-1.2196727853635072,-0.9909012659721782,-0.6837329173212949,-1.2219685134546916,-0.5447036614541462,-0.6337372388953242,-0.5746600543507554,-0.664141984042142,-0.2362274233106858,-0.4229878537270159,-0.382144834636307,-0.3936470837682825,-0.1939528509726066,-0.5805414263680677,-0.5580128622613109,-0.3370418861831336,-0.7913551001155236,-0.7693468220661147,-0.7706061294780995,-0.8846283423099697,-0.4244090179437699,-0.6102913488914637,-0.4989056653466985,-0.5885836623546609,exact,9
CHEBI:9300,related,,Korksaeure,Mistral-Small-3.1-24B-Instruct-2503,-1,-1.3710039556452576,-1.04690813001614,-0.8563125833809284,-1.3679067779242655,-1.9733230458299,-1.1776151701688822,-0.9316858146347796,-1.7861388018484987,-0.5704504244575674,-0.6418219332477727,-0.091706925770404,-0.6750826100097073,-1.1304883136392545,-0.8109161515662112,-0.7233414352170257,-1.112860215897923,-1.0400004345177665,-0.95284632979927,-0.7264962596184236,-1.0856682943846228,-1.674309148298562,-0.8706171011232627,-0.7493783867400894,-1.5169602071795771,-1.3635060247043231,-0.8932913912004805,-0.7498409350057926,-1.3134177677235708,-1.9166703720913747,-1.020928267902242,-0.9001276254367856,-1.7115823867377573,-2.391452281064125,-1.1953295961449646,-1.0597815449392058,-2.032423848061821,-2.253763402094473,-0.9626462018479852,-0.6945659237075897,-1.8809909439548853,related,9
CHEBI:9300,related,,Cork acid,Mistral-Small-3.1-24B-Instruct-2503,-1,-0.6942662594238509,-0.8600087795260408,-0.7261507564342062,-0.8321345850008486,-0.1534175685993539,-0.5391682535436857,-0.4901711731432231,-0.3307848151719209,-1.3000142798247412,-0.8109680361814392,-0.1073537558001476,-1.2855308187032923,0.2860250391413378,-0.0187670951906223,-0.0872098186629957,0.1421847079085405,-0.5065281846489209,-0.7359887592176065,-0.588444580845179,-0.6496452355995084,-0.6568476192448038,-0.6461581993676346,-0.5781604355958024,-0.7564448510405273,-0.6831024877346852,-0.7126223338977254,-0.619752468341649,-0.782517837488823,0.1879643028959636,-0.4093474138871718,-0.4015304361233767,0.0395011649513621,-1.3861638233809643,-1.0946327763629404,-0.8897221691078536,-1.3439001678383289,-0.7808339855376156,-0.7102948008059484,-0.5456428504623585,-0.8757497783219338,exact,9
CHEBI:9300,related,,"1,8-Octanedioic acid",Mistral-Small-3.1-24B-Instruct-2503,-1,-1.9330609574429127,-1.1628619784462126,-0.9229657618407616,-1.7681382583201086,-0.7471797650795171,-0.8001923094635893,-0.6991230011848131,-0.8663106973918804,-0.7971025355920005,-0.678285430836488,-0.0970966221253412,-0.8722595364106553,-0.0825140630651307,-0.3152378689241084,-0.3473355306189357,-0.2242453413117731,-1.5272515896568482,-1.0736357854181755,-0.7385348112238819,-1.4453171812466408,-0.7632539155160327,-0.6923143719097782,-0.6122247878565275,-0.8420899532133425,-0.1819102836538631,-0.4020745434311422,-0.3874597078429552,-0.3433905489294637,-1.214257464681609,-0.8004546914146697,-0.7007906406671851,-1.1954724249261952,-0.9545794788310248,-0.7914070382409605,-0.7543649597859339,-1.0156730213310747,-0.698218400559918,-0.6980616755510041,-0.5518211219875638,-0.8113443312658429,related,9
CHEBI:9300,related,,"1,6-dicarboxyhexane",Mistral-Small-3.1-24B-Instruct-2503,-1,-2.3666608978184915,-1.2520537905073228,-0.9880619348269468,-2.056857354092672,-1.5213808734882943,-1.048333393244427,-0.8535175829195313,-1.4682341605289306,-1.0387238800414598,-0.7197910113452313,-0.0946046076734659,-1.0745331798482962,-1.1870460675948442,-0.8935914685826042,-0.7875295832164546,-1.156523267898433,-1.2143181396065947,-0.9836871876438302,-0.7000685474224759,-1.2179723563905172,-1.5002051394660547,-0.8443025232317356,-0.7278024085295451,-1.3945746627587905,-1.948985245135321,-0.9934451003720138,-0.8551142024926653,-1.73112287753359,-2.0525177690325447,-0.9514421288888606,-0.8239341123853523,-1.8066613213546887,-2.868881712253833,-1.1325059738607468,-1.0555553817017365,-2.332463089438185,-1.0460878892217556,-0.7749086522826344,-0.5960495282565843,-1.075120500312578,exact,9
CHEBI:9300,related,,"1,6-Hexanedicarboxylic acid",Mistral-Small-3.1-24B-Instruct-2503,-1,-2.355758691868417,-1.2302325492943151,-0.980671406448148,-2.0497783989163985,-1.1754517454135474,-0.9484247414228016,-0.797805114347075,-1.2096970265418237,-0.7650473787307513,-0.656116419185117,-0.092460870400405,-0.844839625899128,-0.5599794071165675,-0.6740848021271214,-0.6449104021645593,-0.6508426859906872,-1.9284070422565205,-1.1704771547587671,-0.8154854649048735,-1.7204459084754369,-1.0103259035855154,-0.7496690723567928,-0.650974175070183,-1.0345429346829271,-0.8298498519659931,-0.7042528598174391,-0.6228648193756475,-0.9023103757505856,-1.5368431029838063,-0.8596470489551644,-0.7422461099936504,-1.4380929058539578,-2.8130755241445726,-1.1272178411633382,-1.0231918082356275,-2.29810842197734,-0.3535445742036248,-0.5863598189655952,-0.4884208036620721,-0.5282862062752818,exact,9
CHEBI:9300,exact,,octanedioic acid,Mistral-Small-3.1-24B-Instruct-2503,-1,-1.047506492348794,-0.9487118738401,-0.7889950020319473,-1.1205823829490158,-0.264091499727846,-0.5751154915465173,-0.5358568627895361,-0.4372685127029037,-0.5024650282009011,-0.6411615165955074,-0.0866182672921644,-0.6143347612785188,0.3506615361238215,0.024774833399947,-0.0510896715207647,0.2109540242534951,-1.2196727853635072,-0.9909012659721782,-0.6837329173212949,-1.2219685134546916,-0.5447036614541462,-0.6337372388953242,-0.5746600543507554,-0.664141984042142,-0.1196277065911666,-0.399524112778739,-0.3594633574112054,-0.2848127083566706,-0.1939528509726066,-0.5805414263680677,-0.5580128622613109,-0.3370418861831336,-0.7913551001155236,-0.7693468220661147,-0.7706061294780995,-0.8846283423099697,-0.4244090179437699,-0.6102913488914637,-0.4989056653466985,-0.5885836623546609,exact,9
CHEBI:90318,related,,pyruvic carboxylase inhibitors,Mistral-Small-3.1-24B-Instruct-2503,-1,-0.1876901602992364,-0.5102775319681365,-0.47521764681631,-0.3730019547477047,-0.0099861915387882,-0.4000684160960012,-0.4053411524180347,-0.1870691911726872,-0.5409753205617629,-0.3770472678515948,-0.0709259327939649,-0.6488424204866668,0.4491213703445731,-0.1367527443154396,-0.1614328255433262,0.318876922386698,-1.1431346284991672,-0.928022193367276,-0.6839203220929833,-1.1644714898160071,-0.0054574139625816,-0.4046678672706904,-0.3755296249461574,-0.1832232900530658,0.1680185250374067,-0.3420774982718808,-0.3536372516486579,0.0010466739074592,-1.14129037967015,-0.7540901631957232,-0.6656947569253591,-1.1390640594646293,-0.7105131911390976,-0.7092160862258692,-0.6856722799725227,-0.8180942148296152,0.6192479531695841,0.078362099716071,-0.078382422359713,0.4894046284058388,related,8
CHEBI:90318,related,,pyruvic carboxylase inhibitor,Mistral-Small-3.1-24B-Instruct-2503,-1,-0.1614987246413568,-0.5012949542592423,-0.4736748639964084,-0.3473831003197475,0.0497122986936295,-0.3618955537528803,-0.3696397717949993,-0.1251248533610435,-0.4190920636689703,-0.3601835859531598,-0.0666848376998616,-0.5387217479336759,0.473045523880973,-0.0880472132247972,-0.1202613616936017,0.3457265387653085,-1.0805016957856468,-0.901371150340826,-0.6653763581667043,-1.1168013717272511,0.478788363968246,-0.068792715195956,-0.0942119108085205,0.3290605401190819,0.6487373206179657,0.0641853454207446,-0.0008957939365253,0.5607740855514805,-0.8123319613401924,-0.6078049900054814,-0.552480097256249,-0.8766086932528445,-0.6181174338814939,-0.6437740885195189,-0.6336907579905617,-0.7406164643120808,0.6774499784831582,0.1575837560424416,-0.0262126315523305,0.5700982471163748,related,8
CHEBI:90318,related,,pyruvate:carbon-dioxide ligase (ADP-forming) inhibitors,Mistral-Small-3.1-24B-Instruct-2503,-1,-0.1087133039189851,-0.4895928169871364,-0.4510191539622267,-0.2950729880450427,0.1972143803407805,-0.2434833903873158,-0.2796745110501266,0.034076110783921,-0.1733370156243678,-0.1945867515724417,-0.0524290472667736,-0.3078313446346236,0.5622028857752082,-0.0270521398085396,-0.0736350280070908,0.448161201039621,-1.039101510936299,-0.8985397857944003,-0.6745019369814582,-1.0849744996532389,-0.7423660437527193,-0.6689958618936368,-0.5985189743391186,-0.8254181961863521,-0.3076986314840893,-0.5596958280827606,-0.5015386219212851,-0.458669998421921,-0.430533573139752,-0.2878138913067863,-0.2847928352528928,-0.5519325228275028,-0.760898464045031,-0.7646030488035896,-0.6478632965477,-0.8596947862637021,0.1101469035512653,-0.402652522071248,-0.375984832505691,-0.0982069740752314,related,8
CHEBI:90318,related,,pyruvate:carbon-dioxide ligase (ADP-forming) inhibitor,Mistral-Small-3.1-24B-Instruct-2503,-1,-0.0428154793819073,-0.4567880481284426,-0.4159087354604404,-0.2284249570440146,0.2901432388809359,-0.1618354353206885,-0.1968568860514007,0.1394868105451291,-0.0191022652379584,-0.096001840856836,-0.0446689944346044,-0.1558602424743702,0.5868748738835997,0.04487690841418,-0.0039681047891439,0.4772142974021343,-1.1200629768661758,-0.9256491549444466,-0.6919882070154466,-1.14697768504944,-0.5035934516757132,-0.5961992887776237,-0.549660115951577,-0.629740839837237,-0.0156970148038397,-0.4437636203966819,-0.378549944423571,-0.184617325291387,-0.4437082535928773,-0.2988879954706733,-0.2898122658171443,-0.5635603791978393,-0.6306978460861818,-0.7186439350375309,-0.6078439927540532,-0.75125935833929,0.1325614327339292,-0.3917425736099688,-0.3716559011290095,-0.075478845121506,exact,9
CHEBI:90318,related,,pyruvate carboxylase inhibitors,Mistral-Small-3.1-24B-Instruct-2503,-1,0.0191819959822913,-0.3760450182363155,-0.3746159841259223,-0.1642615289012641,0.0783532232572389,-0.328490120847573,-0.3472500239212947,-0.0949219815871186,-1.1600783492292224,-0.6515443311191729,-0.0961906932593172,-1.1734487537707456,0.7314231876000162,0.0649122899428915,0.0042739670294546,0.6544706037899449,-1.5901503098716196,-1.070819791484838,-0.7623050189675525,-1.4895895469230178,0.0940729679273074,-0.3553469245069022,-0.3499069087399423,-0.0858047919656319,0.2132428504237345,-0.3020486769432866,-0.2816868380611804,0.0486646786005246,-1.107549688726334,-0.7868933402984974,-0.6837925935531411,-1.1127723468261148,-0.4841358294383513,-0.636236209638929,-0.5847491878660026,-0.6253255234110053,0.8350988681353613,0.4093670099909488,0.1844992565457228,0.8130253990335928,exact,9
CHEBI:90318,related,,pyruvate carboxylase inhibitor,Mistral-Small-3.1-24B-Instruct-2503,-1,0.0130234767357024,-0.3961535191087003,-0.395050237670109,-0.1707016374682734,0.1869615164230609,-0.2399646410355078,-0.2628498300121017,0.0227028794934968,-1.13032923016167,-0.6478455504527784,-0.0952912598471927,-1.1493535086493312,0.7973772003645905,0.2221625270620215,0.1298494377358016,0.7399079420867403,-1.429031223137602,-1.021076778891853,-0.7377584791629442,-1.3752667224551507,0.5493961703816268,-0.0067333122531945,-0.0832072447461836,0.4139217932041849,0.6831335275978752,0.1327227928979268,0.0980442839776606,0.6067321256424468,-0.7753533175101188,-0.6484365131174227,-0.5802829803235344,-0.8461870251331496,-0.4169588016582324,-0.5708099284349177,-0.5079265900041023,-0.5661022556705726,0.8724473005611643,0.4947825651653418,0.2321989007916157,0.8774679581081415,exact,9
CHEBI:90318,related,,pyruvate carboxylase (EC 6.4.1.1) inhibitors,Mistral-Small-3.1-24B-Instruct-2503,-1,1.007027115819256,1.4442461308086365,1.1936888922920277,1.2412077948586402,1.0478386574789786,1.4748865290263549,1.262619695420653,1.2823332910175185,0.9076847797001608,1.039559395985651,0.1098113774006379,0.9535798206460372,1.3986886183845753,2.476896713005803,2.513471772208956,1.785588963989991,1.1717448549582417,1.9248436250603107,1.5615188061167855,1.4853774854201771,0.9522562982283233,0.7200631588935399,0.5519172414541142,0.9901003141714608,0.6301517077354953,0.1061500792812515,0.0445382073953113,0.5363695046953295,0.9049326027443156,1.0379340831784931,0.87814615917881,0.9167855591262312,1.0817165801816238,1.7146881002552243,1.4966068851298682,1.2848239617427673,1.1488243588809115,2.152301028045371,1.8339200440722745,1.553388971279088,exact,9
CHEBI:90318,related,,pyruvate carboxylase (EC 6.4.1.1) inhibitor,Mistral-Small-3.1-24B-Instruct-2503,-1,1.1314781501585998,2.416432476899598,2.345041695133413,1.5681259662836489,1.0673053538880823,1.573522486323888,1.3104839543837268,1.3255542360118364,0.8542491272399743,0.9390009196770648,0.1026345240153288,0.8748946820666914,1.413858684310722,2.58232870481104,2.620423132775674,1.825590908225348,1.193355755771349,2.064636717726645,1.7279979094255162,1.5385907418091742,1.1230098200199232,1.4123927311917075,1.2104185794970344,1.3257115680732532,1.007991350383649,0.853989892008378,0.7384407266492892,1.1117149701914952,0.8428860942295411,0.9165426364061962,0.778955068418063,0.8265648765182296,1.1678235610916516,2.2970794423526053,2.156921776491372,1.47871323883817,1.1469584594950164,2.125723980828959,1.815480993204808,1.5460111316471747,exact,9
CHEBI:90318,related,,EC 6.4.1.1 inhibitors,Mistral-Small-3.1-24B-Instruct-2503,-1,0.2628335411398407,-0.2812641544145028,-0.3300369279262666,0.1039671027926349,0.6133783053688134,0.1947400494722121,0.0906069636885212,0.5470562291381303,-0.1596235568955956,-0.4741364985350459,-0.0423669609989546,-0.2945578362375174,0.6788372297447413,0.1524282561847264,0.0784554285540381,0.5885043086533553,0.7573129925399782,0.5322140504107334,0.2688761044173552,0.7289742304903438,0.173190478997594,-0.2656526162162622,-0.2697638132317253,-0.0058627611132798,0.3477232127205053,-0.219922089053688,-0.2366900297109381,0.1954994349554262,0.1273943008973226,0.0746614692894433,0.0687364239766515,-0.0231366311331648,0.2684863656226405,-0.0742767441718713,-0.1845957976410453,0.1102291081889494,0.0901885914805651,-0.3432853417587333,-0.3567643639697094,-0.1182644429729668,exact,9
CHEBI:90318,related,,EC 6.4.1.1 inhibitor,Mistral-Small-3.1-24B-Instruct-2503,-1,0.1207064858787002,-0.494195983201345,-0.4748347331686095,-0.0558341426751103,0.5664906532830759,0.0948992346369902,-0.0025522293057034,0.4831067399454055,-0.02645410769006,-0.3724942352101177,-0.0315062745136151,-0.1632438819683468,0.6464980943076223,0.1333114442358514,0.0325258603750951,0.5488052788822854,0.6528801132882367,0.3443355583391949,0.1135177705975413,0.580946982121465,0.2263145236934231,-0.235689642545627,-0.2496307661346191,0.0491897617937338,0.56705366820291,-0.0664678474924404,-0.1106677782952019,0.455586085993616,0.1938175442191061,0.0991160849412296,0.0663633741689408,0.0456210130229293,0.3955908496311257,0.0801722890694875,-0.053135502948278,0.255545378212231,0.0982827556860825,-0.3379496679377212,-0.3523551805427049,-0.110150189438223,exact,9
CHEBI:90318,related,,EC 6.4.1.1 (pyruvate carboxylase) inhibitors,Mistral-Small-3.1-24B-Instruct-2503,-1,1.1264431539536102,2.3589107390242123,2.298417378162907,1.552454024828417,1.2254959471586138,3.031850455065177,3.1884478762647226,1.7618977953911297,1.4855993255851403,5.0018001023663485,0.6531150228155489,2.2224004932064774,1.5416712302561264,4.699353065806739,6.214010184623755,2.2672031669027146,1.3982908844799071,5.888065236764738,9.658080440510046,2.3411298775252525,1.0624047956893965,1.1217133418411158,0.9351401004873576,1.1953301197558006,1.0042993440512276,0.85535226254669,0.7389177339737283,1.104958664627271,1.4670861885783082,5.065068746066487,5.716741776486407,2.1474300117344467,1.294965933601492,4.007286719724376,4.123219199518652,1.8548878427802755,1.2040113260883505,4.12057806042527,5.812090858613534,1.863416556364256,related,9
CHEBI:83925,related,,non-proteinogenic alpha-amino-acids,Mistral-Small-3.1-24B-Instruct-2503,-1,1.1700332060199214,2.821641883486908,2.956295940061511,1.6996925581906046,1.1225409789432574,1.849276942770174,1.6818770272315309,1.457572566234107,1.1627374857984891,1.3110575425327506,0.13309575442051,1.3806144185800096,1.458704595300679,3.045577013358874,3.3464613402181924,1.954498271273032,1.267190659269306,2.622959639993227,2.4361099266606483,1.7432518159485872,1.136223136904064,1.3685287663491812,1.154194633613307,1.3564410622687724,0.4336354457731694,-0.0638289969042022,-0.1212438933653254,0.2939696782467775,1.2832818990929342,2.409808627334132,2.424544098401,1.5994428248506236,1.1909720056648987,2.247044867203678,2.05088784697229,1.536973310340641,1.199297556483773,3.49309359471951,4.177568397966192,1.8222278093237405,related,8
CHEBI:83925,related,,non-proteinogenic alpha-amino-acid,Mistral-Small-3.1-24B-Instruct-2503,-1,1.19317180153197,3.2810017126859723,3.563796871478845,1.7922499688908404,1.2241315389253764,2.9360792196372616,2.984763285590024,1.757078563008954,1.3092959628482697,2.018128005863424,0.2081601813693835,1.6891285473659208,1.5167973350042565,3.998303345095945,4.861162430969163,2.157696796972895,1.3481672513171397,3.863408637965428,4.375102906226614,2.040605388660182,1.3245246919580411,5.895846164940608,7.97791678107016,2.0548874368047056,1.2028163431834256,2.0503306697606734,1.8910298189350423,1.5346149134198197,1.4158639732819402,3.8249052407082855,4.32851434571583,1.958065382100374,1.34221075015925,5.357326859283552,6.185370717766588,2.061459925883808,1.205947919118014,4.018128309706459,5.498700078395755,1.8827623049864743,exact,9
CHEBI:83925,related,,non-proteinogenic alpha-amino acids,Mistral-Small-3.1-24B-Instruct-2503,-1,1.205085595369128,3.599666670072622,4.148035969532742,1.8459551581611373,1.1576576008642754,2.146450973481877,2.040619335533328,1.550681361745506,1.316777115830859,1.996529471982445,0.2028611349453903,1.70695476553611,1.503047581397752,3.8191790694138033,4.40705529553295,2.1043611497608308,1.2939876576678004,2.93488523638396,2.8232006399797123,1.8298369641750665,1.1527626013091783,1.4809303665552318,1.282479972540121,1.396329439034428,0.8855056255564725,0.6229741835336711,0.4946343362999893,0.9027438121087517,1.3868269892931946,3.378827733253305,3.400738893693729,1.8676976299287,1.2485546640735483,2.8928706318285946,2.7885137737229693,1.6985609631785823,1.205105271524771,4.049131106697373,5.701747639305796,1.874125709599788,related,8
CHEBI:83820,related,,non-proteinogenic amino-acids,Mistral-Small-3.1-24B-Instruct-2503,-1,1.0866922691123684,1.8625677965578176,1.7012304444527662,1.437643464798492,1.1145750713413511,1.7993590606501202,1.6682322050025924,1.4375528363386765,1.0623240103471137,0.9271335579438598,0.0728602165987438,1.2003003117207445,1.3485820638692991,2.189247306810919,2.137817526786608,1.663141837431097,1.165977482268492,1.8432367630473108,1.4930007637422231,1.4715764083459957,1.2014903202169385,1.8525864987154343,1.7246642380692283,1.5253100807257949,0.7566951738128385,0.3598716633777394,0.2253156683030935,0.7088166351087694,1.1631501814057426,1.552109581831226,1.489452956952187,1.348479846040399,1.194915984192758,2.2465675800697187,2.0562460702782865,1.5472285844149791,1.1962566977777218,3.2733076462471344,3.7287782692471567,1.7987906860987326,exact,9
CHEBI:83820,related,,non-proteinogenic amino-acid,Mistral-Small-3.1-24B-Instruct-2503,-1,1.161834129763992,2.69054876186476,2.7809137017655003,1.6697195615461038,1.1961996096474503,2.5485847501908805,2.5337848510526224,1.6643209167149453,1.1395208576371805,0.9937020708283794,0.1039415490883914,1.3371538840965065,1.4458591235862654,3.02469367187672,3.2693511637021664,1.9157058457167595,1.306205239229375,3.1170803685996566,3.347158810425888,1.872448968471808,1.3202911367095305,5.332199092695251,6.780374422515959,2.0202151151636434,1.219474610518314,2.2470688489936914,2.162126491077422,1.5801098717374396,1.3261323566551582,2.472516890570833,2.680497205006525,1.7025316905862309,1.3398137662904968,5.150166996308699,5.903871089648045,2.0489857785583374,1.2010272287021135,3.578214288595685,4.375770401620382,1.8365454763301936,exact,9
CHEBI:83820,related,,non-proteinogenic amino acids,Mistral-Small-3.1-24B-Instruct-2503,-1,1.176473301276317,2.9565942616258134,3.109313070985143,1.7241716578286042,1.21276431768569,2.800217103990541,2.8840651067041208,1.7180447908093943,1.2026028447600865,1.5103598509809586,0.1736039740253288,1.4581751513178696,1.4711405190567182,3.567362668613275,4.035085285743925,1.993781257702084,1.240827996543587,2.3890599081372774,2.115694289886467,1.6653612993035698,1.2293845509762378,2.1880434368517334,2.041902518337676,1.609578337101888,1.2416307258251924,2.496752369457476,2.377169135701436,1.6445685876311682,1.369459343132718,2.895967538273773,2.8573757572467025,1.8176082253514527,1.2451060955728428,2.8121953366771737,2.759833525167585,1.6880514607228718,1.2018832926073129,3.7758614570191145,4.947699326103818,1.8439467935035216,exact,9
CHEBI:83820,related,,non-coded amino-acids,Mistral-Small-3.1-24B-Instruct-2503,-1,0.5836355224856353,0.1257649251866133,-0.0058399642952746,0.5108674473098563,0.3007727322768115,-0.2061884182530192,-0.2541518681424809,0.15182577258231,0.8766979741265123,0.5910985375933903,0.0290205938988143,0.9075989128277794,0.4108028347151877,-0.0065677770317942,-0.0920663318831128,0.276396321054926,0.2171571594079649,-0.2063547650411861,-0.2327678871613382,0.051203765454483,0.5567847359015753,-0.0800031020391316,-0.1286869402458341,0.4230027016522531,0.0462055567478885,-0.3030954586602941,-0.3086480577888404,-0.12335814521541,0.796191148002668,0.6290202050526832,0.4935834989635453,0.7611637124533325,0.5186598508065923,0.0669976767974246,-0.0576805070252802,0.4049924177925377,0.5717315043170489,-0.089525241415769,-0.1917801995981546,0.4263057514547183,exact,9
CHEBI:83820,related,,non-coded amino-acid,Mistral-Small-3.1-24B-Instruct-2503,-1,0.5991604417423897,0.1497018310772893,-0.0007387080748467,0.532706523638995,0.2959743950695412,-0.2087733513497419,-0.2737127047952096,0.1462482470249891,0.9836543315089028,0.7975084092666775,0.0501166400387475,1.0708631693594572,0.3577995474903293,-0.0998469095048082,-0.193078865444592,0.2186455905684999,0.2943976003203259,-0.1396662464799649,-0.1968682689650431,0.1371411271003094,0.6196407855209932,-0.0073609416620072,-0.0699085050579148,0.5019427064433389,0.2430997855650079,-0.1603918365069761,-0.1971410368775077,0.080564213683577,0.9250225730672758,0.8572704362647858,0.699202506308839,0.946891868846717,0.5301715213221105,0.075061899147295,-0.0376298740208968,0.4194759651000447,0.5219631791038812,-0.1428072756186558,-0.2240008851176229,0.3625732930448988,exact,9
CHEBI:83820,related,,non-coded amino acids,Mistral-Small-3.1-24B-Instruct-2503,-1,0.5976114260637488,0.156916323149218,0.0084386753503289,0.5305164530711,0.2744436138090176,-0.224937534799788,-0.2719228832256958,0.1213720364985498,0.7384669412990305,0.4438503602274806,0.0308497462796656,0.7134146105681269,0.4449595439915724,0.0837240173186346,-0.0248325517404772,0.314232240031513,0.0226849825779253,-0.3643184559666297,-0.3563194581569036,-0.1538262557223293,0.570653698603937,-0.0667939272840981,-0.1198403564931609,0.44015727340466,0.2912357197000735,-0.135467735221635,-0.1854380412912689,0.1328122272592846,0.9555531697383464,0.8928456311290208,0.7315121954613784,0.9935598492355402,0.5415666668240271,0.1061006790165284,-0.0370703420777832,0.4339051507261585,0.5711164180150613,-0.0819961944977323,-0.1855181962835343,0.4255039240775859,exact,9
CHEBI:83820,related,,non-coded amino acid,Mistral-Small-3.1-24B-Instruct-2503,-1,0.6244292814372726,0.1968435127398788,0.0391488142869435,0.5687897460099549,0.336941587069791,-0.1636288968654748,-0.2480866781042672,0.1942747545951995,0.8396081733371684,0.5819668589626077,0.0394240916672263,0.8538267019947692,0.3954472435638974,-0.0106853009142765,-0.097531962062678,0.2595475835070906,0.1167824015167889,-0.2903953505926562,-0.3197005365565238,-0.0565050052393871,0.6417057012561123,0.0172727428860128,-0.0494976730245942,0.5304165999752822,0.3594267300883493,-0.0723626722902333,-0.1223528540133743,0.2086838310565381,1.1113199640881666,1.3220321125814984,1.1413172128015214,1.2524766710520243,0.5401826642084869,0.091192094889846,-0.0405253711495844,0.432147688294988,0.5392893139711935,-0.1159852751206743,-0.2060967169595876,0.3845039554980265,exact,9
CHEBI:83820,related,,non-canonical amino-acids,Mistral-Small-3.1-24B-Instruct-2503,-1,0.4185075310950186,-0.1010442624548277,-0.1587409832434237,0.2920359822356809,0.3294175396185462,-0.169193447459512,-0.2332616098589799,0.1853841185805328,0.9556066465344636,0.7070146352943666,0.0435271393007662,1.0267605693130173,0.4761834803380378,0.0656606444153097,-0.0108374290886734,0.3492674085851552,0.4478520669979403,0.0279429040906644,-0.0728606148640041,0.3169965683947737,0.7240907928775311,0.1327669419492777,0.0386078846913098,0.6406916666486325,0.087412914007544,-0.3020290230550006,-0.3150725727629869,-0.0818706156028573,0.6988409337017755,0.4568285686607365,0.3594788895853719,0.6307913597797055,0.3784416560649102,-0.0606701470418079,-0.1282581605196402,0.2354415096681401,0.4831900375507396,-0.2031022962284632,-0.2400846178022097,0.3144269910507622,exact,9
CHEBI:83820,related,,non-canonical amino-acid,Mistral-Small-3.1-24B-Instruct-2503,-1,0.3701807448192911,-0.1595970980067383,-0.192481304897197,0.2319943697882147,0.4269218639015785,-0.0499773100932688,-0.1448128438003291,0.3032132449908657,0.9990619121281712,0.7832372167657801,0.0549635905225874,1.0955216434044408,0.5001940484936547,0.0846153759244101,-0.0065722950872106,0.3765118575405208,0.5897220881941959,0.2116193949937133,0.0408616460207162,0.4962627405111875,0.8437423516528143,0.3368700603792293,0.2141525127365871,0.8142520029357011,0.4607646589526648,0.0052103183461993,-0.0509895685770559,0.3259212203793643,0.8171901888718076,0.6294238435042359,0.5164864069461955,0.7903263078579887,0.5312281100957512,0.0779796082384651,0.010423438264703,0.4208099892976961,0.461719810324986,-0.2234351546996554,-0.2500984198909022,0.2882903612046788,exact,9
CHEBI:83820,related,,non-canonical amino acids,Mistral-Small-3.1-24B-Instruct-2503,-1,0.3476247683102503,-0.1741394322306106,-0.2158122587778283,0.2045058039754115,0.1880976173025295,-0.2991233834231752,-0.334049667908172,0.0239607278331931,0.748184858576841,0.4461522970993479,0.0358695586605513,0.726543442287363,0.4347699907872169,0.078273958745785,0.0115755943053068,0.3028925261672061,0.3592583941215689,-0.0732705364732592,-0.1396849345663722,0.2115812503628402,0.7459355120182477,0.1653779542040341,0.0729776739382558,0.6710879949893633,0.4288242172008255,-0.0688765060174426,-0.1466621101115006,0.2883480607127935,0.7898134804988531,0.5771217636421523,0.4624282253433014,0.7523842357265126,0.4342156746918879,0.0071279160616152,-0.0777320523737095,0.3014419106542303,0.5112327095989894,-0.1604208638327986,-0.2136369825544548,0.34912261304971,exact,9
CHEBI:83820,related,,non-canonical amino acid,Mistral-Small-3.1-24B-Instruct-2503,-1,0.3564843315027636,-0.1664187497549511,-0.2009750739025239,0.2152636024214284,0.4158124591294133,-0.0677687567077737,-0.1720855566737136,0.2894897542738829,0.6879084481421947,0.3541385381478254,0.0175380392146076,0.6462385207001832,0.5155320290827349,0.1626879177605043,0.0776960645720247,0.3940582053494145,0.5222099020024237,0.1196647874899389,-0.0305637036900716,0.4092050334170931,0.8487779701441484,0.3458880840994601,0.2299081299288222,0.8219740011914344,0.6697782909972714,0.2481114301654821,0.1399398623361511,0.5887619742558872,0.9145203645208758,0.8020252165945485,0.6611244469863818,0.9310958693786234,0.5634805181550026,0.1328430060879069,0.0578235246988331,0.461918668026661,0.4893326443786421,-0.1820372543704191,-0.2249803902457093,0.3219717800827659,exact,9
CHEBI:78804,related,,Caenorhabditis elegans metabolites,Mistral-Small-3.1-24B-Instruct-2503,-1,1.210583627679133,3.754502573291385,4.424968332575743,1.8725990388001807,1.2401976982523248,3.294878428912907,3.537982045991502,1.8158990994513693,1.5531259773407908,9.495399450672902,1.6640362617226263,2.629906141875482,1.4062529691757508,2.9213301827916696,3.1228988862934592,1.805340233820036,1.2236555309139738,2.2103678735335333,1.9103889743639728,1.617733069040989,0.9305926042671154,0.6273857356141248,0.4320758176802072,0.9532571318199466,1.22408727397924,2.468367751845652,2.3209220251414284,1.593131545006453,1.2942630802926975,1.6665491975422924,1.475932175342554,1.6250080918876912,1.186389641633074,1.4730052414622972,1.6919739050186686,1.525183894930933,1.2014199138328288,3.793954207933688,4.860985894454582,1.8399127222914835,related,9
CHEBI:78804,related,,C. elegans metabolites,Mistral-Small-3.1-24B-Instruct-2503,-1,0.6291222149340524,0.2209942384331996,0.1183674905341768,0.5755670322407636,0.6549783902034905,0.3036617103077159,0.1740065896490815,0.6055111366789732,0.400472305770397,0.0065459535955619,-0.0336790737439392,0.2940889000537089,0.0589380680859751,-0.1499224438614614,-0.2296024193516171,-0.0882324780995854,0.8335183748092558,0.6154879850855131,0.3868615614157044,0.8444814830853816,0.7146771032380785,0.2111152049128488,0.0996931318728571,0.6277511054948873,0.4774151793940891,0.0344077295093625,-0.0420396628903732,0.3457499369097169,-0.2836610077143261,-0.5228889229577762,-0.4779215192174897,-0.4199454162822471,0.6742364712674195,-0.076739720129235,0.1622472836425715,0.6093474323057343,1.1290786437535156,1.7716082239939976,1.4168584029674502,1.4798395606715624,related,8
CHEBI:78804,related,,C. elegans metabolite,Mistral-Small-3.1-24B-Instruct-2503,-1,0.7255734699080907,0.4044556356027833,0.2891587494034295,0.7207062507739123,0.7976627207527445,0.577283370624108,0.3882305442678564,0.8206516620748535,0.0128920848857399,-0.2579490149994322,-0.0486302938330691,-0.1235543106630859,-0.0374084986695645,-0.2390954675674495,-0.3035184713867552,-0.1814325865004128,0.92511350166317,0.8431528100155498,0.5978719182861734,0.9937413918343606,0.9968626518622682,0.8352743085413484,0.6561361539632855,1.0692577065363371,0.6581029070846386,0.2402707352914503,0.1552664557307665,0.5731837832740264,-0.2377720062888776,-0.5029742820358138,-0.4671129276708266,-0.3777662885128292,0.9942942248849256,0.5541302661940142,0.588214180531669,1.1138809046395743,1.1540453682798293,2.1561032409038576,1.859257235469772,1.574597379523823,exact,9
CHEBI:76871,related,,methyltransferase (EC 2.1.1.*) inhibitors,Mistral-Small-3.1-24B-Instruct-2503,-1,0.91586392783433,1.023252086787082,0.8146094319413555,1.050823423530865,0.9081083445274678,0.9087473519819256,0.6654610926314172,1.007379325197785,0.8529159972470894,0.7081947883521833,0.0951086291261813,0.8729679446801017,1.3438427748949904,2.252519381992854,2.2691749334584586,1.6522151248928834,0.8669514172430521,0.7602788004412134,0.4656912784894612,0.8975138347220505,0.7632960549161337,0.293027946248896,0.1967186894566182,0.6956263650057439,0.6441144638761662,0.177393122389957,0.0966522683629641,0.5546765527547757,0.7622393180932877,0.9013049155510616,0.6857414338717456,0.7148264216930786,1.1601393440903909,1.701352265769326,1.5326012575332308,1.4600454520440214,1.1536903520249908,2.280341234817432,2.021177611631234,1.5731275063814762,exact,9
CHEBI:76871,related,,methyltransferase (EC 2.1.1.*) inhibitor,Mistral-Small-3.1-24B-Instruct-2503,-1,1.0223907372136027,1.5103229362632822,1.325113411092408,1.2764305933654163,0.9767636273393736,1.132860818157757,0.9258766079026532,1.1357660940652758,0.6369177653254253,0.4150727861867032,0.0673740507441041,0.5802821635734455,1.3639663233776755,2.427351397631257,2.458235039633519,1.699332770811758,0.8824772968893052,0.7980815807426128,0.508319426861598,0.9226851785449364,0.8192875993041809,0.3912797953927712,0.260368080827139,0.7772752119683765,0.9649744819033104,0.7777143397025014,0.6743643644908455,1.0349333456792806,0.7732845252293679,0.9402378214749734,0.7150495156833753,0.7297937697881776,1.151445720222837,1.635157931287217,1.4758712720312184,1.439294428695988,1.145911471150442,2.1494191650011354,1.837835443347471,1.541915031985876,exact,9
CHEBI:76871,related,,EC 2.1.1.* inhibitors,Mistral-Small-3.1-24B-Instruct-2503,-1,0.3010534867870219,-0.2383863123331251,-0.2750458270810371,0.1487589052824643,0.6235527371684016,0.2025423842185788,0.0776914481992167,0.5611977949028414,0.549661636351171,0.0086571977854434,-0.0147171394648143,0.471172956265338,0.651382772807154,0.2289339884477611,0.12754129137213,0.554761092270602,1.0524149103924751,1.3141678858935582,0.9191700758085044,1.2264726780145616,0.6498799769039284,0.1328793620754578,0.0518509810810104,0.541072627415272,0.229789399400248,-0.2331182747487488,-0.2629733470181741,0.0662965341802037,0.7407930731651404,0.8381220108422344,0.6846864847316819,0.686049030138019,0.212334891736879,-0.2911056191485949,-0.327421713863648,0.0485431413960485,0.1858634081115354,-0.2910543880563268,-0.3169713348373077,-0.0205317286957762,exact,9
CHEBI:76871,related,,EC 2.1.1.* inhibitor,Mistral-Small-3.1-24B-Instruct-2503,-1,0.2762351687078297,-0.3169142844369533,-0.3475677053997032,0.1195784163248022,0.5192364669423082,0.0115254338425881,-0.0759000871072939,0.4205495138363701,0.7062597675939044,0.1220741087863157,-0.0021869183596064,0.6704083289686202,0.5859374186068806,0.173048866251695,0.056608556676768,0.4761044541671976,0.8230273315688162,0.6425978773059288,0.330101540987487,0.8281530142655619,0.7252990218592521,0.2362157872635067,0.1250412197585719,0.6423593495570995,0.5123748709406917,-0.0131095976711985,-0.0729622148644111,0.3879483362864839,0.724445932004891,0.8005664990957655,0.6855070982946121,0.6643581597221676,0.2768890343948818,-0.2429237667498684,-0.3107185707876619,0.1195851008459873,0.1820603996839781,-0.2931065747759897,-0.3169793855773055,-0.0244955462386339,exact,9
CHEBI:76871,related,,EC 2.1.1.* (methyltransferases) inhibitors,Mistral-Small-3.1-24B-Instruct-2503,-1,1.1272788437407406,2.355480275739194,2.3021830892167374,1.5550350578656078,1.1942791875866672,2.596880484832081,2.585442107768523,1.6583072800004663,1.4358655719129327,2.8378997575286324,0.4502048763212072,2.038154773583167,1.507956832774786,4.001621094934474,4.836473619360876,2.1229336799738183,1.3178177760726548,3.316555597322762,3.2581646985934727,1.9151945903299632,1.1656884076140996,1.6866142024043635,1.5105334689200391,1.4287331176651967,1.0393797240433735,1.0724415484693255,0.8866788555645698,1.170551879725526,1.4255475295891733,4.391833548644769,5.11743216397321,1.990445330823063,1.3328279844934623,4.460211856736518,4.779698857049837,2.014240497078832,1.2095357505422757,4.711006807911202,8.206708523739938,1.924682874185776,exact,9
CHEBI:76871,related,,EC 2.1.1.* (methyltransferase) inhibitors,Mistral-Small-3.1-24B-Instruct-2503,-1,1.087235258899181,1.9682318713407896,1.7916278991641714,1.43911946859286,1.186944619707938,2.512264962916681,2.479943529952509,1.635712655740459,1.1649738652409412,0.926562952763522,0.1147731842518417,1.384864077388576,1.452478647237471,2.9622214328732763,3.3106796372844007,1.9354847406606908,1.2749201055455266,2.744980544766787,2.486889344996225,1.7673691318733782,1.106255863595391,1.2970993529551014,1.145831519549291,1.2880463262274349,1.0402229122372386,1.0786072129474806,0.9166517557395516,1.1721687223089858,1.3805773736620135,3.6732039543578177,4.025176038142986,1.849370042220916,1.3210968466210375,4.015033169195243,4.105562564970073,1.9603666594248863,1.171772960481828,2.668874802080205,2.538862037579723,1.6543096562997512,exact,9
CHEBI:76871,related,,EC 2.1.1.* (methyltransferase) inhibitor,Mistral-Small-3.1-24B-Instruct-2503,-1,1.2023748179315066,3.632992291372151,4.173758988696254,1.8332838903572235,1.2575063465793757,3.6196972802046337,4.141425554250128,1.885292966439363,1.4342030079495196,2.9254592687333365,0.3753109269813697,2.0326696553287973,1.525397842130119,4.363917879014656,5.468912548443934,2.193375187075678,1.342672148750623,3.786202803094752,4.113292046871952,2.016094923684308,1.204578396808558,2.055640049201456,1.8905808992566573,1.534194207558676,1.316729926527131,4.050940307595877,4.297956917283121,1.9183523934484168,1.4448149376921229,4.814084199531693,5.448455265444351,2.0590866963019563,1.3228125523427816,4.106709657410828,4.273982045998217,1.9679425246330096,1.1685293090604405,2.58885502346263,2.3922758825126915,1.638661532948057,exact,9
CHEBI:76713,related,,EC 4.3.* inhibitors,Mistral-Small-3.1-24B-Instruct-2503,-1,0.4488676821968524,-0.0495681693841674,-0.1536281931653765,0.3306042754567451,0.6783666925191671,0.3036875591267967,0.1626428645649942,0.639143558678008,0.8366147884974864,0.3859179830358721,0.0121583758141919,0.8495439848688936,0.8658794205261703,0.712253943427443,0.5313893229141432,0.8322219012159366,0.5978793875212112,0.2159348804721507,0.0063447613028577,0.5070159462098798,-0.2621480760659607,-0.4895795090539156,-0.4666603460222203,-0.4208076285158442,0.3895617379318548,-0.1282054863446085,-0.140317504883792,0.2429578777230355,0.5026791497596267,0.3597217823240998,0.2503777050201818,0.3880634218820397,0.1145089258699555,-0.3905095561728513,-0.3950981219100292,-0.055685509758342,0.3223604499409432,-0.1950261120329573,-0.2399361093494428,0.1266088286725054,exact,9
CHEBI:76713,related,,EC 4.3.* inhibitor,Mistral-Small-3.1-24B-Instruct-2503,-1,0.2806347069548849,-0.291850746333905,-0.3167794658638556,0.1247254220481208,0.6671741962951201,0.2637026141509151,0.0966260357646807,0.6229769669587589,1.1120358274114706,0.9303409582515226,0.0603228035859796,1.287156574897271,0.9723692615667692,0.97440661057065,0.808551865119373,0.98426237525378,0.493293086215902,0.0737102300849617,-0.0990871038428958,0.3729126555041975,-0.1713217346874501,-0.4509897488001528,-0.4207070742577674,-0.3387753894959448,0.6732329977509554,0.1644020610490211,0.122688847184674,0.5933948823768679,0.6333135647408237,0.5035515255753278,0.3842906129883285,0.5470157519713008,0.254768583499913,-0.2966260772415344,-0.3340746087998575,0.0950263083290429,0.3257630330578106,-0.1918928047919839,-0.2429088572460961,0.1304074802300123,exact,9
CHEBI:76713,related,,EC 4.3.* (C-N lyase) inhibitors,Mistral-Small-3.1-24B-Instruct-2503,-1,1.1262345791315311,2.31505774582288,2.217831987181895,1.551811065864518,1.1944174144879285,2.5252939213013104,2.4617122823723507,1.6587387358057368,1.5504762660241014,8.299944525794427,1.415682735974364,2.602955343767356,1.468774560501189,3.5279348968442985,4.0802868269356125,1.986165357134584,1.3958534186147753,5.682631228807221,8.857150954944888,2.3203596721607447,0.9628371439096084,0.764969175707697,0.5886583396138533,1.0084580639726604,0.8928390795481824,0.6177604432419543,0.4631332433874011,0.914484501433662,1.501309273408726,6.609468997524604,8.149950154549243,2.313949175259177,1.3380651762090858,4.599559541188066,5.337385879942201,2.0400729563328177,1.2024354254455063,3.965487211673723,5.383081267109671,1.848843710424828,exact,9
CHEBI:76713,related,,C-N lyase inhibitors,Mistral-Small-3.1-24B-Instruct-2503,-1,0.1717774215635818,-0.2941459302111696,-0.3220946337616845,0.0004360760621355,0.1762706751328052,-0.3001956369448129,-0.3426569719252544,0.0108953874356934,0.7412286447715887,0.2228999675294028,-0.0070171418366552,0.7171383044459847,0.4791727708862127,-0.1162752033260178,-0.1735001948556309,0.3526447230830557,0.0004214978186567,-0.3879005431181667,-0.3677424056508976,-0.1763767068291031,0.3432233228161497,-0.1735440795047071,-0.1861557715345792,0.1747119626572032,-0.10383709132424,-0.4753337696051345,-0.4462454027256358,-0.2697922791147648,0.5270368641735756,0.3213237518418643,0.2215225088762485,0.4169598277160823,0.4736483111966379,-0.1857276732567465,-0.1740830632574334,0.3492251082630099,0.9382089016500048,0.684367147866029,0.3691113717928556,0.9999459419532882,exact,9
CHEBI:76713,related,,C-N lyase inhibitor,Mistral-Small-3.1-24B-Instruct-2503,-1,0.175097932731081,-0.3160275384071464,-0.3228614622137992,0.004137513088259,0.5071928657531911,0.0426085475780484,-0.0672262229950115,0.4048890991454666,0.9574089120531356,0.53719588388765,0.026399761584372,1.029565082496549,0.6862144171189396,0.2167132388924211,0.0994223186389555,0.5976507381059654,0.060571586313173,-0.3533365182001476,-0.3304371824975788,-0.1150414714848305,0.6292031744150423,0.1049327407720971,0.0252855419325606,0.5142313960766698,0.4473531554416387,-0.1251959060731848,-0.1638013645657943,0.3100715486914388,0.5918853627105256,0.3758157544272697,0.2529210476852978,0.4955120865197677,0.542744784752958,-0.0929963203853141,-0.0869506940810061,0.4354022609382201,0.9978438922828906,0.9131127345757734,0.5475971183862772,1.124108722513051,exact,9
CHEBI:76713,related,,C-N lyase (EC 4.3.*) inhibitors,Mistral-Small-3.1-24B-Instruct-2503,-1,1.0004639614178337,1.375521099130424,1.151699045825229,1.2264806413191975,1.0373753469868667,1.3525171160288525,1.098272480983004,1.2597049791423442,1.1426766503455108,1.124716920038184,0.1193481857117564,1.342992946041808,1.3662937844251175,2.54441820978822,2.6275924749165283,1.704908712801616,1.204054242915204,2.0987170535043727,1.7616632642447054,1.5658849702156286,0.7693056345098246,0.3263953548355667,0.2081342216509716,0.7042025313208098,0.3521254868642,-0.1651060808742988,-0.218929599663252,0.2004505894981071,1.1830793537665023,1.8904980769327435,1.7862082862379296,1.3870838032353163,1.1923481446292143,1.8726851494329968,1.7459879283045574,1.5405400456583742,1.1604444330708927,2.3683469593019377,2.145417015571208,1.6018551817533495,exact,9
CHEBI:76713,related,,C-N lyase (EC 4.3.*) inhibitor,Mistral-Small-3.1-24B-Instruct-2503,-1,1.1401854537309952,2.484036777052616,2.4588089746560606,1.5959498828341607,1.1905113396938567,2.4804007835376343,2.3541473791453145,1.646627825821109,1.1033862614212604,1.003660097871582,0.1120725931030939,1.2717265295200444,1.4118310123688105,2.9754360632247785,3.1495384943857623,1.8201523944919529,1.2057915856063088,2.1088237037008573,1.7710043199951189,1.5703814360147623,1.0502179219974697,1.0603598324575914,0.8841188275729671,1.1708662364970317,0.7688251780524343,0.3049493528233089,0.1770833387856078,0.7261950578731472,1.234159832257283,2.141969849398084,1.9858527129465569,1.491101495825374,1.2385828394432952,2.3485694623499858,2.240751821909144,1.6685066316156274,1.1539963471399897,2.2527328484597287,1.9566345918942007,1.5743941663910503,exact,9
CHEBI:73558,related,,vitamin D3s,Mistral-Small-3.1-24B-Instruct-2503,-1,0.6376028671997886,0.2271753556139794,0.0780576714248611,0.5878765021213024,1.0043694032547728,1.2409467599774784,1.0270131872223298,1.1908062916597129,-1.174058126074356,-0.8044399224974171,-0.0658443272055802,-1.1847383302693957,1.1915200122847522,1.2865708363146648,1.1070054093851631,1.3426616149020851,0.5287206153460785,0.0736720572812763,-0.0559704924764613,0.4174559299499716,0.8855188557894389,0.4541342868675943,0.3106403984077766,0.8795100499664986,0.4437716442738871,-0.1132797863734442,-0.141628310917599,0.3058569672581225,1.08724376829497,0.6893661365735112,0.5792136755132679,1.2097981762961454,0.6395599139988207,0.0629810720979703,0.2919275102514879,0.5620717993606849,0.8668016132876359,0.3761652357418574,0.1160476931596931,0.8675138206227913,related,9
CHEBI:73558,related,,D3 vitamin,Mistral-Small-3.1-24B-Instruct-2503,-1,0.3857981322471672,-0.1392132935211332,-0.1723759121259573,0.2512227877541805,-0.0884128737808739,-0.4803706480999299,-0.4618138905703597,-0.2665006446210903,1.3758574038584943,2.556750834133733,0.2549927296248993,1.8581852502220888,1.240960641819712,1.4675618307691494,1.2919660490470073,1.4357242796354357,0.9607333485788048,0.894461722368162,0.6095581503018299,1.0554885373846237,1.2056348840956908,1.9436052907229195,1.7665872965830254,1.5372567464613185,1.1161065878352103,1.4009057749022558,1.1938350850515418,1.3269244662791817,0.8811931540512897,0.267455405714584,0.2029874162942002,0.8817905350185957,0.6782126192775613,0.1189893384366902,0.4234471038798983,0.6148384959109303,1.1629300628667605,2.265642123836378,1.953444830217757,1.6128661000963602,exact,9
CHEBI:65065,related,,site-specific DNA-methyltransferase (adenine-specific) inhibitors,Mistral-Small-3.1-24B-Instruct-2503,-1,0.4908141646651803,0.0705489958437681,-0.0174756195788653,0.3850510582205703,0.7624940696048473,0.5946175692272212,0.4147017388550162,0.765251979177774,0.5424152435578601,0.1780713388511047,0.0173238550974231,0.4623087744901706,0.9059950525969028,0.4460844951999639,0.3265890602096182,0.8881807935754803,0.321062785405192,-0.1190310758683294,-0.1966142514508196,0.1674810918854465,0.0570784188477052,-0.3663091112108507,-0.37333080654761,-0.1224043680035778,0.1714361282487107,-0.2691209152534569,-0.26889072188109,0.004616629114429,0.7761915959867203,0.8042292542523666,0.6518579735211416,0.7337500785660543,0.2851987691071953,-0.2843127750388808,-0.33154722942806,0.1288707173989265,0.579101703688935,-0.060692444682481,-0.1627768128927032,0.4359423540058214,related,8
CHEBI:65065,related,,site-specific DNA-methyltransferase (adenine-specific) inhibitor,Mistral-Small-3.1-24B-Instruct-2503,-1,0.6214077275147534,0.2559996414366797,0.1199143443355568,0.5644389808421734,0.873345055415854,0.8686462311926214,0.6690998764238374,0.9462763497961544,0.7799602274748029,0.4195765594583972,0.0559181282095985,0.7699884793874372,1.038996571174911,0.8291413090872425,0.6901924948707296,1.0857317031074534,0.4064259516606658,-0.0290733955678216,-0.1349353940131484,0.2671380420197875,0.3101075044210212,-0.2025769529389698,-0.2495126538690443,0.138504888037042,0.5681945001982844,0.0385424459690768,-0.0245203885292191,0.4570197744400457,0.8304337827373046,0.8568126693725029,0.6961086364296752,0.808925681617465,0.4074463761683769,-0.1339308618377832,-0.2000775857750337,0.269540637007879,0.6255685841369042,-0.0045853462533755,-0.1203786298172175,0.497977953089089,related,8
CHEBI:65065,related,,site-specific DNA-methyltransferase (adenine-specific) (EC 2.1.1.72) inhibitors,Mistral-Small-3.1-24B-Instruct-2503,-1,0.9844329005928342,1.3334882257803966,1.1116879994430042,1.191255722467131,1.1529454613313872,2.2568717027549194,2.1416877501021614,1.5376806270643022,1.3927104914792858,3.399216358536814,0.3817181745931376,1.9054656976593265,1.3918876649878098,2.622825194745168,2.718122742019621,1.768144173316815,1.274474965502781,2.756904192411255,2.5229464261390326,1.7659626546120704,0.6980227867232759,0.2079670429171605,0.0719235923200906,0.6050817228867105,0.6444520653387001,0.1822875457378325,0.0858355840067352,0.5551212298275243,1.2341031375350482,2.321902129550438,2.313676796535628,1.490981553356055,1.1536539764621982,1.8584967236405965,1.720868889536615,1.4445293838913271,1.000397119650537,0.9040382347481558,0.5397388359319644,1.1297782846088873,related,8
CHEBI:65065,related,,site-specific DNA-methyltransferase (adenine-specific) (EC 2.1.1.72) inhibitor,Mistral-Small-3.1-24B-Instruct-2503,-1,1.1415502283167995,2.547831696899284,2.519892372254509,1.6003988994577951,1.186727960688545,2.593887268564508,2.5476198519805213,1.635053915459378,1.399141381254432,3.482943338625118,0.3960681829237171,1.9241038185182693,1.4084858246448082,2.7788722090543487,2.9346272843299075,1.8112435960851176,1.2789933530240496,2.8094050124183827,2.58670899777234,1.780342936380965,0.8872100721198493,0.5549539376475987,0.4111142857194079,0.8822114968954969,0.7978809213170419,0.3868821266543608,0.2648788322270021,0.7685116061015498,1.2186841280775915,2.235901973163275,2.202384380960748,1.4587523673421705,1.2173702828260826,2.400691902976709,2.3507400063069817,1.607686443666005,1.0291709807003944,1.0452561143811667,0.6586918553955029,1.1961290959368336,exact,9
CHEBI:65065,related,,restriction-modification system inhibitors,Mistral-Small-3.1-24B-Instruct-2503,-1,-0.7463911932096388,-0.807154056596496,-0.6864990363137957,-0.876093949289276,-0.5413568028788117,-0.7092484183708991,-0.6269670367803134,-0.689842311338804,-0.1923302694952842,-0.2000346378699831,-0.0507135716578972,-0.3261425036764982,-0.4280697433955855,-0.6617198663472472,-0.6296091432874961,-0.5373143766116566,-0.537041886316943,-0.722633897615459,-0.5544413949008612,-0.6760581119920913,-1.2393375875590111,-0.7958909668958828,-0.689286629501826,-1.2060228181838593,-1.0690046078226294,-0.8564800684577613,-0.7432044634909852,-1.0908664177715095,-0.1894065207464984,-0.1877166985039861,-0.2187828523204611,-0.3327908783924751,-1.0974134099209825,-0.8798709915581173,-0.8462749319569034,-1.1270432299866795,-0.924860674446388,-0.7473113846503106,-0.5709576658652422,-0.9853257002088496,related,8
CHEBI:65065,related,,restriction-modification system inhibitor,Mistral-Small-3.1-24B-Instruct-2503,-1,-1.0055308094053752,-0.9203221584207546,-0.7727201907285901,-1.0873959103379538,-0.4253960810548841,-0.6552284264452185,-0.5986913818916904,-0.5864752942467053,-0.1614354437335003,-0.168825970041985,-0.047607268747113,-0.2963141450805403,-0.4036070342939233,-0.6070749057128035,-0.5729581516080258,-0.515929649321165,-0.5688067340274399,-0.7363923357044182,-0.5735085812777931,-0.7033417871544355,-1.1491973163986386,-0.770085024821005,-0.6750796753533101,-1.13924703741472,-0.7431360193054284,-0.7910966028732247,-0.686501637747528,-0.8319325664324713,-0.1642707201446368,-0.19562344567064,-0.2185320460503208,-0.309198459445026,-1.2088134675564377,-0.89112088256874,-0.8704573967654439,-1.2119517057282987,-0.8443860232496856,-0.7249361618892823,-0.5588595583465522,-0.9245078393651311,related,8
CHEBI:65065,related,,modification methylase inhibitors,Mistral-Small-3.1-24B-Instruct-2503,-1,-0.3898061153879537,-0.6432602365542875,-0.5473385386217386,-0.5638817195669471,-0.4951564025212558,-0.6567823715549485,-0.5720782068050048,-0.6490241012300793,-0.3549921409712432,-0.4289727274455264,-0.0657827657743845,-0.4797009355677509,-0.402371837651466,-0.6280435909986677,-0.5724914311013406,-0.5148470053717789,-0.9465512777770764,-0.877230441234856,-0.6342782309392211,-1.0128751576290316,-0.6091938816541291,-0.6339960723273659,-0.5580082079399092,-0.7174892113834054,-0.6627530295298453,-0.7014318591920953,-0.620448102048289,-0.7656337483590933,-0.9366370948305164,-0.768541647494552,-0.6972913564630271,-0.9774485833381176,-0.370027816272077,-0.7174730851914637,-0.7029310257477226,-0.524126113442311,-0.1064981538799134,-0.4874826182463181,-0.4261299375789674,-0.3077559406929427,related,8
CHEBI:65065,related,,modification methylase inhibitor,Mistral-Small-3.1-24B-Instruct-2503,-1,-0.410531500208547,-0.660774672226193,-0.5781915514728888,-0.5828269093408995,-0.4461037133528399,-0.6552518858480779,-0.5713067673098441,-0.6051603495128416,-0.2739706268597878,-0.4044279169068176,-0.0631310246191098,-0.4039219573249799,-0.3167910580777147,-0.5282092456522417,-0.499753128745425,-0.4391443768055478,-0.8576442781715878,-0.8475498494944911,-0.6102141575392618,-0.9423175743583035,-0.4148914940214374,-0.5647875857223065,-0.5142737874848315,-0.5544069605980485,-0.1035916371208035,-0.5088889025637476,-0.4667872850488716,-0.2695582419642803,-0.7550458545027232,-0.7195109167065373,-0.6535233989781215,-0.829394274688961,-0.6660199376325868,-0.7463327490594538,-0.7573585081541838,-0.7809818122973977,-0.0259321685595099,-0.4463812611541423,-0.4021058443166869,-0.2318281081745827,related,8
CHEBI:65065,related,,EC 2.1.1.72 inhibitors,Mistral-Small-3.1-24B-Instruct-2503,-1,-0.3227764248163933,-0.6659512362912072,-0.5895934143113417,-0.5018447885577548,0.06197877134714,-0.3972348596450028,-0.3797225761642706,-0.112228988423507,-0.6253100321641958,-0.5816280330260276,-0.0623542117015336,-0.7235383795972173,0.1871691720448381,-0.3262196070081098,-0.3451495377738776,0.0398706321824391,0.0018671225205834,-0.3579992345701107,-0.3556496052294061,-0.1749177471112854,0.0544699068597843,-0.3451497262583675,-0.3491348744843195,-0.1249671870526727,-0.1048392946997334,-0.4893554423709972,-0.4594159862499723,-0.2707476887863714,0.13836424090216,0.1045786167954458,0.0583194297429147,-0.0118837119370553,-0.678245055777397,-0.6301294389048322,-0.5639801421086803,-0.7912148630694694,0.2024789944571724,-0.2722174518464182,-0.3082363493800898,-0.0031325435145814,related,8
CHEBI:65065,related,,EC 2.1.1.72 inhibitor,Mistral-Small-3.1-24B-Instruct-2503,-1,-0.6316347166005317,-0.8486347974050595,-0.7085217501737839,-0.7786047697412919,-0.0551561025818842,-0.4918137192476177,-0.454337852315806,-0.2330770728137617,-0.5357151529108534,-0.5023951744442624,-0.0610126324434057,-0.6441440740447232,0.1943833593316034,-0.2731495521199369,-0.3037530292262524,0.0472271087992687,-0.0374521406726274,-0.3889414567940008,-0.3727022854779514,-0.2143430532082227,0.0360920480896591,-0.3593436103633317,-0.3615531761630071,-0.1429580857845141,0.2830607084394383,-0.2998216773168228,-0.3124385020095552,0.1238652427837379,0.1511611194562548,0.0883066518983326,0.0427388790424666,0.0012937258104999,-0.8957250535561324,-0.6954507531097102,-0.6097900860126358,-0.968907415058428,0.2069693308664809,-0.2692314223558826,-0.3096492188841309,0.0015924751574975,related,8
CHEBI:65065,related,,EC 2.1.1.72 [site-specific DNA-methyltransferase (adenine-specific)] inhibitors,Mistral-Small-3.1-24B-Instruct-2503,-1,1.1598714406882276,2.8037035685111755,2.915465455752513,1.662726159114602,1.2802904886187525,4.364889247350828,5.457396540392841,1.990221863239532,1.557477892456132,11.804286003689333,2.437796276321986,2.681489154764433,1.5688639860483125,6.212344093536025,9.792577780630046,2.420369923450068,1.412232843488623,7.519998219966512,19.67221458421968,2.506090257004668,1.1703589333064246,1.7597650527869275,1.5715853157918749,1.440733097755304,0.876790370409536,0.5757918032562866,0.4470125125304663,0.8889007391778253,1.5080525241214344,7.347278997055821,9.685178891652512,2.354173745346593,1.3407130820396442,5.144423008230882,5.863774300892706,2.053630228560318,1.20131258333718,3.9063011098181937,5.192823994172482,1.8389877839360471,exact,9
CHEBI:65065,related,,EC 2.1.1.72 (site-specific DNA-methyltransferase (adenine-specific)) inhibitors,Mistral-Small-3.1-24B-Instruct-2503,-1,1.109990076738604,2.191038040154772,2.094177208535189,1.503150438848243,1.2434677739894693,3.4329504248651026,3.7629933210121007,1.828479287547142,1.4791880633012289,4.944881361770082,0.6445564608702851,2.1959382926806064,1.4687782464328143,3.4540891481633413,3.951942522578557,1.9861771679594395,1.3859544548486673,5.149681884805439,7.127448461586935,2.246528167812914,1.1637731916392973,1.7070120159839426,1.5218897512588951,1.423858492946605,0.8750224477748171,0.5624640812042041,0.4028061386372403,0.8861069090728267,1.442768551468008,4.645420670308448,5.128181937109144,2.051495874269025,1.3051536512017312,3.8211657316988656,3.915184372487985,1.894040323864924,1.1578891416552533,2.3345856112365406,2.12273531459438,1.5907906997661607,related,9
CHEBI:65065,related,,EC 2.1.1.72 (site-specific DNA-methyltransferase (adenine-specific)) inhibitor,Mistral-Small-3.1-24B-Instruct-2503,-1,1.2244538533473932,4.397126429444452,5.731866445253545,1.946811672659782,1.2802866058406273,4.367579203324797,5.433125952778299,1.990202222353064,1.4880504528728664,5.193247414258394,0.6922881220450212,2.2327952591614504,1.4826144146585356,3.6852464520651695,4.358761658638489,2.031756918675572,1.384938844071529,5.1056324231935815,7.05324210576398,2.23968135687393,1.3076018801139673,4.593986893109861,5.444520021691821,1.9350020865134347,1.2292316189705337,2.1546069663213294,2.0674527530598774,1.607890387649869,1.5035496924322134,7.008908340417792,9.047473858859329,2.3269266395046126,1.349587569885365,5.624564218257176,6.557147187211332,2.101954792757389,1.1855546089327371,3.056741729325032,3.278153748426751,1.728361716577652,exact,9
CHEBI:65065,related,,Dam inhibitors,Mistral-Small-3.1-24B-Instruct-2503,-1,-1.6349672122262766,-1.071014558733813,-0.862491317924773,-1.560011462022787,-1.508869009257264,-1.0308913533042197,-0.8427959716413581,-1.4591328862126414,-1.461516974759543,-0.786870641656016,-0.1084021697843922,-1.4124855000044014,-0.8803429734314953,-0.8539462937555743,-0.7418761897166396,-0.9154632845071664,-2.089865386207582,-1.2089646979632396,-0.835846126363507,-1.826706973569211,-0.9552292168600398,-0.724539746161091,-0.6114411088779657,-0.9923439521593406,-0.9794635667789602,-0.7946058482005572,-0.6869741820615142,-1.0211679061938843,-1.5379721099524484,-0.9108314004133428,-0.7847703081273477,-1.4389241554655752,-0.5251583532452507,-0.805332843003549,-0.7549350406392873,-0.661013572760566,-0.9937100913331256,-0.7495135875614267,-0.5808089322633073,-1.0365822179591164,related,8
CHEBI:65065,related,,Dam inhibitor,Mistral-Small-3.1-24B-Instruct-2503,-1,-2.4481288328237745,-1.2541514112379442,-0.9843053859621684,-2.109484190685353,-1.8520832988667872,-1.1336783817780691,-0.9083264248687898,-1.7028055639506203,-0.6175606368013984,-0.5444488138607404,-0.0781584914934214,-0.7167231960066367,-0.8845445259364584,-0.8049832625240787,-0.7114491731486147,-0.9188405748392464,-1.8815463288245589,-1.1700900122557076,-0.8076390429187755,-1.6891510001979289,-0.947132523432013,-0.7146988721114237,-0.6223287006153538,-0.986109526270969,-0.5272623092328822,-0.6711897421539578,-0.5919647863635132,-0.6513799028689706,-1.576666746625337,-0.9257033605927064,-0.8043696476273064,-1.46734344574418,-0.5682475875694677,-0.7779327469135293,-0.7466665391174044,-0.698125683353117,-0.9376092668766768,-0.7360552893815712,-0.571477138466346,-0.9948693803151384,related,8
CHEBI:65065,related,,DNA adenine methyltransferase inhibitors,Mistral-Small-3.1-24B-Instruct-2503,-1,-0.0059721275604481,-0.4175497607417732,-0.4126810775336788,-0.1904721065074125,0.3056790107159657,-0.0899435770931726,-0.1574346801674492,0.1575416361210169,0.1123734469298501,-0.1440636560193692,-0.0400756763076455,-0.0212148570327402,0.2806185965428371,-0.4089074421292015,-0.4162002043345056,0.1365021519727064,-1.0550141870274623,-0.903493575374704,-0.6459366661977147,-1.0972379476174932,-0.0607739169774607,-0.4360630732206348,-0.3933230618570192,-0.2359883000351801,-0.0412103890992505,-0.403390998229907,-0.3720376191825799,-0.2095118427031413,-0.5213467882174456,-0.5948129083282337,-0.5543604882931187,-0.6314207688720782,-0.9252566382916514,-0.7675549952566848,-0.5967314032481112,-0.9924395212929688,0.272672106587514,-0.2680544654847681,-0.2901302494668233,0.0718954724954761,related,8
CHEBI:65065,related,,DNA adenine methyltransferase inhibitor,Mistral-Small-3.1-24B-Instruct-2503,-1,-0.0597204687114183,-0.468815297328546,-0.4379349407554804,-0.2456702318391662,0.3397666964337738,-0.0583945294308557,-0.1245570137151134,0.1976213100259914,0.2302065132784393,0.0124254858545599,-0.0315625985222983,0.1040539373665072,0.4197731636474625,-0.2056555883750185,-0.240360603724642,0.2862845685691125,-0.8657864513806458,-0.8344858497738546,-0.6077313693139913,-0.9488341437822154,0.0598143330102803,-0.3738419286292515,-0.3401164448789551,-0.1197138887110617,0.3606943664977914,-0.1664112595059738,-0.1486412964642627,0.2101160533454385,-0.6406608311606811,-0.6476151152673444,-0.576806886872545,-0.7336171813573503,-0.8833633938309668,-0.7296448102139578,-0.5050252555723084,-0.9590167426230968,0.4016524016375151,-0.162021067434979,-0.2270317455187723,0.2169959866229051,related,8
CHEBI:64570,related,,threonine aldolase inhibitors,Mistral-Small-3.1-24B-Instruct-2503,-1,-0.6950505007548683,-0.7594720250356332,-0.6389786885935865,-0.8327998806980356,-0.081712751847822,-0.4304251415023226,-0.4272521717609287,-0.2597968249434008,0.0658840021029138,-0.2196686166092729,-0.0476437945266185,-0.06940653138818,-0.2385129281497375,-0.7358118735282484,-0.6920806558575756,-0.3686502483903391,-1.847689755087956,-1.1486418272101526,-0.8182205072099059,-1.6664086906815518,-0.650138278453012,-0.6525409983435588,-0.5875159081218118,-0.7509832994166924,-1.2475529697234258,-0.8458203979748601,-0.7296353704479841,-1.2269435973594474,-1.3690066865168349,-0.822456452227221,-0.7059674923015218,-1.3131748710762794,-1.1731110612417124,-0.8964385628694397,-0.8872067984034626,-1.184917309477316,-0.5047293815529771,-0.6103548859920411,-0.4974193134375517,-0.6555337919138091,related,9
CHEBI:64570,related,,threonine aldolase inhibitor,Mistral-Small-3.1-24B-Instruct-2503,-1,-0.6835927905286564,-0.7659282055639888,-0.6490322834846314,-0.8230678868113624,-0.0070003351604173,-0.3862520023091954,-0.3981720034119117,-0.1840023638263008,-0.010691692817489,-0.1863799343742412,-0.0529421391984934,-0.1473952005293671,-0.1227034137683705,-0.6049967083833623,-0.5973252862754477,-0.2619768455321291,-1.8014816256021555,-1.135465861731163,-0.808914411785979,-1.6351873673740525,-0.4742110874554527,-0.5960462351782378,-0.5288383987623623,-0.6049578940731113,-1.0144040949575204,-0.8131361828212722,-0.6849813104955511,-1.0484877289383574,-1.254506318739901,-0.7880530789656237,-0.6685557504756797,-1.2263321901783375,-1.0151038576750813,-0.8358665644846038,-0.8457691223084298,-1.0632228405688018,-0.4820439460711995,-0.6020059699819629,-0.4910876015171846,-0.636768570739014,related,9
CHEBI:64570,related,,serine transhydroxymethylase inhibitors,Mistral-Small-3.1-24B-Instruct-2503,-1,-0.2126002513001433,-0.5121970568540303,-0.4687532168465262,-0.3971678628437902,0.1157824278296973,-0.2716619905511885,-0.3141624690626055,-0.0549536015380281,0.0630618767455741,-0.1522720473874188,-0.0448578534385546,-0.0723109115061107,0.1135332682250349,-0.4845053332149268,-0.4892405063159397,-0.0342888967344147,-0.8936725302720717,-0.8444234623289131,-0.6606101313829135,-0.9710679301593412,-0.4184142592268771,-0.5730995118965116,-0.5224103560308371,-0.5574288117730375,-0.0201135595407575,-0.4723220220705287,-0.431566517110947,-0.1889411444740351,-1.0043037120606226,-0.7218439763527074,-0.6452646548922473,-1.0314660922424954,-0.8172908516092207,-0.7661221801297949,-0.7482026936984433,-0.9057375849764824,0.1611985506042341,-0.2860085553506549,-0.3037370820445264,-0.0461191571322854,related,8
CHEBI:64570,related,,serine transhydroxymethylase inhibitor,Mistral-Small-3.1-24B-Instruct-2503,-1,-0.1909647850058783,-0.5074016181923828,-0.4797822488332404,-0.3761897448169435,0.2032218146562754,-0.2034719395634135,-0.2699835218927137,0.0407627718270889,0.123609608382583,-0.0862320425061203,-0.0381128605995837,-0.0094668550716279,0.086997017810123,-0.4705531287985941,-0.456787415788104,-0.0606150918412931,-0.8982665483831273,-0.8463197476198638,-0.6606654707879263,-0.9747182984408886,-0.1974616184865103,-0.4884183948426989,-0.4472637901140783,-0.3625971047598991,0.33320594210031,-0.2907753856778739,-0.2728095056913887,0.1792408763404872,-1.0720910499492808,-0.7622003520796847,-0.6568436018878265,-1.0849959484722962,-0.7356275485185098,-0.7157297092200354,-0.7156028667154726,-0.8388855110116451,0.190802674959375,-0.2658943473743476,-0.2899632454444213,-0.0153733556097163,related,8
CHEBI:64570,related,,serine hydroxymethyltransferase inhibitors,Mistral-Small-3.1-24B-Instruct-2503,-1,-0.0623269587380002,-0.4319594928702204,-0.4268114293363434,-0.2483199485702546,0.2950060302050865,-0.1038275475994407,-0.1742803611281532,0.1451241334958203,-0.0600417482786959,-0.3102553365135692,-0.0572904591051279,-0.196792218449357,0.4630902321088077,-0.3525146799810761,-0.3372561287293131,0.3345226511362558,-1.3333045052073291,-0.99526093991765,-0.7175736732244772,-1.30586987707124,-0.2263244860781807,-0.5040038765969364,-0.4759182766271478,-0.3886980789121441,0.2615174131786812,-0.2648479278348242,-0.2552380302582068,0.1004331071403192,-1.06658090944518,-0.7952378977239624,-0.6879552926581975,-1.0806659511768164,-0.9067599008564828,-0.7890315337734803,-0.7460840529942669,-0.9777162963976698,0.4349393036246067,-0.0958457426568659,-0.1955827551842461,0.2561822000079483,related,8
CHEBI:64570,related,,serine hydroxymethyltransferase inhibitor,Mistral-Small-3.1-24B-Instruct-2503,-1,-0.0088935655683694,-0.4048281653257432,-0.4063416469966079,-0.1935003040981883,0.3721910000026948,-0.0267649795724474,-0.1293730925417293,0.2363629580727271,-0.0599397622948291,-0.2744019018315143,-0.059673844390533,-0.1966908039627123,0.5639606656125512,-0.1723202990557402,-0.2052082663308129,0.4502205189743299,-1.163490061521812,-0.9401442319257732,-0.6779765688907983,-1.1798427884429172,0.0491965977440953,-0.3749648624411435,-0.368637283505021,-0.1301410779577706,0.6017964467325222,0.0178577243960495,0.00115796578985,0.4996834699438998,-1.1712677140518253,-0.8136950216258938,-0.6952716128223552,-1.1623119528310129,-0.6631640024832671,-0.6928185919772838,-0.674369976900528,-0.7785872791833456,0.5071355743323944,-0.0224427879564555,-0.1530573659044036,0.3440127534523023,related,8
CHEBI:64570,related,,serine hydroxymethylase inhibitors,Mistral-Small-3.1-24B-Instruct-2503,-1,-0.2190222700719588,-0.5344011533161908,-0.4872620892358599,-0.4033671071151757,0.1067518624658284,-0.2807686455647852,-0.3081529512024023,-0.0646496516390462,0.0109524269284248,-0.2877436073462137,-0.0524054810222984,-0.1255209824541537,0.2685680574156283,-0.3415205986863062,-0.34116430076024,0.1238735588287086,-1.451893269993184,-1.0296154131340671,-0.7433201547797176,-1.3916740458321404,-0.2111183709994478,-0.4956193512637781,-0.4606611213201679,-0.3749731292152684,-0.0597890705507269,-0.4813586566034011,-0.4455394683519212,-0.2275151191416918,-0.924657402272772,-0.7398313991228742,-0.642338927320761,-0.9678226401833332,-0.8460632365628677,-0.7805198692595023,-0.7326974607948006,-0.9290255976238092,0.3055183343280474,-0.2087136847207845,-0.2683477272584047,0.1079061424970396,related,8
CHEBI:64570,related,,serine hydroxymethylase inhibitor,Mistral-Small-3.1-24B-Instruct-2503,-1,-0.1510004585967088,-0.5001693718978392,-0.4782563400321654,-0.3370525998857458,0.1921931716691169,-0.2153291686802912,-0.2564501941336708,0.0285001225914875,0.223787938791911,-0.1098272696627571,-0.0382840343655693,0.0971079925598134,0.2972888366405093,-0.2570707894862886,-0.2633983293657099,0.1540575121692269,-1.4053545267863152,-1.0171823353050011,-0.7374756766050045,-1.3582079767284565,-0.0337064692859178,-0.4163452332385906,-0.398365980855301,-0.2102862000688577,0.3242489023310515,-0.2945851088644552,-0.2824819572067941,0.1692613695578455,-1.1361731922408491,-0.7996625248513389,-0.6761503335760769,-1.135085198656841,-0.6389039235778067,-0.6946964813047288,-0.6620231818435476,-0.7581854044300197,0.387402214292139,-0.1404670813366201,-0.2236655331153789,0.2004537139936239,related,8
CHEBI:64570,related,,serine aldolase inhibitors,Mistral-Small-3.1-24B-Instruct-2503,-1,-0.9200311230893036,-0.8456469857988805,-0.6984923078657476,-1.0189391156247516,-0.3835078940833084,-0.6153650942070964,-0.5702458510525804,-0.5483635537000366,0.117337277948392,-0.1411079202459213,-0.042997419148798,-0.0160298203776964,-0.2593871780401231,-0.7652322767117674,-0.707969893118555,-0.3875705205950431,-1.6275096603523531,-1.0871323748688737,-0.7851465035309683,-1.5156759865182845,-0.963795206656793,-0.7341400768042601,-0.6542490848408682,-0.998930391730336,-1.4098120610569582,-0.901017810407723,-0.7773565026340411,-1.3475647344395318,-1.1503556702564597,-0.7887775547088268,-0.6671421236708961,-1.1461052821239828,-1.2272165560542942,-0.9330432892141224,-0.8894354239016279,-1.225823044605323,-0.4523520996763455,-0.5915605233860445,-0.4912165094965418,-0.6120379626537673,related,8
CHEBI:64570,related,,serine aldolase inhibitor,Mistral-Small-3.1-24B-Instruct-2503,-1,-0.8606679477279638,-0.8263618915389128,-0.6797777333955165,-0.9706999151417136,-0.2379052674950638,-0.5468729573716374,-0.5080257514198642,-0.4123941918631232,-0.0396761094324251,-0.1207629130968927,-0.0489933511913591,-0.176486305620167,-0.1021117519692633,-0.5931095954674886,-0.5694050965363044,-0.2426923434895289,-1.6466528430644136,-1.0916792607015091,-0.7679297276713621,-1.5289835372115217,-0.7733281949386925,-0.6829957888805401,-0.6129302234368267,-0.8501070011046474,-1.0585944139320291,-0.8399715583703043,-0.7228788015082352,-1.0828153656457915,-1.1548506819839932,-0.8072006721883291,-0.6741454053285119,-1.1495931305251577,-1.1138155566208552,-0.8854954210805349,-0.8474028043098846,-1.1396486226871383,-0.4294958642231267,-0.5821232977435054,-0.4831360923746489,-0.5928665874121062,related,8
CHEBI:64570,related,,glycine hydroxymethyltransferase inhibitors,Mistral-Small-3.1-24B-Instruct-2503,-1,0.3034527924903385,-0.117485099167791,-0.1853461618460419,0.1515989133972434,0.3015749142375026,-0.0991796574828989,-0.171044311548649,0.1527594303601719,-0.0756929407009367,-0.3148374853542173,-0.0555772730678195,-0.212323594477458,0.5956068459041006,-0.200380269149745,-0.2482006430023398,0.4875748359044886,-1.1779916868949512,-0.9458687045458184,-0.6872200357689796,-1.1907580189309657,0.531238888510903,-0.0209634934990035,-0.1021602887097188,0.3917726459830657,0.6208277098547869,0.0588156814639971,-0.0082584359752583,0.5242345843493883,-1.1685659172887717,-0.8196846509489524,-0.7150267135262506,-1.1602209064753608,-0.1763224956550251,-0.5429542655550644,-0.5568505577391535,-0.3451290185494361,0.8514337439539167,0.4980813422740892,0.2133845074542449,0.8408108589908648,exact,9
CHEBI:64570,related,,glycine hydroxymethyltransferase inhibitor,Mistral-Small-3.1-24B-Instruct-2503,-1,0.3505941785272498,-0.0795643676129064,-0.1474852728190699,0.2081058476701762,0.3452150106992226,-0.05383454565842,-0.1408253158866607,0.2040881854439205,-0.0406686447244719,-0.2747074649866288,-0.0582068983578475,-0.1774784810392989,0.72356928640227,0.0405818032723073,-0.0651870855093569,0.6445022062691681,-1.06487425506168,-0.9069693435720996,-0.6616210629195837,-1.1048177176288576,0.8029116660486227,0.345985145220005,0.1963376709151926,0.7529781625296571,0.9292201221798012,0.5632624949049714,0.4537935103288572,0.9740507853201988,-0.9640880928395028,-0.7363708968453693,-0.6287126374121227,-0.9994343057531035,0.0312178469757399,-0.3855211473462159,-0.4016644073848885,-0.1414873708603553,0.9258318378585004,0.7076586222725249,0.3778142777790072,0.975884655506312,exact,9
CHEBI:64570,related,,glycine hydroxymethyltransferase (EC 2.1.2.1) inhibitors,Mistral-Small-3.1-24B-Instruct-2503,-1,1.0309527336599498,1.623460672536944,1.4533705573763929,1.2965439049031262,1.0562666156777978,1.5857851185018477,1.3626036251616036,1.3008602789146118,1.1761746202388976,1.7846085181345623,0.1867447572133244,1.4063232680055695,1.407742904648317,2.646983885273619,2.746658905313085,1.809275628323345,1.2051173929202084,2.1461525131035173,1.818699498357805,1.568634352920672,1.049612856744112,1.042723719638584,0.8603163702899207,1.1696648980343924,0.8955818875656534,0.5350629321797611,0.4155530839133107,0.9188978076233608,0.8100798887073891,0.941213820344687,0.7498130637331628,0.78040733377934,1.0473781599156853,1.3500893138735082,1.3089613376213505,1.2151434600614943,1.162533765652057,2.4825957885843994,2.267021046727034,1.6110934692732028,exact,9
CHEBI:64570,related,,glycine hydroxymethyltransferase (EC 2.1.2.1) inhibitor,Mistral-Small-3.1-24B-Instruct-2503,-1,1.143857761098401,2.614504264343482,2.676566018360718,1.6079781756975036,1.0990726913981992,1.8305616440159147,1.6446160981709004,1.3996048756998725,1.1315236170909484,1.6168268238064554,0.1790517572476585,1.322449715843663,1.4405313141957723,3.031123273696337,3.2625010705893,1.9000938675899783,1.2165765077099202,2.231147201879972,1.8899418300934083,1.598717625632258,1.1898811298184442,1.9062904197872947,1.7512189033905972,1.4927627672742367,1.1512864542486827,1.4928124173126869,1.3273756113390205,1.4062602528293353,0.7288006731696538,0.8036456903251399,0.6297765198439987,0.6701162064619316,1.1283172922163436,1.7474614620999194,1.9599526649486405,1.3858444548063475,1.1764273887065997,2.822965464719448,2.8675274915314124,1.677811330840023,exact,9
CHEBI:64570,related,,allothreonine aldolase inhibitors,Mistral-Small-3.1-24B-Instruct-2503,-1,-0.6308268367896787,-0.7276834909022711,-0.6119826367143595,-0.7779090723083837,-0.1286229240466863,-0.4539899342901561,-0.4371340917918777,-0.3064241145667664,-0.1635432823510033,-0.4186096851853705,-0.0596809360652224,-0.2983563475063552,-0.0775700001116348,-0.5812429131390214,-0.5711616293537357,-0.2195769785227149,-1.6495786664521697,-1.100197169439649,-0.7923826688301523,-1.5310139429351832,-0.7849989947470197,-0.6828040901965384,-0.6195426829821861,-0.8593754165310297,-1.611968876923505,-0.9349161791405416,-0.8051852252068973,-1.4942493532731038,-1.422755726933497,-0.8186122496133044,-0.7284138659711785,-1.3534769732828469,-1.0317354800152374,-0.8985208549574248,-0.8587183749588875,-1.0761956533674757,-0.3935097034728665,-0.5660668621243974,-0.4725460014508316,-0.5624387062972601,related,9
CHEBI:64570,related,,allothreonine aldolase inhibitor,Mistral-Small-3.1-24B-Instruct-2503,-1,-0.6403441059211481,-0.7381724656966206,-0.6259652185667964,-0.7860962043365506,-0.0279362748121419,-0.3916272621781194,-0.4029948282708723,-0.2054385102963569,-0.128132979046922,-0.3876292955893445,-0.0547658441652623,-0.263907388013642,-0.0545042590959877,-0.5259929980529127,-0.5355596267729494,-0.1977185764160599,-1.581809336255122,-1.0773733669869792,-0.7790761784146002,-1.483744268273245,-0.6892845932167746,-0.6522427450836618,-0.5922618103141823,-0.7827446265717088,-1.3687074520685087,-0.9054876347904584,-0.7754508156426793,-1.3172641119931323,-1.153676221488042,-0.7193633651650018,-0.633871271598908,-1.1486820479184996,-0.9059149157885238,-0.875708804574169,-0.833529724027998,-0.977042433071655,-0.3391261669467991,-0.5443384143101352,-0.4595705757294506,-0.5158689892906235,related,9
CHEBI:64570,related,,L-threonine aldolase inhibitors,Mistral-Small-3.1-24B-Instruct-2503,-1,-0.6980101774801707,-0.7667667062676798,-0.6547362411447929,-0.8353095746667422,0.0327383458409813,-0.3566283003260975,-0.3542274761435167,-0.1428737363061358,-0.1347555255011839,-0.2297250650673541,-0.0561434845183979,-0.2703731792580857,-0.1961828702680746,-0.753729104244738,-0.6948190046724594,-0.3300008906065105,-1.199613392078028,-0.9532790212121072,-0.7268212734765067,-1.2069780676743458,-0.6710588564462366,-0.6605699356356765,-0.595120596352957,-0.7679884878102188,-1.3509393403121015,-0.8623331623620584,-0.7479173053749438,-1.3041136431027294,-0.3854431853016462,-0.2979179847536174,-0.2584089692964537,-0.5118799863109478,-1.4428049882748069,-0.9088784964769012,-0.899224209108318,-1.3852617284946245,-0.4951950278601716,-0.6105462593645707,-0.5027921466260198,-0.6476605503399446,related,9
CHEBI:64570,related,,L-threonine aldolase inhibitor,Mistral-Small-3.1-24B-Instruct-2503,-1,-0.7236899095745495,-0.78579573241369,-0.6643100255319003,-0.8570132641474896,0.1465107339134786,-0.2744096511101229,-0.2983779020236362,-0.0217017762361084,-0.2022575466795987,-0.251091538120708,-0.058746596603309,-0.3356800850809462,-0.0729277740034608,-0.6177358261288736,-0.6046386156456546,-0.2151882187581183,-1.171392377717546,-0.9422888467972884,-0.7192467918683031,-1.1857944359617667,-0.4617808185641866,-0.5940003279347212,-0.5362614197437521,-0.5944230771167993,-1.113569224070817,-0.8427445082366403,-0.7159113471063594,-1.1251814468495818,-0.3636171834840465,-0.2846243729802052,-0.2502994225971469,-0.4923469746782075,-1.234471131747735,-0.8412977933067531,-0.8546048137394342,-1.2312794158408755,-0.4565622415705707,-0.5969160530682894,-0.4937176671064198,-0.6155565138415654,related,8
CHEBI:64570,related,,L-serine hydroxymethyltransferase inhibitors,Mistral-Small-3.1-24B-Instruct-2503,-1,-0.0195517389766114,-0.4041828958540696,-0.4047872393972448,-0.204520276812365,0.4554618362339295,0.0802767957785561,-0.0194026223413819,0.3388454664004543,0.3860653423513308,0.0906558700979548,-0.0227896678809556,0.277547416777923,0.5095919454944724,-0.2224269901408875,-0.2259093141678358,0.3872494706957488,-0.8589062285840321,-0.8279700692988772,-0.6485773155095153,-0.943328311694618,-0.1231142730182781,-0.4614864842716361,-0.4346372976915963,-0.2943695375966518,0.1731123113555671,-0.3100707309985405,-0.2934947877082741,0.0063692096335548,-0.1947778569306447,-0.1876139194068435,-0.2053926500476548,-0.3378127750154592,-1.047732291238348,-0.8041128037214995,-0.7898039811583899,-1.0886360482924986,0.3804505006508837,-0.1476543068878163,-0.2379669080493295,0.1924329215931629,related,8
CHEBI:64570,related,,L-serine hydroxymethyltransferase inhibitor,Mistral-Small-3.1-24B-Instruct-2503,-1,0.0054695919294043,-0.3927114751502826,-0.4176224487749304,-0.1785805095863386,0.5371601473244098,0.1871109354502166,0.062919251812617,0.4440650723253591,0.3470528171265214,0.1189677128265666,-0.0238944696490396,0.2332049701346392,0.6034419078957616,-0.0427960288287172,-0.0672023222451383,0.4969066330958498,-0.7564397446667499,-0.7846507058937622,-0.6131168570965806,-0.8603557480084345,0.134404693372853,-0.3296496144013036,-0.3293854547122859,-0.04534651664781,0.5567694632639075,-0.0110287639173776,-0.0398460118761183,0.4427045088025698,-0.1957226060520236,-0.185628824842282,-0.1868737267392577,-0.338695354239335,-0.7761918359222267,-0.7106612525293918,-0.7100488019828829,-0.8722345578345696,0.4573853095391677,-0.0774230487526066,-0.1909684339027406,0.2830570963635452,related,8
CHEBI:64570,related,,EC 2.1.2.1 inhibitors,Mistral-Small-3.1-24B-Instruct-2503,-1,-0.0122961161658864,-0.4759974356988833,-0.4434488676821822,-0.1970230674731866,0.2895701408296386,-0.1995919818958632,-0.2502141989914508,0.1388232616686502,0.0958205444691193,-0.3123234420064888,-0.0411164322621846,-0.0384497983522312,0.3214177641560964,-0.2454261251083069,-0.2782924445598168,0.1796470918076212,0.5606540112281004,0.2044560053552643,0.0591165116251175,0.4583642954265923,-0.2505563796974189,-0.4974709656429441,-0.468525291122057,-0.4104517599616643,-0.1781338769558081,-0.5738817521771353,-0.5139718605723079,-0.3398682951575308,0.2018154100350633,0.1614770201426246,0.0900480616264934,0.0540027446317035,-0.3323301871784406,-0.4912411803667292,-0.4760281928345524,-0.4900339185916889,0.2089879698038763,-0.25291163768737,-0.2821798044874737,0.0037198303006878,exact,9
CHEBI:64570,related,,EC 2.1.2.1 inhibitor,Mistral-Small-3.1-24B-Instruct-2503,-1,-0.1525946654868001,-0.6303872899869756,-0.5551022686655736,-0.3386236350646757,0.1477516698023309,-0.3427149936597908,-0.3601483064216451,-0.0203503703351528,0.2988603987953946,-0.1204562081520463,-0.0223829733695833,0.17929707641726,0.2709061667099879,-0.2583576074511419,-0.2912106484858291,0.1263198142214113,0.4575651956005718,0.0660815044300433,-0.0531527968781631,0.3288381588590112,-0.0513047028081588,-0.4101608554272387,-0.4102247888146876,-0.2270217543050327,0.1123432326369842,-0.4511023995365428,-0.4150735531837135,-0.0564814727911253,0.1303859249904218,0.1046176519294535,0.0443058222648858,-0.0200717643817739,-0.2538109148228256,-0.440212982623186,-0.4157067779901581,-0.4178992635877037,0.2339056731903503,-0.235315744487903,-0.2710155238461502,0.0301463741366756,exact,9
CHEBI:64570,related,,EC 2.1.2.1 (glycine hydroxymethyltransferase) inhibitors,Mistral-Small-3.1-24B-Instruct-2503,-1,1.1505933373527424,2.706897538511825,2.748258200438757,1.6305296844049333,1.2271919446437534,3.144771363481061,3.430959255855148,1.7679309551225302,1.5332398650450785,7.249597330134572,1.3067231108708266,2.4673943062476096,1.5446433197900495,4.908984045295347,6.474831249619251,2.2817907499788315,1.4036952303386794,6.343741700203376,11.330452965467002,2.3928245670102486,1.0451328638562698,1.0275941676302098,0.8341167337019272,1.1608078890492304,1.0449179374076234,0.9735216832712336,0.8237566026143676,1.181208262888042,1.446327611531061,4.718881894040842,5.295331305046834,2.0647484686300723,1.3012361231370824,3.863431774955981,3.905256653845441,1.8787211933801773,1.202643378280826,4.044301708448519,5.646802350375939,1.850714661924522,exact,9
CHEBI:64570,related,,"5,10-methylenetetrahydrofolate:glycine hydroxymethyltransferase inhibitors",Mistral-Small-3.1-24B-Instruct-2503,-1,0.0038225460843864,-0.3602194852718527,-0.3914883433329159,-0.1802954491768324,0.4325790716301695,0.0538786649670945,-0.0720397395027634,0.3102327830730181,0.1391534268821868,-0.0515248542499146,-0.0411630178955301,0.0068512297784663,0.7817517171087314,0.2416664281477114,0.1524248253110724,0.7193775572024049,-0.8965875492898582,-0.8333412421635676,-0.6647867134044758,-0.973384586354392,-0.1079100594645401,-0.4532797147147265,-0.4468425120645746,-0.2802327591205289,0.0646655884099961,-0.3598683631240405,-0.3313209400378201,-0.1048448677661543,-0.517176304899946,-0.2414942468610682,-0.2484434776746207,-0.6278036751883154,-0.9072860506111508,-0.6860934834418847,-0.6885146383684363,-0.978135837194327,0.0906524862670473,-0.3462375377598711,-0.3575672093896543,-0.1178001319491476,exact,9
CHEBI:64570,related,,"5,10-methylenetetrahydrofolate:glycine hydroxymethyltransferase inhibitor",Mistral-Small-3.1-24B-Instruct-2503,-1,-0.0658233680054528,-0.4208924017584614,-0.4213714524067118,-0.251870500768362,0.465882436166663,0.0938436005634133,-0.0293698932063028,0.3519946565998491,0.1124692752694079,-0.0437612402647692,-0.0411783699054213,-0.0211148315371459,0.8111879766168925,0.3287056315100663,0.2324267934175259,0.7582110172478723,-0.9139372065869724,-0.8381204077862947,-0.6706489772875316,-0.9871437953731064,0.0387861287023478,-0.3807546658046322,-0.3843946887221412,-0.1403278031659018,0.0166474886018293,-0.4138020390142919,-0.4243969188574781,-0.1527640032699678,-0.5055929866502402,-0.234286694868016,-0.2409306620591357,-0.6177408843051116,-0.8568314345989637,-0.6614235466274784,-0.6603244486031595,-0.937706625866212,0.2186126255963862,-0.2650156688068699,-0.3087801379846178,0.0138904747589778,exact,9
CHEBI:63624,related,,beta-L-2'-deoxythymidine,Mistral-Small-3.1-24B-Instruct-2503,-1,-1.371287617403285,-1.0055139014121657,-0.8175229194754694,-1.3681175911375418,-0.2347625468804299,-0.5112396718979484,-0.4838541377953857,-0.4093959250335522,-0.8177825991507964,-0.6263836162286234,-0.078301587071364,-0.8898725913298196,-1.6653419749058644,-1.0863230644692574,-0.936919611528578,-1.5136833950549682,-1.7369190324120722,-1.1193930553446578,-0.8490535198467389,-1.591204273004066,0.1761268138946252,-0.3442859249345629,-0.3367420222701064,-0.0028497370368465,-0.9339097945547974,-0.773579030812759,-0.688247325525381,-0.9853069803845592,-2.504690924945016,-0.9578698914735526,-0.8420839453436065,-2.114357904308916,-0.8125640823458159,-0.6651274127545931,-0.6786467315714261,-0.9018987871257992,-1.0571971115334085,-0.8102633795804235,-0.6078876660308965,-1.0832454001774845,related,9
CHEBI:63624,related,,LDT,Mistral-Small-3.1-24B-Instruct-2503,-1,-1.4839687745327053,-1.047911768146684,-0.8424849942946767,-1.4510944397255832,-1.8074134896462324,-1.1497445673217388,-0.9252750336611364,-1.671759509177282,0.9189551930493624,0.4178884419699186,0.0116764307529022,0.9705570298603482,-1.955685266323989,-1.0679233489530138,-0.8977984376923608,-1.72156361913147,-0.8125533205406398,-0.860938903097689,-0.6490357875700311,-0.9060229053268292,-1.1018002846822674,-0.7791214092603352,-0.6707240875898475,-1.1037688732709194,-2.2465874580587664,-1.0128065471362877,-0.8618684852284729,-1.9335574005738725,-3.158141097238515,-1.218156548309655,-1.0574013018611017,-2.539518905394571,-1.377239294118359,-0.9898471059735676,-0.900860491478202,-1.3373498460143816,-2.456441562767348,-1.032988930892949,-0.7241112222888257,-2.004593226836746,related,9
CHEBI:63624,related,,L-thymidine,Mistral-Small-3.1-24B-Instruct-2503,-1,-0.8989998285296609,-0.8448900475382136,-0.7216523544005593,-1.0019170259206496,-0.3670682115007041,-0.5789574481666159,-0.5474555678296101,-0.5332881057442559,0.6193765609531101,0.0128559787297375,-0.0343558682664141,0.5579813139093639,-1.008288212915413,-0.8358487461027789,-0.7597963774071572,-1.0173364244793637,-0.3851735011508596,-0.6353111050144712,-0.52964348415863,-0.5425241503291648,0.1806684161923,-0.3419962673091518,-0.3286291802701327,0.0018172285220362,-0.7659396118133986,-0.7053769879320753,-0.6201021341281037,-0.850552009392717,-1.9876052445592776,-0.9064358453774408,-0.8161706401377776,-1.7613950937640808,-0.9011087951354884,-0.7477966487918554,-0.7492783514310306,-0.9732075105384514,-0.6575009257971378,-0.7302293329202331,-0.5645892933016768,-0.7791548384149917,related,9
CHEBI:63624,related,,L-deoxythymidine,Mistral-Small-3.1-24B-Instruct-2503,-1,-1.0714599201657649,-0.9019865416790684,-0.7424363375551006,-1.1393999858985515,-0.2111933071041133,-0.470771718604096,-0.4465562421108474,-0.3868197293136918,-0.3644706798265439,-0.5108535056585627,-0.0683556754342522,-0.4884789136013006,-1.432479968089464,-1.0256876963805666,-0.902385328554442,-1.342330807148535,-0.8981563438094378,-0.86312212462591,-0.6901594069597076,-0.9746307718390386,0.1369812597408606,-0.3674599750010026,-0.3654288565667883,-0.0427414323121703,-1.0061454987937215,-0.804413208550722,-0.6899876390435873,-1.042044702976526,-1.98236684772382,-0.9097337108249276,-0.8045864421759166,-1.7577290644927297,-0.6823448775749812,-0.6486637888896374,-0.6720849063465854,-0.7946404864882983,-0.8895499734019178,-0.7778765287045242,-0.5880300311437658,-0.9587635304952624,related,8
CHEBI:63624,related,,L-DT,Mistral-Small-3.1-24B-Instruct-2503,-1,-1.1957072464288778,-0.949369313144862,-0.7701679222160078,-1.235663946727709,-0.9389688140240664,-0.9061704513929068,-0.7777695850040609,-1.0236913669819243,0.7753112060215555,0.1660927668515567,-0.0179581664683806,0.7635814783531166,-1.8466889917781388,-1.0777080700635522,-0.9277510628448612,-1.6442155123771771,-1.6038740206069506,-1.1178385216577178,-0.8193862491639324,-1.4991901443785645,-0.5212103201429037,-0.6319725693077067,-0.5765182320352074,-0.6445212456149898,-1.8667258762165235,-0.9420960217025952,-0.8106034241499797,-1.6741107138522784,-2.4597950586538886,-0.9853185956876191,-0.8707331990457711,-2.08435747028055,-1.94726679286536,-1.072350244117266,-0.973592090839003,-1.7391079551603583,-2.2096067073629446,-1.0055990412777327,-0.7111214227406264,-1.8537089550253807,related,9
CHEBI:63624,related,,Epavudine,Mistral-Small-3.1-24B-Instruct-2503,-1,0.2255028194841233,-0.1841137709581774,-0.2355761480621706,0.0610000785213394,0.5768848503245572,0.2333943345753975,0.1173041481718332,0.4971157236342639,0.9012050136233124,0.4532416519098826,0.0267493853502446,0.9438813122262651,-0.5454805902941965,-0.6387629513734924,-0.6121405144673632,-0.6385059985453256,-0.8356400982915886,-0.8650312509510524,-0.6989273831591027,-0.9246498835871688,-0.7928568566356946,-0.7111428941055644,-0.6414677845872407,-0.8656042930118792,0.1500090363899127,-0.2689224972216384,-0.2490660562932016,-0.0176906786391755,0.118468792126178,-0.3833945173480334,-0.3420229268399867,-0.0322632786473311,0.5117026641049203,0.0245478185348638,0.0304209998314106,0.3962837682252883,-0.4049538175714236,-0.6622799595326755,-0.5224433999927273,-0.5721479825481919,related,8
CHEBI:63624,related,,Beta-l-thymidine,Mistral-Small-3.1-24B-Instruct-2503,-1,-0.770040101786374,-0.7917818960889468,-0.6805301399129988,-0.8958675868748344,-0.1628449538876305,-0.488244351479791,-0.4810877399767577,-0.3399970435719603,0.6481096687096878,-0.0176233207448896,-0.0321537767358986,0.5946125261183998,-1.3013013474741804,-0.9870833552244564,-0.8523202922986954,-1.2437364286196515,-0.7932653592709871,-0.8270517177583271,-0.6542490464683692,-0.8903891748385446,0.270530304093428,-0.2861084565403055,-0.2813877483021821,0.0959233341380911,-0.865137359425491,-0.7379477788526609,-0.6600625454123984,-0.930628062875178,-2.2076540789713053,-0.9165965068277204,-0.8196639614838797,-1.9136756847482288,-1.1017591495386831,-0.7783208091408215,-0.758296325205974,-1.130386590151403,-0.8394323080658932,-0.7770709791159865,-0.5882588967027292,-0.9207309192561398,related,8
CHEBI:63624,related,,2'-Deoxy-L-thymidine,Mistral-Small-3.1-24B-Instruct-2503,-1,-1.5606930228345022,-1.062999247266421,-0.8502529382811814,-1.5067505357074196,-0.5208285549302456,-0.671357317765302,-0.603629616867106,-0.6717635687481285,0.1285915274812825,-0.2760074359445102,-0.0567935868909562,-0.0042451957038585,-1.5099660322659452,-1.0119905030311749,-0.885173986013262,-1.3998481678968484,-1.698295570644901,-1.106589713606057,-0.8052734952741494,-1.5646865332913968,0.03699451185221,-0.4212754682792263,-0.4028472666804699,-0.1420772617855921,-1.1160739170470806,-0.828003605005784,-0.7280609242966837,-1.1271029342506522,-2.602258876304147,-0.96512410604244,-0.8676720501345563,-2.1791732982402734,-1.8726128625253573,-0.925484437259689,-0.8444003145613699,-1.688253379475328,-0.7492752077328699,-0.7361026612143474,-0.5723553891406777,-0.8512870090140364,related,9
CHEBI:63624,related,,1-(2-deoxy-beta-L-ribofuranosyl)-5-methyluracil,Mistral-Small-3.1-24B-Instruct-2503,-1,-2.0789882459623343,-1.1637390708799409,-0.9209883777531588,-1.867024196025311,-0.4698531140341713,-0.6298281375145179,-0.568750860158595,-0.6264664382678778,-1.6591269413636436,-0.809232955965113,-0.095135692709543,-1.5646771078231738,-1.646247620442574,-1.1096547903344536,-0.9481626335330092,-1.4997973096598205,-2.714215352764364,-1.3223790046009505,-0.9174041729889724,-2.2173002965384483,-1.6897012325217902,-0.8971139118102728,-0.7675910543766576,-1.5276596032083916,-1.3517303389078938,-0.8630503085321731,-0.7088876468695594,-1.304699757230061,-2.94036347294912,-1.0151345070566329,-0.9199319396426304,-2.400033704118748,-2.372615261994144,-0.9897522415788068,-0.9583873077089952,-2.020282680161812,-1.5803961249576013,-0.9106417472918816,-0.6600507896656622,-1.4488686003227709,related,9
CHEBI:63624,exact,,"1-(2-deoxy-beta-L-erythro-pentofuranosyl)-5-methylpyrimidine-2,4(1H,3H)-dione",Mistral-Small-3.1-24B-Instruct-2503,-1,-2.2242383615594057,-1.1648674564735375,-0.9178695904850462,-1.963680928527096,-0.4800073553875078,-0.6299755748947643,-0.5512139791002791,-0.6355363404935286,-0.6513745708183878,-0.5682385693306402,-0.0746168018068986,-0.7463907647897932,-1.7814766703661806,-1.1356817346280732,-0.9714051896228492,-1.597550048023944,-2.539662112410199,-1.2837800754716624,-0.8952011131162888,-2.1110859318967203,-1.8718507837599627,-0.918508426107984,-0.7772439341988684,-1.652904014834199,-1.1210824875371377,-0.7865665170402995,-0.6552525509649152,-1.130943031544006,-3.2092738717230813,-1.0292664333881465,-0.91926366141551,-2.571983410593465,-2.330250913337364,-0.9782336386332428,-0.9291248611999005,-1.9928864695876911,-1.7543958868003071,-0.9158029299879537,-0.6585506415373026,-1.5641148399953162,related,9
CHEBI:60065,related,,alpha-N-acetylneuraminosyl-(2->3)-beta-D-galactosyl-(1->4)-beta-D-glucosylceramide,Mistral-Small-3.1-24B-Instruct-2503,-1,1.074870943446332,1.7432539725779015,1.5867461934134717,1.4060512726165126,1.2045770917306404,2.932359533643802,2.969702827527062,1.691059797582202,1.3128735541917622,2.726255206275993,0.376162999728533,1.697620997346582,1.4410059802795283,2.6246082444262973,2.702413841215626,1.901474064028528,1.197279902944292,2.055350955452667,1.8060616587062608,1.5485247694714583,0.668763641322681,0.1317372944306786,0.0414708911845387,0.5659197721461016,0.8721487580309291,0.4591567580634481,0.3552485762674177,0.8815757913074125,1.2739678359754387,2.7126402366218403,2.668201538658637,1.5781727926421725,0.486598315008885,0.4086142519728228,0.2606892007097475,0.3651319932503533,0.7851618069987457,0.2596327397220324,0.0307023910349935,0.7315150735560595,related,9
CHEBI:60065,related,,a ganglioside GM3 (d18:1(4E)),Mistral-Small-3.1-24B-Instruct-2503,-1,-0.8821560211479598,-0.8637638019663041,-0.7078818685516919,-0.9882304876711968,-0.2591471700630637,-0.5641945744811468,-0.4933524879545704,-0.432586579934375,-0.4694296513362229,-0.497314846505663,-0.0447712032427762,-0.584525260192093,-0.0830870206588965,-0.5120473910953303,-0.4832635403110047,-0.2247859660852375,-0.6738165666355557,-0.7741115755528736,-0.5557463176002855,-0.7920607514152208,-0.7572945361822055,-0.6904761791473901,-0.6190384061681328,-0.8373402592966942,-1.0441517581278286,-0.8293005162962565,-0.7235192953169234,-1.0716232799551784,-1.0217730177230375,-0.401177706601911,-0.2975186029980814,-1.0453160089281557,-1.5161485483698274,-0.8990796488747997,-0.7227508123115427,-1.43829177661843,-1.0163232851351398,-0.7895295444819185,-0.5963853792641233,-1.053267659190704,related,9
CHEBI:60039,related,,L-proline,Mistral-Small-3.1-24B-Instruct-2503,-1,-0.0447600919730914,-0.4875364277823111,-0.4615295715380934,-0.230414035335458,0.269823884395512,-0.1920398132437964,-0.2074988830765545,0.1160661759562248,0.3604653209896942,-0.0250805451333773,-0.0287906901206369,0.2483770365014142,0.3348546231224026,-0.043476152064631,-0.0966700387957446,0.1939914520109962,0.1971561097203214,-0.2315759063840068,-0.2767769608724852,0.0293979582284906,-0.2643063069351036,-0.5442676732871324,-0.5108349117209523,-0.4227322123995131,-0.2339518752884612,-0.533260271120342,-0.4994310347960324,-0.3915565664933398,0.5617095968010284,0.3504424126535876,0.2554032937170722,0.458657560423064,-0.1751765472083769,-0.4378014211603791,-0.4232296519359422,-0.3440404481285161,-0.2528505088650765,-0.5659359738084122,-0.4747488785307839,-0.4404539488952712,related,9
CHEBI:60039,exact,,(2S)-pyrrolidinium-2-carboxylate,Mistral-Small-3.1-24B-Instruct-2503,-1,-0.3635792220103208,-0.6399610384921616,-0.5612513684043704,-0.5397495499577424,-0.3301981269782918,-0.5626016947448641,-0.5326240701077646,-0.4992289702338055,0.258814928737761,-0.1599497989876484,-0.0360129384397869,0.1351943284748683,-0.9852355774344338,-0.779203684016534,-0.7109043354446394,-0.9991263721636972,-0.0117723141289849,-0.3915186280614912,-0.359177386723032,-0.1886540755147794,-0.853787802350337,-0.7091320354026851,-0.6332535384376977,-0.9135969509610504,-1.2856697242222026,-0.7977196728596907,-0.6972433236961876,-1.2555267616437469,-0.3984707527255241,-0.2577223524376128,-0.197264939374984,-0.5234932463476041,-0.8748592124701889,-0.6904530484126249,-0.6854760755959719,-0.952198488581594,-0.9340704565922552,-0.774348629702276,-0.5820759433938966,-0.992222641036092,related,9
CHEBI:59888,related,,4-ammoniobutanoate,Mistral-Small-3.1-24B-Instruct-2503,-1,0.0968990604371848,-0.3541399754303336,-0.3632154335327938,-0.0816567960367576,0.2272981452557588,-0.1767303849785902,-0.1904267185773812,0.0677332381744377,0.2838272799206634,-0.2592660497896101,-0.0290339019136858,0.1626691374718224,-0.378402633839645,-0.5537771529815022,-0.5101565881418134,-0.4937828525618735,-0.4482818261430405,-0.6615115143540651,-0.5472239962639618,-0.5986544228051444,-1.280909487606191,-0.8108334834459856,-0.7022843516649393,-1.2365240755532865,-1.0274779970060124,-0.7294073245218238,-0.6491829181185528,-1.0586695365388177,0.4553522528788772,0.3536055466259916,0.2359387139433428,0.3328048936623269,-0.8696155868581088,-0.6856438575416237,-0.6806000133705304,-0.9479886799007904,-0.6794004750054867,-0.6842724004598998,-0.5434977003375848,-0.7965054038481937,related,8
CHEBI:59888,related,,4-aminobutanoate,Mistral-Small-3.1-24B-Instruct-2503,-1,0.1940212310889109,-0.2817040942680235,-0.3110483628946116,0.0253350633028018,0.403681883710289,0.0052130878890418,-0.0799567613863325,0.2745959685632632,0.2396942886002034,-0.1415378844522107,-0.0422049178142504,0.1143483722827173,0.2495506979685123,-0.2117291669346098,-0.2203273188359776,0.1040474343852062,-0.0290873974421965,-0.3933016389844685,-0.3694940668901107,-0.2059999150178584,-0.9200677378754628,-0.7365129720968845,-0.6350551590741911,-0.9652067511705636,-0.8079481609497199,-0.6850837910956883,-0.5965095429824605,-0.8846424791380153,0.6002512554734039,0.5425400285599716,0.4100499374278558,0.505826323039713,-0.7030748919579533,-0.6452882281309003,-0.6843437192142727,-0.8119147742392475,-0.4977750878517302,-0.6285376316361895,-0.503605862483665,-0.6497930252669679,related,8
CHEBI:59888,exact,,4-azaniumylbutanoate,Mistral-Small-3.1-24B-Instruct-2503,-1,-0.0337237028874793,-0.4453919408287184,-0.4160966954343151,-0.2191067433865734,0.3600759556960718,-0.0355029625176853,-0.1106138200382638,0.2218150314477164,0.503204904009626,0.0369311181577593,-0.0188888145347429,0.4148335594916719,-0.3909155526118585,-0.5582788220704765,-0.4821830136378946,-0.504792372802598,-0.127623251564554,-0.465363165515771,-0.4389419033508771,-0.3028314678266915,-1.3639555493158162,-0.826258740594736,-0.7134471489028498,-1.2969241049396665,-0.6728716955874604,-0.6474643000999534,-0.5673178501259412,-0.7740379228772726,0.2384147857232899,0.1451865920022202,0.102280655702705,0.0926528940588785,-1.056548159138576,-0.7683777207157896,-0.7778947061215803,-1.0954764946394355,-0.9060128201960544,-0.7331764525358769,-0.5734925445721499,-0.9711712202050838,related,9
CHEBI:59549,related,,essentielle Fettsaeuren,Mistral-Small-3.1-24B-Instruct-2503,-1,-1.5406225629552373,-1.065598605927002,-0.866066057474086,-1.4922551139705762,-1.6265567907913336,-1.0877071361854311,-0.8903557371737089,-1.5440610361695803,-0.2673653987801448,-0.551564887595837,-0.074546048130101,-0.3976835534338774,-1.4312283895286717,-0.923459907351863,-0.8159326757504504,-1.3413974890185956,-2.188744819294972,-1.2467960435115917,-0.8920282267787755,-1.8906380351989645,-1.76385043908556,-0.8985636455665269,-0.7511538055488564,-1.5789435205464943,0.3889558493167274,-0.0244838810389799,-0.0665869831833928,0.2422640453005741,-1.272147174811837,-0.87560332312051,-0.7775434769293957,-1.2398021777386796,-2.2955550543793954,-1.2089702056521925,-0.952581784425316,-1.970354344976676,-1.9015831491987387,-0.8935163996919413,-0.6471025734996473,-1.659524200634554,related,9
CHEBI:59549,related,,essential fatty acids,Mistral-Small-3.1-24B-Instruct-2503,-1,1.0907615638911317,1.8941745886830468,1.681678122142461,1.448760580150081,1.1047104852361636,1.803047756251694,1.651358966433906,1.4132569198036091,1.0157117974867678,0.868918835421398,0.06256055493189,1.122530899600673,1.200364200445848,1.442727472847196,1.3539755138415548,1.3588875627419132,1.1587558413808403,1.7868674790852053,1.5152496147747463,1.454516608651742,1.2403099529865875,2.3898946085206942,2.295551828224466,1.645452808919309,1.1254016367982378,1.5628660483377097,1.3519426821217155,1.3473402651590158,1.1589738331169774,0.8976937469094379,0.7515829227146215,1.3405163888930358,1.255102226034154,2.657189486335975,2.598044725510578,1.7188715605540394,1.1818419026048843,2.983869666112545,3.2002942606544416,1.7069830934696906,exact,9
CHEBI:59549,related,,acidos grasos esenciales,Mistral-Small-3.1-24B-Instruct-2503,-1,-2.13360286787434,-1.2038068243779187,-0.9480209225742416,-1.903567936736718,-1.642304562312006,-1.1012817018983825,-0.8830086757032429,-1.55531245504702,-0.0737440462771581,-0.3814422142676622,-0.0651435329824248,-0.2103930818307147,-1.1302151451510185,-0.8575155082985776,-0.7295263181243182,-1.11264850831818,-2.5852219796978253,-1.3182063188394175,-0.953046249838744,-2.139017943951088,-2.056003591580199,-0.9438312014964448,-0.7999413187904544,-1.7771500232936406,0.5357036212792703,0.0876061133942729,0.0248042555495934,0.4165530557297102,-1.7698491251645234,-0.9920818900111444,-0.8725475725968641,-1.6072702681416693,-2.5305166637079344,-1.1994235333941727,-1.032679488369416,-2.121309460069412,-0.4096072137721986,-0.5635991621953582,-0.4804017603519621,-0.5760871629806036,related,9
CHEBI:59549,related,,acides gras indispensables,Mistral-Small-3.1-24B-Instruct-2503,-1,-1.727057167670641,-1.1185984293221465,-0.8994880680965207,-1.625241448236809,-1.5502648599625488,-1.0579934876122643,-0.8533871117010069,-1.4891781621453657,-0.5417169318482205,-0.6075420031103916,-0.0798211710681701,-0.6495044425625153,-1.2127722321480916,-0.9067134610035952,-0.7749722348589654,-1.1762743451277304,-1.4156381261233393,-1.0522090382175195,-0.7556147778938009,-1.3656255744460162,-0.5949792217077057,-0.6648601574867241,-0.6004987892648684,-0.7057938226793554,0.4534320204234247,0.008588165413236,-0.0650080017895896,0.3172422501401934,-1.4326289173116535,-0.9661294635085,-0.8565124476647297,-1.3608489925125244,-1.5674245584962996,-1.0949904976942246,-0.7728968496187043,-1.4750239410133943,0.0583181424288391,-0.3647682376581799,-0.3646083160078431,-0.1499533174242866,related,9
CHEBI:59549,related,,EFS,Mistral-Small-3.1-24B-Instruct-2503,-1,-0.7840347770984748,-0.8888937440797828,-0.7553411709818977,-0.907520010170576,-2.3478154429057496,-1.2799892287396963,-1.0193470639110151,-2.0356751989100137,-1.4036662913298483,-0.7461136892083502,-0.1025650212436838,-1.367290431703314,-1.7559249732432007,-0.9775700845956978,-0.8513661324651391,-1.5791830702220797,-2.825856907659793,-1.3822416139952465,-0.9113329538663932,-2.284129854823431,-2.441450504286653,-1.0031516588244735,-0.8304700945934876,-2.030575764692045,-2.555099947232472,-1.070596092996795,-0.9180667536150414,-2.137864179202083,-1.53397855326813,-1.001175072213999,-0.8910347249955793,-1.435983309040122,-1.239126413272734,-0.9538049896625788,-0.9134699301913975,-1.2347773003214255,-2.553287726634486,-1.025467151947069,-0.7130016922527989,-2.062767155198231,related,9
CHEBI:59549,related,,EFAs,Mistral-Small-3.1-24B-Instruct-2503,-1,0.0804765741960834,-0.4281412421614331,-0.418685615335418,-0.0993240669608903,-1.8229081040331336,-1.1521429203610156,-0.9287522569421264,-1.6825498829698269,-0.2310556945541894,-0.3709716891613563,-0.069845339327336,-0.3632211455994815,-1.3117341721658102,-0.8615355501711269,-0.7503413221121934,-1.2516363340342338,-1.3197623078874867,-1.030684396489998,-0.7153986322476776,-1.2959594393218692,-1.2415365110630436,-0.8186381387188342,-0.6914754516315077,-1.2076407325799523,-2.2417739869646307,-1.0336045658936923,-0.8696948674288261,-1.930327529172389,-1.4612094110368874,-0.988295721345092,-0.8798677725677598,-1.3821357676269166,-0.1389422721199114,-0.5820168195639294,-0.627687923875171,-0.3094269831868245,-1.8985180379287672,-0.9639527159087062,-0.6866613705904989,-1.6575556063688912,related,9
CHEBI:59549,related,,EFA,Mistral-Small-3.1-24B-Instruct-2503,-1,-0.5427060602094796,-0.7968182233414718,-0.687534772950663,-0.7011924703386265,-2.23728905734602,-1.2746890099451795,-1.0172547640933358,-1.9631905806199748,-0.134587344840996,-0.3995233397055353,-0.0729651515707657,-0.2702091118090313,-1.4506458773311195,-0.8897701980052996,-0.7769612178231383,-1.3558618516192025,-1.2820766654336728,-1.02269584756626,-0.7124097920747463,-1.268255642426106,-1.4525179350354709,-0.8585822446255772,-0.7203979374355433,-1.360593528220287,-1.3009865557941238,-0.8420446089448594,-0.724122160274545,-1.266968741163916,-1.7247983258824608,-1.0291307912996208,-0.9186345100340704,-1.5749203070631934,-0.296167399828381,-0.633220200486804,-0.6606321420145217,-0.4570047267489101,-1.856556974250056,-0.9385154092003056,-0.6743481146914705,-1.6305291285423076,exact,9
CHEBI:58496,related,,an N-acetyl-D-amino acid,Mistral-Small-3.1-24B-Instruct-2503,-1,0.7235815803572353,0.3583117991092576,0.2022341542081027,0.7175860064359986,0.979671828155238,1.098247654834153,0.8902408906347096,1.1414628276354504,1.274188153820865,1.9108338990015143,0.1984039233323981,1.6086871133983105,1.2338300023164548,1.180595905500706,1.0498302496343244,1.4219318664672569,0.7469191886292647,0.4756189622270617,0.239665992100881,0.7137443662806731,0.7840416926098331,0.2821748635071243,0.1761779432765966,0.7254164843925385,0.6451346074259972,0.203182456089413,0.1056088102568193,0.5560205476211398,1.0400498107629093,1.366076799640844,1.2069008396631529,1.1292033330614168,0.2227449362035609,-0.1412575980530118,-0.22899797129304,0.059872019625657,0.9542181738976256,0.7656876145500431,0.4375993703648725,1.0318660725954063,related,8
CHEBI:58496,related,,N-acetyl-D-amino carboxylate anions,Mistral-Small-3.1-24B-Instruct-2503,-1,0.9989072979957168,1.2670917238012167,1.074538735005392,1.2230144205577265,1.022157962958113,1.2895591848278352,1.0443158283155294,1.2274907627056462,1.0061866914463808,0.92326038048899,0.0652664842888413,1.1070323377512532,1.176164421133462,0.97093215129486,0.79980597295103,1.3148908780977868,0.9430833297965368,0.9278718201832912,0.6154139015497703,1.0246037367645022,0.8911618213641248,0.49687426150946,0.3667027958572312,0.8885428306666822,0.3048396723539934,-0.1028222698279084,-0.1423715579496047,0.1477695573336182,1.1333341337338734,1.6638796775875042,1.44534409456322,1.292525503964055,0.7206062779070879,0.4337340808610139,0.2371052391695448,0.6743361906532188,0.9908895985816436,0.9397526138677312,0.557127346058644,1.1088306916012582,exact,9
CHEBI:58496,related,,N-acetyl-D-amino acid anions,Mistral-Small-3.1-24B-Instruct-2503,-1,1.14382856062331,2.415972797116954,2.3450412681000854,1.6078818103184196,1.1903878673494717,2.477722287828969,2.4619518466704373,1.6462477081521536,1.515421566678861,5.731310397672862,0.7427348383664975,2.362422415515778,1.5259597419290087,3.951110763677999,4.786232674785973,2.195777628477082,1.3795669113226654,4.827238455960515,6.463135907527035,2.2051667111779083,1.0804879180853213,1.1067694890259354,0.9569940127360408,1.2326228003734152,0.9923242776809106,0.9993938033121532,0.834864355896966,1.083267291249104,1.4706486698745995,5.271800350585629,5.89451237707963,2.162707306766388,0.9512550319775928,0.9777651468369666,0.7543636970586782,1.0365999013778626,1.17749088943512,2.848302255790552,2.886313898413449,1.6833740261382644,exact,9
CHEBI:58496,related,,N-acetyl-D-amino acetate(1-),Mistral-Small-3.1-24B-Instruct-2503,-1,0.6435583736195538,0.2231045908626964,0.0484843049944535,0.5965693576196195,0.929924898258015,0.9291234057057018,0.6830638013817331,1.0469889940866,1.2679177476505206,1.84819573584047,0.1718125605776756,1.5948294902598872,0.955076918120326,0.3930516695938859,0.2732667653972263,0.958781853817836,0.9533323551496584,0.9572052934599736,0.6366117634350673,1.042466877421173,0.7041533033066385,0.1516558915878513,0.0439134560827038,0.6133935787558535,0.1173102145410769,-0.332717876941853,-0.332076446955074,-0.0513962532044082,0.6012854454065844,0.5076185534184465,0.4028919471538666,0.507104345800316,-0.1672592801799124,-0.4354732200169129,-0.4621108236155954,-0.3365094486756082,0.4712113350219316,-0.1112481782032867,-0.2033143864102297,0.2998003627621691,related,8
CHEBI:58389,related,,trimethylazanium cation,Mistral-Small-3.1-24B-Instruct-2503,-1,0.2814182530364954,-0.2105949407188921,-0.2348969058872087,0.1256432451946356,0.3848985562512417,-0.0091360671402437,-0.0791472693010274,0.2517175025205926,-1.4807565344028166,-0.7626681781666679,-0.1004032403514843,-1.427449420993668,0.7454403760233389,0.2013746370301328,0.0864001252396813,0.6723669463719536,0.2452009821009463,-0.2130145313397892,-0.2568140192864457,0.0820813906073916,-0.3067548100049045,-0.5640851055457402,-0.5113655043243903,-0.4603629413647304,-0.1619591788655639,-0.4193576941323116,-0.4090744417305339,-0.3247396725472216,0.3050760491289386,-0.3353368459820835,-0.3494725137593743,0.1643463278840424,-0.2051856700364479,-0.5586774590372408,-0.4755366525430898,-0.3724259646998625,-0.0252051076538887,-0.4560678367941432,-0.4053056455153611,-0.2311327371190298,exact,9
CHEBI:58389,related,,trimethylazanium,Mistral-Small-3.1-24B-Instruct-2503,-1,0.5810192989673565,0.1641234193951239,0.0339405970386627,0.507211108251816,0.8757733448554291,0.8753130254180523,0.6780848863496121,0.9504690861003956,-0.2210891623874055,-0.3345261253952579,-0.0686064180615563,-0.3537107898140501,0.921078294355874,0.4124527764684387,0.2543754890333298,0.9096166412277752,0.1390696558899905,-0.295948602029349,-0.3261303755631202,-0.0329524209080114,-0.2860688801960431,-0.5560783481854795,-0.5110477782423212,-0.442077245580573,0.0075558975250391,-0.3413283888668528,-0.349773613318771,-0.1617512931885149,0.2726183206494887,-0.3650385227296964,-0.3659811199885426,0.1292232216782687,-0.3886210621540937,-0.6514867756944651,-0.5529020631954703,-0.5408171817036448,-0.3957368112575799,-0.6136741107313323,-0.5054988270116135,-0.5643306236923697,exact,9
CHEBI:58389,related,,trimethylammonium cation,Mistral-Small-3.1-24B-Instruct-2503,-1,0.6710958121292505,0.3086683844172645,0.2184495302079724,0.6373033044943743,0.6169698751347343,0.2889805942616103,0.1754963863244894,0.5520370313396685,-1.2068629761302183,-0.694412162393522,-0.0946969411188537,-1.2111481434816338,1.2619905199342796,1.5437438109281192,1.4458937644756304,1.4772020375897188,0.702037835775726,0.3715191517515043,0.1967619581979197,0.6492866332985933,1.232913401061661,2.2944357273775706,2.153452977872665,1.6209635660287456,1.0065165865068553,0.9979016147998352,0.8081461042831934,1.1090122203756796,1.0891181153619582,0.7089005931874718,0.5688912984021848,1.2130807695927242,0.9961193068464308,0.9431792304661304,0.7464711913112396,1.117247150345401,1.083273290687382,1.3973535100396683,0.9801721408662452,1.3364193124707415,exact,9
CHEBI:58389,related,,trimethylamine,Mistral-Small-3.1-24B-Instruct-2503,-1,0.749152853544133,0.4817688630504814,0.3155604471695011,0.7580811370914118,0.7061052594464522,0.4642796810683882,0.3226627512356379,0.6798000863363219,0.0854903264353388,-0.2102622636426039,-0.0513950179352916,-0.0491627940830197,0.5875645526455022,-0.0418720388413983,-0.1504596891479852,0.4780311031363926,0.5314908558062729,0.1098045843761931,-0.0197593920825951,0.4209756583050093,0.5218544823563709,-0.0825777118273341,-0.1320062066390593,0.3804160946841671,-0.3227447295160074,-0.6018470978950575,-0.5589807812299831,-0.4722058157311818,0.7025769203980097,0.014802166454926,-0.0368000155707475,0.6356587179337809,0.6670047716502685,0.1600564714192784,0.0379396722626551,0.5993982116875594,0.0511558958922726,-0.4490835613006496,-0.4033665422934605,-0.1570187482382541,related,9
CHEBI:58389,exact,,"N,N-dimethylmethanaminium",Mistral-Small-3.1-24B-Instruct-2503,-1,-0.146298486857639,-0.5565798211073968,-0.5065065055867991,-0.3324141388779945,0.0103440347253865,-0.3582615223182762,-0.3605597627542204,-0.1661233447516776,-0.3766127846982292,-0.3295552123666322,-0.0664266536090768,-0.4996976789021037,-0.8700379277028781,-0.9906054502691516,-0.8567624033623469,-0.9071704150905796,-0.7584968967089535,-0.8072821513728279,-0.6358473175270961,-0.8620399466899096,-0.3237164129588732,-0.5910817786495302,-0.5390471017684972,-0.4752835113533047,0.099893567109192,-0.3623374903418352,-0.354787289416432,-0.0691881304500017,-0.7342858112126598,-0.6985458131179526,-0.6078303119979599,-0.8121629481815226,-1.5749429239444586,-0.9124320726952032,-0.8677432495220175,-1.4803867058591185,-0.8562088901550033,-0.7451431312776403,-0.5645117141923813,-0.933506250281152,related,8
CHEBI:58080,related,,N(4)-(beta-N-acetyl-D-glucosaminyl)-L-asparagine,Mistral-Small-3.1-24B-Instruct-2503,-1,1.0320713899557006,1.440651713414046,1.2020783996517932,1.2991987355967172,1.263922249153654,3.897587632894963,4.554146828529785,1.9130137622273269,1.4420905654564988,4.010263906073702,0.4596305006568933,2.059008278592444,1.5039489964541342,3.5575552394512595,4.083354187224784,2.107734928602985,1.1652125328746477,1.8563913873864752,1.4925092777900164,1.469757856392743,0.284312176951026,-0.250000580640924,-0.286960825743636,0.1106686355387482,0.5747328782818528,-0.0110877924789358,-0.0872286161989804,0.4652550069110095,1.3257731271651356,2.8679630898406447,2.760991292311004,1.7016276475734575,0.6090117736231685,0.5147783365210161,0.4134509454498285,0.5212934564163781,0.3722278494577866,-0.2026197761355372,-0.2569822749404014,0.1829865394312662,related,9
CHEBI:58080,exact,,2-acetamido-N-[(3S)-3-azaniumyl-3-carboxylatopropanoyl]-2-deoxy-beta-D-glucopyranosylamine,Mistral-Small-3.1-24B-Instruct-2503,-1,0.6152658942539309,0.2433650485724655,0.1250122648076883,0.5556258711867224,0.7879441271050689,0.6813829076600587,0.5454017445060179,0.8051686991133762,0.8337745750599892,0.8674797478489082,0.0604249351919352,0.845488052785426,0.7646743863404349,0.249880958294248,0.1622088465199018,0.6971490481704415,0.6810816797827737,0.391833771142276,0.1872528149772873,0.6198773537887327,-0.8046257751337555,-0.6990001627425276,-0.6190451566866322,-0.8749163049496816,-0.5075472808296158,-0.6729056711119566,-0.5929029528586256,-0.6344755192054866,0.4708431082343382,0.4594739261444308,0.3692578563162803,0.3507664665857427,-0.2410646510650357,-0.2591579199362686,-0.3613363207574236,-0.4060402510002864,-0.342310993000379,-0.5506611609747616,-0.4603637309186246,-0.5186162289203763,exact,9
CHEBI:58001,related,,primary aliphatic ammonium ions,Mistral-Small-3.1-24B-Instruct-2503,-1,1.2025062200694163,3.567370984936175,4.093277956209048,1.8338915136911813,1.2759029493371412,4.123402723370752,4.942373289419447,1.9684711484898447,1.314086994973392,2.027040871562287,0.188478642121426,1.7005148226181814,1.383365791069955,2.5225453240664684,2.5959018686401127,1.7466806295583437,1.2084645867367771,2.073225012602492,1.761814843589194,1.5773357458568362,1.1403072322879806,1.4495653427448447,1.220678742897535,1.3661371615536524,0.9874094853748908,0.8528483509463549,0.6894068036104626,1.0744606254651357,1.2031727453227008,1.1840832071104532,1.0281738788053645,1.4270791386837678,1.1045047265533046,1.2454208493949288,1.1212832669797868,1.3332035010616323,1.1946224877790688,3.474976931688796,4.121471896527179,1.7869566338093967,related,9
CHEBI:58001,related,,primary aliphatic ammonium cations,Mistral-Small-3.1-24B-Instruct-2503,-1,1.0541844925925268,1.6383410650279515,1.4331207949442613,1.353050304345043,1.05016055879792,1.4598246050572217,1.2320145746941136,1.2874101190260527,0.2681849391121167,-0.1143029847968513,-0.045448941833292,0.1454592098203309,1.0676149634101983,1.103306062047214,0.9351832296548792,1.13108573915901,1.0410271044445625,1.2061393632752222,0.8346968782355424,1.2041521518178333,1.012565064964654,0.8381450621867609,0.6859596276186452,1.0983054002790835,0.54802525919929,0.0371460393072137,-0.0236651000362783,0.4318114761704509,0.9418853429512988,0.4436435060592388,0.3108940786376487,0.9725269241454916,0.6195969630489451,0.0743073366740287,-0.0368635305149835,0.535334692081763,1.0949155533932908,1.5465755818909184,1.1280931784737482,1.370159362342907,exact,9
CHEBI:58001,related,,primary aliphatic ammonium cation,Mistral-Small-3.1-24B-Instruct-2503,-1,1.0855423265933055,1.8757271108746616,1.666348040241589,1.4345250174625892,1.0529266499343977,1.4724609222303109,1.261251726346789,1.293485158315773,0.7987225696841341,0.4573007790394534,0.0159766269885111,0.7960277438779486,1.068194473771298,1.1026237748670007,1.0029212255206594,1.1320161094153858,1.196964415341181,1.9901943216895128,1.637246234968279,1.5477228497538542,1.2077474783649575,2.0358080214318486,1.8643224162195624,1.5434169037838268,1.0511855819511886,1.09003098633022,0.9177830735438752,1.1933742989577478,1.2873727165507416,1.623670118880835,1.4112357491239929,1.608903292758226,0.8541103442576783,0.477265472161519,0.3857014503287607,0.8748156709049606,1.0884555991864264,1.4897813383313163,1.0981091098507447,1.351248025178608,exact,9
CHEBI:58001,related,,an aliphatic amine,Mistral-Small-3.1-24B-Instruct-2503,-1,0.7845410483568869,0.5708271823498829,0.4181533482212491,0.8157847014470638,0.5929541158740059,0.2093355598991629,0.0922477377903194,0.518958599277934,-1.3224269505509645,-0.7457296745254984,-0.1032378089862137,-1.3032974203876913,-0.2549620123498875,-0.4474826492931038,-0.4521952286960279,-0.3835671127631596,-0.2881589023202158,-0.588005149581388,-0.4716948532561785,-0.4543333790288906,-0.4994351968169981,-0.6381805988563192,-0.5732796552046456,-0.6262435489355545,-0.8876571709939399,-0.7693525516692205,-0.6743480932690965,-0.9486060377014476,-0.0849636011949843,-0.508860746716697,-0.4764964274819979,-0.2337339541739386,-0.0509401512647404,-0.5071276837931865,-0.5542651464112044,-0.2237317617601919,-0.3907784519658027,-0.5842690009800894,-0.48617702045752,-0.5601169161822207,related,9
CHEBI:50733,related,,Nutritional supplement,Mistral-Small-3.1-24B-Instruct-2503,-1,-1.5737936074092904,-1.1134895281351431,-0.8879597334322957,-1.5161881710247778,-0.4280185094007251,-0.7179570977269134,-0.6323031616399593,-0.5888472035741666,-1.0511334575878144,-0.673734078047851,-0.0962157849845486,-1.084725537586262,-0.8033942361764014,-0.9975118404546616,-0.8689936514237855,-0.8532084747345823,0.011018423884798,-0.3837405673601902,-0.3394203628816844,-0.165665028462355,-0.3767202812750285,-0.6260970909788334,-0.5561486746011934,-0.5214980053239808,-1.3966080927445188,-0.8801607381391239,-0.7696805254622747,-1.3378496374212612,-1.3515999405479202,-0.9763836194686806,-0.851991133816137,-1.3000606472383631,0.2720393062214187,-0.2846910684397867,-0.3078946167863183,0.1141810649134217,0.8300847795477664,0.4429907472752062,0.1776558621709045,0.8046139891543382,exact,9
CHEBI:50733,related,,Food Supplementation,Mistral-Small-3.1-24B-Instruct-2503,-1,-0.5631742027495087,-0.7698488214260798,-0.6549982951104213,-0.719161636490468,0.0294240064332082,-0.4243109368188991,-0.444640959962286,-0.1463265490745517,-0.7305330126736204,-0.6529631495064933,-0.0929193157844603,-0.8151511562339216,-1.8239414695261489,-1.1560859256098588,-0.9760411159639316,-1.6279714055736083,-0.4726564847943605,-0.6935278581883895,-0.5683754722768454,-0.6200857821961256,-0.7822531926544715,-0.7396827363293121,-0.6451591844157519,-0.8571966643051552,-1.9951379745436169,-0.9658728152270918,-0.8311626344363817,-1.7628997838627904,-1.5023883517883945,-1.0080325940243426,-0.905792778537378,-1.412668343840484,-0.7330775808895676,-0.8132697558638029,-0.5915812432217079,-0.8367795612180357,0.4530353283934,-0.1494916084196611,-0.2336089608123758,0.2778194723618142,related,8
CHEBI:50733,related,,Dietary Supplement,Mistral-Small-3.1-24B-Instruct-2503,-1,-0.9562299787105384,-0.9337856731570154,-0.7679701132727016,-1.0480661555126425,-0.566681834923398,-0.7995780670977006,-0.6890941853858403,-0.7120201053421914,-1.2503763544920914,-0.7293828460786519,-0.1020292125487351,-1.2460045416489631,-1.0643217454842837,-0.9635173387527224,-0.8335369392929349,-1.0613443018944784,0.0582032684158462,-0.3452246343479934,-0.3424741605362903,-0.1174813846995662,-0.3310505948639693,-0.6090271013747922,-0.5402578046257046,-0.4817150971638981,-1.662560168555406,-0.93117940503438,-0.7900617919551662,-1.530387194822482,-1.1352924690557873,-0.9384273420344372,-0.8609184029001168,-1.1344000854887402,-0.5029220922140643,-0.7138001079274925,-0.6518109115364868,-0.6417127292019171,0.7877656035422266,0.3137429023687057,0.0797630714821445,0.7356472511613001,related,8
CHEBI:50315,related,,[ClH2](+),Mistral-Small-3.1-24B-Instruct-2503,-1,-1.0607071928381804,-0.956466720139009,-0.7905164487425268,-1.1309634110539295,-2.025370133488562,-1.224932299556755,-0.972687876578065,-1.821510882657123,-0.9727081602581146,-0.7823185683294216,-0.1058646941673249,-1.0200032898376732,-1.7686807539547305,-1.163741831243999,-0.9588165303045236,-1.588358019603707,-0.9858921497102264,-0.9092250026417718,-0.6977135845100869,-1.0436864905852614,-0.7590397558224693,-0.6803483733173269,-0.6012295615115663,-0.8387317802022858,-1.6710479096732431,-0.9129525026314232,-0.7806172667092413,-1.5364288697715194,-0.3998343585447933,-0.5293700639154861,-0.5101364037545147,-0.5247068618567976,-0.8419741379260446,-0.818322083288442,-0.8235528761739952,-0.925724166735782,-1.926764018704352,-0.9909700180755048,-0.700823820518613,-1.6756683613198,related,9
CHEBI:50315,related,,H2Cl(+),Mistral-Small-3.1-24B-Instruct-2503,-1,-0.5562196229319846,-0.7640906734787927,-0.6664103777133993,-0.7130665389132163,-1.4565206180160764,-1.0869614604257587,-0.8931760162907714,-1.4208617543444568,-1.3738779172798266,-0.81201865855284,-0.1075133396755768,-1.3438985132784884,-1.819805444694525,-1.0959056370528557,-0.9140538595829356,-1.6250139838673237,-0.9425017999124864,-0.9050064871799968,-0.6887599710884067,-1.0096896330748388,-1.087725957280463,-0.7580541742848258,-0.6595294196758209,-1.0931833743170345,-1.6545890229122429,-0.9290928494984542,-0.7946057285044882,-1.524707740766319,-0.6138129476968482,-0.6067543096423736,-0.5714954007421557,-0.7108323986377955,-1.0949242068696854,-0.8942204346578209,-0.8985953995535664,-1.125127018042132,-1.93945172171884,-0.9774735003300288,-0.6949861028879167,-1.6837837153774549,related,9
CHEBI:50315,exact,,chloranium,Mistral-Small-3.1-24B-Instruct-2503,-1,0.5258540395250622,0.0487188997987498,-0.0896980056602796,0.4316379318057698,0.2011025943554758,-0.3047885220438172,-0.3071363407993397,0.0384020100525522,0.0420766249407165,-0.4858881610269073,-0.0795685124767812,-0.0938340195145092,0.4784990644946867,-0.0609421535975983,-0.1305445236333012,0.3518832078704121,-0.4129904320744804,-0.666226826977014,-0.5658796254547316,-0.5673813965095849,-0.4175855746341261,-0.5778286169410504,-0.5225567432810662,-0.5567181897918969,0.9617807231399907,0.7267069355667396,0.6206237908505843,1.0293927885631131,0.8936547517480302,0.4377543371934719,0.2995051499433305,0.9000840979171417,-0.6177614249442319,-0.803142656055907,-0.77972825305376,-0.7403148445648776,-0.2723913672291426,-0.6086210655348463,-0.4971158880155543,-0.4577068817101277,exact,9
CHEBI:50112,related,,sex hormones,Mistral-Small-3.1-24B-Instruct-2503,-1,1.0339395251121224,1.4862511825491949,1.3015001804154724,1.303646488807014,1.152760641092622,2.049345190804589,1.8676135149871247,1.5371741774799672,0.6786977668143327,0.2399175817062791,0.0105522524383748,0.6341958530361416,1.1686459397136244,1.5851791777894046,1.4524577561311232,1.3014722953584674,1.201080880299582,2.049647388443909,1.7414055935563546,1.55823183889218,1.227056704077555,2.183396787089224,1.9833321792074745,1.6021670574365734,1.220669670767936,2.039186465000786,1.869224557328071,1.5834648821342103,0.4292218508998784,-0.3251334592020617,-0.3372473524537384,0.3027738850486368,1.190486603921122,1.8053260394933013,1.6171973002230484,1.5357181460183449,1.1741388754940871,2.6623561205425474,2.564280733910677,1.666091312311532,exact,9
CHEBI:50112,related,,hormones sexuelles,Mistral-Small-3.1-24B-Instruct-2503,-1,-0.0387614800900965,-0.4851466105881248,-0.4333335726958849,-0.2242737732855943,-0.4647325062424995,-0.7314339491698006,-0.6437223832275043,-0.6218836764357201,0.2285731981254938,-0.2823049679115216,-0.0312694267882838,0.1022850258570668,0.0401050052201276,-0.2022477355344284,-0.2653417856687224,-0.1066458609219103,-0.7412790527254679,-0.8187718206303061,-0.6267146221231199,-0.8479197225227878,0.1993866479365015,-0.3159623270919573,-0.2971608836273455,0.0211396983080455,0.9099067090429548,0.5619421121117631,0.4087867640811176,0.9421480690767506,-0.5662509632178663,-0.7874013442134733,-0.7054672737275282,-0.6701705556349994,-1.4667011945917807,-1.1221672431904255,-0.6494360036473141,-1.402604029767111,0.7583008024266298,0.2581102218871156,0.0528514047201368,0.6895776278200986,related,9
CHEBI:50112,related,,hormone sexuelle,Mistral-Small-3.1-24B-Instruct-2503,-1,0.1661173961417619,-0.3166388884926453,-0.3193565359551332,-0.0058609397178354,-0.1027861418451829,-0.5347030269401141,-0.4691933234100422,-0.280831805597866,-0.0060715353219396,-0.372824753399402,-0.0552947223455068,-0.1427368475099938,0.7094546255648542,0.5519832366097744,0.3657388058101936,0.6266917585354405,-0.7164354844174692,-0.814377859685442,-0.633442674871557,-0.8274490990299304,0.3695012573298353,-0.2028415042885113,-0.2210476936517991,0.2038366341158058,1.061543586243716,1.0300215265297077,0.8618528659102875,1.213735707751862,-0.6672804694927582,-0.820120795262846,-0.7406735465932547,-0.7560915060781431,-1.0955304228913685,-1.083019297327918,-0.2598980479904985,-1.1255937670031295,0.7732052929858652,0.2826439467081426,0.0737604702555552,0.7126947756919364,related,9
CHEBI:50112,related,,Sexualhormone,Mistral-Small-3.1-24B-Instruct-2503,-1,-0.97967587446045,-0.9029598000515348,-0.7424124021377297,-1.0668182878282992,-2.3931740569657363,-1.2421389518789203,-0.9852492846495106,-2.0651578687061614,-0.1343471967129475,-0.3069504909683714,-0.0592187868719724,-0.2699748250721456,-0.6591674176073088,-0.6041511002139938,-0.5521374591975986,-0.7343553102494336,-0.1528514554434689,-0.5081368142244789,-0.4351567068374207,-0.3271331230277884,-0.0256356365978209,-0.4506296194148885,-0.4325846987281617,-0.2025794798039489,0.908175482219381,0.5191604449019892,0.3749614050804328,0.9393199407218829,0.0056091500608165,-0.5341059692671519,-0.5020706364086938,-0.145518425464925,-0.1211661310878752,-0.5709458145227017,-0.4958980612951183,-0.2923063144440843,0.4766062404642805,-0.1179716686030531,-0.1996192787237351,0.306373802268382,exact,9
CHEBI:50112,related,,Sexualhormon,Mistral-Small-3.1-24B-Instruct-2503,-1,-1.119959823543818,-0.9665276612680784,-0.7857001792214067,-1.17724034945809,-1.9264641263022888,-1.1740857545089516,-0.9493899686403952,-1.754088602647932,-0.1328462709126441,-0.4374916089584136,-0.0629401644297533,-0.2685102146989176,-0.6015198565344845,-0.5847950534709896,-0.5482363740970689,-0.6860032481701153,-0.8713723106549066,-0.867740275565007,-0.6619821033159754,-0.9532982711228848,-0.8100314303890854,-0.7173117218980691,-0.6203976188103782,-0.8791866221588419,0.9217431467933908,0.5321771576090282,0.3951696889951491,0.9616221130833394,-0.042875589897298,-0.567582351337739,-0.5470309571484689,-0.1930214877751494,-0.6707531407924481,-0.835532902289416,-0.6692418595779808,-0.7849470074753814,-0.2014108207893774,-0.5348062480347481,-0.4594032681572224,-0.3945317384847857,exact,9
CHEBI:50112,related,,Geschlechtshormone,Mistral-Small-3.1-24B-Instruct-2503,-1,-2.2512842587384028,-1.2279658254371084,-0.9580506481009484,-1.981493480009069,-2.1699003367585936,-1.226585014740205,-0.9825944946017288,-1.9185329924438896,-0.1364373321030623,-0.466057307398149,-0.0654906704574242,-0.2720134753009885,-1.2359735335379605,-0.8484084602510502,-0.7557604805544685,-1.1940294546961363,-2.08513523303491,-1.2169591016863104,-0.8865417607262916,-1.823627370266775,-2.526791706665049,-1.0010381335538725,-0.8454292875671499,-2.0856257487657945,0.8231443563654318,0.3601995661941412,0.2341528589275349,0.8061421179350772,-1.534786941807582,-0.9772768689662166,-0.8702410145432206,-1.4365787229958606,-1.8621913800205303,-1.0558464615152257,-1.000857252495635,-1.681115454309613,-2.477397842042784,-1.0158066335060103,-0.7161841081444821,-2.0172281651090067,related,9
CHEBI:50112,related,,Geschlechtshormon,Mistral-Small-3.1-24B-Instruct-2503,-1,-2.4330864166554296,-1.270443336677353,-0.9826395531382472,-2.0998026753238315,-2.209070579042445,-1.251010059704564,-1.0045689244073586,-1.9445341928113111,-0.1230136675095795,-0.4714617135305551,-0.0670150322136557,-0.2589018919815818,-1.1535393109283998,-0.8345921173940584,-0.7567664434620638,-1.1306963285545517,-2.2120303974533604,-1.242631048579053,-0.9033209765186776,-1.9055720762647583,-2.840869252197688,-1.0341643009312915,-0.8668238665137045,-2.285407003109354,0.907185918512171,0.5377887128663793,0.4139206693628919,0.9377056695593884,-1.7341778811790898,-1.018336033425233,-0.8996871859329295,-1.5816692598373927,-1.989295149151632,-1.0711934763643234,-1.0201113196492502,-1.7675278805880776,-2.740183144327,-1.0479699366666384,-0.7320334598890316,-2.1735356811297253,related,9
CHEBI:48560,related,,dopaminergic agents,Mistral-Small-3.1-24B-Instruct-2503,-1,1.2182710003715618,4.075427195868095,5.0914470904301,1.9123158257389457,0.7797817509300216,0.5491903835767322,0.388409416047847,0.7922690905598505,0.9126336014606998,0.4130247154235941,0.0360567964679218,0.9610173912362376,1.232407232709062,1.602688145891075,1.4724636734587844,1.4191956535067862,1.182363389764322,1.904913921166908,1.6172612872699046,1.5112178130151068,1.3021247275188317,4.084233076207379,4.421611757017201,1.903693265358444,1.261015899659389,2.7901287001466986,2.7274530147690847,1.7055151628793372,0.9964193120223506,0.39404082440721,0.2611199498526862,1.057895437496433,1.105155979850183,1.281058600989966,1.3079093541593352,1.3346136507244637,1.181420836814262,2.970629144846724,3.0100356832390687,1.704634334160147,exact,9
CHEBI:48560,related,,dopamine drugs,Mistral-Small-3.1-24B-Instruct-2503,-1,0.7899834607143376,0.5770402520190002,0.3764421022143875,0.8248420298439082,0.5315774889358249,0.1098360582289811,0.0205310702237919,0.436713473843352,-0.1505564256506857,-0.4815123158801578,-0.0510907890861119,-0.2857570810707824,0.5094076489132039,0.0685387643949606,-0.0288632663073088,0.3870384954550398,0.744838266973128,0.4387644700356194,0.2228564906525046,0.7107093291613062,0.5573308538800932,-0.0439069152885385,-0.1064239447013806,0.4236754945061367,0.6272115578003112,0.0809363541972214,-0.0026294589976645,0.5325352848240976,0.4465870533223277,-0.2881493316730772,-0.3111350533624928,0.3226943222860643,0.6790840548087305,0.1169669733969576,-0.0125361671625573,0.6160439340919563,0.7785996824162158,0.3128743550914033,0.0893257974501362,0.721154804763747,related,8
CHEBI:48560,related,,dopamine drug,Mistral-Small-3.1-24B-Instruct-2503,-1,0.7063247948278174,0.390171996939989,0.2156788871212833,0.690785655432289,0.5226486523588393,0.0930928438431229,0.0063670939686154,0.4250067687483385,-0.8841512289235974,-0.7677755747303304,-0.1032351162157256,-0.9460039456391536,0.5523102548406742,0.1525695565074579,0.0345961584897677,0.436601343242378,0.5051606061904631,0.0556257082955968,-0.088641743865699,0.3877382481187191,0.3140280686553814,-0.2527145776793826,-0.2697761496832017,0.1427633656249736,0.5039870239754155,-0.1134376778633105,-0.1519603945252016,0.3777520569523499,0.2127188803655564,-0.45141992821771,-0.4256079372367507,0.0654663050829468,0.3840848981346799,-0.3024772401960265,-0.1409031291692462,0.2420389186517632,0.8103210040004296,0.3986416707928092,0.1679787061744483,0.7719684753458721,related,8
CHEBI:48560,related,,dopamine agents,Mistral-Small-3.1-24B-Instruct-2503,-1,0.8691299579498798,0.8105761385728769,0.6036727780844349,0.9628503474477044,0.4329285216614483,-0.0123592265790159,-0.0764567849451593,0.3106670816354272,0.0410502226049706,-0.3626764140189268,-0.0465954270962873,-0.0948834211666364,0.6038846292387643,0.2029579901267995,0.0891916577093526,0.4974349373225709,0.9770479472328352,0.9907284360775354,0.6880168629693617,1.0845694681507545,0.4847819707519802,-0.1145899925151711,-0.1670227257139075,0.3361350720562958,0.7367367298623102,0.2924990506702742,0.1925519396171853,0.6805728365151418,0.4788903375584482,-0.2457200117106266,-0.2376206805001658,0.3601448128230162,0.5678191089988628,-0.0902529915510621,-0.0191724973216858,0.4675071871071117,0.92568219437899,0.6888090807154545,0.3862849111699334,0.9755968699985876,exact,9
CHEBI:48560,related,,dopamine agent,Mistral-Small-3.1-24B-Instruct-2503,-1,0.8114701436355195,0.6404492501636233,0.4649912383638389,0.8611090932252422,0.4540888858888164,0.0224421077882983,-0.056646175135425,0.3371186470171095,-0.4497979267210236,-0.6666590930964815,-0.0946981464028917,-0.5667174047158152,0.6055404316344721,0.2064693210805664,0.0810526832761042,0.4994117866944296,0.9726030294273597,0.9650196726686924,0.6638650556346298,1.0765939451913382,0.1843463458373186,-0.3373462504381999,-0.3441574550939948,0.0056027189503447,0.6796225539337689,0.1696834212383263,0.0709592700793465,0.6019921182295164,0.595788989835437,-0.1344077526746843,-0.1459221214276465,0.5003195126378052,0.1916013029669867,-0.4638922587488266,-0.1431361219832505,0.0261200896485434,0.934477618890213,0.7229858768455213,0.4243705549868993,0.99263762919016,exact,9
CHEBI:48376,related,,pseudourea,Mistral-Small-3.1-24B-Instruct-2503,-1,-0.8691124470245397,-0.8736037644702186,-0.7276933393318022,-0.9775986452144028,-1.2966837268204092,-0.9622068201418156,-0.7876370410423128,-1.302001588881977,-0.222354558292892,-0.359248979319245,-0.0685531143044553,-0.3549194988949457,-1.261029268083349,-0.8664121772600982,-0.7708213590489392,-1.2131433868576738,-2.3029448489991924,-1.274184062398105,-0.9040061151345228,-1.9634495429134733,-2.076665562174125,-0.9354394293339806,-0.7985463324910709,-1.790952995628625,-2.519154769291009,-1.0584460676932408,-0.9169303545643406,-2.114320353193665,-0.5225393323747992,-0.7281557465308873,-0.6777602628545418,-0.6324544967608494,-2.484165443880252,-1.164656872494109,-1.0090190845839448,-2.091826950531184,-2.325007630665375,-0.9970723495797444,-0.697249708637505,-1.924736410629588,exact,9
CHEBI:48376,related,,isourea,Mistral-Small-3.1-24B-Instruct-2503,-1,-1.2088252122388394,-0.9831020978365196,-0.8052827743443421,-1.2457005622044113,-2.007851038587119,-1.1852219732443907,-0.95936196891466,-1.8096308939813992,-0.0174735683182445,-0.2740306771670444,-0.059649903522089,-0.1542225097212826,-1.0840869395033914,-0.8005615594622938,-0.7024499897162297,-1.0767832919530371,-0.7569172978194043,-0.811409921888303,-0.6185619943486601,-0.8607467915341555,-0.6342099641812391,-0.6663234830804471,-0.6065164727367061,-0.7379871246284893,-2.058771772918919,-0.9853387576953316,-0.8528154109615058,-1.8064737155888528,-0.497127878123451,-0.722124496046511,-0.6585357894688117,-0.6103715494771285,-1.7432372130677134,-1.028084199006454,-0.871968710139186,-1.598944439808383,-1.3919516392461555,-0.8330987275939926,-0.6203846713150727,-1.3207344988531151,exact,9
CHEBI:48376,related,,carbonamidimidic acid,Mistral-Small-3.1-24B-Instruct-2503,-1,0.5983720289149307,0.2037286875690115,0.0489462444645346,0.5315915192464119,0.7893605645651856,0.6659621449028361,0.5099044280881893,0.8074168031985555,0.8512157177122841,0.4744634229910213,0.0196497844011802,0.8705130368052061,0.4134567054854539,-0.0514323228828303,-0.1194023417545035,0.2793182223377895,0.6862526512502036,0.375264740914609,0.1718759484820131,0.6270951902167133,0.1767079199330482,-0.3345246322204971,-0.3280519052411586,-0.0022530486152025,0.4510194747062587,-0.0798767336414332,-0.122135341805436,0.3143937613149147,1.064633815318192,0.7507795146639089,0.596460148578914,1.1707054100020151,-0.2991841823891142,-0.5405697463191755,-0.5656826514209823,-0.4597725283750176,0.4573935657311407,-0.0678936436975684,-0.1526336004817959,0.2830670508974333,exact,9
CHEBI:48376,related,,carbamimic acid,Mistral-Small-3.1-24B-Instruct-2503,-1,0.8710265983319858,0.836068161122919,0.6335332580349752,0.9663172519724452,0.9643729057858528,1.1878526396166555,0.9539299412880056,1.111747726443728,0.8048817534041485,0.4386125259571372,0.0191312713037341,0.8046406558454593,1.1208181100387435,1.2378573165284716,1.0967813652396858,1.2186455749471967,1.0652958802701809,1.3398130613707089,1.000984909613899,1.252142635448837,0.7629313424221236,0.2489173960090916,0.1367165421482811,0.6951072659795089,1.0145741711718264,1.004846741744012,0.8224503456458828,1.1238442106261946,1.3828436963085913,2.36465180307481,2.325315848600836,1.8559752040141968,1.1000967926031906,1.4974542634088868,1.3858769106624889,1.3237005584983323,0.8526303757780015,0.5099714275989896,0.2344479592054085,0.8428700573050045,exact,9
CHEBI:48376,related,,Isoharnstoff,Mistral-Small-3.1-24B-Instruct-2503,-1,-1.4563951830538482,-1.0352164858625563,-0.8411237493172076,-1.4309284831498326,-2.193245928514892,-1.2000425137552868,-0.945476129253896,-1.9340444687995912,-0.1639489171698546,-0.4443701259225409,-0.0685795498399036,-0.2987492304379403,-0.9554700413677396,-0.7664075132173749,-0.7071658112252016,-0.975520901352926,-1.6021993432616697,-1.1025764971330752,-0.8071752700523935,-1.4980197216821476,-1.2618292055029725,-0.8059274726338534,-0.6982484432608514,-1.222547423021503,-2.143692199742581,-1.019975928257538,-0.8866936974082293,-1.8642084219730417,-1.0881209939135783,-0.8007720754216957,-0.7336594152655439,-1.0975716908790325,-2.7098493745184595,-1.2189325335179826,-1.0157035280254645,-2.234083902611014,-2.048494345178073,-0.9285001796379796,-0.6684708496238656,-1.7530165615814737,related,9
CHEBI:48376,related,,HO-C(=NH)-NH2,Mistral-Small-3.1-24B-Instruct-2503,-1,-1.3170373061805112,-1.049491583006736,-0.8560679528376415,-1.3276173421237558,-2.706979408498462,-1.341128241509571,-1.057176914159008,-2.265197290698482,-0.2049234218125991,-0.4881696675679417,-0.0716518059959609,-0.3382374689041061,-2.85461068066712,-1.4198055546331454,-1.170531584255728,-2.334058823096066,-0.8053208752830184,-0.824139142456463,-0.6338336956601215,-0.9001683991371668,-1.902068868215456,-0.9161044181381622,-0.779589170133687,-1.6734484615839078,-2.30937032134674,-1.0374673673030503,-0.8719768311534006,-1.975560657914552,-1.2852847104469465,-0.8039091951083868,-0.7336812305717212,-1.2498118452914764,-2.255724231171724,-1.067329847613408,-1.0009848982951215,-1.9443801574145767,-1.7345273608173133,-0.8962825628746798,-0.6487696106652242,-1.5510941575408612,related,9
CHEBI:48376,related,,H2N-C(OH)=NH,Mistral-Small-3.1-24B-Instruct-2503,-1,-1.4349064143844454,-1.0718052079803837,-0.8792671972007441,-1.4151510684343085,-3.0651291924448407,-1.3975776273277851,-1.092932162362531,-2.4859077593448915,-0.1794654111228374,-0.391474963860512,-0.0718381073054675,-0.3137488313490826,-2.879384850991125,-1.4539234604061428,-1.194583028736098,-2.350412022657587,-1.1573142836472134,-0.9555862768742518,-0.7279732485017558,-1.1751853739029288,-1.8420533166333288,-0.907172754645696,-0.7722474398111461,-1.632582605917113,-2.254618540193466,-1.0030273900941775,-0.8607556202977382,-1.9389432534022424,-1.5266522266620923,-0.8546167299395585,-0.7611454648901969,-1.4305843986899722,-2.3992973454768,-1.0747823789525155,-1.0115991173744905,-2.037473032283152,-1.4650070699311322,-0.8356626711673366,-0.6258618192712199,-1.370843382951577,related,9
CHEBI:48376,related,,H2N-C(=NH)-OH,Mistral-Small-3.1-24B-Instruct-2503,-1,-1.458002599682671,-1.079150195882025,-0.8864482981382972,-1.432106495348046,-2.3987885541349487,-1.2762385917309798,-1.0216902583112557,-2.0687968052931063,0.0059331771111024,-0.3375109364168656,-0.0590374113273325,-0.1306052262708728,-2.7256858024667703,-1.4009131587323949,-1.1593059908473329,-2.2485660717811147,-1.0455754894220577,-0.9181048437188984,-0.6856418989513937,-1.08996842331345,-1.861997271389204,-0.910320773200682,-0.7776486867187664,-1.6461910458242943,-2.201894406471572,-1.020434338410993,-0.8686897156292669,-1.903514702414192,-1.3795626572998367,-0.8358167792986525,-0.7556228330364432,-1.32111275513647,-2.3111651169377296,-1.082755250812241,-0.9978559639701514,-1.9805024862622715,-1.738935135306892,-0.8970937341836464,-0.6583914467600961,-1.5539857552404437,related,9
CHEBI:48359,related,,hydrogen bond acceptor solvent,Mistral-Small-3.1-24B-Instruct-2503,-1,-0.5390685153124202,-0.780795167612643,-0.673147017068821,-0.6979892947817513,-1.1161221191030348,-0.9369614509058636,-0.7851917380880596,-1.1637992026123802,-0.3506898718631427,-0.5772143760076137,-0.0934534054837198,-0.4757107517819083,0.3324313278527012,-0.1039491994113534,-0.1546128979695054,0.1913994442292645,-0.8755903366910216,-0.8608197721350767,-0.6873689374226631,-0.9566657559946274,-1.296116363294922,-0.8112197366317467,-0.6952158256933139,-1.247636371519923,-0.6992282580767362,-0.7264788475820012,-0.6567777907355351,-0.7958487268515744,0.3816315190597791,-0.2962159259587297,-0.2935580933151599,0.2489061360646657,-0.2481998422353386,-0.8122964932858966,-0.7417491223156787,-0.4126840402399054,-0.6130268836866484,-0.6235249328225586,-0.5064250832876218,-0.7436421736962916,exact,8
CHEBI:48359,related,,HBA solvent,Mistral-Small-3.1-24B-Instruct-2503,-1,-0.0954201352584771,-0.5562010087126023,-0.5027345618801616,-0.2817516085099527,-2.04427770984762,-1.2043896452143072,-0.96142763823146,-1.8343028380519808,-0.0830774956384295,-0.5291328958517247,-0.0889263908628411,-0.2196296309177249,-0.4178793710953133,-0.5376741157930198,-0.5415850244444893,-0.5284192586643551,-0.8181089275789858,-0.8706175433081697,-0.6711429838231306,-0.9105138049341668,-1.2561181653334712,-0.7943610977190857,-0.6854469060665807,-1.2183565785076749,-0.8663063248760766,-0.7926200346260565,-0.7023855707119708,-0.931563051639922,-0.3950035772122999,-0.6634290670878734,-0.6242664344795297,-0.5204057810122692,-0.2023011397917658,-0.8130826934694365,-0.8009389405525091,-0.3697083397981008,-1.4512837308360325,-0.8427242719651519,-0.624854916765917,-1.361473597755711,exact,8
CHEBI:46787,related,,solvents,Mistral-Small-3.1-24B-Instruct-2503,-1,0.1711725545795524,-0.4697365993316409,-0.4226028122195764,-0.0002376037332195,-2.153352712944105,-1.24961021956706,-1.0005578803890158,-1.9075118270326668,0.6808186904259922,-0.0536302368620948,-0.0403978322081781,0.636963736158657,1.0568004400213635,1.2281524022717327,1.1746559094373965,1.113812279107341,0.979859244298914,0.9991417247169824,0.6943132028242391,1.089634489519562,0.8368409568365437,0.3581313085585081,0.2209463669772884,0.8037298002220189,1.2065703246635586,1.927447739222964,1.7254355855509456,1.544669142511167,-0.1524415618493781,-0.6519982596658054,-0.4823269688282235,-0.2980425607875497,1.0130704793772616,0.6623916847456558,0.5089618737990961,1.148886695762832,0.95276508411038,0.7580608090726236,0.4630148343442243,1.0289298167853125,exact,9
CHEBI:46787,related,,solvant,Mistral-Small-3.1-24B-Instruct-2503,-1,-0.3306028473902081,-0.7744233930647866,-0.6356600705653143,-0.5091500372920725,-1.9953003465748351,-1.2349454077739486,-0.9881394719673128,-1.801103721376168,-0.2819678674060198,-0.6333720241060636,-0.0974200287606652,-0.4114625815706003,-0.1581989353206811,-0.3154387892783974,-0.3069760200887014,-0.2949886358796987,0.2543371573472035,-0.2084971420572481,-0.2623700356262729,0.0922191096813038,-0.1892603411837674,-0.5178421296920592,-0.4853370275850666,-0.3551421287272605,0.3246762046652732,-0.2278044791078528,-0.252424253226053,0.1697365601810795,-1.0698335247596018,-0.9558254796892428,-0.8628529646777742,-1.0832223799117162,0.2392929178897819,-0.4634501073343519,-0.5213817467139548,0.0779797437581738,0.1308570451035057,-0.330774507110931,-0.3466069242580484,-0.0772147390042915,exact,9
CHEBI:46787,related,,Loesungsmittel,Mistral-Small-3.1-24B-Instruct-2503,-1,-2.950160781824692,-1.401055439993977,-1.0576216833684249,-2.424100539763924,-3.4406745989482777,-1.4563469670983515,-1.1191602242490843,-2.7097733552849395,-0.7079625523119809,-0.7524802584262824,-0.1036895836672586,-0.7956419812934762,-0.8464893296443077,-0.6545967156293961,-0.6226714864395504,-0.8881689844881289,-1.897407143939868,-1.1898486494506173,-0.8666073016860333,-1.699766856141437,-2.889502845618204,-1.0345566917543183,-0.869303055010524,-2.315981576333316,-0.8010407860985269,-0.7281495289877664,-0.640160230394129,-0.8790554849340941,-2.624424313333748,-1.1756956468550075,-1.0389855541427726,-2.193827071947555,-2.2751288628846487,-1.1814651091766852,-1.1108945660544147,-1.957048615270716,-2.314872122994536,-0.9734951485281422,-0.6903041622312776,-1.9185331480902093,related,9
CHEBI:46662,related,,mineraux,Mistral-Small-3.1-24B-Instruct-2503,-1,-1.457613955264197,-1.1353199215230676,-0.8929231716409641,-1.4318217008851222,-1.9872536771879223,-1.1925192259235375,-0.9349702611120192,-1.7956294445487635,-1.358612347332433,-0.8514895142626386,-0.1105161404603253,-1.331878561224388,0.2626705668150367,0.0052787236045551,-0.0738708844093119,0.1177118055829748,-0.3711667159223263,-0.6701280919071433,-0.5807768769202677,-0.5299368889267947,-2.2953991232455144,-0.9809504430133834,-0.8242409976817964,-1.935516016468921,0.4016803256968721,-0.2840397700470518,-0.2883029270389295,0.2568770931112259,-2.086904584310796,-1.1116441425210757,-0.9894489920045486,-1.830521371538666,-2.100748107713508,-1.157446200819583,-1.0570152041169485,-1.8421875692581064,-0.6187866096118037,-0.6282518239890633,-0.5000244610694027,-0.7482626063674128,related,9
CHEBI:46662,related,,minerals,Mistral-Small-3.1-24B-Instruct-2503,-1,1.034862121075119,1.24599847775276,1.0501133473090285,1.305849678272373,-0.0786639944638208,-0.5282824834377537,-0.495951089429027,-0.2567414319257483,0.4123808050111121,-0.2263452990520722,0.0006367772003389,0.3078314254872738,1.3018682046411965,2.100232208208199,2.0283605767004462,1.5594944978967116,0.9761857585092648,0.9318221885954908,0.6062658866101492,1.0830193191680375,0.685531669032175,0.0886556196106789,-0.0103453598653179,0.5882616933216435,1.0345134517543122,0.7024414335139305,0.5721243446628343,1.1612592027002837,-1.928218989261092,-1.1109340616153789,-0.7607792555260535,-1.719717415478423,0.8639556355909527,0.4747628002328868,0.2987961972298973,0.890518842649014,1.063373287972491,1.3170098425737635,0.9351210691260652,1.2819949883998487,exact,9
CHEBI:46662,related,,minerales,Mistral-Small-3.1-24B-Instruct-2503,-1,0.4711886644063508,-0.1827411859789853,-0.195446041178476,0.3594039459087631,-0.6561915190463966,-0.8196754901344658,-0.6847563299010896,-0.7893363347889316,-1.2602366672945462,-0.8448158735214942,-0.1113910288876969,-1.253876029336095,0.5175154698451422,0.2171985548352335,0.1351880259487816,0.3963354981636988,-0.5499142126986729,-0.7581926826712181,-0.621861279308191,-0.6871402913534799,0.9266317277028646,0.5309635498598391,0.3666135085049741,0.9466240203273985,0.6333833855036646,-0.0643428695037547,-0.1116679984357749,0.5405921537080898,-0.8084117167966949,-0.8772332984043638,-0.8026517729747246,-0.8733930568747766,0.4454835720194418,-0.2535376826294371,0.1243697932368846,0.3149978764868825,0.729703417480195,0.2652811466380883,0.045217281298887,0.6462261554390016,related,9
CHEBI:46662,related,,Minerale,Mistral-Small-3.1-24B-Instruct-2503,-1,-1.01646916832461,-1.0241595657243856,-0.8179448768156705,-1.0960700874499103,-0.754207593486346,-0.8579698226939645,-0.6982507326334938,-0.8721914254195239,-0.2161903714868767,-0.5288615847582927,-0.071204041513207,-0.3490280608733259,0.5186712141836748,0.2380228664485473,0.121327832983646,0.3976633508025425,-0.2982653099897391,-0.6278179247769059,-0.5271794519378694,-0.4636328651735071,0.9114628825140306,0.498570890760326,0.3602545507551373,0.921501617074849,0.8684004847880852,0.3142252710855372,0.1746042062501407,0.8756843838411066,-0.1884021444172518,-0.6751750907895745,-0.6315169617321957,-0.3318510816759865,0.2551060056251893,-0.3472719742822358,-0.2736909268700512,0.0953992071752257,0.8916671994622805,0.6085301968320903,0.2934905043144559,0.911971801918183,related,9
CHEBI:43474,related,,phosphate,Mistral-Small-3.1-24B-Instruct-2503,-1,-1.1326668969542837,-1.0238676269048006,-0.8199625606177706,-1.1870979844280276,-2.0195925596380864,-1.2047997237405383,-0.9643649008329952,-1.8175959397018928,-1.6629088895276387,-0.8335406998031336,-0.1063856088762528,-1.5675585485901706,1.0627638678432534,0.8492394303861991,0.6656567453547654,1.123316642915125,-1.2379213662420885,-1.023307932570096,-0.7775498324931243,-1.2355581311941528,-0.1138892146583136,-0.4801758498259127,-0.4635660470850644,-0.2857998234534893,0.6337177251163191,-0.1013074334097566,-0.1774503536897699,0.5410295116185343,-0.0495548146736895,-0.6356711672268109,-0.586184624221385,-0.1995142962908588,-0.2071051158126491,-0.5809596319378594,-0.564077039720418,-0.374233082587059,-0.2507843968238364,-0.607269214498213,-0.5022818738432181,-0.4386236765213179,related,9
CHEBI:43474,related,,hydrogen phosphate,Mistral-Small-3.1-24B-Instruct-2503,-1,-0.0226428178398236,-0.5188330193643986,-0.460219496778002,-0.2077082084206553,-1.2984348597549284,-1.021432914476457,-0.8640041620607113,-1.303320845763555,-0.9917579874861194,-0.5646929888290125,-0.0878077927171433,-1.0357928798185587,1.2318105213337105,1.397735569231302,1.1990697829365582,1.4180496244889276,0.9894254334699596,1.0614140606352978,0.73192989001935,1.1069921117589931,0.8605621008421679,0.4424337292225188,0.3118778737284928,0.8401948840919973,1.292290516304564,2.930996100710028,2.908668391848708,1.8160856661792768,1.1743410353282535,0.8743428494976468,0.8065960936559474,1.3700318599451402,0.8898835234334251,0.5528191829628957,0.4102582587097012,0.9325753096572916,0.7885974148835051,0.2673530420098529,0.058823693953917,0.7369699021849191,exact,9
CHEBI:43474,related,,[PO3(OH)](2-),Mistral-Small-3.1-24B-Instruct-2503,-1,-0.9867277891949444,-0.9429514796869306,-0.7691755497550249,-1.0724412788110078,-1.961090741623892,-1.186812903191571,-0.958517263346341,-1.7777910936379768,-0.9803825093308968,-0.6259730932974256,-0.0944394682575317,-1.0263695884578623,-2.746398280913598,-1.416093818229284,-1.1675104189363743,-2.2623462875794687,-2.31299291307088,-1.257761055077586,-0.8731726465696081,-1.9698050041590511,-0.7940152656625509,-0.7019157290611232,-0.6293182192637504,-0.8665217794502316,-1.3666716500124314,-0.9441681490068804,-0.8112105794884227,-1.3157590058206856,-1.1049431977463473,-0.7851148478411819,-0.7089088872663994,-1.1107356962156638,-1.6332233026799508,-0.9586735804804398,-0.8970358911927542,-1.5217612338456212,-1.6835267989521774,-0.940703104392372,-0.6763775732632173,-1.51751065225977,related,9
CHEBI:43474,related,,[P(OH)O3](2-),Mistral-Small-3.1-24B-Instruct-2503,-1,-1.191265297968,-1.0038024741963054,-0.8099107101962165,-1.2322600421055003,-3.1510814752494216,-1.4113480052141818,-1.1110356273507356,-2.537789226836399,-0.8311500752399602,-0.6128486176063002,-0.0926433315825676,-0.901226106741642,-2.9434932358812853,-1.4233221279450383,-1.1803808144410477,-2.392621755583776,-2.0520695391800787,-1.200708833278351,-0.8432794210048095,-1.8020443019176424,-0.8838828581386634,-0.7243346839004492,-0.6348951544072664,-0.9371060594908768,-1.5609205185772317,-0.9874253099944053,-0.8592445827660673,-1.45756061170117,-1.0565391011431355,-0.7755827897708101,-0.6991767432493942,-1.0727653176964973,-1.444286929091963,-0.9301560347244398,-0.9036584247573204,-1.3863390612473772,-1.8691564392128328,-0.9623380818526782,-0.6881931360250817,-1.6386593442610904,related,9
CHEBI:43474,related,,INORGANIC PHOSPHATE GROUP,Mistral-Small-3.1-24B-Instruct-2503,-1,-2.16996580235561,-1.182298689609109,-0.944652694530634,-1.927763986360276,-0.8434128678043196,-0.8361406139285242,-0.7141566127986648,-0.9460671008439554,-0.8837259666135114,-0.5911716510883764,-0.0875581452746955,-0.9456461536996652,0.2870235170638546,-0.2288396592063359,-0.2743296066448735,0.1432353240542948,-0.2556701618217586,-0.5772487732609598,-0.5286816647691092,-0.4242548888173466,-0.4379528088538524,-0.6013883555167047,-0.5504661367294111,-0.574143157858678,-1.6982460294314443,-0.9797659291799296,-0.8415755372375222,-1.5557485030882674,0.6550046722193129,-0.0463775890881886,-0.0765335372502034,0.5744224570350702,-0.3189398188976126,-0.6064730980643992,-0.6313891697999043,-0.4778415395043917,-0.269740097581817,-0.5841023369950461,-0.4797691528040141,-0.4553720810913489,related,8
CHEBI:43474,related,,HYDROGENPHOSPHATE ION,Mistral-Small-3.1-24B-Instruct-2503,-1,-1.8911096082287364,-1.1261931843229758,-0.9004759289487297,-1.7393617385663966,0.7264611120462541,0.4099160608919508,0.2476375303510014,0.7101968873431558,-0.5342638731177908,-0.4737626007114611,-0.0794849967854559,-0.6428469671249603,1.1869887736732978,1.1787081998558175,1.008357050631127,1.334414728597797,0.3736325279290672,-0.0766958282925095,-0.2038036948411088,0.2283802134611068,1.180917340992771,1.7663813811876377,1.5733607955875542,1.468479985718072,-0.8665786893410194,-0.8147070091641008,-0.7171834083292804,-0.9317808722508276,0.6237448641208768,-0.086075223056165,-0.1175514566734845,0.5350235963974984,1.0466439808422558,1.042885264426963,0.937236991924189,1.2136922050109638,1.0025803664153938,0.9085289157175516,0.548804981990485,1.13465268582201,exact,9
CHEBI:43474,related,,HPO4(2-),Mistral-Small-3.1-24B-Instruct-2503,-1,-0.7463585164875131,-0.8712981555110417,-0.7241715346050993,-0.8760665545336204,-1.3843032745520023,-1.037586816097461,-0.8536254312131766,-1.36754175405954,-1.1971327435637895,-0.7026788474786783,-0.1007751091043465,-1.2033266707410806,-2.238818056386973,-1.1890725832439468,-1.034466531742063,-1.9190083121385573,-1.7401322520410183,-1.1327394931968202,-0.8021722051528916,-1.5934033717419638,-0.7665488780270907,-0.6924106515140004,-0.6038936558097668,-0.8447137559800089,-1.1844777631399972,-0.9110619618792496,-0.7973175501926212,-1.1792932274458612,-0.7443061146200635,-0.7060368076297255,-0.6508302685394862,-0.8204882167331438,-0.9147436514816648,-0.7961515817805482,-0.710136140975403,-0.9840777599566304,-1.2695102482387604,-0.8956936842452343,-0.6567185322488702,-1.2354347773220369,related,9
CHEBI:43474,exact,,hydroxidotrioxidophosphate(2-),Mistral-Small-3.1-24B-Instruct-2503,-1,0.0645219908058461,-0.3845827627590611,-0.3622447883866758,-0.1163770903833349,-1.2175837708513932,-0.9537425699089122,-0.783760275901427,-1.2419966327786671,-0.7332570005747865,-0.5836543425881603,-0.08814180559478,-0.8175005849697292,-0.5740854674468575,-0.803504400441361,-0.7050691107508362,-0.6628128602791272,-0.9409783837467788,-0.8871094971347564,-0.6762388226758635,-1.0084905528339632,-0.6096882781527874,-0.6467107394601255,-0.5961166250970215,-0.7178953548007155,-0.2542984793746565,-0.6522345534001944,-0.6071464685035761,-0.4102035324461943,-0.8386265825146301,-0.7307387068616582,-0.6590050972599452,-0.8981199767661694,-0.6403022237410281,-0.7363368640870505,-0.7607044006231325,-0.7593643208763693,-0.0082040603455129,-0.4669850298529728,-0.4296601493913176,-0.2148187303159882,related,9
CHEBI:43474,exact,,hydrogentetraoxophosphate(V),Mistral-Small-3.1-24B-Instruct-2503,-1,-0.1308430925415776,-0.5166630640214527,-0.4622071596005229,-0.3171162479317402,-0.7316789382476151,-0.8002096441682884,-0.668595194188601,-0.8533077881063378,-0.7733798260390511,-0.6413107110407268,-0.0904090398946717,-0.8519812240591028,0.1581019152471723,-0.3159523122855718,-0.3485771227354218,0.0103972853666672,-0.4859588251008788,-0.6967843640613766,-0.5657215575882605,-0.6317250877019093,-0.931976608613144,-0.7277047687182847,-0.6407442194019709,-0.9744162702859108,-0.5460705433696323,-0.7277590899192705,-0.6711391776005139,-0.6674383841299143,-0.4503913883501126,-0.619739396319995,-0.5637753715114527,-0.5694461426196603,-0.1360741840550627,-0.6188573628646148,-0.5569251469319606,-0.3066709546295182,-0.038058450519835,-0.4695879810426363,-0.4280703642976669,-0.2433982861766266,related,9
CHEBI:43474,exact,,hydrogentetraoxophosphate(2-),Mistral-Small-3.1-24B-Instruct-2503,-1,-0.0323352898218394,-0.4477610149149995,-0.4211648301662083,-0.2176810486083446,-0.5777089247993064,-0.7294509206513393,-0.6204661445924395,-0.7216342126217915,-0.7474226613074962,-0.558069950959699,-0.087790501315963,-0.829700882679799,0.0696215361281301,-0.3713334834852201,-0.3927265144056713,-0.0777433204031473,-0.7221963744852368,-0.7988190730260271,-0.6207551507862199,-0.8322062115747624,-0.5468675968982736,-0.6265034114642481,-0.566778721474747,-0.6659441133119296,0.1138497995501038,-0.4577144767799728,-0.4329238599756665,-0.0549399945053833,-0.7996313660643757,-0.7197890234493051,-0.6440634680661879,-0.8661827395650453,-0.0761810419411312,-0.5004657417703138,-0.5739051873539043,-0.2485552099262354,0.0578970766382167,-0.4428517944768611,-0.40355713666156,-0.1503692519469598,related,9
CHEBI:43474,exact,,hydrogen(tetraoxidophosphate)(2-),Mistral-Small-3.1-24B-Instruct-2503,-1,0.1369725410032423,-0.3458577680453677,-0.3426830547623378,-0.0380441991371397,-0.8274049501492509,-0.8246882215177058,-0.7013760385304348,-0.932913042163799,-0.7962654808187544,-0.6008359722001967,-0.0913937885903958,-0.8715453673560551,-0.2843257818694163,-0.6700849450253643,-0.6134912982776567,-0.4100574998736696,-0.7920098914805246,-0.8260486231996987,-0.63462657072533,-0.8893692775693395,-0.8189168763849716,-0.7071028604110383,-0.6178843668350034,-0.8861965846771802,-0.0938888569228317,-0.5720151467139911,-0.5275163410973578,-0.2602930411690851,-0.9682815472944596,-0.7585518500997502,-0.6667788794829167,-1.002784165631042,-0.4562112890621992,-0.6775664609609805,-0.6854092549607353,-0.6008274210262434,-0.5252903956377054,-0.7030943493717273,-0.543898238061936,-0.672446822646489,related,9
CHEBI:4167,related,,glucose,Mistral-Small-3.1-24B-Instruct-2503,-1,-2.512689692751325,-1.3273855437012057,-1.0279257547816367,-2.150857299499468,-3.054352930035828,-1.394781553453555,-1.073878524862515,-2.4793747847193983,-3.5073084742363307,-1.1176097489467864,-0.1248783491853497,-2.8776667031835497,-1.7991564461812457,-1.1480054709191747,-0.9612412842255714,-1.6102311628031922,-1.4647267006430231,-1.0769105993042167,-0.7828004599770156,-1.4008566987920157,0.3236501654342684,-0.2592432362225496,-0.2726392703919205,0.1532464142583325,-0.4204122618033534,-0.6709228936598375,-0.5991198044637008,-0.5588510933472631,-1.861365159298887,-1.0247217422066486,-0.8931785145729244,-1.672485473436236,-0.7378408088995595,-0.7952570258931632,-0.627992585195661,-0.84071245900929,-0.281195563944337,-0.5760457556577026,-0.4882289515046451,-0.465446679549452,related,9
CHEBI:4167,related,,"WURCS=2.0/1,1,0/[a2122h-1x_1-5]/1/",Mistral-Small-3.1-24B-Instruct-2503,-1,-1.9960533347084288,-1.1931515181822985,-0.9508582121884218,-1.81105133785558,-1.5245235941029285,-1.0544529097780322,-0.8737011406680824,-1.4705174605987203,-0.3994576450843858,-0.4783418236760703,-0.0785919795028917,-0.5207274127492957,-2.0563365916700023,-1.2147561655457295,-1.0102761329692616,-1.7923059321835977,-1.8024605015213973,-1.139617343101292,-0.8085456672132814,-1.635850968971838,-2.961035934094073,-1.0299425165393865,-0.8526246232602258,-2.360792277930288,-2.91217200329435,-1.1125997365702354,-0.9384063969068864,-2.368459220589618,-1.0979536182404803,-0.5694020977035917,-0.5596819594546351,-1.1052702036423163,-4.608393923203125,-1.342195325792412,-1.0879548662648673,-3.331205733758376,-1.7787170803167331,-0.8835041013824093,-0.6510355959311066,-1.5800066325943014,related,9
CHEBI:4167,related,,Grape sugar,Mistral-Small-3.1-24B-Instruct-2503,-1,-1.8128870974550044,-1.158071512671675,-0.9288921384834418,-1.6852698443965946,-1.402788404651025,-1.0268790567267554,-0.8477875132292568,-1.3812487444660198,-1.5118930477037262,-0.7548158497445785,-0.1040892884654835,-1.4515974509305185,-1.846206134735216,-1.1107170441879548,-0.9461121836369653,-1.6438710740841167,-1.2370375687785786,-1.0097410513635567,-0.7583242613630566,-1.2349010096317234,-0.332820534329166,-0.5825979791997409,-0.5282508087425158,-0.4832654171855217,-0.5446932272579902,-0.6621501483206438,-0.5883744638171077,-0.6662646726043955,-1.185387632373935,-0.8363679558021295,-0.7449555206407278,-1.173226476318922,-1.403156458800071,-0.9559510851526204,-0.7786017481915094,-1.356346980778407,-1.0416316096043357,-0.8028194402162941,-0.602743707370897,-1.071856569456265,related,9
CHEBI:4167,related,,Glucose,Mistral-Small-3.1-24B-Instruct-2503,-1,-0.3154985540246466,-0.6685101173545185,-0.607464209355916,-0.4950365512972232,-3.054352930035828,-1.394781553453555,-1.073878524862515,-2.4793747847193983,-3.5073084742363307,-1.1176097489467864,-0.1248783491853497,-2.8776667031835497,-1.7991564461812457,-1.1480054709191747,-0.9612412842255714,-1.6102311628031922,-1.4647267006430231,-1.0769105993042167,-0.7828004599770156,-1.4008566987920157,0.3236501654342684,-0.2592432362225496,-0.2726392703919205,0.1532464142583325,-0.3240963585598481,-0.6390222595264274,-0.5752450430797865,-0.4734192440470495,-1.861365159298887,-1.0247217422066486,-0.8931785145729244,-1.672485473436236,-0.7378408088995595,-0.7952570258931632,-0.627992585195661,-0.84071245900929,-0.281195563944337,-0.5760457556577026,-0.4882289515046451,-0.465446679549452,related,9
CHEBI:4167,related,,Glc-OH,Mistral-Small-3.1-24B-Instruct-2503,-1,-0.2657534589587812,-0.6638277942831565,-0.584232521823012,-0.4481057326977658,-0.4279245461700923,-0.7006520294609856,-0.6172816440126568,-0.5887622449052422,0.2943141330315525,-0.1201896791136647,-0.0373728997526533,0.1742592843227237,-1.6614545456849743,-1.1351420637600813,-0.9618964862303534,-1.5108585959288967,-0.214347768436192,-0.5413077913315514,-0.4799340245013189,-0.3855827844016279,-1.320397316259027,-0.8234712843373749,-0.710987837105375,-1.2653304565671415,-1.5241174741174457,-0.9111365319962,-0.7903879284688647,-1.4309661323197431,-0.3739243817358627,-0.3520694042004861,-0.3662130976945733,-0.5015833432070154,-1.3275796217572466,-0.8696388715674771,-0.8242238939788902,-1.3007320027108007,-0.3375899992278252,-0.6210341143308792,-0.5144001172783175,-0.5145429802001014,related,9
CHEBI:4167,related,,Dextrose,Mistral-Small-3.1-24B-Instruct-2503,-1,-1.5715542090695678,-1.0944912441832717,-0.8832263537501961,-1.5145762458478995,-0.9387801110071758,-0.8706408903512337,-0.7475313288530866,-1.0235395489484258,-3.507450484908205,-1.1176198100586556,-0.1248759108549182,-2.877762614900525,-1.4708533831452717,-1.055367978816374,-0.9248760623020208,-1.3708797852172463,-2.077248042957134,-1.2345252438834788,-0.8547928235401158,-1.818487959004201,-0.0569453865528508,-0.4800563875324093,-0.4565251795581554,-0.2323662186439367,-0.612935204050634,-0.7383969855227772,-0.6320001084157945,-0.7240027786155468,-0.8384589420859528,-0.7543385719357699,-0.6963000978164664,-0.897983145772106,-1.0151824941873278,-0.8675567584885524,-0.6942322040154655,-1.063284271327624,-0.582422212066781,-0.6941297217074515,-0.55029576832543,-0.7189827048454082,related,9
CHEBI:4167,related,,D-glucose,Mistral-Small-3.1-24B-Instruct-2503,-1,-0.496107663959381,-0.7629851073919649,-0.6585422037466493,-0.6599317432258808,-0.4907680866840193,-0.7299153258888441,-0.6462686490373568,-0.6451223555353615,0.1902918931623706,-0.3105793264605602,-0.0368230722888631,0.0610953943719024,-0.7790359618041246,-0.8459532047372851,-0.7397111107102415,-0.8333387528880148,0.2118759833668455,-0.2204152480945409,-0.2619215908018821,0.0454287958736732,0.5674260500776963,-0.047508564467444,-0.0894649538982924,0.4361521398703307,0.178825033688373,-0.3735176980726705,-0.3574850134974993,0.012350630000567,0.3600054150128178,0.1216242101127887,0.0583254280327714,0.2247651467652253,0.539052443064288,0.1367357105739909,0.1568512928463313,0.43071351027104,0.3341606123183353,-0.2389909235027981,-0.2724635492393807,0.1398120665188588,related,9
CHEBI:4167,related,,D-Glucose,Mistral-Small-3.1-24B-Instruct-2503,-1,0.3743251265340028,-0.164406100105664,-0.1986718819550489,0.2370811567192209,-0.4907680866840193,-0.7299153258888441,-0.6462686490373568,-0.6451223555353615,0.1902918931623706,-0.3105793264605602,-0.0368230722888631,0.0610953943719024,-0.7790359618041246,-0.8459532047372851,-0.7397111107102415,-0.8333387528880148,0.2118759833668455,-0.2204152480945409,-0.2619215908018821,0.0454287958736732,0.5674260500776963,-0.047508564467444,-0.0894649538982924,0.4361521398703307,0.4214418354609222,-0.2043625283454857,-0.2202939174806776,0.2797479071988588,0.3600054150128178,0.1216242101127887,0.0583254280327714,0.2247651467652253,0.539052443064288,0.1367357105739909,0.1568512928463313,0.43071351027104,0.3341606123183353,-0.2389909235027981,-0.2724635492393807,0.1398120665188588,related,9
CHEBI:4167,related,,D-Glcp,Mistral-Small-3.1-24B-Instruct-2503,-1,0.3496104006164434,-0.2015219471396117,-0.2517890278091135,0.2069125166261317,-0.4432149264276019,-0.7185989522883908,-0.6246718026312869,-0.6025597934001097,0.9508883515827408,0.7262627504777001,0.0459962234463116,1.0194370056598443,-1.087750755539009,-0.9841436658313742,-0.839860414490061,-1.0796404274715217,0.0807152536844146,-0.341119957620118,-0.328001531638922,-0.0942037611497655,-0.397191338759473,-0.598257216622527,-0.5451194420245952,-0.5391848532546025,-1.5720760451653102,-0.9428856418932804,-0.8108930495077311,-1.465597763121349,0.3736023733970716,0.1353618180501812,0.0338210139768423,0.2399192647000781,-0.2464433885027031,-0.4399821785487725,-0.4402142528141686,-0.4110498001878414,-0.4093357914610867,-0.6278172514021483,-0.497243510310401,-0.5758575382633502,exact,9
CHEBI:4167,related,,D-Glc,Mistral-Small-3.1-24B-Instruct-2503,-1,0.288777468008853,-0.2644765219464453,-0.3176636074127733,0.1342807711386744,-0.3628088038972282,-0.6722658719864769,-0.6026656463522173,-0.5293711173371953,0.6170135649495555,0.0792753439669937,0.0082838751198203,0.5549917521482843,-0.971813462194629,-0.8859275736446464,-0.7778635768453811,-0.988495040901638,-0.8389030180223948,-0.8662327165796504,-0.6491719700858142,-0.9272750192158102,0.3366558357889729,-0.2390219415523654,-0.275338255738788,0.1674881816016245,-1.5169679069126951,-0.9569775790187688,-0.8232025294501427,-1.42578546966927,0.3253766696698576,0.0848040300821563,-0.0217167277529465,0.1865291780578911,0.2362575485170631,-0.1796429823314536,-0.1067665373392365,0.0746490612223459,0.4762414199814741,-0.143400157487421,-0.2261158426044943,0.3059285644770725,related,9
CHEBI:3892,related,,cortrophin,Mistral-Small-3.1-24B-Instruct-2503,-1,0.210585548209026,-0.2686536048454677,-0.3091098175863822,0.044037193374009,0.2732671320370456,-0.1331134680724568,-0.1711112926928438,0.1200197707814925,-2.76315985347067,-1.0624246748153012,-0.1161056167782905,-2.3671522139750203,-0.5451713815856237,-0.7275931922239617,-0.66381596890148,-0.6382425308561552,-1.127675735946725,-0.9908583697122542,-0.7508694532655821,-1.152758411256763,-1.387836041116008,-0.833999678424275,-0.727367675105398,-1.3141659759906748,-0.2800442604739855,-0.6573799768398159,-0.615204989602785,-0.4336548603074788,-0.7543361929795767,-0.7988673955288688,-0.7167247675349885,-0.828806317819699,-0.324412920149976,-0.7017179792734699,-0.6451007587769563,-0.4828302904782213,-1.0728854243180792,-0.8238894112743743,-0.6060747428774823,-1.0946906378264245,exact,9
CHEBI:3892,related,,corticotrophinum,Mistral-Small-3.1-24B-Instruct-2503,-1,0.8560474498596717,0.7752967622990315,0.5950993927687164,0.9391566833978636,0.4838433912187675,0.150692145664491,0.0365093219332148,0.374839041455228,-3.832544759396424,-1.1734465873462747,-0.1365358955283587,-3.096192537020553,0.7432820582827058,0.1875032716188218,0.0777625989887374,0.6696024328092512,-0.224486589215624,-0.5870719225934927,-0.5096117993033705,-0.3951152200571538,0.8357411147795285,0.3736875522215823,0.2396653255763853,0.8020593486818824,0.3991079493356079,-0.2522873562765128,-0.2963732767629251,0.2539158372931181,0.4877000131470957,-0.1870682619172436,-0.1846817101151031,0.3704496457413069,0.3357348811411654,-0.2768841300139522,-0.3322790663570671,0.1860731238640866,0.1302595032094607,-0.4024186569113712,-0.3861121858457637,-0.0778230253393107,exact,9
CHEBI:3892,related,,corticotrophine,Mistral-Small-3.1-24B-Instruct-2503,-1,0.9929135528585704,1.2933812799891873,1.1224564296300283,1.2097615513024038,1.0147651534075042,1.4082934526323918,1.1939836602100642,1.2121221851879136,-3.895054181811792,-1.2049635113239614,-0.137151612011892,-3.137961684472102,0.7437043022277898,0.1830443026662733,0.094686041753865,0.6701430135853524,0.5995994432203646,0.1868745697394799,0.0071237765166728,0.509290128153635,0.8274633961719929,0.3546341068895007,0.2099028597396322,0.7895427817053547,1.1759403311008307,1.4930290248657538,1.2591952755250684,1.4656028800047467,1.2320254714641832,1.317463580888736,1.1332014792382374,1.4865934987439993,0.4664144669473347,-0.1144609353883273,-0.2142384485653989,0.3403865391212016,0.5902950359563125,-0.0253618108476413,-0.1367798924170617,0.4506809872330176,exact,9
CHEBI:3892,related,,corticotrofina,Mistral-Small-3.1-24B-Instruct-2503,-1,-0.034265997424885,-0.4522004914196527,-0.423508594591604,-0.2196634045332151,0.9359377684628852,1.1057702496544333,0.9178290936947828,1.058090239853331,-3.672814215251096,-1.1767968116644112,-0.1251899943183555,-2.989139520966044,0.7389138197586842,0.1538259489842472,0.0655238209221181,0.6640172638875236,-0.731062440482255,-0.8241895042117183,-0.6623230707481395,-0.8395153339370881,-0.3520829825268905,-0.5711868731934798,-0.5237741617966898,-0.5000929249476036,1.1396571439655987,1.2606667842952235,1.071536323838662,1.3793942451061356,-0.5133591861012032,-0.6888779201945455,-0.6092645287787228,-0.6244903084806989,-1.2119803743678232,-0.9154975847280402,-0.9236824254451232,-1.2143418286034415,-0.6625108862887462,-0.6986728234200927,-0.5447273645001118,-0.7831319506023181,exact,9
CHEBI:3892,related,,adrenocorticotropin,Mistral-Small-3.1-24B-Instruct-2503,-1,0.4929228561164,0.0298086292777561,-0.0609933783115882,0.3878253799206823,0.27653720777419,-0.1034063374119523,-0.1460804232834229,0.1237802259517303,-3.04518169465745,-1.1137036273980732,-0.1174685233344156,-2.562711813623303,-0.7301490411088875,-0.8493079786191845,-0.7508230895880057,-0.7932154161519355,0.7590136003731864,0.4615188973549974,0.2984143865619059,0.7314773957795787,0.5661927209660435,-0.0185512495655559,-0.0854100921970302,0.4346237931346439,0.4305962171478938,-0.2031307611204077,-0.2049359589384583,0.290416986108328,1.2128465266778243,1.220238558842627,1.0311478941638366,1.446747080770325,0.3319002788530675,-0.248198315583241,-0.1870575707275226,0.1816874945529646,0.5636058633796344,-0.0529879017418804,-0.1514563435860587,0.4157426565241471,exact,9
CHEBI:3892,related,,SYSMEHFRWGKPVGKKRRPVKVYPDGAEDQLAEAFPLEF,Mistral-Small-3.1-24B-Instruct-2503,-1,-3.161978942387122,-1.4057586602191887,-1.0785551913707865,-2.5523791112680123,-3.8627139438355447,-1.5116330242074965,-1.173044939793448,-2.953356185933828,-3.929730378458416,-1.202615523946496,-0.1269070819464471,-3.161104695570611,-2.569853009079284,-1.4763212975100952,-1.213788279912816,-2.144300822846142,-3.193752187745181,-1.4286592727923115,-0.9957274365551162,-2.4987241383596808,-2.955896492338021,-1.0499912933539273,-0.8760832928223532,-2.3575789619655705,-3.13940408624436,-1.163063259866703,-0.978387159205718,-2.512443032759484,-2.37684286006262,-1.0902419164420674,-0.9458779678590908,-2.028624755003264,-3.940769576790792,-1.272956689272483,-1.1716538872769555,-2.962233029022898,-2.541006125062669,-0.9995157939070464,-0.7025864392177421,-2.0554200642260674,related,10
CHEBI:3892,related,,Adrenocorticotropic hormone,Mistral-Small-3.1-24B-Instruct-2503,-1,-0.0248314629728403,-0.4633095284064549,-0.4413557196483407,-0.2099632484574918,-0.2193991703941643,-0.5079892755591389,-0.4786739959187124,-0.3946980481996526,-2.377807160414771,-0.999887469444085,-0.1120844421133847,-2.0946661175758408,-1.2069947390993037,-1.0154622434115956,-0.8785257097253706,-1.171844592973297,0.3278025513922015,-0.132297633894062,-0.1024757953246319,0.1752070622075623,0.4697812203726901,-0.1090219575912785,-0.16472684436668,0.318471838303612,0.1484217386922742,-0.4237085189901384,-0.4026748755196956,-0.0193361440237879,0.6929065602761245,0.0321420156845456,0.0062423850981908,0.6230807681122004,-0.094727820793184,-0.5149984182929496,-0.3380680576747538,-0.2666681327754489,0.3144241854069091,-0.2683933868504214,-0.2804636841271293,0.1177752615176179,exact,9
CHEBI:3892,related,,ACTH,Mistral-Small-3.1-24B-Instruct-2503,-1,-0.252861449206072,-0.591129226616148,-0.5343015505771342,-0.435827773384828,-1.896049548691034,-1.187345888557338,-0.957806565416828,-1.733180163008772,1.5654281809645083,22.07922980971902,47.32789295936905,2.89288492452441,-1.6164751220605875,-1.0663518250202315,-0.8967734228057059,-1.4780891863499506,-1.0760027561303234,-0.9785131418901442,-0.7213763944646094,-1.1133551477469563,0.7167528079224453,0.1663283537751689,0.0997754427250248,0.6305964820068931,-0.6876185188929294,-0.7796492356054618,-0.6775284892136678,-0.7862554792986762,-0.8222941037825449,-0.8280173546946442,-0.7310625863369529,-0.8847702781714735,0.6985108477205612,0.1373306861312674,0.05583283853027,0.643105149276263,0.2588182164568413,-0.3562065041590606,-0.3569572415437437,0.0568845145401736,exact,9
CHEBI:3892,exact,,L-seryl-L-tyrosyl-L-seryl-L-methionyl-L-alpha-glutamyl-L-histidyl-L-phenylalanyl-L-arginyl-L-tryptophylglycyl-L-lysyl-L-prolyl-L-valylglycyl-L-lysyl-L-lysyl-L-arginyl-L-arginyl-L-prolyl-L-valyl-L-lysyl-L-valyl-L-tyrosyl-L-prolyl-L-alpha-aspartylglycyl-L-alanyl-L-alpha-glutamyl-L-alpha-aspartyl-L-alpha-glutamyl-L-seryl-L-alanyl-L-alpha-glutamyl-L-alanyl-L-phenylalanyl-L-prolyl-L-leucyl-L-alpha-glutamyl-L-phenylalanine,Mistral-Small-3.1-24B-Instruct-2503,-1,-2.8938608753502875,-1.3456536300885855,-1.038997196524396,-2.3895867749085915,-1.2887838264466336,-0.9458904340532892,-0.7713978463336478,-1.2960451597846792,-4.219968826269933,-1.1451722365199222,-0.1313520137279962,-3.354138023873689,-1.797477709099869,-1.288829744621383,-1.0888206374761769,-1.6090280156351124,-3.652503575778567,-1.4812316358297528,-1.0063828840949738,-2.755429710280879,-2.55676335348121,-0.9964624426603156,-0.8397655240760316,-2.104876992333009,-2.484676812198493,-1.132554038498426,-0.9558607661977978,-2.091675965821007,-3.004861539452946,-1.074864088675936,-0.8894438417988569,-2.4415564890716355,-4.615865464182629,-1.299612875396357,-1.0886799051898173,-3.3352531045233222,-2.0013793536602247,-0.9261935097277946,-0.6688590009146677,-1.7232138461801028,related,10
CHEBI:38807,related,,calcium channel agonists,Mistral-Small-3.1-24B-Instruct-2503,-1,1.0275446210671773,1.475487995866327,1.3051091113974576,1.2884944836094483,0.9746886707092026,1.1780893329910689,0.963325035315304,1.131715573506412,1.1193838213358789,1.0250583656009058,0.0772032764593503,1.3003765110930234,1.2806929370014055,1.996874542229383,1.9909752583751288,1.5151661162855294,1.2801688684767374,2.7598528072612885,2.6593432842210367,1.7841226366284155,1.302213338583591,4.094962493525909,4.567265721383983,1.90418062873756,1.171818576046778,1.8441334732955672,1.7388583964513238,1.4554382581557546,1.2565219901980864,1.3434978531780963,1.1712524166311118,1.5392848424732504,1.0905188654115547,1.4085424777048838,1.236562933578542,1.3032948063210883,1.180377976565674,2.8927914368064247,2.948989553389273,1.6988786030992284,exact,9
CHEBI:38807,related,,calcium channel activators,Mistral-Small-3.1-24B-Instruct-2503,-1,0.8244142970937485,0.6593007633348689,0.4184069078376844,0.8833666566524944,0.5836773823769917,0.2243238601925189,0.1545732195735562,0.5063210187861131,0.7160704343891183,0.1297773695516893,-0.0083558464735396,0.6834279022861296,0.3221660082760464,-0.0689807329630346,-0.1498579616644896,0.1804440830181986,1.1407946567434493,1.6806486819694282,1.341559692822527,1.413091559384725,1.0814158622828032,1.0737899466881422,0.8850752563721511,1.2345703915677029,0.3445408704317643,-0.1295013474714922,-0.1425156931892856,0.1919263901158781,0.3727001453173688,-0.2670221628322295,-0.2584469715472012,0.2389112008383059,0.8453702533601607,0.5616449256569144,0.4109148955903088,0.8609930201072742,0.9347531692973114,0.6900273352132135,0.370915391156867,0.9931757008072564,exact,9
CHEBI:38807,related,,calcium channel activator,Mistral-Small-3.1-24B-Instruct-2503,-1,0.8097334106170075,0.616775325708177,0.414057592196982,0.8581466983567823,0.6392966259109486,0.3123072615544479,0.2173474864150131,0.5832761966365828,0.7772208454628645,0.1975266674589072,0.0004795902493013,0.7662110896553863,0.4602139767971442,0.0682437264128364,-0.0387337446349308,0.331293992171238,1.1958385999903531,2.0129420421182416,1.616949212116128,1.5448658756723552,1.007287952798975,0.7831301294223704,0.6197190176646856,1.08846900099318,0.0397833820662793,-0.3769566433479925,-0.3625191920797147,-0.1297718637283527,1.1542002352543244,0.9103482267734594,0.7724073305455087,1.3314656885001546,1.0208869486945735,1.1210116695044194,0.9056687932165908,1.163711920924626,0.8711552065173918,0.5062752964459004,0.2278778583956422,0.8751827782602299,exact,9
CHEBI:38180,related,,polycyclic heteroarenes,Mistral-Small-3.1-24B-Instruct-2503,-1,1.219333341465351,4.030870573799972,4.947014343314914,1.9180649533931684,1.2507324518619427,3.504053467466552,3.908526591745767,1.8572749129295865,1.070344342059504,0.7048088587258853,0.0365443326526792,1.2140247269954123,1.4473027801395353,2.823934285695992,2.870241363192842,1.919982550274408,1.2570129427579833,2.537555965470448,2.300902554569085,1.7124262113399225,1.1283070883505473,1.3360471337226607,1.1258185187911118,1.337917037157863,1.1101418875992086,1.293801971673422,1.084999072205865,1.3140132923550278,1.138412221354736,0.920023394026786,0.75460367074829,1.3019114364709825,1.0940417811602023,1.325108460577412,1.266851141411584,1.3107623601650014,1.114229882490098,1.801728320414168,1.415169118333782,1.4299228041575722,exact,9
CHEBI:37848,related,,plant hormones,Mistral-Small-3.1-24B-Instruct-2503,-1,1.1113305175951655,1.9980739806548795,1.8033656773354327,1.5070653817924045,1.076601501275723,1.5860904439404966,1.4172568781134094,1.3467468807097565,1.2380266179110937,1.658940043832002,0.1468388175365739,1.5306466069845692,1.103954972852677,1.4987490011317102,1.3856174974257804,1.1904062471946617,0.701257760263924,0.3588999098159796,0.2553688023616388,0.6481843065381904,1.2311271084815087,2.2127006512482,2.08003476008943,1.615177343669069,1.2072002694215478,1.8727461539556147,1.6385957691531927,1.5463671907285197,1.152490107382775,0.771559736363729,0.6344412465689296,1.3282365048747884,1.123915077285302,1.3925792098869714,1.12675592722788,1.375939603654024,1.15379149037666,2.2530157047346737,1.9655838066214188,1.5735458203764645,exact,9
CHEBI:37848,related,,plant growth hormones,Mistral-Small-3.1-24B-Instruct-2503,-1,0.715370684861388,0.3368806833558959,0.1835248012846519,0.7047828378893338,0.5641011916247541,0.1498479183560161,0.0601355837517221,0.4798993452816699,0.6787150851889516,0.3266975843155716,0.0213696711885925,0.6342184417258229,0.4283126481275275,0.1060065638658771,0.0209027747102726,0.2957296294587878,-0.1390153792604546,-0.4980857262720188,-0.3910085313052143,-0.3138290572851274,0.8751498399925789,0.3893818923173999,0.2625578686603633,0.8630521390409026,0.8258496531092878,0.301560382895593,0.2142636811355434,0.8102202730807638,0.8627918067052381,0.1605099513765095,0.0496684720988635,0.8550764800923015,0.4230971867376026,-0.155961804065263,-0.2393689323249533,0.288140573755252,0.8311926573081416,0.4177916479947241,0.1598160914404447,0.8064678917619026,exact,9
CHEBI:37848,related,,plant growth hormone,Mistral-Small-3.1-24B-Instruct-2503,-1,0.5783801322186489,0.0931818240284388,-0.0084350914365907,0.5035295903281829,0.6934637104260358,0.3639344267326896,0.2236617279659236,0.6611647921070606,0.6869732559127748,0.3464812105472897,0.0027810112775531,0.6450131239446434,0.5016614588285102,0.1400730360842171,0.0593363317505644,0.3781856802378114,0.3468852296324326,-0.108536410045237,-0.1393161831443791,0.1972106956268024,0.3575265938273327,-0.2452537371042552,-0.2668906604336297,0.1905204426328656,0.8843456301930557,0.3574912226023963,0.3172671699620719,0.9008944848067538,1.0578304486500103,0.5407827357719793,0.3627767718604247,1.159118704615005,0.3779533948115972,-0.1991733177425689,-0.2964617466315326,0.2348715206075898,0.7228739986825395,0.2096771464529384,0.0107974344786967,0.6360581416916629,exact,9
CHEBI:37848,related,,plant growth factors,Mistral-Small-3.1-24B-Instruct-2503,-1,0.6162475864165164,0.1511469301561274,0.0218987393669519,0.5570317976421874,0.3611204230117829,-0.0915394548469066,-0.1568578154557073,0.2230658000956949,-1.0888905930791393,-0.6845661466159283,-0.0822210637792294,-1.1156264690657478,0.240981316487486,0.0222888906779305,-0.1165291942955111,0.0951543801100273,0.1499302085833889,-0.2953195678455796,-0.3127576970496538,-0.0214021722761216,0.1995988581259255,-0.3501915931719678,-0.3581740383340707,0.0213595753139422,-0.5667139757948672,-0.7400158503837299,-0.6628055955614995,-0.6849881868155073,0.4805784717877513,-0.2699497478910888,-0.30374803754044,0.3621163687653871,0.0664026820644054,-0.4174141084660949,-0.4556646728507713,-0.1055529355702878,0.142073081898809,-0.3367772618173111,-0.3305519539179207,-0.0657678653443223,related,8
CHEBI:37848,related,,plant growth factor,Mistral-Small-3.1-24B-Instruct-2503,-1,0.0856770397599223,-0.4398341964025832,-0.4366771727015703,-0.0937420602809403,0.1340920563574556,-0.3104359542456824,-0.3016143005477227,-0.0351890967277713,0.2605494601690347,-0.0888906676977466,-0.0236078972988828,0.1370920434342934,0.2776714894343748,-0.0212729115437868,-0.1093282306846854,0.1334089231859132,-0.096348922250675,-0.4759685359322806,-0.4487701644160261,-0.272434523076696,-0.3600001719954044,-0.5996697310560342,-0.544744922292394,-0.506985740215305,-0.5808850825965947,-0.7685366069478031,-0.6938294512883894,-0.6969905213426856,0.7362247492967859,-0.0064299924597294,-0.0890847960629526,0.6799664328388657,0.241140161050193,-0.2952783948473904,-0.2912239356503981,0.0800087487281043,0.0895358363027008,-0.3690313965292409,-0.3534107235854845,-0.1189176330718636,related,8
CHEBI:37848,related,,phytohormones,Mistral-Small-3.1-24B-Instruct-2503,-1,-0.3869131826057166,-0.6992129907770843,-0.575526936458442,-0.5612285697523177,-0.8235881792520615,-0.8330613127887425,-0.7172352270875882,-0.9297701805425986,0.4419640525350923,0.0386809822627817,-0.0277219498845733,0.3422507115587359,-0.9468244839664556,-0.7188108494960688,-0.6379797308967776,-0.96864471737987,-0.1289608325667851,-0.5007185034053782,-0.4347789144066142,-0.3041247763737326,0.3298396292924711,-0.2671648373937489,-0.2855004911902557,0.1600136801744923,0.6326009492638063,0.0055026847613708,-0.0391359885073213,0.5395689932230585,-0.4387694590395745,-0.728439845282281,-0.6551959821949059,-0.55920535129334,-0.2895805196116521,-0.6048106481201108,-0.6344210129789826,-0.4509535076174983,0.3045043707513649,-0.221829694574633,-0.2746148083924836,0.1067854056518124,exact,9
CHEBI:37848,related,,phytohormone,Mistral-Small-3.1-24B-Instruct-2503,-1,-0.353347931737934,-0.6847824413915341,-0.5710770020534436,-0.5302866905023874,-0.8997131506214575,-0.8617197743674119,-0.7434498433393454,-0.99198491102659,0.5815797856265464,0.1549562504433586,-0.0158362544122454,0.5105661975274566,-1.048711005954926,-0.823759752819591,-0.7198443026889982,-1.049119649106934,0.312944381810067,-0.1532492271693649,-0.1950009346538294,0.1582057580265506,0.3594999964669773,-0.2467558116943321,-0.2669184318220183,0.1927097789795174,0.741006491354648,0.1037249227476492,0.0594733559271799,0.6865792946708718,-0.3148905134612228,-0.6877123072514685,-0.6354367632403712,-0.4483854863829363,0.2374170796340085,-0.3019633069173951,-0.3765226656725125,0.0759209122204001,0.3152601248441741,-0.2137325201043259,-0.2769881870130947,0.1187039780509935,exact,9
CHEBI:37808,related,,n-butane,Mistral-Small-3.1-24B-Instruct-2503,-1,0.4398266589091304,-0.1312754547515376,-0.1483639205641233,0.3190475599769937,0.1623827543341612,-0.4110964689594351,-0.3706465207452953,-0.0043656891895388,0.5349167722006519,0.1483406627178624,-0.0173349540699388,0.4531663918993406,0.4071754684478655,0.2118946817201073,0.1455368458835672,0.2724073840194541,0.1592954364730007,-0.2890860747196085,-0.2799206866114169,-0.0114030953725569,0.8952394515630586,0.4580994766950313,0.3238599932841731,0.8951041212047526,0.2813527222962563,-0.2681383466275066,-0.2811600163986124,0.1219998427396071,-0.1091531864326506,-0.5556542138833214,-0.5024395526421461,-0.2569210178093484,0.8558467814235601,0.5380694707342207,0.4078466922202133,0.8775749698994088,0.936671185895036,0.7134675802378563,0.3874226659145947,0.996928258505714,exact,9
CHEBI:37808,related,,n-C4H10,Mistral-Small-3.1-24B-Instruct-2503,-1,-0.7146565340303037,-0.8799425859084063,-0.7327202409905934,-0.84939313835169,-1.6018258237999214,-1.182610950716268,-0.9420559525347988,-1.5263385043817754,-0.1872109579579416,-0.3869172856236084,-0.0621264144321298,-0.3212152866732995,-1.8543086315436947,-1.116046700131783,-0.9366706628569568,-1.649648735522521,-0.7275142853842527,-0.8145523581243669,-0.6302604062563592,-0.8365920187304812,-2.0816741790105326,-0.9454437522908772,-0.8083182218821056,-1.7942949420949483,-2.56477561330332,-1.0501812201574074,-0.892998326628215,-2.144190643573403,-1.7399045368724149,-0.95785145607989,-0.8356768001425448,-1.5857862469758366,-2.216882083386208,-1.109550683189571,-1.0393778711556527,-1.9189382966038275,-2.5217289488297405,-1.0427274230983663,-0.7309890998081987,-2.0438705458324544,related,9
CHEBI:37808,related,,n-Butan,Mistral-Small-3.1-24B-Instruct-2503,-1,0.0711303364187189,-0.4640213615547032,-0.4352461878139789,-0.1093268842649168,0.3115124965714462,-0.2797687908193216,-0.2724465914630817,0.1643547683982039,0.1258606122302689,-0.2552078477864153,-0.0364594695837742,-0.0071085069057333,0.0221856438494134,-0.1319628173782951,-0.1573259713987908,-0.1240759856362276,0.0153272066286572,-0.4180497048221444,-0.3945133079947369,-0.1612982721448211,-0.1025135315291855,-0.4950421762539501,-0.4659931529248046,-0.275199548549259,0.4464214895697908,-0.0793664887713144,-0.1281397147356954,0.3089744751394952,-0.6888528113031175,-0.7397051663013411,-0.6618711320386094,-0.7742208106029744,0.3437565202677027,-0.2152363251264802,-0.3005296618954683,0.1952721436629927,0.1177002871825521,-0.3619092536360176,-0.3605174406759822,-0.0905721218029086,related,9
CHEBI:37808,related,,R-600,Mistral-Small-3.1-24B-Instruct-2503,-1,-1.4788072429356545,-1.1086387817767722,-0.8984673977312102,-1.4473262520311558,-1.589280567677013,-1.1676881985337002,-0.937219440473678,-1.5173234955390935,-0.1662845886267883,-0.4997851200747045,-0.0535083002370402,-0.3010107183315526,-1.3246758876504416,-0.8542705054350531,-0.7721826071635866,-1.2614216345784042,-1.0653734169542737,-0.9519752856545612,-0.7203197388116472,-1.1052010537126993,-2.9936134307631628,-1.0508984605420235,-0.8781316180443537,-2.381138767551652,-2.5272154119402424,-1.09809349208138,-0.920073248936393,-2.119605669005827,-1.9983049071382888,-1.0394941661334902,-0.8945117150907278,-1.768876999521115,-2.895134869306053,-1.1763441254073532,-1.1045559940884777,-2.348563576131347,-2.398175551965984,-0.9985050855131544,-0.7064730872682878,-1.969324051462594,related,9
CHEBI:37808,related,,N-BUTANE,Mistral-Small-3.1-24B-Instruct-2503,-1,-1.5804874686992156,-1.107944443149087,-0.8866911982080011,-1.5210031661790018,0.1623827543341612,-0.4110964689594351,-0.3706465207452953,-0.0043656891895388,0.5349167722006519,0.1483406627178624,-0.0173349540699388,0.4531663918993406,0.4071754684478655,0.2118946817201073,0.1455368458835672,0.2724073840194541,0.1592954364730007,-0.2890860747196085,-0.2799206866114169,-0.0114030953725569,0.8952394515630586,0.4580994766950313,0.3238599932841731,0.8951041212047526,0.5796590870624511,0.0311853726878465,-0.039109300179833,0.4714805690062355,-0.1091531864326506,-0.5556542138833214,-0.5024395526421461,-0.2569210178093484,0.8558467814235601,0.5380694707342207,0.4078466922202133,0.8775749698994088,0.936671185895036,0.7134675802378563,0.3874226659145947,0.996928258505714,related,9
CHEBI:37808,related,,E943a,Mistral-Small-3.1-24B-Instruct-2503,-1,-1.398314742848295,-1.0796968059213117,-0.8688472085203656,-1.3881585613653462,-2.027503331790613,-1.2766039824347526,-1.02271410889597,-1.8229556341024304,0.3009316763998134,-0.0429411654665583,-0.0343439132141776,0.1815949646710841,-1.6883729043450495,-0.97767974974502,-0.8205417242599092,-1.5303951417581647,-1.63850202635938,-1.1065035309013558,-0.8068376230602811,-1.5233222995877491,-2.4272386966277213,-0.9937066633860848,-0.8323693600594603,-2.021373778531397,-2.686807533266004,-1.088105146845748,-0.9197448662747888,-2.2235927118755456,-1.8734973411095388,-1.0239773975263184,-0.9083825999680548,-1.6810819657089746,-2.539599895749801,-1.151842156068087,-1.0752214350112703,-2.127070526833242,-3.23115927250462,-1.118137663135225,-0.768782456778791,-2.4562127177288287,related,9
CHEBI:37808,related,,E-943a,Mistral-Small-3.1-24B-Instruct-2503,-1,-1.7359042163738294,-1.1547396620882082,-0.9059178775279312,-1.6314625676638148,-1.7458559252474113,-1.2098028452137652,-0.9735803299276474,-1.6286621362048408,-0.0525952320453444,-0.3257084559263374,-0.0524315365679352,-0.1893802522429932,-1.234128519985484,-0.820440532023251,-0.7245647750984563,-1.192619509703252,-1.6663924269987938,-1.1269530338813774,-0.8240267026114805,-1.542664122771654,-2.723850164625261,-1.022365971491611,-0.858892555385502,-2.211460472657566,-2.769339878246596,-1.1144680167640368,-0.9326006923684254,-2.2769015455929256,-1.7179671006007673,-0.9996931348534271,-0.8851797409896766,-1.5700003968550302,-2.350409025813088,-1.1098472299662243,-1.046395941892852,-2.005938105080149,-1.9814329098654857,-0.937409943280505,-0.6726194196339883,-1.7105460237648809,related,9
CHEBI:37808,related,,E 943a,Mistral-Small-3.1-24B-Instruct-2503,-1,-1.4711615852076414,-1.0962578830627754,-0.8746386016532013,-1.4417388672598974,-1.7727752259902538,-1.2176632128980722,-0.9759621312775872,-1.6475541467481638,-0.0045775368714838,-0.3059755830339852,-0.0541133395570408,-0.1412292363417736,-0.6552799883864189,-0.5252710567163241,-0.4935315980154322,-0.731110479590813,-1.0558590887590815,-0.9490531092698048,-0.7349113764125212,-1.0978880230139827,-2.750950128394216,-1.025207067554839,-0.86210785510272,-2.228634616256477,-2.857810828664153,-1.1157494124023029,-0.9313939045156526,-2.333713970704162,-1.4080625076701676,-0.9519208178711188,-0.8589388010836091,-1.3424882489390109,-2.262155268118728,-1.1258131964155078,-1.0437073238645391,-1.9485817648159205,-2.081193509499088,-0.9488763292386394,-0.6811225120285166,-1.7736034519344397,related,9
CHEBI:37257,related,,phytanate anion,Mistral-Small-3.1-24B-Instruct-2503,-1,0.4854245912626563,0.0880205784888186,-0.0041870036510524,0.3779767892802913,0.6605051365870707,0.3328280955196279,0.1711009354590308,0.6134069719807101,-0.2258290090942098,-0.534027944495751,-0.0804551983318956,-0.3582364575517833,0.7336924928373688,0.4033552407218331,0.2836098338663371,0.6573587084701565,0.7356912873569013,0.4047797072045376,0.1882871669739094,0.6974232989714714,0.9164186369555816,0.5821419410641872,0.4202860037774312,0.929661218166743,0.1432056330036305,-0.3566989401020465,-0.3478112725477747,-0.0247366433269542,0.7708564271253789,0.1405171042651891,0.0493214589406665,0.7264947487277992,0.9406040738324828,0.6714435876967723,0.4990821188096838,1.0180575362945403,0.7708533102975604,0.2468559984537322,0.0499484175274564,0.7090218906039505,exact,9
CHEBI:37257,related,,"3,7,11,15-tetramethylpalmitate",Mistral-Small-3.1-24B-Instruct-2503,-1,-1.1381023568176651,-0.9134021122835736,-0.7480018354080724,-1.191307522173292,-0.8841890271208037,-0.8258552416924009,-0.7056849854769378,-0.9793766120275874,-0.1444580486682222,-0.3701514593881701,-0.0649414726113274,-0.2798267874635406,-1.4597751108712438,-0.9819739772812976,-0.8663885625394052,-1.3626509548520926,-1.550286506431943,-1.0699573168659229,-0.7885467579411835,-1.4615827718100929,-1.639870248812024,-0.8695654130036806,-0.7384326680529276,-1.4929522135871436,-1.5964897683200758,-0.9547151863548676,-0.826043927159018,-1.4831485715841748,-2.051700094288589,-0.9308183863648934,-0.7776560943342103,-1.8060929649242543,-1.64300782943558,-0.9619462920556734,-0.8971037711749102,-1.528673871519984,-1.6999813895543412,-0.921268447240404,-0.6599815244631,-1.5283714218345887,related,9
CHEBI:37257,related,,"3,7,11,15-tetramethylhexadecanoate",Mistral-Small-3.1-24B-Instruct-2503,-1,-1.5749685789070027,-1.0569694436421802,-0.8471881604598617,-1.5170336995218128,-1.067602923649038,-0.8921228151379219,-0.747496976597006,-1.1258928368361376,-0.8450551906478481,-0.5875070128483723,-0.0774678010595706,-0.913010348373883,-1.6482515386029,-1.096929409009162,-0.94175594445904,-1.5012559513549262,-2.0175387727573755,-1.183549337263403,-0.8391340583780825,-1.7794003770227518,-1.7887851363428908,-0.8903991661382222,-0.751672370813309,-1.596095099789676,-1.3835313365773825,-0.8828902462140671,-0.7715955899958911,-1.3282111007747184,-2.3421148989557485,-0.9704506881085236,-0.8065216812264304,-2.005172634708933,-1.3599835838219188,-0.9016009594561354,-0.8356567925621093,-1.3246585902418495,-1.6828812679422895,-0.9096896036510184,-0.6597139148648106,-1.5170840718101828,related,9
CHEBI:37257,exact,,"3,7,11,15-tetramethylhexadecanoate",Mistral-Small-3.1-24B-Instruct-2503,-1,-1.5749685789070027,-1.0569694436421802,-0.8471881604598617,-1.5170336995218128,-1.067602923649038,-0.8921228151379219,-0.747496976597006,-1.1258928368361376,-0.8450551906478481,-0.5875070128483723,-0.0774678010595706,-0.913010348373883,-1.6482515386029,-1.096929409009162,-0.94175594445904,-1.5012559513549262,-2.0175387727573755,-1.183549337263403,-0.8391340583780825,-1.7794003770227518,-1.7887851363428908,-0.8903991661382222,-0.751672370813309,-1.596095099789676,-1.3835313365773825,-0.8828902462140671,-0.7715955899958911,-1.3282111007747184,-2.3421148989557485,-0.9704506881085236,-0.8065216812264304,-2.005172634708933,-1.3599835838219188,-0.9016009594561354,-0.8356567925621093,-1.3246585902418495,-1.6828812679422895,-0.9096896036510184,-0.6597139148648106,-1.5170840718101828,related,9
CHEBI:37024,related,,aminoadipic acid,Mistral-Small-3.1-24B-Instruct-2503,-1,0.7179319836765193,0.4380668776048312,0.2777519311556449,0.708766528714544,0.7198106896732062,0.4810870230524663,0.3022137783903619,0.7002119968325309,0.5539966179446628,0.1066153631868621,-0.0213018895087838,0.4764895682038383,1.074302062474536,0.88006938816333,0.702414868653288,1.141851360425197,0.6956027530218579,0.3805798586296914,0.1525031968987177,0.6402109290535816,0.8199786134873056,0.3447847175728128,0.2197395001484187,0.7783084691963044,0.7252431940804627,0.3564518177858497,0.256003355068109,0.664498816616217,-0.0075015044559918,-0.4038662868451322,-0.381291852127905,-0.1584289635456681,0.8669559759718526,0.6185345879048494,0.5987024256757629,0.8953328755374356,1.009177579813809,1.031007912322627,0.6631563335793849,1.149533770115604,related,8
CHEBI:37024,related,,alpha-aminoadipic acid,Mistral-Small-3.1-24B-Instruct-2503,-1,1.0282023270061331,1.5320918293006751,1.322638695695159,1.290043366688709,0.9292096905273312,1.0368041985739405,0.8522534769258362,1.045673985446334,1.412764784435186,3.018022895458353,0.3242004910145428,1.964801165527546,1.1200514362606666,0.9912899812416508,0.8498667566132366,1.2173513535566831,1.0061160241989306,1.138010754617344,0.766635296589605,1.1377460634974337,0.8680913792117345,0.4344408451869974,0.2873096498168617,0.8519498744135519,0.9448635464709128,0.8016788920181964,0.7442181443951124,1.0003853843976611,1.3332788241423816,2.719869692141576,2.574811293067645,1.720672698928253,1.1375856775006814,1.883273581510976,1.7525381945012446,1.406971243299958,0.9959511602730832,0.9658457630594324,0.5855010210861132,1.1199269756005936,exact,9
CHEBI:37024,related,,alpha-Aminoadipic acid,Mistral-Small-3.1-24B-Instruct-2503,-1,0.9040905743773716,0.956988366404481,0.7164789246009057,1.0281379007225318,0.9292096905273312,1.0368041985739405,0.8522534769258362,1.045673985446334,1.412764784435186,3.018022895458353,0.3242004910145428,1.964801165527546,1.1200514362606666,0.9912899812416508,0.8498667566132366,1.2173513535566831,1.0061160241989306,1.138010754617344,0.766635296589605,1.1377460634974337,0.8680913792117345,0.4344408451869974,0.2873096498168617,0.8519498744135519,0.6842282859637009,0.2901953585607502,0.2356870799871375,0.6082124411356948,1.3332788241423816,2.719869692141576,2.574811293067645,1.720672698928253,1.1375856775006814,1.883273581510976,1.7525381945012446,1.406971243299958,0.9959511602730832,0.9658457630594324,0.5855010210861132,1.1199269756005936,exact,9
CHEBI:37024,related,,DL-alpha-Aminoadipic acid,Mistral-Small-3.1-24B-Instruct-2503,-1,0.7431778801409736,0.4806241320620797,0.2670756504599684,0.7485324889907994,0.4134222209154664,0.0024439804095648,-0.0825439513729686,0.2865475739635297,1.22351228056939,1.594634856243878,0.1524509386769209,1.5005128578968052,0.8858977151835533,0.4553458486702921,0.3374946493726362,0.8599598991571843,0.7199471594372632,0.444788681335985,0.2279065013065837,0.6747602351971205,0.7271507268992269,0.1816295983017226,0.0908295370014079,0.6449182309435081,0.2716393410861759,-0.1656697344635877,-0.1880406872817591,0.1114164586888307,1.026340929177002,1.2641484378664556,1.3399064843504536,1.1064867058781478,0.9593367208043913,1.0779412436835352,0.8933262526254853,1.0508172774020208,0.8228420351394632,0.4203046640392196,0.1640176722532992,0.7925577010162268,related,8
CHEBI:37024,related,,DL-2-Aminohexanedioic acid,Mistral-Small-3.1-24B-Instruct-2503,-1,0.2490300594146458,-0.2368431752605651,-0.2732164493426912,0.0879917756252423,0.3897761021322685,-0.0083621244581171,-0.0801334116085363,0.2576373182686678,0.9197079650661298,0.7162573894951293,0.0545158243138702,0.971695943203595,0.7711501586582512,0.3551792042996345,0.1856929914332863,0.7055528338840727,0.3213869165042787,-0.0877714372808674,-0.1059635319838725,0.1678521152770335,0.2163706888854092,-0.3103746841590027,-0.3231843166778276,0.0387961999430706,-0.145143527273987,-0.3789939263024819,-0.3769721737017588,-0.3089375771219843,0.967327588301792,1.1125939023367482,1.0390229771062,1.0118687574959675,-0.218493827418109,-0.3706010950833475,-0.4651723703411616,-0.384934639620876,0.3967642199775083,-0.150118048143649,-0.2170410013768748,0.2113061684337623,exact,9
CHEBI:37024,related,,DL-2-Aminoadipic acid,Mistral-Small-3.1-24B-Instruct-2503,-1,0.8751946185265331,0.8439756589642692,0.6095776498229063,0.9739651435500116,0.7496762424575415,0.5350056074141596,0.4175052700561878,0.7454779009117154,1.147432660868626,1.2667679662855498,0.1323503021291925,1.3518327679207292,1.1493783464639418,1.196095439992841,0.9882109524489856,1.2675945607794166,0.9370717783454754,0.9373675571033584,0.6448407919423532,1.0142154281639504,1.1303090138651142,1.36747433425463,1.154279529280859,1.3425688811956988,0.6657030173040022,0.2845388153902007,0.175994262332662,0.5833106572897917,1.225445951199308,1.9957860784453088,2.3138019489046937,1.472791497065494,1.056613660840357,1.4533953477027302,1.235539284767621,1.2335319728969056,0.9533657220764148,0.7764775028835046,0.4503712985135858,1.0301425532524535,related,8
CHEBI:37024,related,,Aad,Mistral-Small-3.1-24B-Instruct-2503,-1,-1.2303543053738442,-1.0286620958035213,-0.848188638934155,-1.2621218384247124,-2.5373113230894853,-1.3058595576161565,-1.036674825080421,-2.1578698773844027,-1.4909412780897986,-0.7641042421609558,-0.0977381244372184,-1.435357558030235,-1.9271768377155247,-1.078943130869736,-0.9280038431071884,-1.7014091201862356,-2.040353280385092,-1.2313663387187073,-0.8423736376065803,-1.7943732904378138,-1.8691085945649049,-0.9136907932286872,-0.7734570470479396,-1.6510365130996891,-1.5651030255852911,-0.9259700805656712,-0.7967417858451055,-1.4605752538273895,-1.858265033237373,-0.9599034040461424,-0.8415078204828023,-1.6702870073391074,-2.1060324813364786,-1.072887575159821,-0.9792217579682722,-1.8457026366067264,-1.95850236868451,-0.951398238729745,-0.6807700513783881,-1.695945188184748,related,9
CHEBI:37024,related,,(+/-)-2-Aminoadipic acid,Mistral-Small-3.1-24B-Instruct-2503,-1,0.1434814659509241,-0.313932461130194,-0.3389641101446047,-0.0308913459325452,0.4001664163956244,-0.0079735200539712,-0.0867101318008481,0.2702972426293911,0.989142331999243,0.773396949606408,0.0995660883785869,1.0796101235095894,0.5550087663384032,0.0886470005214869,-0.0026889337511705,0.4397496431173684,0.7967122080709638,0.5987264488126374,0.4231969111909193,0.7878144824254045,0.9962667139288854,0.7785508768192263,0.6101972815411578,1.0681681972250736,0.6089553917556759,0.12890993826617,0.043730348336059,0.5088850302515531,0.6907428746266964,0.6215260251004642,0.7005084676495611,0.6202758027909584,0.5028281762591994,0.2075714707989365,0.1048141780696493,0.3852231591822916,1.111697295602384,1.7221890882186233,1.3429812241818044,1.4217817370868902,exact,9
CHEBI:37024,exact,,2-aminohexanedioic acid,Mistral-Small-3.1-24B-Instruct-2503,-1,0.4639997855386912,0.0121445553923462,-0.0776616568165794,0.3500862358986332,0.5796796740191624,0.2474049068385477,0.1385636191681846,0.5008984132075874,1.0986568057392274,1.041054356500955,0.0802829360973973,1.2633484069065748,0.9780840937779256,0.7566423557422992,0.6172824933094757,0.9927567973760902,0.4583928103402399,0.0660240079914097,-0.0360952030560256,0.3298498603393668,0.4386547774271627,-0.1409127437159889,-0.1930586698900736,0.2822654339629502,0.234959431459343,-0.1749403302896312,-0.2270055991993999,0.071829388253218,1.0843337650519849,1.3742126933493664,1.2199988727332292,1.2047147771788462,-0.2670847580900518,-0.411875721530587,-0.5117303163602366,-0.4302039395945685,0.4854718426072739,-0.0621521985522988,-0.1604242924570257,0.3172261230709746,exact,9
CHEBI:36309,related,,macrocyclic tetrapyrrole,Mistral-Small-3.1-24B-Instruct-2503,-1,0.8656064339555569,0.7918947803706688,0.57774078753735,0.9564313414293356,0.6353338625562471,0.3381619903489775,0.2092744634826004,0.577696272012784,0.1247614727211236,-0.1536742769680503,-0.0483073983587308,-0.0082602626924903,1.1964214822505774,1.013378397308779,0.8884931769049588,1.351632673455624,0.9736035140865406,1.0007305001204556,0.7157366551944064,1.0783856431792824,0.573888192620159,0.009097066728128,-0.0751500542060383,0.4441788064580705,0.840595253221052,0.4701079561233424,0.3575706910500442,0.8326205485753578,1.143902323207012,0.9344897473248898,0.7750736345884252,1.312123733034815,0.4300515139297384,-0.0270569923238758,-0.166649814842543,0.2964515758421348,0.7713605500919009,0.2610956981940552,0.0538298563089486,0.709813201141447,exact,9
CHEBI:36309,related,,cyclic tetrapyrroles,Mistral-Small-3.1-24B-Instruct-2503,-1,1.169098790817007,2.8719160786799405,3.095639418975644,1.696211898218717,1.091288497812558,1.7712038676505395,1.5657077090671598,1.3810206170595158,-1.1014102385175164,-0.5844217361511922,-0.0792736051222645,-1.125836631009815,1.4378450891367949,2.5326131030489103,2.642571450033425,1.892321542428846,1.0154077823727494,1.1380858210106632,0.7813732038894389,1.1551367336980545,1.0710145205610309,1.0657413725101497,0.875815662465462,1.2129322364373052,0.9673368766785782,0.8438287212497507,0.6710169773307916,1.0390451525719906,0.9549373477554506,0.3932799319983127,0.2636113266106467,0.9926071480818174,0.9475212274006471,0.880767096850213,0.7237382318891019,1.0300747936676735,1.1708064700089902,2.532125247668478,2.435729200816097,1.6495883555308335,exact,9
CHEBI:36309,exact,,macrocyclic tetrapyrroles,Mistral-Small-3.1-24B-Instruct-2503,-1,0.8684840712508416,0.7979452794235279,0.5685577229670555,0.9616715926272668,0.4698351042982386,0.0846638053608407,-0.0366414301744272,0.3570022578720622,0.1329268939275435,-0.2132805001788622,-0.0565242233307231,0.000305245136207,0.9844886047509848,0.4161637783379986,0.2725852869715642,1.002320805095848,0.7015365130091386,0.3750361147276122,0.1449638694353844,0.6485781444145902,0.4289189694535843,-0.1376763452423945,-0.160536676577901,0.2710599514846395,0.4803459515108694,-0.0351470896574017,-0.1014518654305014,0.3492577860580508,0.7552986133479682,0.1369340348810704,0.0354635894101842,0.705472508351858,0.331572150133784,-0.1223482230539424,-0.2582167941979201,0.1813125665952643,0.7717733596905502,0.2758209315814698,0.0551137723043867,0.710457522247544,exact,9
CHEBI:35821,related,,hypocholesteremic agent,Mistral-Small-3.1-24B-Instruct-2503,-1,0.7588411540297071,0.5782824664331945,0.3741922689208767,0.7736801803525615,0.2302467269641267,-0.2009430504170133,-0.2540224515846078,0.0710554639157692,0.3275746487662762,-0.1354659274427407,-0.0293920282884073,0.2113040370180297,-0.426108008674972,-0.6198232994837326,-0.581528442139165,-0.5356034309080547,0.8863106873545039,0.7624891676032437,0.5282979673963197,0.9289557606097252,0.8293846970267789,0.3256823188273304,0.2165933653041768,0.7924392402705361,0.6920877132484891,0.2353191951679848,0.1148732026001731,0.618872682445354,0.9419347064594517,0.4990154591678991,0.3812487146533845,0.972602471401716,-0.3510978631421679,-0.5597709959619313,-0.513940595078569,-0.5070491636958188,0.6230034884932967,0.127046689673861,-0.0378051089602665,0.4944933343190694,exact,9
CHEBI:35821,related,,cholesterol-lowering drugs,Mistral-Small-3.1-24B-Instruct-2503,-1,0.2958057442635117,-0.1990178417862865,-0.24206956762423,0.1425590517735247,0.5068705951687895,0.1191008386910584,-0.0010683990190342,0.4044715707756529,-0.1073097502579434,-0.4113205079540614,-0.0612066972872305,-0.2435067287172166,-1.174847272106704,-0.9082370447552472,-0.8122598779151606,-1.147133978164136,0.0585922257347502,-0.3388272340708864,-0.3379409016439683,-0.1170808123014556,0.19224604127588,-0.3520222095707933,-0.3709804921876336,0.0137518408780053,0.002409106146336,-0.3605729275345529,-0.3323446248649089,-0.1668272539476993,-0.3871635768729105,-0.5143667455713993,-0.4732649084772965,-0.5134155509997104,-0.1408974617653155,-0.5010497276394396,-0.3604889646819766,-0.3113044005171752,0.433890251232039,-0.1114926218224008,-0.209394156537988,0.2549352256155487,exact,9
CHEBI:35821,related,,cholesterol-lowering drug,Mistral-Small-3.1-24B-Instruct-2503,-1,0.3330759792208261,-0.1642828818141391,-0.2094998212023278,0.1869475623190433,0.5604078930719498,0.1951230408219572,0.0800193765263379,0.474951292604217,0.3836973432617752,-0.1602691172500688,-0.0481167081330562,0.2748372966695495,-1.230288188779807,-0.9167970707413634,-0.8253269992662439,-1.1896836673392177,0.3475551005705451,-0.0855487457472351,-0.1803529534360819,0.1979866002185581,0.2047706258068901,-0.3450643153674842,-0.3635051236097809,0.0267239130041681,-0.0626643912195548,-0.4186663230987816,-0.3902030390422,-0.2302921563505123,-0.2315121269579818,-0.4526575496581708,-0.4268422136585474,-0.3719757174288686,-0.0766628692979876,-0.4555127170443138,-0.3201108700906321,-0.2490271163219258,0.4392247832705855,-0.0973717636339968,-0.1899581750158165,0.2612845219930727,exact,9
CHEBI:35821,related,,cholesterol-lowering agents,Mistral-Small-3.1-24B-Instruct-2503,-1,0.1990840372701776,-0.2872537204302235,-0.3083568692784134,0.0310365463337296,0.3871684283433036,-0.0273515693765153,-0.110763596131749,0.2544705897776451,-0.0310565619582211,-0.366977156554067,-0.0642161991815421,-0.1678587847118432,-1.2836101043162806,-0.944839275463559,-0.8525738076031913,-1.230316476810301,-0.0033254576867854,-0.3856256063547398,-0.3611966069268266,-0.1801548319821422,0.2619365520317502,-0.3082647216108616,-0.3360320922843289,0.086772548721627,-0.2200861591817071,-0.466353070793928,-0.4271792056782201,-0.3787904779774017,-0.4622982575146415,-0.542531142446845,-0.5027458347848619,-0.5799113704590638,-0.124570377190769,-0.4940056600372455,-0.3242275190114622,-0.2955922730928177,0.4296011595020721,-0.1037523275758087,-0.1914115654985616,0.2498451945909386,exact,9
CHEBI:35821,related,,cholesterol-lowering agent,Mistral-Small-3.1-24B-Instruct-2503,-1,0.2730780411509591,-0.216608364836918,-0.2617795500764293,0.1158916593067942,0.3793329820864082,-0.0341235477311268,-0.0937918037631153,0.2449805083598344,0.26162627821756,-0.2075373351790171,-0.048111528967488,0.1382707310388649,-1.5544212345036128,-1.0545070585773886,-0.9190735197868284,-1.432617318545637,0.2195125120613282,-0.2069727612675881,-0.2633894616514751,0.0537833752765947,0.2942221646141317,-0.2859757550047535,-0.3166450807372569,0.1213256172370949,-0.3265631325312617,-0.5408754721205643,-0.4841476937620443,-0.4756327283968086,-0.357772250870197,-0.5040660246626697,-0.4713105886899712,-0.4870996474175892,-0.1990284311275391,-0.5072274475734715,-0.3781434133292226,-0.3666222268043526,0.4575096684307608,-0.0759356051648405,-0.1713932524411077,0.2832070420080143,exact,9
CHEBI:35821,related,,cholesterol inhibitor,Mistral-Small-3.1-24B-Instruct-2503,-1,0.0379356534848301,-0.4018788353031451,-0.3959226126356616,-0.144557123579074,0.2359101471377182,-0.2045574310447167,-0.238795314497986,0.0774484843353768,0.4495837525146327,-0.1016707728514499,-0.043558589439587,0.3511821417913701,-1.5388252387007566,-1.1107977967779366,-0.947351345513954,-1.4211397395724736,-0.5193983501566569,-0.7090104009598,-0.5705415538277219,-0.6608104125829114,-0.0277025942672115,-0.4541585602739673,-0.4242082456696268,-0.2045550932274097,-0.6970489346259583,-0.783443950029021,-0.7061102585225586,-0.7940496158725995,0.4516250636395415,-0.2461535151564666,-0.2615444183684695,0.3285010110771337,-0.1125003874382998,-0.5504348808693504,-0.5848708592915864,-0.2839260625850245,-0.1747041038047566,-0.491771434206766,-0.4240987801523683,-0.3703903888858127,undefined,-1
CHEBI:35821,related,,antihypercholesterolemics,Mistral-Small-3.1-24B-Instruct-2503,-1,0.5777523220041908,0.2192905513566267,0.0643302411960922,0.5026548373730625,0.6137153305100912,0.2899826861442626,0.1593292983687447,0.5475231025007119,0.8604025381684489,0.2673913978606034,-0.004656676046448,0.8838101711061213,-1.0151923723976888,-1.094551303991019,-0.9474036809667306,-1.022778224514113,0.8541612040730909,0.6967691759940267,0.3728992108257062,0.87704157699042,0.5583553955473127,-0.0567334052136876,-0.119449763316987,0.4249382767576198,0.2765688117166537,-0.2594855229992431,-0.2910324108947637,0.1167821059065079,0.6488845747035822,0.0791331998004939,0.0333308449574757,0.5666580812369787,-0.0009015938900761,-0.394957949522249,-0.4447844455979164,-0.1739110719541496,0.9044194039765576,0.6900271566567118,0.3758112914667871,0.9354216778705916,exact,9
CHEBI:35821,related,,antihypercholesterolemic drugs,Mistral-Small-3.1-24B-Instruct-2503,-1,0.5966040096731068,0.2490468086183796,0.112716292233785,0.5290934486212922,0.7811446060520087,0.6194374355218886,0.440222955188879,0.7944164022242648,0.756163241337377,0.1239152129753196,-0.0199778250270877,0.73737667642022,-0.7852172691398697,-0.9554579392286666,-0.8438259174716405,-0.8383886005679015,0.871999218892829,0.735524260347028,0.4573768226499489,0.9056584179512552,0.6831296626586937,0.0885027601707144,-0.0047450336441304,0.5850447401825927,0.4932571687966187,-0.0369344069197439,-0.0850265508212355,0.3647753899615281,0.8167043737519677,0.3137699392886686,0.2005778469347248,0.7896471180899092,-0.1297553828573562,-0.4603105088181349,-0.4251170258676731,-0.3005905045838768,0.994026951531379,1.0153192295348608,0.6329337320393208,1.1156938795951112,exact,9
CHEBI:35821,related,,antihypercholesterolemic drug,Mistral-Small-3.1-24B-Instruct-2503,-1,0.6592466764869368,0.3591190699835914,0.2033528588690296,0.619665146877341,0.8877540450389161,0.9021138766195594,0.6917349063116048,0.9713172603500416,0.6819790215254575,0.0384718862155645,-0.0295212959253712,0.638479311752974,-0.9757774768837352,-1.0526846919965762,-0.921142895270342,-0.99163705863648,1.0041906854703555,1.1146013047295673,0.7688432316836953,1.134167118354751,0.6637903928511776,0.0636119942155212,-0.0318908201179625,0.5593442661855774,0.4554486591114597,-0.0925695384537043,-0.1242665164075845,0.3196259511381727,0.9505689216577344,0.5565515335877546,0.4332431217225147,0.985862759341553,-0.0421271428740486,-0.4105409842862775,-0.3947813491612737,-0.2150166484525281,1.0115228543461356,1.097269266109584,0.7116164290769792,1.1548803951909752,exact,9
CHEBI:35821,related,,antihypercholesterolemic agents,Mistral-Small-3.1-24B-Instruct-2503,-1,0.5176410582809942,0.1315853142946409,0.0123846348412855,0.4206240510110475,0.7131152270739046,0.4767075859214032,0.3268042456281046,0.6902127342710648,0.7178669271162508,0.0926444536595933,-0.0216899256738834,0.6858195533369761,-1.1055243178365417,-1.0765376588981383,-0.9388760755807384,-1.0934798264559822,0.8549758535687955,0.6970692819328055,0.4212779014099247,0.8783385880910328,0.636553329130095,0.0287258908027281,-0.0510243922993838,0.5237301576862198,0.4281714394936795,-0.068424017466005,-0.1082507349649063,0.2875863529159753,0.7622124369749866,0.2200211493932479,0.1150430636998764,0.7147901182875671,-0.2391780896485013,-0.5164244284553114,-0.4607777566269253,-0.4042813668324941,0.9853491777557708,0.979782499980524,0.6161015427857474,1.0968251057741834,exact,9
CHEBI:35821,related,,antihypercholesterolemic agent,Mistral-Small-3.1-24B-Instruct-2503,-1,0.6022814163300999,0.2617541166050225,0.1112164886684955,0.5371266499650411,0.7122734407763353,0.4709212827169548,0.3327645149038619,0.6889593153516536,0.5836094991318798,-0.0317677865890498,-0.0356159623832794,0.5130909261337,-1.0027453908467736,-1.0590428171902542,-0.9226753858691018,-1.012963622767919,0.9722140721084556,1.011116132030475,0.680769994068106,1.0758979304466247,0.6388693865738095,0.0331396658475712,-0.0569540968288569,0.5267329318982114,0.371902082683943,-0.1453661765825501,-0.1732060230745944,0.2228150015687444,0.8447418688875215,0.3624342735655335,0.2470124765989981,0.8292064441463978,-0.1642017496082877,-0.4739274320333285,-0.4426408749058365,-0.3335963220849616,0.9921104829696492,1.008899181360993,0.6394652488988853,1.111495809014082,exact,9
CHEBI:35821,related,,antihypercholesterolemic,Mistral-Small-3.1-24B-Instruct-2503,-1,0.5734146609543525,0.2196999276501368,0.058764768724007,0.4966215884749923,0.5823681095931339,0.2402713566864764,0.1366734032390235,0.5045435412955039,0.7658588371545677,0.1412991734432399,-0.0198240679699197,0.750608885571162,-1.250116043636546,-1.1835687385912914,-1.0163714661169854,-1.204825798684463,0.790225264341242,0.5546005509486032,0.2848713940849433,0.7780017916953554,0.4936982214527828,-0.1175206990800195,-0.1781703642760799,0.3467021049675576,0.0170429878997254,-0.4456248209489696,-0.4303068225883649,-0.1523724343977506,0.6522222321013561,0.0559659026984554,-0.0395909367480611,0.5708893461684769,-0.1918760829000187,-0.5035474894265286,-0.5511779232640943,-0.3598673783757071,0.9278024876800528,0.7625518800349887,0.4343971037881329,0.9796813309290928,exact,9
CHEBI:35821,related,,anticholesteremic drugs,Mistral-Small-3.1-24B-Instruct-2503,-1,1.2240902379075689,4.419485778927006,5.726867436449591,1.9447096262275791,1.1709297130522436,2.409439979527656,2.3551687306997424,1.5882629026517263,1.1699892665305704,1.08542933243562,0.1414823203370929,1.3944365166158967,1.4135932972336955,2.9276132838156594,3.1273254573027414,1.824877426245348,1.212585373443166,2.143133459565789,1.8246097375652832,1.5881445809974784,1.315946532401321,4.957248920195732,5.972424542813379,1.9884924307785468,1.3059621523434846,3.702966986352843,3.7928066955625392,1.8710474387215308,1.3513092120558794,2.1288936115129533,2.006182365671616,1.7678477319288863,1.3025264768153106,3.6031905162498186,3.833339006434131,1.8837290520473973,1.1792928033332246,2.966488940955593,3.065544316523919,1.6929789961897177,exact,9
CHEBI:35821,related,,anticholesteremic agent,Mistral-Small-3.1-24B-Instruct-2503,-1,1.2225127170032437,4.35459437736789,5.734705152828119,1.9357017313511489,1.0261083014228134,1.4248472520684483,1.2151697823812753,1.2357770214307162,1.1239993605981966,0.9445719797563,0.0947503921677859,1.3087341655343474,1.1707141569034152,1.5225622474530784,1.378169126875451,1.3051521186308184,1.2133049444831383,2.153308193962708,1.8830770001443609,1.590043146922227,1.2863599443966147,3.4241352630922104,3.598727925996765,1.8246863384564307,1.2622158526838303,2.757953252830773,2.662634271180957,1.7094524599078875,0.9823292073041748,0.5782428483250177,0.4198901818192921,1.0354593554627736,1.2396694530670664,2.511504091466328,2.432280589166662,1.6717328262658695,1.1658419185732332,2.614714739772846,2.541306247505157,1.6261002444172523,exact,9
CHEBI:35821,related,,anticholesteremic,Mistral-Small-3.1-24B-Instruct-2503,-1,1.127296920225321,2.4113178088727576,2.392958887207908,1.555090974385059,0.9626916628575892,1.1441001979938563,0.932826752413198,1.1085196446736896,0.6642426967991029,0.0688385359584223,-0.0234318575033951,0.6154124910254747,1.2154314698344426,1.6267835417159195,1.4722706723917878,1.3869394628660867,-0.6975429630887022,-0.805402148559427,-0.623682495413296,-0.8118045328382624,1.1620218871190502,1.5442985568500756,1.3966126709719338,1.4194239849111656,1.046987988887436,1.0389682762008363,0.869654955998494,1.185213803480175,-0.0795380140266306,-0.4766751728382932,-0.4760061375511067,-0.2285122385393447,1.109583930367051,1.404009622922508,1.1951651578235745,1.344243983947889,1.061896977645321,1.310755746303732,0.8976238038893704,1.2781022325329816,undefined,-1
CHEBI:35679,related,,lipid-lowering drugs,Mistral-Small-3.1-24B-Instruct-2503,-1,0.2735730587286935,-0.2149988049953041,-0.2604224024424211,0.1164693475826779,0.471757856025897,0.0738861679158849,-0.0135427803606408,0.3594421790937012,-0.3777692672700015,-0.6267887089202159,-0.0915732818644919,-0.5007647091342824,-0.352277569574941,-0.5471778126836481,-0.5307496397544762,-0.4707026955156946,0.2880684003921596,-0.137146162712604,-0.1867924723723313,0.1299919639996462,0.5280793145794777,-0.092744656852287,-0.1584006291611716,0.3879422519640795,-0.2548036583747526,-0.5024140091465014,-0.4907033479733394,-0.4106652246234297,0.262991947812096,-0.2142115076584792,-0.2059551745785307,0.1188856559780347,0.5066291793102464,0.0528987341137628,-0.0566719009978128,0.3899539472824694,0.757230077530133,0.3264631740498862,0.1053927461065576,0.6879311299975114,exact,9
CHEBI:35679,related,,lipid-lowering drug,Mistral-Small-3.1-24B-Instruct-2503,-1,0.3430993899205408,-0.1521572120807288,-0.2081774652136224,0.1990300953768964,0.5667857444206003,0.2039211464636544,0.0770021648572888,0.4835031794490346,-0.052575989406879,-0.5475187572003474,-0.0833222764141856,-0.1893610799847524,-0.4063735307527424,-0.5652418991672449,-0.5474770628173289,-0.51835346539961,0.5809943181327879,0.204907668974274,0.0311353342180185,0.4848154224575842,0.4757934621013738,-0.1439445079714437,-0.2041334767250075,0.3255340860772018,-0.3156314503911675,-0.544531253378686,-0.5187229566677379,-0.4658130001592567,0.3189628348432378,-0.1770775352643784,-0.1542460194969677,0.1795024228078443,0.6082482845769924,0.1917370062734256,0.0441806275619762,0.5202842565073126,0.7287663396912609,0.2888522813378159,0.093645709205512,0.6448268937386206,exact,9
CHEBI:35679,related,,lipid-lowering agents,Mistral-Small-3.1-24B-Instruct-2503,-1,0.085490712918865,-0.3715963701518786,-0.371318131878331,-0.0939422586857484,0.3565107888214031,-0.0609412195414563,-0.1297015467618343,0.2175505331010148,-0.2085048616837846,-0.5728515615068237,-0.0897428273199644,-0.3416706094091567,-0.534379792882458,-0.6393874093840267,-0.6037127926492905,-0.6290375997450458,0.2354251881524914,-0.1879602694838432,-0.2410274551936255,0.0712769064537749,0.4552634573420892,-0.1627178025884582,-0.2165236999497016,0.3015113329639875,-0.595885514730199,-0.6235643981847194,-0.572168799904589,-0.7096558289025297,0.1801604698793791,-0.2655212685969012,-0.255545113642565,0.0313605540964269,0.3838868770992953,-0.0797628422539497,-0.1809210114806225,0.2418071168196295,0.6886959439743636,0.2167814490243221,0.0274231573578323,0.5861688294012135,exact,9
CHEBI:35679,related,,lipid-lowering agent,Mistral-Small-3.1-24B-Instruct-2503,-1,0.2441653993143543,-0.242148230334306,-0.2737495846053425,0.0823864764052004,0.2295439441234438,-0.1894367351009306,-0.2307728660342921,0.0702632395015763,-0.2394170058201874,-0.589500515413308,-0.0905644179769514,-0.3711827030202224,-0.9151500448657784,-0.7862403905726313,-0.7212963059304349,-0.943375100833918,0.4388174528293969,0.0222972343785148,-0.1251814140132315,0.3060346361220151,0.4325634322586937,-0.1831891775603531,-0.2296484857707908,0.2752480538371581,-0.5676892689088542,-0.630709945377637,-0.5815628688894227,-0.6858153882108765,0.2305420392943337,-0.2349497716188141,-0.2189635595355864,0.08429766699935,0.3211556717706456,-0.1090153826418282,-0.2123816923335518,0.1694391158296961,0.7005637039235345,0.2389446659261156,0.0383845675896895,0.6033091832641873,exact,9
CHEBI:35679,related,,hypolipidemic agents,Mistral-Small-3.1-24B-Instruct-2503,-1,0.3484180478835578,-0.1231212183606706,-0.172121639642376,0.2054670086291402,0.2811949884133237,-0.1345241703463714,-0.158580527398004,0.1291461247266298,-0.968988173389978,-0.7553845322627398,-0.0940118104623371,-1.0169147389909934,-0.2890798145702266,-0.5690127057251682,-0.5346839702071561,-0.4143299138616614,0.7842569303700588,0.5409571688090155,0.3106453922876386,0.7690179908501351,0.8220687697616332,0.3041637418265992,0.1871582731138116,0.781437845836896,0.3330106388387717,-0.1955295586429954,-0.2172706083203709,0.1790228595185025,1.099957071008529,0.8136002499834464,0.6345611777306683,1.2321939126244177,0.3389747054457253,-0.1127784404947381,-0.1550235479737659,0.1897844408795777,0.9589453598141592,0.8907977064026825,0.5374645489307858,1.0414743253292622,exact,9
CHEBI:35679,related,,hypolipidemic agent,Mistral-Small-3.1-24B-Instruct-2503,-1,0.419072768862853,-0.0423820996519903,-0.1157145055606653,0.2927478796025532,-0.3463054437533687,-0.6026664075599064,-0.5476788258030505,-0.5141510716749815,-1.1981325910584537,-0.8102069696279919,-0.0979046448994899,-1.2041308415660328,-0.5830451481322146,-0.7050025346567796,-0.6271649392006925,-0.6703995038030672,0.9900628912981634,1.060798046921917,0.7337674265905817,1.108155597201706,0.7963753640313613,0.25743473572698,0.1532537575192747,0.7433794883313882,0.3864862212266691,-0.1684896902469521,-0.1893988384413926,0.2394379887745182,1.2669802114599935,1.5461380662918285,1.3482549839437674,1.5624523160193178,0.3184999022888626,-0.1083163538724144,-0.1726458027265597,0.1664207164574519,0.9594541476444944,0.8925275184001058,0.5397767721888834,1.0425136396403345,exact,9
CHEBI:35679,related,,antilipemics,Mistral-Small-3.1-24B-Instruct-2503,-1,0.9755865471390526,1.246159978271515,1.0186967330544363,1.1722461338966104,0.7562031924862042,0.5476056671734586,0.3699554344723599,0.7555201966731112,0.6834557016012945,-0.0046564650799193,-0.0248699392682384,0.6404094233108292,0.844055019372356,0.4973699374826165,0.3769970597463533,0.802386072674887,0.8934156410464844,0.7796802265918504,0.5185267733377843,0.9406376880228604,1.1692533866744248,1.5996090721844378,1.417640175764156,1.4378779676333748,0.9806207603130666,0.8188718039154876,0.6330699454914633,1.0623850578792606,0.9690836584482558,0.4524703747177566,0.3586913102379876,1.0146148029975728,1.1634485115012043,1.9162720178475587,1.833603605479316,1.4680461247495595,1.1635126404128542,2.5896364939881407,2.415261314267138,1.6154840817490403,exact,9
CHEBI:35679,related,,antilipemic drugs,Mistral-Small-3.1-24B-Instruct-2503,-1,1.168560667776043,2.894426571737435,2.9784755064778863,1.6942152387579346,1.1467966938921306,2.1768955803084946,2.0457695506367224,1.5209679097960138,0.9408606278256366,0.2988283688292281,0.001288881885018,1.0039604994844795,1.3390182999453395,2.079309501699191,1.993302591692112,1.6411942398125654,1.1361185254206252,1.6652178782085871,1.3302861404483484,1.4025290119773262,1.3152520954732057,4.9093839741762215,5.802791728769115,1.9837071461114064,1.3056889724160718,3.617363981042137,3.69772451384396,1.8698978820304333,1.3788257022439991,2.4076436277419373,2.318834459380763,1.844296031640268,1.2811788083725109,3.345115864090784,3.6893408986158094,1.805098541314039,1.1883771945635022,3.307466837537925,3.807178322485207,1.7455144110009932,exact,9
CHEBI:35679,related,,antilipemic,Mistral-Small-3.1-24B-Instruct-2503,-1,1.0637789344081654,1.7593674191994082,1.5720467227208517,1.3772922055905064,0.8277674526695995,0.7142158157516589,0.53461141696216,0.8695072430844862,0.947830696330584,0.3341557237320386,0.0074245519076155,1.0147052824661105,1.137308149034731,1.1759899395012583,1.029297253502298,1.2467293051484083,0.8721569626943846,0.7391131711171185,0.4319181662496253,0.9059135384932738,1.073217627420052,1.031143379965763,0.8480000891339674,1.217480628612729,1.1029213751595783,1.2751368366469067,1.1139902371712946,1.298573845222843,0.4615637461968313,-0.220665320955877,-0.2246226614563505,0.339992719196015,1.1351765407163992,1.728920374351455,1.596257812512806,1.4014433291432713,1.1446916187864329,2.220707557242107,1.9138470653088555,1.5371811214028617,related,8
CHEBI:35679,related,,antihyperlipidemics,Mistral-Small-3.1-24B-Instruct-2503,-1,0.4970352563583929,0.0698048596120442,-0.0402369088901893,0.3932464776543882,0.2987459220953946,-0.1270140867998735,-0.1753215209647941,0.1494683214279435,-0.3950095167767173,-0.6277601273408379,-0.0941971583658402,-0.5166406147544573,0.0323428427650573,-0.7077623940767995,-0.6424155568404283,-0.1142067665316989,0.4879254752150262,0.0718282896344359,-0.0679204058664881,0.3662380272759206,0.8131133476459369,0.2835969086532035,0.1606720424987543,0.7680720223409316,0.3248727311205164,-0.2214547963349379,-0.2338416859870165,0.1699551413825577,0.9167339024260622,0.3772202255005742,0.2487742153329213,0.9344145662904084,0.3422681455540898,-0.0532377691514345,-0.1643396556733057,0.1935627756246976,0.9216681370441232,0.7702486871981159,0.4327936783178624,0.9679043347474068,exact,9
CHEBI:35679,related,,antihyperlipidemic drugs,Mistral-Small-3.1-24B-Instruct-2503,-1,0.5037451083846776,0.0783514885554462,-0.0295130735943173,0.4021218953672176,0.4758021577212302,0.0784537851179277,-0.0164818116381054,0.3645828937108628,-0.1237856821648125,-0.5405263488473049,-0.0866652847617687,-0.2596571550440663,0.2852239633347574,-0.5242076065770621,-0.4929610631852807,0.1413420602945693,0.5264019975506117,0.1177790781004544,-0.0323461031821766,0.4145141774846634,0.919658455241789,0.504092851379742,0.3433044162654954,0.9350205381634604,0.6353869767921814,0.089235983176765,-0.0047659282968112,0.5432144957331453,1.2100851027069028,1.2735736525389365,1.0994147050320504,1.4411043272693913,0.3170279697550831,-0.0783394168720724,-0.1736742894789261,0.1647493360249856,0.968938964185462,0.9341867763340574,0.5622758636276561,1.06207813885326,exact,9
CHEBI:35679,related,,antihyperlipidemic drug,Mistral-Small-3.1-24B-Instruct-2503,-1,0.6096886035115358,0.2365351910293347,0.091738597146104,0.5476579439615189,0.663470025963565,0.3656001790838917,0.2160583253521266,0.6176558088391835,0.1027440457889805,-0.4731227252043273,-0.0783061923616511,-0.0312513790966846,0.2409264370610639,-0.5793938822150526,-0.5405581671343408,0.0950975085741468,0.7485938659745459,0.4723197391242395,0.20277648903343,0.7161902878562769,0.937552566053227,0.5483843942127459,0.3977708626637481,0.9649884664389584,0.6116977920419119,0.0377434329273211,-0.0325675707353239,0.5124206256698783,1.3557729439366626,2.200634346341416,2.05397748074243,1.7798614822628638,0.4204278345855226,0.0250636962120278,-0.0908413582664944,0.2849580843852308,0.9673341668707126,0.9292242500641024,0.5511347923182592,1.0587421714819276,exact,9
CHEBI:35679,related,,antihyperlipidemic agents,Mistral-Small-3.1-24B-Instruct-2503,-1,0.3919010315412017,-0.0617530426004091,-0.1459685923972874,0.2587814358735572,0.4228061190887394,0.0167711849893179,-0.0650024814691522,0.2981196428590871,-0.2146659696676455,-0.5702963355236846,-0.0890231457009387,-0.347569790379459,0.0159269319495356,-0.7072590831131262,-0.6058482913762,-0.130143462374592,0.4206661112805416,-0.0090498342308539,-0.0998718897897298,0.2841610997069509,0.8493659216725528,0.3486838537915464,0.2240207961552788,0.8228780870752102,0.5196883461018893,-0.0234616818947765,-0.0720428841093396,0.3968764574583385,1.193242371474704,1.1863680431640264,1.0559778247233214,1.4071725323564277,0.2578575686764363,-0.1294725803053981,-0.2194314098977828,0.0984420397729632,0.9484223271325886,0.8602179461583565,0.4913082089743942,1.0202017282863558,exact,9
CHEBI:35679,related,,antihyperlipidemic agent,Mistral-Small-3.1-24B-Instruct-2503,-1,0.5085590152782632,0.0844827932845252,-0.0389288140702239,0.4085128332287007,0.5847303918045785,0.238513721182871,0.1204736335214018,0.5077516852727284,-0.2411288309380719,-0.5804036511169165,-0.0900342315482298,-0.3728107790761421,0.1450467549780711,-0.587181873855535,-0.5394032851308994,-0.0027546504412848,0.6258086838925154,0.26702277406484,0.0798455294696424,0.5442402742614652,0.8517006140612167,0.3534404644444839,0.2372147584978177,0.8264732681791881,0.5273732644181213,-0.0384590408560724,-0.0765836320345838,0.4062965558007009,1.274763028329543,1.6035839032151469,1.442444959963493,1.579974443944067,0.3879187855453938,-0.0062976448032708,-0.1185696120098635,0.2465311453783639,0.9373389054208514,0.8219523187413956,0.45855512711302,0.9982376139200796,exact,9
CHEBI:35679,related,,antihyperlipidemic,Mistral-Small-3.1-24B-Instruct-2503,-1,0.5038695580285181,0.0766017213845208,-0.0199010589627105,0.4022868676034313,0.4238024399556965,0.0098040370005554,-0.0597751699305553,0.2993516588004921,-0.1842995467581223,-0.57711597057925,-0.0908455453461786,-0.3184104161671978,-0.0827090078933169,-0.8054212116474522,-0.7155624719250219,-0.2244292940250774,0.5784552911899421,0.1931906902385259,0.0145211821838728,0.4814963499259404,0.7986750683601203,0.2607711648860733,0.1447758252130989,0.7467503124140837,0.2680774010177016,-0.2938439400370466,-0.3066332906447161,0.1075461564599286,0.6681681114775123,-0.0137523015950119,-0.058680166195902,0.5912084682785884,0.1732839997552171,-0.1919323738948459,-0.2678941550492526,0.0064626635939391,0.9081026976205068,0.7195944540257534,0.3675026007359075,0.9422822577675128,exact,9
CHEBI:35679,related,,antihyperlipidaemic drugs,Mistral-Small-3.1-24B-Instruct-2503,-1,0.396967313969503,-0.0585843057259197,-0.1761265483860592,0.2650755543708005,0.3962168544865491,-0.0200806512455971,-0.1109232271525018,0.2654769986248045,-0.1538488410921205,-0.5583321074927006,-0.0895766555849455,-0.2889550414447962,0.3794679108720028,-0.3569835149255698,-0.3586617563320873,0.242117402836516,0.5255592566929862,0.1187298499968575,-0.0298351414304747,0.413445885497076,0.9371015243244512,0.5501717434486896,0.3858959313699758,0.9642252494656828,0.726648643647316,0.2687619201944193,0.1665902742708973,0.6664570696005641,1.101188226226715,0.8869713336893071,0.7039052979779209,1.23437920713542,0.1729501520168611,-0.1955102664414562,-0.2918919559750382,0.0061056960219517,1.0177882720296365,1.15229554674156,0.7668733402715967,1.1693147317417971,exact,9
CHEBI:35679,related,,antihyperlipidaemic drug,Mistral-Small-3.1-24B-Instruct-2503,-1,0.5338181214814491,0.1179765643286222,-0.0306898775250595,0.4423748619564584,0.616079165832786,0.2849754608611305,0.158022355454608,0.5508006624309306,-0.0312539914288764,-0.5214356957548887,-0.086936691057908,-0.1680566202628245,0.3944688334913409,-0.3300792229750272,-0.3354517723071226,0.2584773421294386,0.7284631638472678,0.4352149888188728,0.1750789030617661,0.6869868251363975,0.9527818797368968,0.591248619701266,0.4265717788781917,0.9910064109719386,0.7378987638819018,0.2713124978620362,0.1834708277767136,0.6822056186662664,1.2206161473620256,1.3333984810156794,1.119620028889646,1.4627489329126164,0.2855226085621745,-0.1011157008590542,-0.2189853002114341,0.1292332596788602,1.018631951646876,1.1574861010139763,0.7483780915367466,1.1712755734830416,exact,9
CHEBI:35679,related,,antihyperlipidaemic agents,Mistral-Small-3.1-24B-Instruct-2503,-1,0.3255589426330953,-0.1355092109064902,-0.237147964245393,0.1779271992451674,0.346542920818082,-0.0699654602266203,-0.1291212527568697,0.2056669430431967,-0.38547902279756,-0.6310814717448539,-0.0957179289162045,-0.5078714620976671,0.2182763872231668,-0.4639342114921786,-0.4222886023828283,0.071711934002148,0.5492878140201267,0.153458939476367,0.0165715922721618,0.4437185409014663,0.8530419497925765,0.3571519659219999,0.2575174304173311,0.8285425246586738,0.6094744336177601,0.1140170150087622,0.0409474028937554,0.5095537385102334,1.0810161463060353,0.8059539432509698,0.7047760669863878,1.1989383967412135,0.1318239709892729,-0.2261265843882371,-0.322722776679543,-0.0375200228396124,0.9991421784706428,1.0649137922754075,0.6733853495731558,1.1269875023726472,exact,9
CHEBI:35679,related,,antihyperlipidaemic agent,Mistral-Small-3.1-24B-Instruct-2503,-1,0.4780445188080908,0.0435814239107268,-0.0872181181020429,0.3683281112906597,0.5131319631736804,0.1316858364193334,0.0155492908924999,0.4125978550173997,-0.4582997092478192,-0.650478230482492,-0.0978764280343932,-0.5744379650991565,0.2035682913940665,-0.4362312126863512,-0.4242471358689067,0.056617493053981,0.7103658441482603,0.4065906694278879,0.1802114239461223,0.6610923017885897,0.826063873775791,0.3065213738760758,0.2173757417151514,0.7874362099007388,0.6342485911842166,0.1284694588945897,0.0687628406885538,0.5417241420347497,1.1822132930096043,1.1643243257411526,0.9732369217208156,1.3853848056364346,0.2779184578279282,-0.1080006759026684,-0.2206608429301067,0.1207336240236944,0.9864622156361292,1.009445925919347,0.6199023906268768,1.0992254184384027,exact,9
CHEBI:35679,related,,antihyperlipemics,Mistral-Small-3.1-24B-Instruct-2503,-1,0.6722805171186598,0.3539266052716637,0.2226725767170314,0.6390762264798479,0.5365381262687335,0.1679338050429294,0.0813140099982516,0.4432447218750119,-0.4731223136577386,-0.6379117991882112,-0.0949087377349678,-0.5878670365638385,0.595873052077044,-0.0183318083508297,-0.0755445280804147,0.4878913427578084,0.6874087188369461,0.3627367261139574,0.1839576987471032,0.6287123288338656,0.8567784464074362,0.3716901809638175,0.2349906755269706,0.8343212605475978,0.6000978384077438,0.0686211663065031,-0.0024882270951785,0.4975061049419969,0.9340350789121944,0.3932824922146073,0.3221126586948836,0.9605503903674916,0.8357072557598215,0.6511699987963151,0.4940948931062875,0.8458363056065933,0.8849069262723988,0.6557837507227818,0.3489154952394773,0.8997240402546738,exact,9
CHEBI:35679,related,,antihyperlipemic,Mistral-Small-3.1-24B-Instruct-2503,-1,0.6492017130556074,0.3073234011884791,0.1507374908210317,0.60484415354174,0.4314553956407019,0.0210576887093292,-0.0448138630934083,0.3088368224648512,-0.0283456590512116,-0.4983329750527688,-0.0828476392191851,-0.1651412423532466,0.6374188256184199,-0.0328185561229073,-0.0776077243784003,0.5377725352427714,0.7106834926253652,0.4026697531986056,0.1916330486660597,0.6615439567104296,0.7974892773733383,0.2645194510548896,0.134171168391629,0.7450113684615116,0.6209634843560233,0.0719673212669713,-0.0174050292238439,0.5244107815854501,0.7727234429782851,0.1689710615165867,0.1157475051760409,0.729030996615844,0.7133559914779513,0.4174213892998827,0.3364990812069252,0.664033759945139,0.8789707242438209,0.633342839835741,0.3243206375499737,0.8890701258271296,exact,9
CHEBI:356416,related,,5-ammonio-4-oxovalerate,Mistral-Small-3.1-24B-Instruct-2503,-1,0.354283867129829,-0.083820282399608,-0.1421822979564555,0.2125869795204962,0.6496853870630543,0.3681683445509265,0.1999221853733609,0.597978556607423,0.1764575906640355,-0.2916163540629866,-0.0534497736107535,0.0463347113007699,0.4488002847452076,-0.0279682339850017,-0.1093260626124773,0.3185183125074276,-0.2241473319985799,-0.5485037554195957,-0.4501992181082531,-0.3947967191709198,0.0743028125559607,-0.3797865375791728,-0.3712111946493528,-0.1054231736709663,0.3659720396029117,-0.1577167775250513,-0.1710030159670161,0.2160878440641647,0.4112862800218424,0.2510914454423879,0.2924695354060792,0.2823497298306951,0.066469880538507,-0.2393191809533369,-0.333911585119703,-0.1054838782521252,-0.0874882718621101,-0.4937246809879999,-0.4329216398506103,-0.2900367022508887,related,9
CHEBI:356416,related,,5-ammonio-4-oxopentanoate,Mistral-Small-3.1-24B-Instruct-2503,-1,0.2185524111630407,-0.2163080877573887,-0.2563158109636789,0.0530821944824692,0.5074180668844597,0.1641018213102167,0.0487903207118362,0.4051809127427737,0.8376050146729174,0.2473983884908294,-0.0111418069895642,0.8509598114541722,0.3662227203502158,-0.171529679901019,-0.2230000758130999,0.2277476794897109,-0.6473048036042574,-0.7635448223355636,-0.5897315896911114,-0.7698700807505446,-0.105256671486741,-0.467638126755307,-0.4403452049439323,-0.2777590336440604,-0.0435854235428016,-0.358995232619696,-0.3383976013728672,-0.2118191192768639,0.3199540149871367,0.1632025760136582,0.1548079325908857,0.1805872144983683,-0.5012764444759581,-0.531965310065486,-0.5445630169836629,-0.6402802165770567,-0.3101593174095731,-0.5800233833763113,-0.4869837229326286,-0.490764588040914,related,9
CHEBI:356416,related,,5-aminolevulinate,Mistral-Small-3.1-24B-Instruct-2503,-1,0.6959669691633693,0.4332749597665088,0.2731729297432135,0.6748940153395665,0.818559832623216,0.7569231269516705,0.5516187967109476,0.8544167313118454,1.1173625745914704,0.7660386127272655,0.0522936218563212,1.2967296428356676,0.191956787678235,-0.1410791226801724,-0.2297406276771406,0.0447508110729886,-0.6012133613141283,-0.7453945956368889,-0.5996857066241198,-0.730958985674067,0.1164801581614975,-0.3598965021220601,-0.3528671395855447,-0.0634008708842868,0.0570499844037046,-0.3042811227218677,-0.3277706782233925,-0.1124964780675039,0.7211591043580863,0.5783052573303694,0.5181285031391275,0.6600217642071128,-0.3157243004241106,-0.5163712250992244,-0.5761312499579723,-0.474907143049758,-0.1535259393700475,-0.5324742592686423,-0.4617528155430864,-0.351095727015448,related,9
CHEBI:356416,exact,,5-azaniumyl-4-oxopentanoate,Mistral-Small-3.1-24B-Instruct-2503,-1,0.098035097968109,-0.311312764386625,-0.3169036933954889,-0.0804303054295661,0.4778243085688967,0.1371486562500609,0.0518620283608041,0.3671576445417314,0.476456866837142,-0.0982234459946821,-0.033324221491518,0.3829042242403457,-0.1000115900387192,-0.4029041921828458,-0.4011398125221843,-0.2407198814284179,-0.8013967281100755,-0.8315818424576534,-0.6473214540835376,-0.896988026278319,-1.452715693634934,-0.8413812077169496,-0.7110366218242269,-1.36073487607148,-0.901412391936024,-0.6926507509195605,-0.6137997455660277,-0.9595517585966656,0.0774765529599617,-0.0201109466441682,-0.0352050722714372,-0.0738513097478087,-1.346275095105184,-0.8314382891866936,-0.8110572001591883,-1.3145515259916791,-0.8707046992115759,-0.7445520595440629,-0.5765054667788367,-0.9445088253273206,related,9
CHEBI:35366,related,,fatty acids,Mistral-Small-3.1-24B-Instruct-2503,-1,1.013694557631718,1.299485051237133,1.0788343129333535,1.2563614603470388,1.0462816634507253,1.4439904288044154,1.2567421991213017,1.2789403771392465,0.0544057682582858,-0.3136161480566004,-0.0553631269480596,-0.0812045758021624,1.023941588225067,0.8453977770978471,0.7236154873984312,1.0623192741520844,1.077398935510078,1.3733001964960034,1.0901175350946182,1.2766926624096842,1.240341518301502,2.334855145059841,2.2388434588490163,1.64555923223209,1.018512039438919,1.093703747591942,0.9056097803151136,1.131151696628672,0.7063940391967525,-0.0711817634476533,-0.1365148323622121,0.6406423597585797,1.2176219196652718,2.14181471613014,1.93946521602048,1.6083854351333864,1.158966574707728,2.360694650243948,2.1960624075051705,1.5954256053685347,exact,9
CHEBI:35366,related,,acidos grasos,Mistral-Small-3.1-24B-Instruct-2503,-1,-1.7235802253865824,-1.150762384709526,-0.9053698260498848,-1.6227943634010311,-1.3894308713442998,-1.0499579376873374,-0.8467290162706365,-1.3713480571175305,-1.4697770697472126,-0.7844024165524208,-0.1056387517056555,-1.4189139637099406,-1.3412093387300168,-0.9377431089862096,-0.8141409014723922,-1.2738996960879607,-1.525745460483092,-1.0835369599358595,-0.803430132638084,-1.4442515430600096,-2.114634262508584,-0.9652655765899988,-0.8125817790771188,-1.816248762740776,0.5298698027696859,0.0981207161094967,0.0149508494535119,0.4093653749801993,-2.13943566569462,-1.10457058062083,-0.961397788485566,-1.8668157868300068,-2.878639788546252,-1.2489407284371852,-1.041096085674937,-2.3384520313390507,-0.2304942890382218,-0.51136017237333,-0.4523018666682367,-0.4205870189928453,related,9
CHEBI:35366,related,,acido graso,Mistral-Small-3.1-24B-Instruct-2503,-1,-1.482025552440335,-1.090614978239133,-0.8645102635652492,-1.4496761465086638,-1.672374349225733,-1.1147007565519058,-0.9001698518343905,-1.5767248366599989,0.3617507292391849,-0.0881530280826075,-0.039297220587502,0.2498350418485699,-1.14370360716008,-0.8722119984160066,-0.7464223507754263,-1.1230926696268284,-1.2149642409307744,-0.9896571218723764,-0.752860153251035,-1.2184547474733298,-1.765238932636792,-0.9151096245601568,-0.7779442668380309,-1.5798998342396626,0.7362857791164618,0.3742645098368038,0.2772107504706089,0.6799395839796359,-1.6459266810492847,-1.0292804990008086,-0.9002784020133077,-1.5178774274722664,-2.51607042153085,-1.2324018163938608,-0.9730131385196352,-2.112135812437401,-0.3794034834750194,-0.5670749938105281,-0.481026186758795,-0.550428131206096,exact,9
CHEBI:35366,related,,acides gras,Mistral-Small-3.1-24B-Instruct-2503,-1,-1.5471502596369062,-1.1183189492497914,-0.8951969916522721,-1.496974489010356,-1.6246619950661776,-1.1030931691019914,-0.8849330154832028,-1.5427054916132403,0.2102249574959385,-0.13028778113981,-0.0463315895795483,0.0824787608278681,-1.109385126440137,-0.8317620243373335,-0.7276255580585537,-1.0964814985701437,-1.6530576735823668,-1.1197734324978803,-0.8330610199619571,-1.5334270315568446,-0.9270246572215828,-0.759366559053042,-0.6544987415119745,-0.9705890696049808,0.4034804590991516,-0.0847489503622763,-0.1335221880841911,0.25895151434628,-1.278905576700315,-0.9661330247561004,-0.8561674448529585,-1.2449538017544557,-2.305137270835336,-1.210770093002829,-0.8879157590252499,-1.9765858468908657,-0.3062376262224041,-0.5494713049324483,-0.4687041632721991,-0.4873493407121426,related,9
CHEBI:35366,related,,acide gras,Mistral-Small-3.1-24B-Instruct-2503,-1,-1.510046189287848,-1.1060286762148432,-0.8749511130447852,-1.470085621587236,-1.2308077365906076,-1.0088880273901106,-0.8162058772674218,-1.252085345403231,0.3428779342850621,-0.0237209002381435,-0.0365026033471659,0.228497682493842,-1.041546373971124,-0.8089621033745529,-0.73298075445158,-1.0434998953300505,-1.7249629166037608,-1.142273036404033,-0.8410335647992222,-1.5830122059285978,-1.1013602717984614,-0.7996392560727512,-0.6844010847456755,-1.1034382870918509,0.5738729731073551,0.0869614661708159,0.0352612797023825,0.4641701375792101,-0.527381843649824,-0.7632241286912913,-0.6789981352251834,-0.6366494883045142,-2.5321394353697504,-1.258469701521001,-0.9293360043702428,-2.12233910136617,-0.2450613077505613,-0.5297224094994746,-0.4611177916001191,-0.4335477389709098,related,9
CHEBI:35366,related,,Fettsaeuren,Mistral-Small-3.1-24B-Instruct-2503,-1,-1.7644351662860296,-1.149842027450809,-0.9165275108441624,-1.651472055759846,-1.477516352450931,-1.047993571496328,-0.8423830444293697,-1.4362490166922872,0.0161202299147002,-0.2792511317514934,-0.0616287909661002,-0.1202788536932324,-2.167082455094028,-1.1613283321673156,-0.9825288805435248,-1.8694295440953408,-2.2429503434322378,-1.2582882528398225,-0.9132341307628028,-1.9253323890648992,-2.5112800165196454,-0.9965945971705148,-0.8315041550799931,-2.075645816834509,0.263191149898128,-0.1117262948986377,-0.1521033957076482,0.1022461324852494,-2.014667199474308,-1.079912516357191,-0.959182931550696,-1.7803027727086835,-2.907253470720638,-1.2699907763170026,-1.0021994200661783,-2.3559826202733607,-1.8256715921031068,-0.8854445639959809,-0.6451091290787668,-1.610543780437062,related,9
CHEBI:35366,related,,Fettsaeure,Mistral-Small-3.1-24B-Instruct-2503,-1,-1.9669348990473725,-1.1847647982596774,-0.9386481223131328,-1.7912582989734138,-1.3925813575151842,-1.0302777563770202,-0.8379879459725778,-1.3736851466213054,-0.4037953206472626,-0.4786558116315689,-0.075320117621038,-0.5247090763913316,-2.113896304705756,-1.1346245266173418,-0.9530012362835838,-1.8324811361158608,-2.323598482632997,-1.2728175645532045,-0.9204453344984176,-1.9765043137947176,-1.6156421582427756,-0.8795594689989406,-0.74773461449543,-1.4760045411948708,0.4448933129012191,0.0131124533331624,-0.0374816972678018,0.3071760922843122,-1.5991374065345554,-1.0071173943593927,-0.9039875673398928,-1.4837850948694054,-3.0447394041004427,-1.3478072196881203,-0.958971569865016,-2.439588975893451,-1.904735466496425,-0.8991499656283485,-0.6596223236280202,-1.6615480159876703,related,9
CHEBI:35366,exact,,fatty acids,Mistral-Small-3.1-24B-Instruct-2503,-1,1.013694557631718,1.299485051237133,1.0788343129333535,1.2563614603470388,1.0462816634507253,1.4439904288044154,1.2567421991213017,1.2789403771392465,0.0544057682582858,-0.3136161480566004,-0.0553631269480596,-0.0812045758021624,1.023941588225067,0.8453977770978471,0.7236154873984312,1.0623192741520844,1.077398935510078,1.3733001964960034,1.0901175350946182,1.2766926624096842,1.240341518301502,2.334855145059841,2.2388434588490163,1.64555923223209,1.018512039438919,1.093703747591942,0.9056097803151136,1.131151696628672,0.7063940391967525,-0.0711817634476533,-0.1365148323622121,0.6406423597585797,1.2176219196652718,2.14181471613014,1.93946521602048,1.6083854351333864,1.158966574707728,2.360694650243948,2.1960624075051705,1.5954256053685347,exact,9
CHEBI:35269,related,,N-glycosyl amino acids,Mistral-Small-3.1-24B-Instruct-2503,-1,1.1870508257533552,3.14984020558864,3.4429217646954045,1.7664394403903736,1.2677056281589658,3.888287136974954,4.510302145941039,1.9299665825244223,1.3145307302164049,1.8037699932383544,0.1689468121463636,1.7015747557743377,1.4745864555784804,3.414441670958261,3.8297627698868832,2.0050006538446685,1.193917583009766,2.0091271882544857,1.6421020695948436,1.54000764429407,1.1614027505807305,1.56463983834341,1.3326507365504645,1.4178614352698744,1.1141975901932006,1.267584511190799,1.066507642581087,1.3227764633853796,1.370187088317267,2.984633078774764,2.9400213494550216,1.8196558572466417,1.162514166760238,1.8821334484067336,1.6167401785776858,1.4657812986116234,1.2032863292307223,4.039992076832687,5.718336507689219,1.8565964660750096,exact,9
CHEBI:35219,related,,plant growth retardants,Mistral-Small-3.1-24B-Instruct-2503,-1,0.7682506595031022,0.5228702807314005,0.3265643363498463,0.7889712888234067,0.900000327246175,0.9638121680459136,0.774480121884678,0.9929145561615672,1.1950708912119483,1.353635701709352,0.1158639297543635,1.4432160309353164,1.2659225898826325,1.797538665500366,1.7604196363605067,1.4850964150058863,1.256183167144321,2.519198011302298,2.2359414875505976,1.7099568920958148,1.199863375431354,1.89901497011528,1.7178345706645914,1.5206691501904444,1.1370052600135203,1.2892284742849038,1.075987600941295,1.3733603213268737,0.937540865486251,0.3836656138905676,0.2264888001126619,0.9658896637866344,1.1813740619065092,1.8826282715045195,1.7118618543853836,1.512429787705634,1.114983260007633,1.790676790286355,1.4081958518282305,1.4323640226142471,exact,9
CHEBI:35219,related,,plant growth inhibitors,Mistral-Small-3.1-24B-Instruct-2503,-1,0.5375404868061542,0.0733717959254408,-0.0070525416293028,0.4474126943064169,-0.0191596431376689,-0.3747302324123722,-0.3485534940767456,-0.1964712973863553,-0.6222389070651133,-0.5754460710240848,-0.0847735017284531,-0.7208386371613399,-1.2952048165658188,-0.9926735805764316,-0.8614941474669542,-1.2391152163960888,0.7438788389198314,0.4656070889773424,0.2728363528125451,0.7093115661185054,0.437477733455357,-0.1584690441533769,-0.1831840124466611,0.2809077450345581,0.3221303308342804,-0.306898687886965,-0.320460397696704,0.1669066759508868,0.2603639519374687,-0.3788082010077339,-0.377574121302783,0.1160696946695339,0.3004499632187315,-0.2307227116719877,-0.3223136145264777,0.1459999067563097,0.1842039135249649,-0.2783429690991393,-0.3095221969011728,-0.0222622362019006,related,8
CHEBI:35219,related,,plant growth inhibitor,Mistral-Small-3.1-24B-Instruct-2503,-1,0.6361073857254814,0.1968508826654323,0.1092579703010473,0.5856999787685156,0.1104855419111359,-0.2944375099189415,-0.2977765597027778,-0.0606449586655693,-0.1626519633372847,-0.3969798275193321,-0.0717525299713281,-0.2974929118711941,-0.9138976472090694,-0.8120023850546448,-0.7112238424837803,-0.9423734191184978,0.5505108687006806,0.1472662761492902,0.0870286029758487,0.4452899202866208,0.3019674562231121,-0.2461624906411959,-0.2488259768956782,0.1296868138854202,0.2837143016090542,-0.3616506394011496,-0.3772239436906524,0.1245794262038369,0.3382004293422535,-0.3235461462959149,-0.323758296887548,0.2006296508135404,0.285647712104385,-0.2299073419852589,-0.3351858098615954,0.1293733281900605,0.1797048049116852,-0.2796785976179147,-0.3123297376383703,-0.0269473217318686,related,8
CHEBI:35191,related,,triterpenos,Mistral-Small-3.1-24B-Instruct-2503,-1,0.9830646497599952,1.2600045753277933,1.0201962694563804,1.188296246865499,0.8573223832039092,0.8360671462208334,0.6209587321462344,0.91887967240962,-0.3740034829223171,-0.6059389905754479,-0.0868040246985361,-0.4972892420265901,0.6349115730172517,0.1235792320726814,0.0176309887293036,0.5347343371858613,0.5810980400844957,0.1586742234335406,-0.0088534606591438,0.484951115985791,0.3858418222204894,-0.179706251276682,-0.2174824105248133,0.2221302328422162,1.0398380139514511,1.0781445564862715,0.9341583667671852,1.1714304196739225,0.98893463119214,0.5104159206699297,0.3869774091674147,1.0459430660615352,0.4917633041087185,-0.075274238933175,-0.0528672995032419,0.3715068428235475,1.0246945766150404,1.1769691971887846,0.777776362389765,1.185489950133918,related,9
CHEBI:35191,related,,triterpeno,Mistral-Small-3.1-24B-Instruct-2503,-1,1.0740289964145393,1.8057289779991923,1.679568864768782,1.4038392877865165,1.1534354679308023,2.226225498455319,2.039886266874797,1.5390246086283337,0.7344375328043697,0.0998858427623923,-0.0245524633670297,0.7079920038193589,0.5345784664348955,0.0065705251859593,-0.0394328689753361,0.4160060111568219,0.8296460886121667,0.602227021547531,0.3173538487029094,0.8384377464444516,0.9513390025708128,0.6391471788926854,0.4820691733101396,0.9885203337221312,0.9440313670203914,0.7581049770787955,0.6402986354735152,0.9989728900006988,0.953995042372099,0.4304231066376921,0.325869050027198,0.9911502933888744,0.7547802763746925,0.2702381910474741,0.2314699586411484,0.7236435218919639,1.091906171419137,1.6221406798173494,1.2229637513726248,1.3612885137110813,related,9
CHEBI:35191,related,,triterpenes,Mistral-Small-3.1-24B-Instruct-2503,-1,1.0763400054431758,1.8430877643300545,1.70421697047836,1.4099226222098578,1.1141976653075705,1.951650210219391,1.8406199825558336,1.4366134124241932,-0.4582165810496485,-0.5620976779249149,-0.0861078010123002,-0.5743625395020954,1.0311508609363322,0.8325735326651171,0.7218394297370665,1.0734934737425892,1.112938830087938,1.5266355055598504,1.2236803372013814,1.3514195124457828,1.1810820130573236,1.7307632976621672,1.5440811757643005,1.4689198601421125,1.0529526891234375,1.1167417010208969,0.9571752141029096,1.196825197633126,1.0832722052528978,0.7081788422352269,0.5636677574006562,1.2028642706953008,1.0216969047707136,0.9714271589966712,0.7824050288120775,1.1652569368039911,1.2015736854083257,4.0040189750850175,5.413395070178553,1.8412440043967515,related,9
CHEBI:35191,related,,Triterpen,Mistral-Small-3.1-24B-Instruct-2503,-1,-0.3745154951813349,-0.6792423412417113,-0.5816759584702464,-0.5498340525061304,1.1794392095916946,2.499353195878612,2.4328231156732665,1.613169062984082,0.710171795993926,0.1214464721820166,-0.0234972902537283,0.6755915949025353,1.09727278836384,1.0030928881219952,0.8751090020889767,1.1793448173715362,0.1682889940356597,-0.2882382024440406,-0.3046252000446975,-0.001766350757481,1.069472003485217,1.0474045538847647,0.8561882582993411,1.2097585315194703,1.064601978237034,1.1722612007640996,1.0422573804399755,1.2198106279568053,1.1621932135942268,0.9803409818915088,0.8504063265714197,1.346651341075422,1.0385487093451602,1.0329416056051823,0.8003911760964664,1.1977905311565382,1.1664446205872614,2.640422040955709,2.5141630364526524,1.6288873345005224,exact,9
CHEBI:35191,exact,,triterpenes,Mistral-Small-3.1-24B-Instruct-2503,-1,1.0763400054431758,1.8430877643300545,1.70421697047836,1.4099226222098578,1.1141976653075705,1.951650210219391,1.8406199825558336,1.4366134124241932,-0.4582165810496485,-0.5620976779249149,-0.0861078010123002,-0.5743625395020954,1.0311508609363322,0.8325735326651171,0.7218394297370665,1.0734934737425892,1.112938830087938,1.5266355055598504,1.2236803372013814,1.3514195124457828,1.1810820130573236,1.7307632976621672,1.5440811757643005,1.4689198601421125,1.0529526891234375,1.1167417010208969,0.9571752141029096,1.196825197633126,1.0832722052528978,0.7081788422352269,0.5636677574006562,1.2028642706953008,1.0216969047707136,0.9714271589966712,0.7824050288120775,1.1652569368039911,1.2015736854083257,4.0040189750850175,5.413395070178553,1.8412440043967515,related,9
CHEBI:35137,related,,hemoproteins,Mistral-Small-3.1-24B-Instruct-2503,-1,1.0628382619605887,1.6935778786655664,1.5092053166866402,1.3748902160550496,1.0221734940706144,1.3135964908395994,1.1007891776925507,1.227523238642008,0.6347964568609965,0.2954464805440321,-0.0050812694455307,0.5775749954834556,0.749531350579541,0.3652814339895348,0.2437292115731054,0.6776159164183058,0.7417784693977496,0.4301442894229552,0.2138781547296748,0.7062550413203669,0.6616515575369821,0.0815622991873071,0.005696502708088,0.5565233834979472,1.2610424021896602,2.4035768205983072,2.2602778228219345,1.7056018983413044,0.7996959570815135,0.0696731556496628,-0.0066740814390941,0.7660036233451987,0.9606256447278512,0.64788905875986,0.565541695259033,1.0530968357157569,0.9962896641439758,1.006897029766467,0.6493660075492276,1.1206735460992152,exact,9
CHEBI:35137,related,,hemeproteins,Mistral-Small-3.1-24B-Instruct-2503,-1,0.7830198426545234,0.5447393940038292,0.3595038521466488,0.8132621242068013,0.7790898398680896,0.5303066309298672,0.3645969738268518,0.7911799075533785,-0.364469525268236,-0.4706708828746688,-0.0495928220178048,-0.4884778454605404,0.4894163844210735,0.0328372349552848,-0.0838117149429151,0.3642493213745606,-0.2845286340104447,-0.595643530197822,-0.5029765852669691,-0.4509863964572167,0.2432985646423309,-0.2944873776488087,-0.3150616205024653,0.0670395924360473,0.980280712463123,0.6090229138969508,0.4365717508102466,1.0617828630117387,-0.0780204527116375,-0.6078892011870373,-0.5776060568718216,-0.2270503107864793,-0.2045973259493665,-0.6029535753217068,-0.4508374720723178,-0.3718718489189019,0.4549646972550875,-0.0812378865968027,-0.1715785775738658,0.2801407782219697,exact,9
CHEBI:35137,related,,heme protein,Mistral-Small-3.1-24B-Instruct-2503,-1,-0.1715228305904784,-0.5937215161481183,-0.5542885929911415,-0.3572138515736646,0.0512607506100071,-0.4214229967172679,-0.3873762433376527,-0.1235001842786918,-0.3012366758597611,-0.4056560425362128,-0.0596147245684397,-0.4295755932007498,-1.3957885664987002,-1.040686169133064,-0.9079480187419148,-1.3149117494187683,-0.0236852124574182,-0.437371428319261,-0.4237914500063067,-0.2005991112166566,-0.0722967781411894,-0.4643715585153711,-0.4434695793886731,-0.2468636918067107,0.1432553762142937,-0.4873181928640389,-0.4808665127445952,-0.0246851904262281,0.2610819221699083,-0.4401262079966108,-0.4210263615464309,0.1168387548357347,0.4403729136007968,-0.1910037978535145,-0.265638188811047,0.3088398894983718,0.1725920955269566,-0.3272971147534841,-0.328534658552596,-0.0343346534704486,exact,9
CHEBI:35137,related,,haemoprotein,Mistral-Small-3.1-24B-Instruct-2503,-1,0.2710173219088176,-0.2611730279673436,-0.2951415882882151,0.1134882705656158,1.043799015117396,1.430344954186193,1.2014346142671222,1.2735491276897342,1.1216321312141797,1.2225326595978212,0.0932337997496796,1.3044424345815349,-0.7413256048929252,-0.8056939564001927,-0.7400962867282426,-0.8024177057507659,0.8170525149756513,0.5729669235949564,0.3569415076182931,0.8189176198581524,1.0943785581726242,1.1615586947311218,1.012493100544983,1.2621449292033775,1.0910278550362502,1.0345305649160723,0.8656192684764727,1.2735752557528055,0.8117157269429066,0.0379638302491216,-0.0227253284896688,0.7826852747667845,0.9234992026640788,0.5522562193477502,0.4064532219245161,0.9887248943575754,0.9150440910217956,0.6814121153315129,0.391553994086225,0.9553220385592526,exact,9
CHEBI:35137,related,,haem protein,Mistral-Small-3.1-24B-Instruct-2503,-1,-0.3885616189495484,-0.7166707520463222,-0.6214068215397307,-0.562740637301175,-0.3924639101071711,-0.6966772511598203,-0.5871737305759078,-0.5565481230667176,0.331555565812004,-0.035527551711977,-0.0373305927610358,0.2157675091990625,-1.515510492526418,-0.9859095038685104,-0.8719789761524712,-1.403944127278966,0.2436537963213058,-0.239957233003969,-0.2709783083595126,0.0803684515717075,0.0964612833208258,-0.3741162328561035,-0.3816525014231478,-0.0834254421721696,0.0488594793561415,-0.5082216700159607,-0.5084113854597775,-0.1207036757360605,0.1417727667027275,-0.5167512061629828,-0.4885640815788049,-0.0083791587181901,0.6302786609215697,0.0113678830865605,-0.0613585088179431,0.5495988264022174,0.6187561937351931,0.0864310451348159,-0.0823428797452803,0.48873944579298,exact,9
CHEBI:35137,related,,Haemprotein,Mistral-Small-3.1-24B-Instruct-2503,-1,-0.0991974252863296,-0.5271784895500798,-0.4925018320848692,-0.2855431085054426,0.9873488570646204,1.1712908368986823,0.9445064694475434,1.1566131109896978,-0.3386589894417876,-0.4441146669082396,-0.0593560868704041,-0.4645328975287582,0.8080205327068247,0.45147698162803,0.3328688507100156,0.7540000396578616,0.470599587531845,0.0178618898039621,-0.1018146340640208,0.3448221763669376,0.4439090712929033,-0.1409936874223313,-0.1796849085354448,0.2883361490248406,0.959667859880509,0.5827551427602684,0.4441287466997153,1.0257388059157266,-0.3981775041622404,-0.7169182421250506,-0.6471743458731783,-0.5232322055649835,0.5818964744457724,-0.038358978834319,-0.0382211137378597,0.485738848747602,0.7667360505630313,0.3226050011575799,0.1023579650786396,0.7026150188747868,exact,9
CHEBI:35137,related,,Haemoprotein,Mistral-Small-3.1-24B-Instruct-2503,-1,-0.0677137511428964,-0.5046690252775662,-0.4817810070528041,-0.2537883290073656,1.043799015117396,1.430344954186193,1.2014346142671222,1.2735491276897342,1.1216321312141797,1.2225326595978212,0.0932337997496796,1.3044424345815349,-0.7413256048929252,-0.8056939564001927,-0.7400962867282426,-0.8024177057507659,0.8170525149756513,0.5729669235949564,0.3569415076182931,0.8189176198581524,1.0943785581726242,1.1615586947311218,1.012493100544983,1.2621449292033775,1.100195691853975,1.0733829719594548,0.910805213685396,1.292798096492664,0.8117157269429066,0.0379638302491216,-0.0227253284896688,0.7826852747667845,0.9234992026640788,0.5522562193477502,0.4064532219245161,0.9887248943575754,0.9150440910217956,0.6814121153315129,0.391553994086225,0.9553220385592526,exact,9
CHEBI:3424,related,,Carnitine,Mistral-Small-3.1-24B-Instruct-2503,-1,0.1916817168345903,-0.2689187552499754,-0.3057265575243854,0.0227047604705906,0.6867496104917327,0.4423589624274134,0.2477718369494233,0.6513403453111157,0.3349784463422344,-0.3718990125296348,-0.0733727136337138,0.2196104527340471,0.4732339159418253,0.0992918501640528,0.0149575033547896,0.3459389933048446,-0.2088980442235475,-0.5874449991690923,-0.5030306187137826,-0.3804470359915629,-0.4960999219760496,-0.6112779769748105,-0.5400096202148633,-0.6234360458424547,0.2085294773477772,-0.352414238599498,-0.3523336407448122,0.0436630630487013,0.5273579713503712,-0.1294002138296177,-0.1682103570569112,0.4173429150146046,-1.191617806960258,-0.9643574784105864,-0.9010387369378362,-1.19895141989401,-0.3265948155677993,-0.6474771977826725,-0.5200894930390988,-0.5050346989453613,related,9
CHEBI:3424,related,,3-hydroxy-4-(trimethylammonio)butanoic acid,Mistral-Small-3.1-24B-Instruct-2503,-1,-1.7917202292610106,-1.1081265662475537,-0.885313040450516,-1.6705328548910874,-0.8981080101444503,-0.8252804723711252,-0.6928912404122207,-0.9906831026788712,-0.4854329840423811,-0.6180502635546121,-0.0940560001735424,-0.5989901985850888,-2.071245980320644,-1.167909636188358,-0.9680352364927188,-1.8027314506005367,-2.053811203619172,-1.195688108396039,-0.8377627913299169,-1.8031835744342364,-1.9057994701028311,-0.9078680322034496,-0.7744303003273476,-1.6759803977438568,-2.3093091616614982,-1.0043758252920625,-0.8573352754025453,-1.97551985165952,-2.316066117826864,-0.9715163792540842,-0.8398484081023305,-1.9875342018564617,-2.8768597438599426,-1.1721883089955194,-1.0334973938800804,-2.337359943453707,-1.755145136221856,-0.9189234114912972,-0.6610908458669618,-1.5646051773983207,related,9
CHEBI:3424,exact,,"3-carboxy-2-hydroxy-N,N,N-trimethylpropan-1-aminium",Mistral-Small-3.1-24B-Instruct-2503,-1,-2.227620749924122,-1.196598922249103,-0.9410722095074338,-1.9659116898458333,-0.6518614448810399,-0.7131139448868129,-0.6373330411215002,-0.7856333900825381,-1.150551703777758,-0.7390985055475461,-0.0963802695158502,-1.165743219891235,-2.31780941408446,-1.340515601026548,-1.1340953308957322,-1.973274616395214,-3.496845017627163,-1.441333346927578,-0.9865322614839962,-2.6695840695085367,-1.4832747215220017,-0.8322517880002519,-0.7187980423987694,-1.3825339047626406,-0.4596523158544022,-0.6060959756629977,-0.5579742664011004,-0.5930952289646106,-3.127256647301082,-1.0755414908846603,-0.9176618107178836,-2.5198591064409803,-2.709444039041698,-1.14633048008988,-0.9921673898430268,-2.233831249556983,-1.1340720630298882,-0.8001965954825662,-0.6039406818532757,-1.1390147320408,exact,9
CHEBI:33662,exact,,annulenes,Mistral-Small-3.1-24B-Instruct-2503,-1,0.9583297616096348,1.1833744816863936,0.9507803576086308,1.135977465470385,0.5328689009403063,0.0620843432605996,-0.042232845884717,0.4384118764822753,-0.2707890490159139,-0.4491019755986697,-0.0555255196774806,-0.4009182383147242,1.3021659460069348,2.120605355227521,2.068987698388065,1.5601286518351345,0.8933940323065453,0.7631157722823864,0.4695089597807882,0.9406020400662718,0.6155277869571553,0.0455077584650304,-0.0310939395801243,0.4966806991438713,1.0042129050294193,0.816712818555095,0.6616020989196597,1.1048008768782944,0.5677231473387659,-0.0721962733245887,-0.1092079310260909,0.4659592416069353,0.8823794555329473,0.4971819539563112,0.454156296119404,0.9202957999603766,1.0089051254787005,1.0204796694044311,0.6654338360242171,1.148914594134092,exact,9
CHEBI:33568,related,,racepinefrinum,Mistral-Small-3.1-24B-Instruct-2503,-1,-3.750187750626462,-1.566951960418387,-1.1224835331037677,-2.896940262099616,-2.9258632597571186,-1.351062531708038,-1.0527374567072765,-2.400978610139163,-3.72916329938814,-1.194652573271067,-0.1357355657759064,-3.026960693826953,-1.1541458514547522,-0.861176182911224,-0.7591575917731687,-1.1311648911175862,-1.313232146677887,-1.028041879021247,-0.785387224348994,-1.2911721237738845,-1.9033449816394925,-0.9244982093405758,-0.7940309453122871,-1.6743146598311556,-0.4985853482855379,-0.7826898933538469,-0.6805446272337593,-0.6267666408520527,-0.6638220914364326,-0.7772429871083552,-0.713571524531617,-0.7531781695423724,-2.0881827079338846,-1.1635477490960004,-0.9798909646343122,-1.833820419752009,-2.295078934763296,-0.985956623267538,-0.6973315467908131,-1.9063999290072908,related,9
CHEBI:33568,related,,racepinefrine,Mistral-Small-3.1-24B-Instruct-2503,-1,-3.5969311428591806,-1.5540705250832043,-1.1237360606399476,-2.8086839560322043,-3.1602269708458,-1.3913174392963157,-1.0907716456017196,-2.543286193480564,-3.773602441086585,-1.2178136568059132,-0.1385602844349143,-3.056744549636519,-1.2660552406285197,-0.9551073400308686,-0.8221278695660266,-1.216970027283329,-0.3140677815072129,-0.6214858873092434,-0.5303806800705694,-0.4781201998702513,-1.6658861531814206,-0.887223903735791,-0.7713881064588953,-1.511097200193236,-0.454367303587053,-0.7810673266345973,-0.6820669397671313,-0.5885012953002735,-0.5082346674578208,-0.7317384502511571,-0.6658185936545267,-0.6200379363980958,-2.0346970118132828,-1.1610412136840549,-0.9835013074116296,-1.7980634918855791,-1.1750490918278191,-0.8116028381308027,-0.602408886326134,-1.1684270018908336,related,9
CHEBI:33568,related,,racepinefrina,Mistral-Small-3.1-24B-Instruct-2503,-1,-3.380384591080217,-1.540113779300105,-1.1089053217168767,-2.6822077296347926,-2.9042959803822166,-1.367014729847961,-1.0744199698912311,-2.387727111730428,-3.681661306925153,-1.2001038145480465,-0.1358251283031963,-2.995081830328943,-1.0610629723794984,-0.851025491032685,-0.7665326655696825,-1.0587946369223444,-1.0645522848365871,-0.94867251190513,-0.7371422451270809,-1.1045704378268808,-1.863522674740064,-0.9150083128018264,-0.788849006459926,-1.6472307164318143,-0.506644156144214,-0.7955099525756821,-0.6959213378480718,-0.6336993696594485,-0.5683970539534975,-0.7519399103650257,-0.6942014369767469,-0.6720136508096973,-1.8792018873742384,-1.1176237606898662,-0.9506860351486116,-1.692761405357129,-1.546038498074013,-0.8741455638790868,-0.6382197191573216,-1.4257751670052958,related,9
CHEBI:33568,related,,racemic adrenaline,Mistral-Small-3.1-24B-Instruct-2503,-1,-2.975383735058718,-1.500596326441637,-1.0839455391014712,-2.439504659773029,-1.843602534885464,-1.1874251681056722,-0.9466149703755758,-1.6969258293837577,-4.00424143448467,-1.2316407431108884,-0.1400715665159758,-3.210770551465361,0.5591075223058144,0.1162514894222728,-0.0195160650472228,0.4445387416318558,0.6079836343167406,0.2050522207172731,0.0349919656385473,0.5204093790136625,-0.168099790736194,-0.5163132907548936,-0.471260540852617,-0.3358268778359782,0.3854958420569892,-0.3729030948001114,-0.3623656686780644,0.2383055892276161,0.5642202932503422,-0.1553028991217469,-0.1946043692051394,0.4617035045715482,0.2509854523834674,-0.3115042505047399,-0.4020692800111201,0.0908490169872977,0.251658033968268,-0.3046838159753212,-0.3180603283429583,0.0491664348891558,exact,9
CHEBI:33568,related,,rac-adrenaline,Mistral-Small-3.1-24B-Instruct-2503,-1,-3.279442024937409,-1.524682275082205,-1.0858514530669048,-2.6224982252911464,-1.9877165043404603,-1.2502058150554791,-0.9901820243197732,-1.7959444666202309,-1.2686857249919463,-0.8200126995899123,-0.0858558179464928,-1.2606130488876224,0.5501376029214979,0.0908083855089287,-0.0227028803372987,0.4340692615376757,0.5257710223443895,0.1001296920089419,-0.0332510564812653,0.4137142811482069,0.4911418112497206,-0.108179622339186,-0.1627882623159504,0.3436671233126879,-0.8854672465310536,-0.8751407564741005,-0.7549686736699202,-0.946860945401184,-0.2847626448170618,-0.6048186875053021,-0.5418569678562163,-0.42095225243617,0.3245534839770828,-0.2565809508232391,-0.3223437364325284,0.1733060980427123,0.4106470067800865,-0.2035067201731097,-0.2443411308067917,0.2275082741123241,exact,9
CHEBI:33568,related,,epinephrine racemic,Mistral-Small-3.1-24B-Instruct-2503,-1,-3.978390158712612,-1.5853086810000352,-1.1311773585497888,-3.026565889091439,-3.4993014424181075,-1.453109641950388,-1.1270557145837166,-2.744089930688091,-4.129887589329377,-1.2114486797728945,-0.1458577684652131,-3.29434288264302,-2.125639887638162,-1.275385881397942,-1.051556954948164,-1.8406536017401307,-0.185634074805098,-0.5447816492685313,-0.471425960374096,-0.3584281718128908,-0.6629602614932151,-0.6838784496338499,-0.5937471733012764,-0.7614141707236326,-0.3552751583648112,-0.7313533715125523,-0.6535433537988558,-0.5012961135631905,-0.2507555864282631,-0.6417310794004989,-0.5934992895833721,-0.3897480632010505,0.1285426837964375,-0.4565794754709345,-0.4167710954152765,-0.0409714957137708,-0.276964265558181,-0.5863444240544061,-0.4767912490137516,-0.4617295120314149,exact,9
CHEBI:33568,related,,dl-adrenaline,Mistral-Small-3.1-24B-Instruct-2503,-1,-3.014980274531621,-1.5051006507038842,-1.0743655656481086,-2.463615283733395,-1.3387264483613728,-1.09326957230834,-0.8849689930357408,-1.3335686633124535,-2.4278197399183425,-1.0259105310101655,-0.1046626241259767,-2.1304212047464075,0.8265214521784306,0.4092621091944116,0.2591683633238857,0.778709781199172,0.5339931478912222,0.1114731523108351,-0.0414638179625013,0.4241596242098613,0.8701146018062438,0.4172889491906492,0.2681675142485005,0.8551239746924006,-0.1391743419944011,-0.6520229327579183,-0.5650406230519062,-0.3033097988280647,-0.0838248192742327,-0.5294619185533312,-0.4793396833962016,-0.2326386059478472,0.6922649640160289,0.1571428049745973,0.0799910608003443,0.6343649685813068,0.7156792433900794,0.1552162386076462,0.000648398504222,0.6254199162722662,exact,9
CHEBI:33568,related,,"2-(methylamino)-1-(3,4-dihydroxyphenyl)ethanol",Mistral-Small-3.1-24B-Instruct-2503,-1,-6.930139997901927,-1.7709880773514053,-1.275645915334178,-4.56828924646712,-4.440959782371305,-1.5413274116678128,-1.1802667879906736,-3.275393762650086,-3.623994583119188,-1.123102482959256,-0.1236891086684636,-2.956319923006334,-1.986778761645712,-1.1696094107020216,-1.0129885242911634,-1.743485755634156,-2.601355064936368,-1.3090775999556192,-0.8959416563788326,-2.148872942393467,-0.9326824546912283,-0.7443554592213828,-0.6466456602997455,-0.9749615291781136,-1.430574551002797,-1.007785647707062,-0.8641919837616764,-1.362806561576193,-2.916384049181807,-1.0895290246776086,-0.922288628768469,-2.384548838753548,-1.5159262215033846,-0.9429565209227522,-0.8654280642659679,-1.4381319052618589,-1.8330381793910049,-0.9213113278891732,-0.6680614157341116,-1.6153177745096736,related,9
CHEBI:33568,related,,(+-)-epinephrine,Mistral-Small-3.1-24B-Instruct-2503,-1,-5.052982242301682,-1.6693082429271473,-1.197100138206519,-3.612638904682387,-2.9715557927358827,-1.3830218003760186,-1.0803267582407248,-2.4289644736354474,-3.232839945926385,-1.1535335083238998,-0.1141884856257055,-2.691341008155083,-1.839313442595774,-1.1562649224418735,-0.9771723264940986,-1.6389525290020148,-0.7232897767261559,-0.822248181193533,-0.6246259039068747,-0.8331083976789156,0.5654712823830013,-0.0321833180217353,-0.1073782711751613,0.4337303121366249,0.1103991701087693,-0.5890263107800778,-0.52931083921958,-0.0584693631627027,-1.4810168852438843,-0.8955313371407887,-0.7457690331293773,-1.3968423144352051,-0.1465106789849547,-0.5366346794016504,-0.5196569513702648,-0.3166881400971045,0.2072665537775084,-0.4022855342914689,-0.3874423017902355,0.0019055798901851,exact,9
CHEBI:33568,related,,(+-)-adrenaline,Mistral-Small-3.1-24B-Instruct-2503,-1,-4.19071376559388,-1.6154463215009736,-1.1648446709483395,-3.1453816710218905,-1.993691323319703,-1.233925804249821,-0.9701827839934752,-1.800009529640365,-3.2789814838498663,-1.164875970147725,-0.1128190054220813,-2.722806119152593,0.038510635018176,-0.4075122112944651,-0.4042718040315106,-0.1082002302526822,-0.1373515062851429,-0.503987995960539,-0.4059044201564986,-0.3122252706833044,1.1735793560376848,1.6405580290040036,1.3961342535140566,1.449103011255843,-0.0332971412914496,-0.6268972882055867,-0.5472577801463606,-0.2018119620362661,-1.1548125596707663,-0.8334280598293023,-0.7093243264902221,-1.1495635598083496,0.1161045321911774,-0.3931438017081579,-0.3646435368898886,-0.0540164239282767,0.9257709484426996,0.5871131047229786,0.2855029153758863,0.9757675477627,exact,9
CHEBI:33568,exact,,"rac-4-[1-hydroxy-2-(methylamino)ethyl]benzene-1,2-diol",Mistral-Small-3.1-24B-Instruct-2503,-1,-7.38446845172043,-1.7888404966723117,-1.2980554342975528,-4.790809767056003,-4.238948931734038,-1.514814088248856,-1.1640440652698487,-3.1642919920622035,-4.082162574686576,-1.1404266618395038,-0.126977669685639,-3.262623748049427,-2.1759972902779428,-1.2609770243381315,-1.0573853626247556,-1.875606678051272,-2.6956815365185856,-1.3229072878784591,-0.9001817667126009,-2.206124095691524,-0.8663078232213595,-0.7266838247403425,-0.6305677285917749,-0.9233925138030314,-1.9219714198953144,-1.095822694814418,-0.9244265054223476,-1.712453971520133,-3.0663442776048075,-1.1020121858180467,-0.9268893438300138,-2.4809694024482365,-1.4321025589580445,-0.9232203422467562,-0.8662310634027776,-1.3774740786794255,-1.9238547430578703,-0.9237797751964464,-0.6681356065127849,-1.6738057247392168,related,9
CHEBI:33558,related,,alpha-amino-acid anions,Mistral-Small-3.1-24B-Instruct-2503,-1,1.1473006361615203,2.440791914728196,2.4037687573028585,1.6194237071883686,1.1271428475773866,1.88362247227618,1.7069302907961528,1.4693095138305128,1.4243638620493768,2.9637675523177505,0.3139955593927182,2.0008892702164496,1.4499062765109214,2.8240108217272093,3.0098189629791285,1.9277467428417645,1.2728651143773169,2.659465109291728,2.453537488116452,1.7608943890083264,1.1288254440641403,1.3471939281643146,1.1499672889048502,1.3391194411416654,0.9835486783112024,0.811632878694248,0.6871200982182076,1.0675806351040935,1.3286161719861709,2.8228105556733563,2.771540705940994,1.7088028266902695,1.101080463883657,1.461941198061936,1.2616484362838736,1.3258150050981978,1.169834303404171,2.6309969717319066,2.528724165390995,1.6448903395697227,exact,9
CHEBI:33558,related,,alpha-amino acid anions,Mistral-Small-3.1-24B-Instruct-2503,-1,1.0728922636342082,1.7074432358941602,1.536722598433655,1.4008605753900538,0.9733553247009678,1.065721040211186,0.8433573057951972,1.129118853774406,1.1787823826037325,1.2556106014367887,0.1238327004072051,1.4113621566652672,1.299985103128591,1.6498187231841006,1.4887090315630442,1.5554909169934028,1.204155803992918,2.0543067417241847,1.794147142825024,1.5661473178155658,1.1234897649286206,1.3159917974650548,1.1020353492846422,1.3268113098329468,0.9639555615471842,0.7552631183277627,0.6001740378209679,1.0331634441436597,1.0941341320369258,1.3470663485854577,1.5196928961056058,1.2218979924416669,1.0820704444867335,1.343718362928758,1.1477963202079111,1.285561452542962,1.1527140573241852,2.261053278493053,1.958488913503946,1.569106880227975,exact,9
CHEBI:33558,related,,alpha-amino acid anion,Mistral-Small-3.1-24B-Instruct-2503,-1,1.1928241768285046,3.240153279621929,3.6321743301395766,1.7907546117386453,1.2387292315653289,3.169790589430124,3.38894605465747,1.8103218654350843,1.1301762475455992,1.080389749157164,0.0949237974690784,1.31998528529067,1.4507691940592162,2.84352478880766,2.90337757750238,1.9303350326547088,1.3325182018532336,3.510072748904738,3.6355969218727697,1.9730898503189809,1.3257975727895868,6.118516749676501,8.708191439183494,2.066273543737561,1.2949693105181486,3.360365923130276,3.358879853384744,1.8264707875291848,1.3199628956312748,2.424172471445669,3.379661573038644,1.687106656371287,1.3158210515266746,3.8563484939172175,4.525059600357246,1.9376430671816016,1.1982459240312135,3.640343714779936,4.410567282155513,1.8138927871262367,exact,9
CHEBI:33552,related,,sulfonic acid derivatives,Mistral-Small-3.1-24B-Instruct-2503,-1,1.1880283464194992,3.238062849301881,3.546250358636573,1.7704898472199968,1.148842917964174,2.1913462088131004,2.008912337680079,1.5264987999458253,-0.1602658761675716,-0.4870844847754007,-0.0708105877915879,-0.295180542156652,1.4335624461360736,2.951713578147848,3.116934521550578,1.880062233091668,1.074455825130371,1.3817611156716945,1.0417746902118628,1.270683218642546,1.2611575124200105,2.8503185405189098,2.861032880760864,1.71986356115394,1.221733441559906,2.179149474740369,2.0194712551489573,1.5864622135677688,1.0723956160407058,0.6686730388211812,0.5308482751580497,1.1840224589423114,1.2036296246270652,1.994119036992776,2.3104387438261083,1.5702573334104184,1.2032207957069367,4.128552944928679,5.914427180794836,1.8559900240416247,exact,9
CHEBI:33552,related,,derivatives of sulfonic acid,Mistral-Small-3.1-24B-Instruct-2503,-1,0.7958583182028989,0.6118647971333279,0.4509930080882433,0.8346765044343923,0.543766306026829,0.1730645656147919,0.0555458070826196,0.4527968234584927,0.942582074262754,0.8548087223460843,0.0612604504537927,1.0066088979436156,1.1959226528372773,1.4737209855046294,1.389421580309509,1.3507172579734092,0.5449098833084624,0.1463928317684658,0.0195034537446413,0.4381027320460516,1.149547883152903,1.5186446617242912,1.3437277441612356,1.3884440431605671,1.26826780740411,2.970927669474099,2.9564079239946386,1.7296381919282595,0.1709309600976304,-0.3462689631596314,-0.3136321609161492,0.0217600480796427,0.9514173091437744,0.7284800525291553,0.6738914631166436,1.0368841098621289,1.17828554791252,2.884152748351525,2.9413592708354432,1.68758130376459,exact,9
CHEBI:33424,related,,sulfur oxoacid derivatives,Mistral-Small-3.1-24B-Instruct-2503,-1,1.2027815388345608,3.626051621072497,4.175886930469036,1.8351667689034263,1.200383691355295,2.76542599630659,2.804416000724542,1.6775703148719048,1.3115361908184149,2.133069740702429,0.2158794921953708,1.694439521591261,1.372914946268157,2.3633663953452224,2.387202592148391,1.7209235548085724,1.1949591242748312,2.0032357691887173,1.6337252922540653,1.5426390860626609,1.1187013446866156,1.328230063488844,1.1041912882409837,1.315892408860822,1.2711728924530887,2.838971071767186,2.73650373743879,1.7395317018005343,1.1362969217182497,0.987987325408713,0.8192952072174449,1.2979947487042711,1.2301780260389017,2.0873629110865264,2.2477515000065105,1.6439315415755342,1.2041362009919416,4.149300659654027,5.986946923845725,1.8646126281041844,exact,9
CHEBI:33250,related,,elements,Mistral-Small-3.1-24B-Instruct-2503,-1,-0.199250767437674,-0.703516038728067,-0.614292725122777,-0.3842410698893955,-0.992534067929729,-0.984707924077166,-0.8100309512546895,-1.0665586692229192,1.3329343896447403,2.0162131245761485,0.1882141482674758,1.7463750207218265,0.8664839133127309,0.8290158835442746,0.6857944295299949,0.8330542227262265,0.4596850129885988,-0.0481672297320591,-0.1386043530625637,0.3314303506082082,-0.933242643954708,-0.7670420432607822,-0.6818290500656772,-0.9753942224365348,-0.8831745737969612,-0.848947032956046,-0.745147275018002,-0.9450332486322586,-0.2842259999462527,-0.7192008862127314,-0.6530948851479383,-0.4204618214901308,-0.3976892817708949,-0.7623443981608017,-0.7416751579718805,-0.5489285501004816,-0.9034451444924554,-0.7007796067670329,-0.5480846507446017,-0.96923875364306,related,9
CHEBI:33250,related,,element,Mistral-Small-3.1-24B-Instruct-2503,-1,-1.7684154691407057,-1.348957787445601,-1.0175578686811837,-1.654257152191058,1.245093104912728,3.175934302377464,3.326483310334849,1.834817362475606,1.342379061456342,2.081773061326792,0.1983746217238104,1.770042654526967,0.5739732940988889,0.1177291488327932,-0.0033086143924886,0.4619815702949225,0.5869453651120198,0.1126941046564865,-0.0446615383571813,0.4926143492398627,-0.6584852125703596,-0.6996236531211536,-0.6319806580015844,-0.7577767520850668,-1.0060880086895945,-0.888531152727055,-0.7782745675680922,-1.0419998206107814,0.1502031741495281,-0.5594549944838713,-0.5403291089811658,0.0003053953562158,-0.1494745606192675,-0.6728378022473565,-0.7011252719970524,-0.3195271572388707,-0.7680822970353367,-0.6609305564405573,-0.5274149758106526,-0.8658857313147124,related,9
CHEBI:33250,related,,atomus,Mistral-Small-3.1-24B-Instruct-2503,-1,-0.3289300773171337,-0.7769486640758595,-0.632734251044721,-0.5075900591670364,-1.2214735379773387,-1.035441395381824,-0.8525260744586423,-1.2449665948448512,0.9098511159385988,0.5577177039333181,0.0417860651050028,0.9568323306671356,0.1512698362055703,-0.0992002309790624,-0.131502187376217,0.0035080293927594,0.0531446623960997,-0.4228097789474652,-0.4109895643541802,-0.1226859369951205,0.162714597496024,-0.3414770072060015,-0.3597041502082193,-0.0165845480726862,1.014400069934505,0.706347573576477,0.5408701586472722,1.1235220335915233,-0.5396948620745007,-0.8099724275464165,-0.7267709398284837,-0.6472972050070127,-0.4005537954488233,-0.8129959668559367,-0.7370183347367041,-0.551486874717375,-0.3002534350779832,-0.4960708900134317,-0.4247788893939266,-0.4821302695731584,exact,9
CHEBI:33250,related,,atoms,Mistral-Small-3.1-24B-Instruct-2503,-1,0.6332964923732621,0.0722147728890139,-0.0491802132827146,0.5816158262693071,1.319564012800738,6.454561181545948,10.692342220627737,2.2545119413242483,0.7148754665404152,0.2572361522563473,0.0181395488304651,0.6818383566742592,0.660911315606693,0.5679654263915088,0.4560308614683525,0.5664202085913563,-0.2013522722368091,-0.5911500826001937,-0.4752630483462023,-0.3733220920825155,1.052028554097556,0.9365733721649676,0.7682905561121207,1.1744685513224271,1.216907126931869,1.8365962065990973,1.7078368103804635,1.572945071965776,0.9992213020445264,0.3016740292686668,0.2237036560190016,1.0623902748931522,0.8845419596197287,0.3662022223477126,0.2716558051061725,0.9238253142542472,0.9760490935101992,0.925268062920591,0.5501475356299574,1.0769886590814373,exact,9
CHEBI:33250,related,,atomo,Mistral-Small-3.1-24B-Instruct-2503,-1,0.5144915784675997,-0.1201448023152023,-0.1178997558053156,0.4164160721759115,-2.1181359153474544,-1.2444545843701469,-0.9873536092828932,-1.883982575871375,-0.2071728862492077,-0.4377037708344215,-0.0570191812843288,-0.3403941287663323,0.4069453024952591,0.1709215805352996,0.0387225602068851,0.2721544611450761,-0.2117698457614557,-0.5934475327615556,-0.5156817713365958,-0.3831544305755439,0.4941157963416496,-0.0888259667211586,-0.167914834228253,0.3471982565560044,1.2153516322705562,1.8463236956385056,1.721401885223267,1.568632480235572,0.2819626861185235,-0.4519463486061981,-0.4429834943722304,0.1392923194875026,-0.3261557912123143,-0.758697113306287,-0.7210802130184509,-0.4844173798709361,0.0528349989347789,-0.356310913613974,-0.3510496432916526,-0.155364156384749,exact,9
CHEBI:33250,related,,atome,Mistral-Small-3.1-24B-Instruct-2503,-1,0.3117923091264679,-0.339433817585829,-0.3130072631104051,0.1614967602576814,-1.2876057915634114,-1.0692121073723608,-0.8635627097814121,-1.295156253335593,0.7747235358428213,0.3504505352072458,0.0255634715388032,0.7627728428227645,0.3878296515381332,0.2244035161289825,0.1116818609166515,0.2512253839453377,0.2765185288947035,-0.2351071859071154,-0.3073971355079903,0.1169964481903518,0.8390223863106235,0.374209496197563,0.2450440123187291,0.8070481758627323,1.2207173753224243,1.9015229440315176,1.771552419329825,1.5835990759381928,0.5926522077035125,-0.219142749947835,-0.2531510048237504,0.4964557457153374,-0.0349848029299051,-0.6660964434894662,-0.5884095155821747,-0.2079352052938824,0.4353144443473793,-0.0613984613076838,-0.1655405582274063,0.2566283113188375,exact,9
CHEBI:32612,related,,"rel-(2R,3R)-2-amino-3-methylpentanoate",Mistral-Small-3.1-24B-Instruct-2503,-1,-2.30997304217502,-1.2225756626123707,-0.9501656497173416,-2.019953507569098,-1.0842080125797808,-0.9332928159642684,-0.797160558023954,-1.138904189514904,-0.7386595637503401,-0.683788590415924,-0.0961003175799171,-0.8221570506328457,-2.2952637989759483,-1.198862939676691,-1.003484528515833,-1.957820119516693,-2.974529360188882,-1.3822223616537035,-0.9617512726729904,-2.371859308677944,-1.269759325341451,-0.8024576661621159,-0.6978600978656527,-1.228360988984124,-1.510070317611141,-0.8610980118986631,-0.7383487733649876,-1.4207829463677744,-2.1678367890486454,-0.9145861539435792,-0.7723905569319959,-1.8863617755043576,-1.888706182195316,-1.011869865341836,-0.94206948626377,-1.699257243160325,-1.48673891524003,-0.8662984122997839,-0.6340616892747498,-1.3856411099357178,related,9
CHEBI:32612,related,,isoleucine anion,Mistral-Small-3.1-24B-Instruct-2503,-1,0.4847383800980161,0.0397377521943387,-0.0565548055050491,0.3770777806308799,0.0827570702069767,-0.3562303510468037,-0.3556694345424799,-0.0902490606366729,-0.8545264173005318,-0.7505613426380795,-0.1021773462490349,-0.9210219853883684,0.1720171262288598,-0.203591982499234,-0.2203593514373365,0.0244737479781082,-0.2528631865036678,-0.6220126946141677,-0.5263276746855824,-0.4216428219627167,-0.7441770561578045,-0.6768789037624968,-0.6109044998362171,-0.8268663200727535,-0.4265204834340554,-0.517396822395714,-0.4735770488485886,-0.5642023414444468,0.3605655197686896,-0.276887959101028,-0.2966439477932863,0.2253878043511126,-0.1859876378875164,-0.6353209347652615,-0.6530455587306021,-0.3542955303602942,-1.371860712091889,-0.8763557732201314,-0.6405931554188847,-1.3068533881799618,exact,9
CHEBI:32612,related,,ile(-),Mistral-Small-3.1-24B-Instruct-2503,-1,-0.6550736598563741,-0.7956897099486694,-0.6644692788672384,-0.7987304739662338,-0.6484228565732566,-0.799457492424194,-0.6926530728078519,-0.7826901753477349,-1.0665029377829214,-0.7789721697569111,-0.105832853997973,-1.0973240001777136,-1.6597569693975125,-0.9824559790514074,-0.8497320570609922,-1.5096246886510258,-0.726773105604341,-0.8357089996000157,-0.6583491390774516,-0.8359810667241169,-0.5800282912832803,-0.6304707237178107,-0.5847371836367284,-0.6934544965281151,-1.05048423193775,-0.8011271040838475,-0.6994781762929625,-1.0765337400831023,-1.8373901342600232,-0.8791972342197949,-0.7259830815630924,-1.6554641683422344,0.1027306060901828,-0.441447509149369,-0.489419841341727,-0.0679758815288531,-1.585141887306074,-0.9135338593286962,-0.6538596525804183,-1.452049421459773,related,8
CHEBI:32563,related,,lysine anion,Mistral-Small-3.1-24B-Instruct-2503,-1,-0.0288228898180274,-0.4721895448378772,-0.4636824551288306,-0.2140711190101519,-0.5417054763544654,-0.7436574428034111,-0.663642143231455,-0.6901485885698853,-1.5318923067136152,-0.8647783168062042,-0.0981821911772096,-1.467063641853641,0.0583298893677891,-0.2457441203436793,-0.2446188931760124,-0.0888286362415477,0.078048735175928,-0.4045245132707847,-0.4106907921677428,-0.0969709633863807,-0.2454884352811725,-0.5234677551244319,-0.4823618917531421,-0.4059139574956498,-0.3765652525286679,-0.6070782141229216,-0.5461353456404283,-0.5202080956699001,-0.0564197635401608,-0.6076720010698907,-0.5565816705451379,-0.2061749949076114,-0.2420511818550385,-0.6337526960792375,-0.6328160917585434,-0.4069596405969395,-0.3074992755582763,-0.6015717128049607,-0.489365997320542,-0.488448495069728,exact,9
CHEBI:32563,related,,lysinate(1-),Mistral-Small-3.1-24B-Instruct-2503,-1,-0.0425735325882955,-0.4817732641905617,-0.4614104830610151,-0.2281773804420648,-0.2944944290047256,-0.618837917091072,-0.5669196363465492,-0.4659103546547661,0.3637019327795793,-0.1265941920299117,-0.0203490823530281,0.2520495771458731,-0.3038497521410415,-0.515275075518675,-0.4895786857206765,-0.4275747765114221,-0.2992160945470601,-0.6327896675936119,-0.5056985792656807,-0.464506358790582,0.7687127390164337,0.2750333988962001,0.1574654354447661,0.703354510105834,0.8036800826716561,0.3446843732958672,0.2539880110051482,0.7770786177678977,-0.3167257607197732,-0.6219887123945623,-0.5655221364461198,-0.4500502909295351,0.0369175643588504,-0.5075950029663212,-0.4601285906303631,-0.1356961896488371,0.7029332310197819,0.0732281157369821,-0.0863330504589892,0.6067542833197254,related,9
CHEBI:32563,related,,lys(-),Mistral-Small-3.1-24B-Instruct-2503,-1,0.0609637043411766,-0.4216127194327848,-0.4122687681628584,-0.1201656830826337,-0.1506398291285,-0.5638318459182835,-0.5283642487630963,-0.3280652395389418,0.8568538107826547,0.4707664699210612,0.0279095921643812,0.8786640760099563,-0.6534325175461919,-0.6518461912586965,-0.5783387631776882,-0.7295676101004716,-0.3201268721861403,-0.6482266795328777,-0.5247212409409552,-0.4836579078421383,-0.0444915387516487,-0.4363680430401035,-0.4223709390311442,-0.2205536776744491,-0.2727030595888117,-0.5625883743214296,-0.5021145865620051,-0.4269840690419552,-1.4113307629079643,-0.8880579356719146,-0.7391514334588716,-1.3449343446108268,-0.3852096672773593,-0.7174741340391504,-0.7071268786459772,-0.5377608250047267,-0.1058990639498735,-0.5538930241806972,-0.4716645975967101,-0.3071993162244559,exact,9
CHEBI:32563,related,,"2,6-diaminohexanoate",Mistral-Small-3.1-24B-Instruct-2503,-1,-1.533120126605052,-1.0753883312768158,-0.8705168269531086,-1.4868251613346866,-1.785185361434401,-1.116155600475999,-0.9027028446893588,-1.6562397425145612,-0.4690371015115282,-0.4722148583545069,-0.077936481842267,-0.5841698665557817,-1.4328854205682546,-1.0004316243577531,-0.8519527311688373,-1.342633128602386,-2.3155665139976285,-1.269898389405174,-0.8876956414080551,-1.9714315192476064,-1.8485633776056607,-0.9117610627097356,-0.7787490036994218,-1.6370277606680643,-1.071486060118501,-0.7979074976821894,-0.6912304027121191,-1.0927835436052176,-2.1384234694036857,-0.9910312724857528,-0.8816295589698807,-1.866118196372196,-1.5848075169671028,-0.9606288985021244,-0.91022766632527,-1.4874141577677875,-1.577576635398826,-0.8838865947241018,-0.6510908592683397,-1.4469778208525788,exact,9
CHEBI:32507,related,,glycine cation,Mistral-Small-3.1-24B-Instruct-2503,-1,-0.7223849264377413,-0.8258042036863334,-0.6925135556939253,-0.8559134150440596,-0.6280118685240752,-0.7712374446003714,-0.6743795368440302,-0.7651711729941276,0.0376281117802788,-0.2327065445952223,-0.05329024748932,-0.0983800048730404,-0.2354122405568848,-0.4742484724988312,-0.451016869053741,-0.3658320713230117,-1.1545894215408912,-1.0040687752270754,-0.746015606186915,-1.1731287295099593,-0.2659400972106697,-0.5331867585272703,-0.4886740117526755,-0.4241883933572102,0.0727933028473777,-0.3939586986866351,-0.3868268971658423,-0.0966567399235,-0.5126456145972129,-0.7567901619167703,-0.6721210857264667,-0.6238706161556177,-0.5058337877993406,-0.7329087581465202,-0.7436282058783087,-0.6442459240341465,-0.910197161490364,-0.7668734386512945,-0.5777657159349417,-0.974318256317863,exact,9
CHEBI:32507,related,,carboxymethanaminium,Mistral-Small-3.1-24B-Instruct-2503,-1,-1.402115671355983,-1.025172822008129,-0.8408660226954727,-1.3909698713458036,-0.9187255619898989,-0.830311320006346,-0.7079690123912783,-1.0073723159027093,-1.6938177624155024,-0.8518871902723314,-0.1087299836440928,-1.591065877228859,-0.9077515609977446,-0.8109652923795713,-0.7289306374096215,-0.937454896684141,-0.6096969526142242,-0.7716313271980205,-0.6350687725938987,-0.7381531183210818,-1.1098654127953798,-0.7655441421559065,-0.6584635235060007,-1.1098242640966864,-1.121064139631565,-0.8393948376922371,-0.7380358785981095,-1.130928969578121,-0.4075756318678772,-0.6548443709612117,-0.6212248957645856,-0.5315896569554337,-1.318730869497352,-0.9459606605731056,-0.9031485146911828,-1.2941766348715218,-0.825779662614562,-0.7311741050560631,-0.5603597256372498,-0.9103011239594254,exact,9
CHEBI:32507,related,,NH3(+)-CH2-COOH,Mistral-Small-3.1-24B-Instruct-2503,-1,-2.0463720105350114,-1.2071992651547403,-0.9675100076618592,-1.8450814389410544,-1.8515653362648696,-1.174340040894847,-0.929760708829898,-1.7024466525839943,-0.4543503501291747,-0.5565064825677607,-0.0840977456387769,-0.5708531558844387,-1.9132323440548136,-1.1657832905174237,-0.9946290656777952,-1.6915314207812016,-1.5326494528936387,-1.0902893766367914,-0.8204515945328166,-1.4491342123508528,-1.505039196307936,-0.8399680406106405,-0.7239923702614743,-1.3980078892453711,-2.1436877146989968,-1.03600237338779,-0.8833881754889448,-1.8642053849193103,-1.2710250103096714,-0.8041477950321566,-0.7390427515749324,-1.2389463282423872,-1.5853987205637203,-0.9981230820747936,-0.9523828983070832,-1.4878350081570222,-1.9537416419880864,-0.9577372543812726,-0.6801648312375808,-1.6929087165503958,related,9
CHEBI:32507,related,,H2gly(+),Mistral-Small-3.1-24B-Instruct-2503,-1,-1.450050336966202,-1.0520848175995596,-0.846047904653327,-1.426275641867534,-1.1935058871406596,-0.9676727905429598,-0.8127020329782556,-1.223567260446676,0.0969366175001142,-0.29743389531319,-0.0631564874278917,-0.0372904094229572,-1.5078425261017738,-0.991710006976776,-0.8610769078120593,-1.3982787472122566,-1.076186430419806,-0.9573830439793576,-0.7359114624717504,-1.113495902427663,-0.4746153516693556,-0.5871491839647692,-0.5293027563382829,-0.6053000063668295,-1.4665927128353151,-0.9406768174532816,-0.8165020578998078,-1.389148766319943,-1.202136524065883,-0.8041166176509188,-0.7352569291315321,-1.1861438980934826,-1.096847227032807,-0.9328484611731354,-0.9161995729979092,-1.1266074515983913,-2.103541989145968,-0.9793258475374736,-0.7021453756533313,-1.7876287911972648,related,9
CHEBI:30769,related,,H3cit,Mistral-Small-3.1-24B-Instruct-2503,-1,-0.5678156877901757,-0.7910091147968923,-0.6907611535288896,-0.7232235951382076,-0.8850875019790027,-0.9092216874241787,-0.7677458105588809,-0.9801074195751188,-0.8596007010638653,-0.5948658123327714,-0.0802164277370924,-0.9253093185898136,-1.9906559521676428,-1.194003462944526,-1.017662757753373,-1.7462149967801668,-1.311397564657056,-1.0354342795131115,-0.7747677235966307,-1.289826186713614,-2.9145529654427214,-1.0342397494632354,-0.8702467121243367,-2.3316951531087184,-2.0343286931152376,-0.9856181518771738,-0.8415234028320031,-1.7897682762465852,-1.1336893769098366,-0.907167909514111,-0.7925642733741775,-1.1331528099079824,-2.577474814434684,-1.205924496389863,-1.047149074441074,-2.1510353617960454,-2.607539164088986,-1.038839647909663,-0.7315589499157874,-2.0951187970738974,related,9
CHEBI:30769,related,,E330,Mistral-Small-3.1-24B-Instruct-2503,-1,-1.041409155050015,-0.9619446438939314,-0.7913958252117701,-1.1157785294873912,-2.68394909832594,-1.3553316192621914,-1.0579151503291937,-2.250738873418458,-1.144156990162927,-0.6657342019375957,-0.0887922735595155,-1.1605653574500443,-1.930286125815504,-1.0910994818390651,-0.9425893650853504,-1.7036098633022123,-1.7802942560918549,-1.1623877738101251,-0.8526297884611868,-1.6208003189504037,-2.2828832857294805,-0.959983959465264,-0.8142249372214293,-1.9273175467107653,-2.9458055489992963,-1.1207365168485637,-0.945760036138383,-2.3898961479387486,-0.8686371517334776,-0.8127188697299946,-0.7343736712103976,-0.9225511467442395,-2.794142711505127,-1.1781068231031817,-1.086633960478994,-2.286412544946845,-3.122480179498197,-1.1006395511846108,-0.7643446268051878,-2.39458933733873,related,9
CHEBI:30769,related,,Citronensaeure,Mistral-Small-3.1-24B-Instruct-2503,-1,-0.5689767542997493,-0.7483463153953172,-0.640989904046077,-0.7242389563852817,-0.2840668400713665,-0.599070981397309,-0.5223011819426763,-0.4561151633236514,-1.2425784676803613,-0.6423717743567962,-0.0855136661130293,-1.2397724493536766,-0.378286731767425,-0.6069586907818433,-0.5405960857484936,-0.4936807406003604,-2.209575644596277,-1.251878914344337,-0.9138618825408344,-1.903999882812434,-0.7751677302187003,-0.6998022136962615,-0.6224101942682797,-0.8515692350122197,0.021035084421066,-0.3016054803281492,-0.3071210099364554,-0.1484171631202207,-1.325125949002274,-0.9074028482478972,-0.7996638030389007,-1.2800556015017792,-1.3606269734675729,-0.982445817853992,-0.7767173237172013,-1.3251324122483377,-1.901935585393585,-0.9437882493228172,-0.6753451939375678,-1.6597505073984684,related,9
CHEBI:30769,related,,"3-Carboxy-3-hydroxypentane-1,5-dioic acid",Mistral-Small-3.1-24B-Instruct-2503,-1,-1.983744639208134,-1.1711894337525708,-0.9280832624475224,-1.8026936772555409,-1.3271767365497962,-0.9969436979253736,-0.8148438785833885,-1.3249188308252853,-1.2035216843870813,-0.6216795114363538,-0.0840930641739424,-1.2084634330588286,-1.3227338112318303,-1.0467568105213052,-0.884176312743277,-1.2599542309503675,-2.392711876454257,-1.2662379528878844,-0.8885053823765396,-2.019943659885544,-0.4696227076429049,-0.6116282972519348,-0.5563702612781527,-0.6010727026458139,-0.6723791562556476,-0.6451667396800365,-0.5732048357190924,-0.7736292357936422,-2.030166363539062,-0.945395442216764,-0.8015214113727168,-1.7911083168342063,-1.6613272772795018,-0.9345940755806884,-0.85727072070543,-1.5415907306622545,-0.8499202519315786,-0.7483594610807138,-0.572048678952462,-0.9287227249034892,related,9
CHEBI:30769,related,,2-Hydroxytricarballylic acid,Mistral-Small-3.1-24B-Instruct-2503,-1,-0.8489884529409412,-0.8544193914359509,-0.7152817301890204,-0.9611379815137842,-1.1079007247004826,-0.9271427063450648,-0.7816317848262205,-1.1573999789553466,-0.371322983384083,-0.3799322990105372,-0.0576123933167562,-0.494813698890017,-0.5361707461044293,-0.7097794124778358,-0.6467727200936296,-0.6305665470813293,-1.1476811073823567,-0.9568008070120776,-0.7267468377706711,-1.1679098312178935,-0.3050867922794313,-0.5462548170988395,-0.5022920505637365,-0.4588921131730702,-0.5893088099105459,-0.6083045616468987,-0.5423848174463065,-0.704107883395849,-0.628066294115252,-0.6697421559086115,-0.6082695508681815,-0.7229435447180147,-0.7552173334739061,-0.7207369281554837,-0.7128984179836462,-0.8550263231592976,-0.6769478699775111,-0.7229054469203335,-0.546891520807887,-0.7945666465798343,exact,9
CHEBI:30769,related,,"2-Hydroxy-1,2,3-propanetricarboxylic acid",Mistral-Small-3.1-24B-Instruct-2503,-1,-1.8089137470943977,-1.1309380978514858,-0.90757513702272,-1.682506770850981,-1.169374421091797,-0.949115916272989,-0.7836243560927273,-1.2050180507437789,-1.200574097026947,-0.6272152758170577,-0.0833747203160802,-1.2060940842010996,-1.291739631290013,-0.9822015055080566,-0.8552048055556016,-1.2364869909528244,-2.900519425897418,-1.348598182314131,-0.93739467851405,-2.328364009538207,0.2785806003115806,-0.2541397875355583,-0.2786091347105538,0.1045258145177384,-0.724491285393891,-0.6602883073362688,-0.5865488474219455,-0.8166479439305802,-1.7160062452076104,-0.8905182213685429,-0.7718253202856641,-1.568587455775551,-1.1801497439651674,-0.8248523355401766,-0.731129629978034,-1.1902601489815032,-0.6724110924883546,-0.7220755798313426,-0.5480945605207962,-0.7909774665559509,exact,9
CHEBI:30769,exact,,"2-hydroxypropane-1,2,3-tricarboxylic acid",Mistral-Small-3.1-24B-Instruct-2503,-1,-1.7178569322687318,-1.105529095676171,-0.8918792694483672,-1.6187636400600247,-1.0024941703767996,-0.8801012505954965,-0.7313742236197217,-1.074480225395434,-0.9333704344432394,-0.5822290658648654,-0.0725002533291398,-0.9872554002561722,-1.5478324269492851,-1.120350335167454,-0.9463492025026116,-1.4277708513029084,-2.885332803468209,-1.3467140478526995,-0.9411533960240416,-2.319395846069673,-0.0498488952721096,-0.4452060531002729,-0.422849115466088,-0.2256408545160959,-0.5262287105522983,-0.5830536933380844,-0.5293576755198872,-0.6504954905274457,-1.7381025244510364,-0.898329144010172,-0.775781824993761,-1.5844910411407225,-0.964981659646482,-0.7712400255878411,-0.7124100490060279,-1.0238838510338273,-0.4691529343293764,-0.656400884679641,-0.5145995095049306,-0.6260554307166768,related,9
CHEBI:30745,related,,omega-phenylacetic acid,Mistral-Small-3.1-24B-Instruct-2503,-1,0.4370317562932704,-0.0032508927148709,-0.0958007042695946,0.3154873552858194,0.5442143786224909,0.2075976351315554,0.1010004997942665,0.4533903473851886,0.9425655255936736,0.7079344084131909,0.0518137562995495,1.0065834217400371,0.8360790728830143,0.3974690502574897,0.2806996839742809,0.7915840464926502,0.5738569513308988,0.2100525406023781,0.0343858828035087,0.4754979206838585,0.5232224394376584,-0.059801869531212,-0.1295418244608685,0.3820677323708115,0.9675835540757196,0.8609900297510299,0.6856621558206697,1.0394751677507474,-0.0686467623862743,-0.4374789934544209,-0.4332326091144691,-0.2180067166302504,0.5475165912915585,0.0266413442340949,-0.0982184700821271,0.4414763856390532,0.639897721318022,0.0666125297835714,-0.0766288847294214,0.5175796838179929,related,9
CHEBI:30745,related,,benzeneacetic acid,Mistral-Small-3.1-24B-Instruct-2503,-1,0.6962436784273276,0.3750419690451042,0.2415249972269152,0.6753167110168186,0.7780842003336317,0.6368497716702722,0.5011677087948488,0.7895980499504514,0.8993092288816985,0.6674332131572349,0.0383252080958632,0.9410522904866196,-0.295134571586834,-0.6362906837128594,-0.6095454778273668,-0.4197647332123295,0.1198378773441795,-0.3098753165312728,-0.3058251409207425,-0.0532878509973098,0.6964555498225291,0.1307624031390806,0.0417806964259349,0.6029628866727891,0.595989946215679,0.1157334048322917,0.0553081470581813,0.4922496612864822,1.2407036739469586,1.2206618547688337,1.1230520870279248,1.50501888547653,0.5962647949879946,0.0568363993570646,-0.0511215738190023,0.5045061062367953,0.223667995143846,-0.2966582815890716,-0.3167006403396584,0.0192510886427789,exact,9
CHEBI:30745,related,,alpha-toluic acid,Mistral-Small-3.1-24B-Instruct-2503,-1,0.1216909590389136,-0.3320170473493453,-0.3518284462903957,-0.0547608696336164,-0.2071389101856544,-0.5051827039204143,-0.4726570238504887,-0.3829199278826229,0.5744881036464975,0.1569320109305492,-0.0079068652287322,0.5017636670701026,-1.0790974167265155,-0.9206569479402252,-0.8455288418033119,-1.0728899583525644,-0.6238312294083984,-0.7323840613860149,-0.5962124801564666,-0.7501066558493884,-1.3603472154856089,-0.8262078569257707,-0.7174820080661842,-1.294314035223436,-0.7384744280963091,-0.6398819029785421,-0.582025924260878,-0.8281162543293161,-0.0457562682839548,-0.4270147740290352,-0.419866111763403,-0.1958232608476219,-1.0387141130384312,-0.8357635482751535,-0.8287357899404827,-1.0816272639190228,-0.6415938239251828,-0.6685498367247658,-0.5270030973345647,-0.7664960358860432,exact,9
CHEBI:30745,related,,PA,Mistral-Small-3.1-24B-Instruct-2503,-1,-2.786822362407514,-1.352634149099408,-1.0411295050180256,-2.323458688482708,-2.039321731848461,-1.2108307924488042,-0.97689849220011,-1.8309528171718188,-1.266261922250841,-0.729799577419825,-0.0772041170091639,-1.2586811226342078,-2.274104503706534,-1.208381087684828,-1.0140614638038417,-1.9432912818187769,-1.931678605483302,-1.200302373839409,-0.8418084329019914,-1.7226229345241526,-1.8628487742818929,-0.9318873713805388,-0.7921521278159871,-1.6467714257660586,-2.077809559740943,-0.9810987704766132,-0.8426413528109118,-1.8194575483538016,-1.291186826530636,-0.93364045970881,-0.8354285457535988,-1.254302753700788,-1.244615241827547,-0.9670393959749284,-0.9156492511913285,-1.2388980084965262,-0.9020209513771152,-0.7053722095247732,-0.5561307455759372,-0.968166452745354,related,9
CHEBI:30745,related,,Omega-Phenylacetic acid,Mistral-Small-3.1-24B-Instruct-2503,-1,-0.2159923731565564,-0.5636816259862149,-0.5227156723103441,-0.4004438784815658,0.5442143786224909,0.2075976351315554,0.1010004997942665,0.4533903473851886,0.9425655255936736,0.7079344084131909,0.0518137562995495,1.0065834217400371,0.8360790728830143,0.3974690502574897,0.2806996839742809,0.7915840464926502,0.5738569513308988,0.2100525406023781,0.0343858828035087,0.4754979206838585,0.5232224394376584,-0.059801869531212,-0.1295418244608685,0.3820677323708115,0.8280929903639519,0.5393258981272926,0.4004011336478479,0.8136093598025449,-0.0686467623862743,-0.4374789934544209,-0.4332326091144691,-0.2180067166302504,0.5475165912915585,0.0266413442340949,-0.0982184700821271,0.4414763856390532,0.639897721318022,0.0666125297835714,-0.0766288847294214,0.5175796838179929,exact,9
CHEBI:30745,related,,Benzylformic acid,Mistral-Small-3.1-24B-Instruct-2503,-1,0.3354008932376012,-0.1452495783445057,-0.1985091541249511,0.1897445034394696,0.2461676703891882,-0.1540399416803259,-0.2106566738016152,0.0890677551416855,-0.847567124673125,-0.6143750318365385,-0.0803918914835706,-0.915136352978766,-0.4623194200585211,-0.7195539808516883,-0.6873218573805502,-0.5670761488949073,-0.1102044462996346,-0.45015629522893,-0.4422200101843324,-0.2859389001734463,-0.8349497745314606,-0.7223423137411809,-0.6257889112604779,-0.8988163570518892,-0.5163334812114326,-0.5772445660322659,-0.5183221670222443,-0.6420182681506051,0.2076036479266779,-0.370611041426843,-0.3647817929018176,0.060083002570367,-1.0231476580005243,-0.8312221233370242,-0.8074054260136939,-1.0695020338005603,-0.2872158759286397,-0.5539823467674349,-0.4677263708950583,-0.4707272948991049,exact,9
CHEBI:30745,related,,Benzeneacetic acid,Mistral-Small-3.1-24B-Instruct-2503,-1,0.4850825285544466,0.0298077526753566,-0.0498627397439031,0.3775286033732876,0.7780842003336317,0.6368497716702722,0.5011677087948488,0.7895980499504514,0.8993092288816985,0.6674332131572349,0.0383252080958632,0.9410522904866196,-0.295134571586834,-0.6362906837128594,-0.6095454778273668,-0.4197647332123295,0.1198378773441795,-0.3098753165312728,-0.3058251409207425,-0.0532878509973098,0.6964555498225291,0.1307624031390806,0.0417806964259349,0.6029628866727891,0.4938793666611439,0.0216892851315677,-0.0538294446131998,0.3655258564140677,1.2407036739469586,1.2206618547688337,1.1230520870279248,1.50501888547653,0.5962647949879946,0.0568363993570646,-0.0511215738190023,0.5045061062367953,0.223667995143846,-0.2966582815890716,-0.3167006403396584,0.0192510886427789,exact,9
CHEBI:30745,related,,2-Phenylethanoic acid,Mistral-Small-3.1-24B-Instruct-2503,-1,-0.0700191981762774,-0.4762322645859493,-0.4556939439433532,-0.2561255157825587,0.3911971989261356,-0.0006343513077426,-0.08061434023005,0.2593648554957925,0.8468672662718666,0.5018068052866361,0.0370417013883489,0.8642471135588918,0.2612850660718561,-0.255293691499481,-0.2885364101695827,0.1162659843877012,-0.1143036242660844,-0.4519086831295814,-0.3929303677635523,-0.2899226857466833,-0.7887613521018093,-0.7034648972383402,-0.6167542839848492,-0.862358960767426,0.4080303319498962,-0.0133383142437615,-0.0438890710831871,0.264202593174778,-0.5646190349631925,-0.619890803192453,-0.5611982213034287,-0.668768495956176,-0.0848267690239529,-0.4681548173362144,-0.4872238707468913,-0.2570119324028057,0.3106278851353299,-0.2485818294439525,-0.2846035093945713,0.1135627400288366,exact,9
CHEBI:30745,related,,2-PHENYLACETIC ACID,Mistral-Small-3.1-24B-Instruct-2503,-1,-1.0640791524617923,-0.9169237223021278,-0.7647000723756647,-1.133610910265712,0.8520379221753489,0.8152177730147981,0.6022979345121602,0.9099435886378898,0.9526879231320275,0.7217533623124918,0.0611989851381166,1.0222270721403812,1.1672071977358551,1.205723482659364,1.1145407453803429,1.2989175076466586,0.6117932551680064,0.2685859553226085,0.1186407449490161,0.5254805886017865,1.0137208118565175,0.8285099313296356,0.6647722607885297,1.1004699885400029,0.0717462490360405,-0.3335058607553238,-0.3219045757037705,-0.0977128579067448,0.0816563224819653,-0.3657699796417036,-0.3419176010631727,-0.0696350465825646,0.9857542996549448,0.8410633839050797,0.8111612869500645,1.0982300442906587,0.9944454372620096,0.8968305177691944,0.5425056891333465,1.1166129637847486,exact,9
CHEBI:28842,related,,stearic acid,Mistral-Small-3.1-24B-Instruct-2503,-1,-0.5543139443075885,-0.7367266531613127,-0.6302962929128599,-0.7113945131349589,0.270006374967402,-0.1016376795902039,-0.195985201753305,0.1162755606988959,-0.7795932739995379,-0.6238690083302254,-0.0903849932890128,-0.8573002162987371,0.4391726313397419,-0.0178718722554645,-0.0959589975861195,0.3077865651508306,0.1776412566813081,-0.2427468206174765,-0.2912702887720382,0.0082909969105158,0.3225552673422398,-0.2419764336370236,-0.2423185994281914,0.1520512683131369,0.1705154711202062,-0.2467416755321097,-0.2758336146067451,0.0036544797637377,1.0623235053871218,0.6734761180038181,0.5875672231226898,1.16676185068846,0.0891036133952309,-0.2956159974101002,-0.3704733708926817,-0.082129299241686,0.1827807524336213,-0.364684212354408,-0.3411951662199326,-0.0237452586322714,exact,9
CHEBI:28842,related,,octadecoic acid,Mistral-Small-3.1-24B-Instruct-2503,-1,1.019023644335839,1.4223434174610017,1.200908837935625,1.2686180728006402,1.1230791319914268,2.010812888421869,1.8916491873657948,1.4589384900165772,-1.0995918091825334,-0.6465600969885149,-0.0879748499448545,-1.1243547482100384,1.3339910987562935,1.9370309620552508,1.9276737602057008,1.629816887004656,0.9107869070835376,0.8537166939499171,0.552367512189182,0.9695355561826876,1.2579435548737328,2.719881793043636,2.6353621013779502,1.7077977010798209,1.0996105975318298,1.3388867889133294,1.2043773873612131,1.291561955332366,1.288731434893956,1.5261580265880148,1.383303811353651,1.6120619400952183,0.939000603860036,0.895228214930443,0.6308998679853822,1.0152847923117334,1.099655639609782,1.5232698440521666,1.073506739947903,1.3843577140076544,related,9
CHEBI:28842,related,,n-octadecanoic acid,Mistral-Small-3.1-24B-Instruct-2503,-1,1.0427469445991158,1.5154146315894743,1.3060622390104777,1.3248618668628829,0.9688932360793502,1.1866578294830206,0.9932437575331838,1.1204631931206743,-0.7252220444571622,-0.5542081362639762,-0.0801940443244078,-0.8105673234600153,1.1455953519724371,1.1285536998387982,1.0045503147499872,1.2610261935605458,0.9988641310753642,1.1151702636230538,0.8853679949805588,1.124308826340359,1.119839597548527,1.2701680550336372,1.0696831554525066,1.3184772903304214,1.0444078656327078,1.1836361184305333,1.0395890546238873,1.1802231657588946,-0.1130964021136053,-0.4641839134758846,-0.4437298307856421,-0.2606864747451659,0.9701456668513784,1.0071520692075535,0.8353992928409896,1.070038862662899,1.1296937300555032,1.8845363079139767,1.4947666585487975,1.4819958796345267,exact,9
CHEBI:28842,related,,acide stearique,Mistral-Small-3.1-24B-Instruct-2503,-1,-1.3227953617687085,-1.0119369362687491,-0.8291545228486931,-1.3319335353486488,-0.7422160215241081,-0.8082283227709066,-0.6983703050166019,-0.8621516804550907,-0.3577807841376531,-0.5218461163767038,-0.0792285405866801,-0.4822853210594197,-0.5923111706904357,-0.602978383124887,-0.5630592641785651,-0.6782322558590931,-1.2056271044030833,-0.986851819381081,-0.7522956070781069,-1.2114779207987507,0.2110517431698441,-0.3173188949652082,-0.32509110074973,0.0332537701313308,-0.134650563942693,-0.4803537401382317,-0.4859437887228894,-0.2990382802706192,-1.3572127180491702,-0.9290115894001912,-0.825916214703213,-1.3042926806162851,-0.7292322554407089,-0.6923423190552043,-0.6434832880063179,-0.8336016494383143,-0.0400791535052237,-0.4526788779116006,-0.4097085903030772,-0.2453212963372137,related,9
CHEBI:28842,related,,acide octadecanoique,Mistral-Small-3.1-24B-Instruct-2503,-1,0.7930196148744023,0.5828845080024558,0.4086283146265241,0.8299170160405174,0.3957998441158897,-0.0724343095485333,-0.1469239082221124,0.2649686297596421,-0.4422848309585818,-0.5426688380833575,-0.0890894656452077,-0.5598836264625352,0.7316361525383709,0.3230301443361971,0.2029576910912004,0.654741490389411,-0.4633625657465478,-0.6805431260065989,-0.5785275499818107,-0.6119300914550198,1.1075051655170003,1.1979804422229698,1.0073180481139938,1.2908080362449614,1.1901285626144258,1.9414910572390944,1.791074999249615,1.50141547310702,-0.4039628095682222,-0.6647510879153036,-0.6068686440663843,-0.5283789567122811,0.4013191621095986,-0.0367332021377349,0.0680824847018076,0.2622975301802281,0.4384714057530504,-0.1307185348724373,-0.2091323086578593,0.2603865750501541,exact,9
CHEBI:28842,related,,Stearinsaeure,Mistral-Small-3.1-24B-Instruct-2503,-1,-1.5846853846182611,-1.0838605797815857,-0.8772743256727611,-1.524020300068137,-1.0200971332857496,-0.8751692732432907,-0.7461009300500994,-1.0884432249893785,-0.4181691867281683,-0.5194675729378324,-0.0868747535353076,-0.5378775976664706,-1.3799325077422762,-0.94633954474928,-0.8069882084582679,-1.3030252650102223,-1.872472818924125,-1.1647088692517515,-0.8623479035826841,-1.683067046133593,-0.2669132977030286,-0.5486222473885999,-0.4838021911789223,-0.4250554956928173,-0.3437820303141986,-0.4900462843990348,-0.4470436150133212,-0.4910453988615988,-1.3237662531638488,-0.8764300325249891,-0.7862979185279129,-1.2790261905307327,-1.6364466848046773,-0.9997738768930512,-0.7632363661224524,-1.524039566043199,-0.7277193225153966,-0.6969430574543695,-0.5499535611726395,-0.8344794282174852,related,9
CHEBI:28842,related,,STEARIC ACID,Mistral-Small-3.1-24B-Instruct-2503,-1,-2.186662216863042,-1.1832832915695364,-0.937562707613086,-1.9388382941929136,0.270006374967402,-0.1016376795902039,-0.195985201753305,0.1162755606988959,-0.7795932739995379,-0.6238690083302254,-0.0903849932890128,-0.8573002162987371,0.4391726313397419,-0.0178718722554645,-0.0959589975861195,0.3077865651508306,0.1776412566813081,-0.2427468206174765,-0.2912702887720382,0.0082909969105158,0.3225552673422398,-0.2419764336370236,-0.2423185994281914,0.1520512683131369,-0.4085933564960202,-0.5230414845812273,-0.4859670469730662,-0.548474855745805,1.0623235053871218,0.6734761180038181,0.5875672231226898,1.16676185068846,0.0891036133952309,-0.2956159974101002,-0.3704733708926817,-0.082129299241686,0.1827807524336213,-0.364684212354408,-0.3411951662199326,-0.0237452586322714,exact,10
CHEBI:28842,related,,Oktadekansaeure,Mistral-Small-3.1-24B-Instruct-2503,-1,-2.148968575016907,-1.2055433696778663,-0.9522805607600244,-1.913805371267175,-1.072494447531316,-0.9264472550346824,-0.7769062571284281,-1.1297299068201638,-1.7260632289711746,-0.8287952458769907,-0.1043249560254194,-1.6155111838992722,-0.803522834235331,-0.7390798496917094,-0.6685147817996594,-0.8533131641431169,-2.012624945295221,-1.2000289505798776,-0.8847133074011003,-1.776169305991023,-2.2431988393921785,-0.9582727967381776,-0.8025398480556591,-1.9012654578573285,-0.1617418581173385,-0.4350258321196583,-0.4157094130626348,-0.3245359344380309,-1.667454546827546,-0.9577352874702848,-0.8614851608852286,-1.5334995415628594,-1.0902167392956503,-0.806109685327355,-0.669135936158692,-1.1215008428700437,-2.053469732865795,-0.9347002069436688,-0.6782236450666207,-1.7561540707022676,related,9
CHEBI:28842,related,,Octadecansaeure,Mistral-Small-3.1-24B-Instruct-2503,-1,-1.171595301747127,-0.9751916337373484,-0.792941000217177,-1.2171539580713653,-0.227807714702357,-0.5474188294868796,-0.5185915180279845,-0.4027507505645206,-1.043021915769098,-0.6916798333181444,-0.0925083063050534,-1.0780653338300468,0.1098862436557107,-0.3022418136167337,-0.2974783894012381,-0.037919227723941,-1.2110184850178922,-0.9812347992903062,-0.7659221993155569,-1.2155078843968723,0.4053412004325709,-0.1819001354236989,-0.2050040419704458,0.2441498949192315,0.0739500363609149,-0.2810938713518942,-0.3068739896453118,-0.095489550503133,-0.3099541626459474,-0.6375419445914005,-0.6080521005656132,-0.4439040203630387,0.6257456234292451,0.2251359918998841,0.1582637724432261,0.543533725138627,-0.1827781435423399,-0.507294353307252,-0.434508996309929,-0.377710988692152,related,9
CHEBI:28842,related,,CH3-[CH2]16-COOH,Mistral-Small-3.1-24B-Instruct-2503,-1,-1.6199984924950666,-1.1204833987474954,-0.883964450346581,-1.5493252710153216,-1.5988609344234272,-1.1001011574109247,-0.8901441735019119,-1.524209458767813,-0.9080070975347276,-0.6939697740061697,-0.0988676040006578,-0.9660370596575832,-1.7318189804132826,-1.1944498370959111,-1.0187545483972045,-1.561811811261567,-1.4009031263588578,-1.0361013382872095,-0.771999612039292,-1.3549931443797096,-2.596678264647887,-1.0094137421948484,-0.8429616545166211,-2.1304506959879053,-2.020226085160981,-0.9835540911048976,-0.838677871032996,-1.780111758620691,-1.4515424721482406,-0.9017698390042734,-0.8013517114714271,-1.3749446634683675,-2.4735859734735475,-1.0946718525251529,-1.010125837521945,-2.085077786739045,-1.8146211951592617,-0.942064566504556,-0.6769611509610982,-1.6033739131923843,related,9
CHEBI:28842,related,,C18:0,Mistral-Small-3.1-24B-Instruct-2503,-1,-0.9626165397626004,-0.9139962880911632,-0.7526979049541288,-1.0531828990884449,-2.066605237179459,-1.1905460214685533,-0.9708544834868504,-1.8493693908414912,-1.251787609597146,-0.8346239396875602,-0.1071325387609826,-1.2471317549260408,-1.7852887427627298,-1.082715733746754,-0.952395456950738,-1.6002862047718622,-0.7699214375147628,-0.8042691341374286,-0.6101411342999274,-0.8713792526127834,0.2690570025274263,-0.2874162543208511,-0.3112820372651489,0.094352168230033,-0.4115514466055418,-0.5811001351241828,-0.5286305024478026,-0.5510746039738857,-1.8096884087294287,-0.992331103563231,-0.8613360368889963,-1.6357412954767048,0.0939183125768751,-0.2724904097621741,-0.3790093645000724,-0.0771366254974637,-0.1647306239013879,-0.5017919789217721,-0.4371082974126369,-0.3613207582694933,related,9
CHEBI:28842,related,,18:0,Mistral-Small-3.1-24B-Instruct-2503,-1,-1.2311378514554547,-1.0186904336436216,-0.8173821527603264,-1.262718306700252,-3.763398691834863,-1.4583276917037844,-1.137696791908863,-2.896735156523365,-1.3251890388762917,-0.7661760965676817,-0.1097598862524438,-1.3054835302935996,-1.797096010402664,-1.060688514327114,-0.9102197533204734,-1.6087544251417618,-1.0681242095485226,-0.928656688978594,-0.7148879168776218,-1.1073128841338584,-0.1680568162713106,-0.513345747471372,-0.4710959371010435,-0.3357875319929022,-1.7140607008412327,-0.9668917050810608,-0.8130512904926622,-1.5669541782691812,-4.992454603488695,-1.373805964210773,-1.1341387379408,-3.654483063850984,-0.5658842029377653,-0.6097729673499366,-0.6554484455528953,-0.6960998478011501,-0.7378496700662521,-0.6843112666938703,-0.5475273194007507,-0.8423883542665667,related,9
CHEBI:28789,related,,L-sorbitol,Mistral-Small-3.1-24B-Instruct-2503,-1,0.2714900915055303,-0.1988797642286232,-0.2157723211656137,0.1140394442551906,0.561514484837666,0.205806125777104,0.0605845014170083,0.4764326300838816,0.6611761899332522,0.1115087136644706,-0.0047324544330653,0.6114457442612565,-0.0409355256870849,-0.3482726771781482,-0.3299128903287622,-0.1847985509710989,0.6574892575172496,0.2904913170476541,0.1425964642157115,0.5872603643285687,0.135921349708737,-0.3644314772537563,-0.3697155213027939,-0.0438133761657924,-0.2264908014202137,-0.49044253520586,-0.4431517490664677,-0.3846931581420367,0.8500433141640851,0.8024502203431507,0.6389664217127767,0.8367712240726755,0.3323077589619817,-0.1600034493276151,-0.2662155794829339,0.1821531685694862,0.0974055352889526,-0.4161189670667583,-0.3816473057021858,-0.1110309059549212,related,9
CHEBI:28789,related,,L-Sorbitol,Mistral-Small-3.1-24B-Instruct-2503,-1,0.2542423442184025,-0.2159801829736715,-0.2506105093076308,0.0940118882470309,0.561514484837666,0.205806125777104,0.0605845014170083,0.4764326300838816,0.6611761899332522,0.1115087136644706,-0.0047324544330653,0.6114457442612565,-0.0409355256870849,-0.3482726771781482,-0.3299128903287622,-0.1847985509710989,0.6574892575172496,0.2904913170476541,0.1425964642157115,0.5872603643285687,0.135921349708737,-0.3644314772537563,-0.3697155213027939,-0.0438133761657924,-0.1545164529028888,-0.4339711428647811,-0.4170362513696855,-0.3177549321662519,0.8500433141640851,0.8024502203431507,0.6389664217127767,0.8367712240726755,0.3323077589619817,-0.1600034493276151,-0.2662155794829339,0.1821531685694862,0.0974055352889526,-0.4161189670667583,-0.3816473057021858,-0.1110309059549212,related,9
CHEBI:28789,related,,D-gulitol,Mistral-Small-3.1-24B-Instruct-2503,-1,0.7028680147765598,0.4095056986832131,0.2593674537557,0.6854661320275107,0.4806331102647531,0.0876897063490845,-0.0188356860931974,0.3707389023224794,0.7970546177819509,0.3812930494493082,0.00610230251695,0.793700887876348,-0.1416138811983508,-0.3818594305893589,-0.3661922577632233,-0.2795999506821656,0.267414766758355,-0.1865084065958699,-0.2480960023273294,0.1067987981236528,-0.6502261289077736,-0.674250714489618,-0.6062368261398856,-0.7510548600882071,0.0488252299324062,-0.4450605377873656,-0.3871184719794427,-0.120737947324804,0.5772097383609933,0.38473108312853,0.3068833699768251,0.4775209210254587,-0.1830065991959862,-0.5003797733316461,-0.5649418953582486,-0.3514710799646555,-0.962095068220564,-0.7920118543382377,-0.5962641975745466,-1.0131319052957275,related,9
CHEBI:28789,related,,D-Gulitol,Mistral-Small-3.1-24B-Instruct-2503,-1,0.675042047762987,0.3523426805810588,0.2011985418772065,0.6432156181973383,0.4806331102647531,0.0876897063490845,-0.0188356860931974,0.3707389023224794,0.7970546177819509,0.3812930494493082,0.00610230251695,0.793700887876348,-0.1416138811983508,-0.3818594305893589,-0.3661922577632233,-0.2795999506821656,0.267414766758355,-0.1865084065958699,-0.2480960023273294,0.1067987981236528,-0.6502261289077736,-0.674250714489618,-0.6062368261398856,-0.7510548600882071,0.2525693434965915,-0.3009115542386894,-0.3140203404149948,0.0907613909995057,0.5772097383609933,0.38473108312853,0.3068833699768251,0.4775209210254587,-0.1830065991959862,-0.5003797733316461,-0.5649418953582486,-0.3514710799646555,-0.962095068220564,-0.7920118543382377,-0.5962641975745466,-1.0131319052957275,related,9
CHEBI:28789,related,,"(2R,3S,4S,5S)-hexane-1,2,3,4,5,6-hexol",Mistral-Small-3.1-24B-Instruct-2503,-1,-2.0083766304462687,-1.1619658344315535,-0.9268744167973944,-1.819405679174192,-0.6945758870376837,-0.7635407406570507,-0.6746976576013518,-0.8220012857267828,-0.0960628129276698,-0.2437215285709367,-0.0518697694284365,-0.2324430928162104,-1.5297218066820102,-1.0823441508094878,-0.9351631704351568,-1.414430956736486,-2.4848796349165583,-1.267815391735031,-0.8991807571923807,-2.07729822171756,-1.1062566986601734,-0.7883510717207923,-0.6863954813573188,-1.107115742001931,-1.20553830461858,-0.8681926179556961,-0.7551382473498557,-1.1952530615771089,-2.100216114093453,-0.691986751111693,-0.6038626447872323,-1.8397361101133511,-1.6207744279139298,-0.8677769646793349,-0.7708700901236213,-1.5129524148199958,-1.6377684029778905,-0.8791736571472097,-0.6417294022743252,-1.4871777092400646,related,9
CHEBI:28616,related,,Carbamidsaeure,Mistral-Small-3.1-24B-Instruct-2503,-1,-0.3583008885129056,-0.6448087390824001,-0.5772330594306393,-0.5348711006353484,0.2408397222456243,-0.1641460894271316,-0.2062129540699473,0.0830259761533017,0.627615489038468,0.1274834967810768,-0.0220571845761506,0.5684318511409674,-0.0660236145211849,-0.2247464566645004,-0.2600893928019412,-0.2086512988331113,-1.1897770936577436,-0.9822806558489182,-0.7564229249253592,-1.199607161012483,0.5631061655944198,0.001040164875331,-0.0571868365637471,0.4308039122527942,0.2127739595035484,-0.2533675880453277,-0.2547637493425234,0.0481667008660915,-0.2145213052013247,-0.580515533843102,-0.5482723095926523,-0.3562132918506391,-0.1996325025170698,-0.6611599052463207,-0.2351914538132601,-0.3671920786994264,-0.045527724195397,-0.4233537168324327,-0.3774929264942616,-0.2504993551973673,related,9
CHEBI:28616,related,,Carbamate,Mistral-Small-3.1-24B-Instruct-2503,-1,0.1647637455464685,-0.2994661301121752,-0.3241436460383993,-0.0073646422996101,0.7806833320107208,0.6268736019993671,0.4224907760033466,0.7936893296239342,-0.872525211615555,-0.6935128542010106,-0.0952998786754748,-0.9362138760086858,-0.0778722465049151,-0.3722630932263723,-0.3973856031521332,-0.2198625405239791,0.6874735450567635,0.3377545667821438,0.1684193065605146,0.6288030470637707,0.674011850308438,0.1292758083365288,0.0496252673151399,0.5728838586850787,0.1091678217792373,-0.4302380496064897,-0.4021036124966365,-0.0597277609689892,0.0717963282891566,-0.5354937248452875,-0.5117825556890903,-0.079572446740005,0.7819298896665234,0.3288401804186018,0.1695312452214027,0.7637430974586276,0.6123937657960097,0.0306488986873564,-0.1143931950394791,0.4801569580437416,related,8
CHEBI:28616,related,,Aminoformic acid,Mistral-Small-3.1-24B-Instruct-2503,-1,-0.1224396129600107,-0.5293566602000422,-0.4607127548060236,-0.3087650722744628,0.419936746054128,0.0198141334301045,-0.061003085360451,0.2945751022456473,0.8343337661337945,0.3417128892050414,-0.0016094225059748,0.846286012891641,0.336340463115385,-0.1476597297291358,-0.2165579516338804,0.1955818431306716,0.2883017747835021,-0.1453479806770571,-0.220769896171103,0.1302552217083397,-0.7514819545779801,-0.6980464268474041,-0.6090125504167225,-0.8327023370060753,-0.4595006398350029,-0.588731351670795,-0.5278594609828899,-0.5929634644798014,1.1282785285028625,0.8156973343256279,0.6767844279456791,1.2832372720436027,-1.5421958207354378,-0.9507688224515138,-0.9343693712949456,-1.456985594356434,-0.2098078840379038,-0.5041216527958626,-0.4308281173081437,-0.4020792782638646,exact,9
CHEBI:28616,related,,Aminoameisensaeure,Mistral-Small-3.1-24B-Instruct-2503,-1,-0.706649346610687,-0.800011568935867,-0.6770140322751322,-0.842625443169304,-1.0966857083633088,-0.9157110042524884,-0.7533853682722829,-1.148655028396537,-0.6721139017036571,-0.686583403552528,-0.0969786829349218,-0.7644981962647528,-0.6679485353828147,-0.6700887123733082,-0.6154529394215307,-0.7416766437830251,-1.2550570970138055,-1.0048790572396205,-0.7763716764120675,-1.2482781644282273,-1.624740575038084,-0.8718178432046645,-0.7446411459016199,-1.4823745896271516,-1.0228274145402367,-0.7642056145141818,-0.6804134284601914,-1.0550502232562102,-1.3141007805180185,-0.9059948598249786,-0.8149583483907058,-1.2717030109471867,-2.609662168651986,-1.1125542907470614,-1.0648482475429082,-2.1713294501063385,-1.4026495999951538,-0.8187798776059363,-0.6106289048840368,-1.3281079159041989,related,9
CHEBI:28600,related,,farnesyl alcohol,Mistral-Small-3.1-24B-Instruct-2503,-1,0.6116234826110228,0.217755806019309,0.0757678746410626,0.5504184287937844,0.7074836456809407,0.4784927757785917,0.3221582896017663,0.6818430453653321,-0.0261604650270775,-0.4216375100233128,-0.0709120252874901,-0.1629492506741955,0.6505047019843991,0.269125190224455,0.1375672282685359,0.5536894268877238,0.652873630666255,0.2886354459630242,0.0893982708080918,0.5809381158347092,0.8257600100816157,0.3450490229983458,0.2022650727620316,0.7869791958424861,-0.1072449089859053,-0.5040837869281919,-0.4642538557609344,-0.2730398225128253,0.5208473644978678,-0.1066563619901651,-0.153522865466811,0.4095866463110034,0.8690741576608224,0.5700737746234414,0.3813212043842806,0.8987396245322415,0.2736788459962201,-0.3117563643173734,-0.3300498114401211,0.07299033045787,exact,9
CHEBI:28600,related,,"3,7,11-trimethyl-2,6,10-dodecatrienol",Mistral-Small-3.1-24B-Instruct-2503,-1,-2.2499674563616767,-1.2122072108088875,-0.9505846655743811,-1.9806275375816984,-0.9866314686236176,-0.8375116736262572,-0.7078100710520847,-1.0618569402321758,-0.1115215789652564,-0.3864921751681217,-0.0704903176582041,-0.2476417585690146,-1.9014375676276096,-1.1262922120588623,-0.9500094465346198,-1.6831664321045252,-2.2338854770277794,-1.229531242495497,-0.8627659051058305,-1.9195474351862123,-0.8121105578184429,-0.7162735935220785,-0.6332178918973189,-0.8808279341122811,-0.729367750963826,-0.6827238471842569,-0.6203452955584615,-0.820650930067902,-1.9298680236819568,-0.8858351218923101,-0.7535687504938258,-1.7208782128328617,-1.6800298994012797,-0.9278918207442814,-0.8329484512532391,-1.5547436362394045,-0.9313727458650816,-0.7757062062811553,-0.5916384568516566,-0.9902037189571972,exact,9
CHEBI:28600,related,,"3,7,11-trimethyl-2,6,10-dodecatrien-1-ol",Mistral-Small-3.1-24B-Instruct-2503,-1,-2.5261107873027084,-1.261738903279734,-0.9811361030086964,-2.1594220731552904,-0.9896305264476148,-0.8355817497274542,-0.7000255035813217,-1.064246520201448,-0.5093800627598374,-0.4982071307399064,-0.0765735335710688,-0.6205500626522751,-2.018651012410284,-1.1500056396429796,-0.9827721529008364,-1.7658931895571346,-2.582838535682541,-1.2968513626210938,-0.8925316905234336,-2.13756041739,-0.6170779845877328,-0.65899282322154,-0.592774562618691,-0.7239609261814873,-0.6840635102554492,-0.6830273503446346,-0.6164831047844205,-0.7833134994075807,-2.1745277437675683,-0.9461783309240088,-0.8124719197523081,-1.8909588487340976,-1.979928110788293,-0.9784487116583012,-0.8766475299857325,-1.7612066807859124,-1.4770048649038776,-0.8760523069268502,-0.6473589546641406,-1.3790189907714,exact,9
CHEBI:28600,exact,,"3,7,11-trimethyldodeca-2,6,10-trien-1-ol",Mistral-Small-3.1-24B-Instruct-2503,-1,-2.937596234542647,-1.3294745754458162,-1.0231106482575396,-2.4164137344185868,-1.1997051306955453,-0.9085335702664856,-0.7540074603055619,-1.2283196649990131,-0.88933173205126,-0.5990733484254102,-0.0817348175930776,-0.950360623799864,-2.094505642294581,-1.1900071626365507,-1.0034710896063816,-1.818969138268704,-2.661636966744513,-1.307312670028224,-0.9014151277834214,-2.185532789795353,-1.2774582197405573,-0.8077291678564108,-0.6894303163430648,-1.233998766162955,-0.8826298448670755,-0.7516479950094113,-0.6686093615835882,-0.9445988864495674,-2.123701414031633,-0.9355974369428872,-0.8037049448910571,-1.8559642556747733,-2.5701373129646923,-1.064956078435411,-0.9365795220853648,-2.1463998545532195,-1.6967764390328273,-0.914068168061428,-0.6622729116198437,-1.526257932314567,exact,9
CHEBI:28044,related,,fenilalanina,Mistral-Small-3.1-24B-Instruct-2503,-1,-0.4216965104344412,-0.6753625077452907,-0.6130048194236694,-0.5929880375812597,-0.1552409212070041,-0.47150246496519,-0.4561630873848364,-0.3325686902150143,-3.907490217986035,-1.1561437957469922,-0.1402521105184488,-3.146263759329796,-0.2840509751893471,-0.5414395120356387,-0.5313554979984464,-0.4098103944732058,-1.6214700175393708,-1.1220450345230577,-0.8230921942779714,-1.5114691789515282,-1.4886663054923694,-0.8616462936122863,-0.7418796450850278,-1.3863711452266292,0.7428225262750904,0.2457801378589864,0.1574173088336311,0.6891398315728661,-1.2925372361645575,-0.9313671622726672,-0.8434681079821134,-1.2553297574287603,-0.7376892548941388,-0.7813967945331423,-0.7577393462765184,-0.8405873852836846,-0.554268081426896,-0.6676799082543029,-0.5280667082990163,-0.696133369214272,related,9
CHEBI:28044,related,,alpha-Amino-beta-phenylpropionic acid,Mistral-Small-3.1-24B-Instruct-2503,-1,-0.9601289373846036,-0.9152623788430424,-0.7686109240464816,-1.0511906799066686,-0.2429606446142303,-0.5339367461270726,-0.4940875171254982,-0.4172113178207305,-3.679532012765761,-1.0944253328508948,-0.129209920915954,-2.993651796264442,-0.8443080772180055,-0.983705464564618,-0.835340612345216,-0.8864053075636299,-2.309487975452756,-1.26558168725276,-0.8777380937214574,-1.9675890306619443,0.0052519748083546,-0.4426607255430724,-0.4246434658289348,-0.1728981572458771,-0.744158201511434,-0.7519946259438964,-0.6589541000564723,-0.8327689388194229,-1.667922767033589,-0.922972980713084,-0.7815983505081092,-1.5338388731708756,-1.088247966979949,-0.8064440973518077,-0.7641320359633491,-1.1199833893887148,-0.2729522722713074,-0.5658069615126915,-0.4809741371518102,-0.4582005926741507,exact,9
CHEBI:28044,related,,Phenylalanin,Mistral-Small-3.1-24B-Instruct-2503,-1,0.3150759720753998,-0.1361965754947164,-0.2303375103212126,0.165405404893163,0.9719707260214788,1.2502313474579096,1.0322110013481465,1.126427338896521,-3.520609082156827,-1.1160661084442656,-0.1306260811848602,-2.8866476702577017,1.3557982988958563,2.21939017037523,2.1797534522399142,1.679976994730845,-0.5084297537635629,-0.723258384512279,-0.5553400510366179,-0.6512971754059381,-0.0109026209378041,-0.4421916255305513,-0.4322651685777376,-0.1884592052368665,0.7538924293038307,0.2467526856004259,0.1294903948712698,0.7048244108156213,0.6550838493313995,-0.0859279664570621,-0.1500470394155709,0.5745230715350196,-0.3553163545855061,-0.6125284969423276,-0.6272439997269554,-0.5108620960423309,-0.5064987866951879,-0.6598855948277699,-0.5321640725596776,-0.6569927865386808,exact,9
CHEBI:28044,related,,PHE,Mistral-Small-3.1-24B-Instruct-2503,-1,-0.9872589597418392,-0.9204768534764856,-0.7565444693473432,-1.0728644996194707,-2.4029485626184166,-1.3017632029212285,-1.041930515837126,-2.071491570540601,-2.4180748829466805,-1.0166294772731204,-0.1111898478750085,-2.123464196419078,-0.7518960376985688,-0.7316480157246479,-0.6609286269441326,-0.8111048684945247,0.517693675355149,0.0360618820447892,-0.0954343480878051,0.4034991193629546,0.5300820007040427,-0.0745993153868947,-0.1362173071286181,0.3903693263538481,-1.903388253400254,-0.9562754519867854,-0.8155662248649204,-1.6995810701288894,-0.5807882719950498,-0.7730138464016822,-0.68908446764071,-0.6826398493546523,0.5801071363534702,0.0435348155324433,-0.0479596957888403,0.4834130133753749,-0.3989056409392121,-0.6145336161144499,-0.5081952999918156,-0.5670205081608858,related,9
CHEBI:28044,related,,F,Mistral-Small-3.1-24B-Instruct-2503,-1,-2.166514584299608,-1.2881539855945527,-0.9869046384924046,-1.9254721050307904,-3.333260648333804,-1.4113791467808234,-1.098480464195307,-2.6464720813796583,-2.1869263444820306,-0.9672392620950628,-0.1034563275904443,-1.9569966444267235,-1.487865186240228,-1.011736456901465,-0.8821450908649987,-1.3834954185524788,-0.4682828758306839,-0.7258389026884375,-0.6043794702909928,-0.6162502481371546,-2.0584837506309683,-0.9566705054321204,-0.8096196455429474,-1.7788082714517497,-2.084201154579932,-1.039185041847802,-0.8976586043694383,-1.8238113089844328,-1.374434717423216,-1.017595840622195,-0.90503834497151,-1.3172580499861857,-1.3227020133658054,-0.979486824013156,-0.9131014879147648,-1.2971197072192888,-1.6642547828392318,-0.8670184485140999,-0.6347054289758081,-1.5047588939983951,related,9
CHEBI:28044,related,,DL-Phenylalanine,Mistral-Small-3.1-24B-Instruct-2503,-1,0.4207017382232907,-0.0528102721657792,-0.1406958125498696,0.2948007946267676,0.6119781755768231,0.3164903317325586,0.2258811690816643,0.5451177973110244,-0.9412068065319004,-0.6973489474127722,-0.0938453575628053,-0.9937945278349152,1.1568075464288536,1.2753190129861005,1.1188531432688862,1.2805721685224398,-0.1630594241907061,-0.5329400204625505,-0.4599962513061768,-0.3369118590530374,0.9968348895973436,0.7231548601763148,0.5564948339095251,1.0692069303630487,0.78172620205731,0.3627607428915213,0.2594237849085967,0.7448614475255528,-0.2908167614060536,-0.6073542914356471,-0.545442699675353,-0.4264806553986472,0.4674910722877291,-0.0494953647935665,-0.1281707038069526,0.341699863391525,0.915587451656018,0.5824651692991522,0.3057764452851242,0.9563489828631012,related,9
CHEBI:28044,exact,,2-amino-3-phenylpropanoic acid,Mistral-Small-3.1-24B-Instruct-2503,-1,-0.9977106440762228,-0.929152568289218,-0.7759645714255367,-1.0811830340702913,-0.4885448079294611,-0.6479828869100176,-0.5790608286431772,-0.643143933944323,-3.694349421663295,-1.0955445390274454,-0.1289003538440825,-3.003601276531345,-0.2935221812747139,-0.5855464330697848,-0.5269894815615276,-0.4183181477130688,-2.5955142225308254,-1.3173762512538274,-0.8816873184869648,-2.145307181241635,0.1320445205492581,-0.3699712456938487,-0.3867421967041902,-0.0477306233504123,-0.6262818782953039,-0.6919587998834728,-0.6111120407110795,-0.7351980877037885,-2.107671470067336,-0.9853197046276312,-0.8310355889347167,-1.844891730271213,-1.1759891575899382,-0.8310421246441971,-0.7846432594452496,-1.187102760014067,-0.4677488656819702,-0.6421368992885,-0.5226607075553225,-0.624886368132737,exact,9
CHEBI:27891,related,,S-sulpho-L-cysteine,Mistral-Small-3.1-24B-Instruct-2503,-1,1.1421008658470884,2.436924244082701,2.4164984228374755,1.602200957019234,1.053147191731916,1.5426868621980392,1.4179281638606478,1.2939707994208602,1.2034060324896334,1.5967858285940912,0.1417747444930295,1.4597792112147374,1.21806240591904,1.292989242686807,1.150900313341101,1.3918923527607874,1.1462746331920086,1.7591253709859036,1.388665108882509,1.4255840388279304,1.236730522336302,2.368607773969059,2.219999581909552,1.633492136763525,1.361057650927816,7.366516858117654,10.954773911020984,2.1943978368506825,1.401375539265304,3.6822116204324775,3.891274534148707,1.9118246276726536,1.0259818798107694,1.349262032249807,1.1577343837039122,1.1734586417181545,1.1475642575810343,2.1218057715248944,1.8781921446086776,1.5483954015015742,exact,9
CHEBI:27891,related,,S-sulfocysteine,Mistral-Small-3.1-24B-Instruct-2503,-1,0.8518467529429987,0.7380853060832399,0.5303694331748424,0.9316284268515372,0.8448384749753808,0.7959757667255881,0.6393038096087426,0.8978464198653369,0.9298188170214046,0.570066663443666,0.0593641172584239,0.9870546762691024,0.2007923753322046,-0.3428719075698698,-0.3657839308569122,0.0537766001172607,0.1301517289171184,-0.2731224801636928,-0.2209499412068942,-0.0424006741381413,0.5774946249253717,-0.0079921787867777,-0.064602599824628,0.448672174218569,1.234987560814243,2.347417754619579,2.289482437553838,1.6247152387079655,0.3501620382385952,0.1703118467290948,0.2033796706616892,0.2138445523831011,0.8298967323821818,0.656336230671081,0.5451350642244288,0.8367843887731281,0.2416773298969229,-0.3749021998905424,-0.3709586535780894,0.0384529316648199,exact,9
CHEBI:27891,related,,S-Sulphocysteine,Mistral-Small-3.1-24B-Instruct-2503,-1,0.5845692424391428,0.1633028549000335,0.0868612300946745,0.5121740335897228,0.5888375945055419,0.2720510859346248,0.1567340878021806,0.5133412782268978,0.570624951548178,0.1151774960175259,-0.0059782501419771,0.4969806920435043,0.612498241899295,0.0579994703058534,-0.0044820134479069,0.5077353365662898,-0.3216870232097442,-0.588946035060782,-0.4499533900160515,-0.4850822821430993,0.3822236004603087,-0.1917509328067017,-0.220760896379367,0.2180672202229817,1.1774831860938604,1.7819835320818378,1.669998485810837,1.4694344921895597,0.274662263135576,0.1088327375975201,0.1216168794539852,0.1314227814551131,0.3311403641938117,-0.0418157156589041,-0.1649704590504385,0.1808192818110676,0.1879847334365948,-0.3923993672360095,-0.3781090060718242,-0.018317724507082,exact,9
CHEBI:27891,related,,S-Sulfocysteine,Mistral-Small-3.1-24B-Instruct-2503,-1,0.5432658656722255,0.0860274456810603,-0.0160904666944144,0.4551858808557211,0.8448384749753808,0.7959757667255881,0.6393038096087426,0.8978464198653369,0.9298188170214046,0.570066663443666,0.0593641172584239,0.9870546762691024,0.2007923753322046,-0.3428719075698698,-0.3657839308569122,0.0537766001172607,0.1301517289171184,-0.2731224801636928,-0.2209499412068942,-0.0424006741381413,0.5774946249253717,-0.0079921787867777,-0.064602599824628,0.448672174218569,1.1967684657754951,1.942017583847344,1.8642945527195576,1.518643425888547,0.3501620382385952,0.1703118467290948,0.2033796706616892,0.2138445523831011,0.8298967323821818,0.656336230671081,0.5451350642244288,0.8367843887731281,0.2416773298969229,-0.3749021998905424,-0.3709586535780894,0.0384529316648199,exact,9
CHEBI:27891,related,,L-cysteine S-sulfate,Mistral-Small-3.1-24B-Instruct-2503,-1,1.025511016551906,1.4532235858456517,1.2576723859117824,1.2837188889115905,0.917628139935127,0.9869532739937252,0.7332641871383331,1.0245371355282715,0.9859472843084433,0.8403651562688185,0.0572332364990041,1.0745129494202414,0.98676732959138,0.6845094901876002,0.5679818877821136,1.0057351479113166,0.4146286293415533,0.0104769687996827,-0.036288156829686,0.2769291796018641,0.6305334813014319,0.0487071757466511,-0.0161174656693517,0.5159471369403732,0.8349571457042408,0.3711557646502271,0.2778403751211827,0.8240209632130221,0.768059324579258,0.7357018793244271,0.6154399744923877,0.7227004728477118,0.6495095774301679,0.3147862527216028,0.3378644154705224,0.5755262414564788,0.7693904162823467,0.2322103266581098,0.0022262654852267,0.7067421860447543,related,8
CHEBI:27891,related,,L-Cysteine hydrogen sulfate,Mistral-Small-3.1-24B-Instruct-2503,-1,0.7361857568554753,0.4422982691487312,0.2557831779214802,0.7374261743924937,0.6105609615610814,0.2997169127535192,0.1353524211060117,0.5431575745919313,0.7755598209105288,0.5017588354555225,0.0182614430444866,0.7639236576350841,0.3452796664028233,-0.2298817380304289,-0.2946933992045509,0.2051678823210229,-0.2259992010113619,-0.5130460629750394,-0.4469276580120405,-0.3965348965163218,0.1259022145109275,-0.3638766626478352,-0.3606303416531004,-0.0539254524938869,0.0489487724965944,-0.4074858905570737,-0.3910047319896981,-0.1206143229487484,0.3235125863025843,0.1196786622028798,0.1592471575727014,0.184485207957128,0.0852911723060389,-0.2958975804799122,-0.1350150638136039,-0.086076490385629,0.4044084217204979,-0.1939283609827849,-0.2466677998456119,0.2202111411643973,related,8
CHEBI:27891,related,,Cysteinyl-S-sulfonic acid,Mistral-Small-3.1-24B-Instruct-2503,-1,0.6843451800771219,0.3234122871930646,0.1888258502602827,0.6572307006405427,0.7723415714862836,0.5914795653413772,0.3750746732298268,0.78059171688468,0.9755577989481892,0.8342950473603524,0.0517918752533277,1.0580301067682292,0.4270463258402338,-0.0828861710278235,-0.1713550038416513,0.2943270494907981,0.0401037878428447,-0.3355887142577151,-0.3265518179315302,-0.1360595474227471,0.164765202050459,-0.34341424168619,-0.3512069669941838,-0.0144891970116292,0.5870329064464205,0.0788887599386678,0.0542688479850902,0.4808332936090143,0.3291165663469356,0.2324201577341408,0.1941135809283359,0.1906343252800683,0.355208855960344,0.0074800622420527,-0.1430153647839756,0.2084639413685321,0.2692741675786314,-0.2925898132999659,-0.3160564100544865,0.0682041772370282,exact,9
CHEBI:27891,related,,Cysteinyl-S-sulfonate,Mistral-Small-3.1-24B-Instruct-2503,-1,0.6305878006838616,0.2322308985088924,0.119116696404428,0.5776885474079261,0.6361624474081904,0.3404478451823338,0.1493162861762032,0.5788617162257197,0.5970289303449002,0.0746210093482632,0.0102887773282236,0.5298438001315406,0.4327083263647601,-0.1020406543266718,-0.1200905671131786,0.3006036404986917,0.2915733380102838,-0.1189048450783648,-0.1727423492338413,0.1339485295549108,0.0879363664639612,-0.3820646574683419,-0.3605744165275181,-0.0919090420471973,0.6264495081222002,0.0707446730471465,-0.0180895602372311,0.5315426650207646,0.1315989965472053,0.0581558470936203,0.0685884650327893,-0.0188281562102272,0.2399927828487767,-0.1487367506471834,-0.2266213511090851,0.0787482906814033,0.2550208841612654,-0.3162516950853668,-0.324235597101672,0.0527879344181953,exact,9
CHEBI:27891,related,,Cysteine-S-sulfonate,Mistral-Small-3.1-24B-Instruct-2503,-1,0.5930033129946146,0.1708992195765231,0.0298224771104964,0.5240158763736412,0.6104545734404476,0.2955679665106479,0.1132988760191509,0.5430104990473633,0.2750614883941222,-0.2578598406693289,-0.0148239702444008,0.1530134602897507,0.7875890041594419,0.2926047651033312,0.1979551749259163,0.7270254519603591,0.298466526050861,-0.1104968508822615,-0.1756815305947203,0.1417476755430489,0.3460254100485453,-0.2169341854939953,-0.2422557229845001,0.1778006973249219,0.7411993482287766,0.2304219901827698,0.1251689312445788,0.6868510491151264,0.4081426554234412,0.1941688003425772,0.2214940423573759,0.2787854054436722,0.4132454615078717,0.0186360053411857,-0.0372878967816889,0.276415798941264,0.3388248447710749,-0.2803052831498222,-0.3133067801206138,0.1450539328182182,exact,9
CHEBI:27891,related,,Cysteine-S-sulfate,Mistral-Small-3.1-24B-Instruct-2503,-1,0.6119975267919513,0.2036543405689771,0.0760640871643035,0.5509525353665615,0.6203944854412664,0.3061200917859472,0.1443731891686749,0.5567976139412487,0.4719629410499258,-0.0144552909980814,0.0057762223023352,0.3775749031863334,0.8037485379530213,0.322001083938864,0.1894469836906864,0.7483331467554348,0.0388699287923213,-0.340448896571246,-0.3168669537204677,-0.1373216646319431,0.486266301162952,-0.1061189111837495,-0.150249917593802,0.3378906509638407,0.7295822698827409,0.1870902985821584,0.0984440467739992,0.6705510970375326,0.3974860026337119,0.1778878355562267,0.1904090902332936,0.2667364778288601,0.1959727781705136,-0.2214159633941289,-0.0976865680602205,0.0308323796855655,0.4874037915289529,-0.196026139919631,-0.2667369328247088,0.3195993508280392,related,8
CHEBI:27891,exact,,3-(sulfosulfanyl)-L-alanine,Mistral-Small-3.1-24B-Instruct-2503,-1,0.6793831850598601,0.3194062226238962,0.1675238330678412,0.649741952133666,0.5175311507896677,0.1411945257147217,0.0023836110379698,0.4183252908765653,0.981844753787614,0.9492479613982472,0.0656307540754033,1.067987631654604,-0.0004345089875222,-0.4730935661737513,-0.472497235695565,-0.1459558650296268,0.3300779517077901,-0.070141750791977,-0.1846679558104169,0.1778207274740076,-0.0871503504858789,-0.4763638043610885,-0.4299766563499331,-0.260825463400045,-0.5839540756020212,-0.6561307451917093,-0.5873596070914769,-0.6995850463237506,0.2084198564278175,0.1406531947429614,0.1320406327787898,0.0609413545111764,0.0790524373753472,-0.1829178957502678,-0.3027016527633759,-0.0925240257470554,-0.4557159818933395,-0.6607529752079009,-0.525082050303692,-0.6148495853735632,exact,9
CHEBI:27311,related,,volatile oil components,Mistral-Small-3.1-24B-Instruct-2503,-1,1.2110411017888931,3.7489590090300497,4.425590850587264,1.874877568792904,1.2408166130855007,3.249438464427398,3.5220372859799625,1.818262921048432,1.2088924935688965,0.9786013338632638,0.0702728676648786,1.470782864854997,1.3591885368952796,2.380677340850953,2.343544582821882,1.6879712958030184,1.2452664317270812,2.3869995483867217,2.1166561784489493,1.678044783545752,1.1891703397753732,1.7974480432094049,1.6253214168197303,1.4908113917892034,1.1789587654331242,2.04116875300702,1.822933105040354,1.4731129315881306,1.17273501069667,0.8870551289756261,0.7227707703661184,1.366919433475387,1.2438000145921653,2.4182980783966217,2.454889898299234,1.684103714829755,1.2073525037774189,4.384436114740242,6.891194672496907,1.8980462932915625,exact,9
CHEBI:27311,related,,ethereal oil components,Mistral-Small-3.1-24B-Instruct-2503,-1,0.2579382900656442,-0.2699795359350579,-0.2935296086692491,0.0982896545698701,0.5006542673901524,0.0590509264708247,-0.014754461580093,0.3964331607576135,0.2863549929094821,-0.3651398209826766,-0.0718588213249833,0.1654589112081235,0.2337650814609289,-0.0804461294859935,-0.1480861340500554,0.0876849586926731,0.4120723154067562,-0.0559978411492894,-0.1568308429001387,0.2738736074850589,-1.0860750532799432,-0.7770346357490188,-0.6770967685486545,-1.0919401701234135,-0.0803909143899974,-0.3394460553904722,-0.34879597500331,-0.247358891028094,0.6143056816163803,-0.0949556062409053,-0.146720021557466,0.523251151026849,-0.6049994338839927,-0.8418219148443957,-0.69977936270026,-0.729486462728548,0.319948093848836,-0.2376661105201006,-0.2698690311852827,0.1239198122617315,related,8
CHEBI:27311,related,,ethereal oil component,Mistral-Small-3.1-24B-Instruct-2503,-1,0.2672052694106186,-0.2619760079413986,-0.2911357953613013,0.1090486053220555,0.5402407434890385,0.1135564579521281,-0.0010415384127909,0.4481324921832192,0.3665794769356995,-0.2510451752545619,-0.05909459780659,0.2553184170909209,0.3331549990951488,0.0121392254278648,-0.0806620585879117,0.1921732645221804,0.2687977261144582,-0.2039648697855162,-0.2606143683625406,0.108345363890005,-1.267402194957848,-0.81106719055939,-0.706252905467787,-1.2266336650794498,0.207534205403278,-0.1516852190850821,-0.1768521610045156,0.0426080999801859,0.7337844325026601,0.0363212589839654,-0.0518793520920629,0.6767239102799353,-0.6131218707216824,-0.8351483772856461,-0.678806046808452,-0.7363818728431432,0.3114736288005628,-0.2424941897555369,-0.2748140959125191,0.1145004859184163,exact,8
CHEBI:27311,related,,essential oil components,Mistral-Small-3.1-24B-Instruct-2503,-1,0.5558380606977467,0.0751782351882295,-0.0422517735968852,0.4723605519066253,0.8296614718391305,0.6407623717581632,0.4374650179911308,0.8726280538645317,-0.2817115554616603,-0.56138314391601,-0.0864648106121699,-0.411221115433349,0.3714747633684093,0.0104907730370695,-0.0966509044006915,0.2334372475028382,0.9125285715226304,0.8156921677526355,0.5470875843112567,0.972459885913519,0.151765236270739,-0.3538717762579889,-0.3433454767495294,-0.0277451863321531,0.123667152225095,-0.2736595606549469,-0.2864870516680828,-0.0448747904585248,0.8108208300772859,0.097189131297623,0.0555057492056475,0.7814388104820974,0.3519733209200885,-0.2328999333584814,-0.3252744841857715,0.2047299366513139,0.8988882713666545,0.5756483788057345,0.307732958314013,0.925193717094259,exact,8
CHEBI:27311,related,,essential oil component,Mistral-Small-3.1-24B-Instruct-2503,-1,0.5215977226558347,0.0161525565289921,-0.0791173294374711,0.4259227027676343,0.8953301217170402,0.819834080005832,0.6363445336390356,0.9846432886753302,0.2406987543280988,-0.342152247769554,-0.06612853848863,0.1154401448801437,0.5290397398458399,0.1775889470114713,0.1095725506859345,0.4096051389543158,1.0592583983311925,1.2891424505423843,0.918562373290386,1.2400534875419476,0.1149034136357766,-0.373626183081909,-0.3648899414069897,-0.0649833517367622,0.3896567393095968,-0.0589195877337487,-0.0955252465663587,0.2430666862693421,0.9699907740040132,0.3689346313105344,0.260930752221655,1.016034886216629,0.342616290840127,-0.2322338582935325,-0.3309722745907771,0.1939625095077934,0.8860999460124954,0.5436753465464818,0.2766997417266374,0.9018764803097408,exact,9
CHEBI:27026,related,,toxins,Mistral-Small-3.1-24B-Instruct-2503,-1,0.4707534382776124,-0.0546680639384925,-0.0999428077599303,0.3588386793928426,0.3810926571328031,-0.1150229488271675,-0.166710498040562,0.2471085029737576,-1.1049766691306988,-0.8621338611699138,-0.1106600677050704,-1.128741918329473,1.0545032855228411,1.1295213978288203,1.036474704608378,1.1101645421594972,1.0834429000710484,1.3197408997740354,0.9255626524851216,1.2891155645143566,1.0560076853017573,0.9423293908770364,0.8017521826902206,1.1824243767494935,1.2677817917720562,2.467800373830846,2.3623842439076004,1.7279962770106063,0.837601755119169,0.0696192047910137,-0.0003468064056062,0.819061250089122,1.0774859358227566,0.9416720894015794,0.7514731610143337,1.276039003683426,1.1075464950879648,1.635069799068731,1.256239144395828,1.4086493361057746,exact,9
CHEBI:26816,related,,carbohydrate phosphates,Mistral-Small-3.1-24B-Instruct-2503,-1,1.0276231842501604,1.4555963740441598,1.2639862674027822,1.2886793854547527,0.9814641185378856,1.211772615155752,1.0035020689281369,1.144985184574014,1.126837264919078,1.217166070363805,0.0997582156893841,1.3138938762406125,1.411342831202428,2.3962342767167986,2.3866015281687094,1.818847392628762,1.0141134188503966,1.0671813844032858,0.7082015502575223,1.1527022546657328,1.0549915103445149,0.9635389443155016,0.7980392263482204,1.1803874819044229,1.229123570193273,1.9266120140693832,1.736563546863073,1.6075777560653743,0.8527920306972642,0.1189658288410364,0.037446524728045,0.8407043331931593,1.0315350473301474,1.0000990413917734,0.7535270001978976,1.1841588118282171,1.073320967275944,1.3232382966345348,0.9129107776689804,1.3087284406959578,related,8
CHEBI:26607,related,,saturated fatty acids,Mistral-Small-3.1-24B-Instruct-2503,-1,1.11874257152245,2.1826062864459224,2.105696022697819,1.5290308000925823,1.1911271483045325,2.556886020288671,2.547418088402884,1.6485260856903567,0.68427081976669,0.2737780504972359,-0.0050843247819874,0.6414754741978593,1.0946123648262398,0.9530635502378408,0.7909292858734798,1.1749606421026937,1.1631661852024135,1.8108476872934085,1.550525436257318,1.464906484236707,1.221192020688471,2.1321705956170938,2.0165785452896503,1.5838267806876358,1.1229413865265832,1.4647891908134227,1.2888633782375225,1.341900575004659,1.1716758946356105,0.9364237117766412,0.7800080909361978,1.3648705065197346,1.246961917261863,2.578998866009262,2.4433588263877613,1.6936914159449423,1.200171680808913,3.808245370798104,4.971402657814337,1.8293630784329795,exact,9
CHEBI:26607,related,,SFAs,Mistral-Small-3.1-24B-Instruct-2503,-1,-1.187823118154288,-1.022759178509208,-0.828900091021019,-1.2296203993674075,-1.4676191510094907,-1.063192316860724,-0.8864474736740258,-1.42900192082077,-1.0636677274314252,-0.7552364310271841,-0.1023996577928469,-1.0950020248942982,-1.7204888361448545,-1.0487473873802309,-0.9301302181140017,-1.553632325841767,-0.5733207998007206,-0.7495248487615234,-0.60005652126103,-0.7072017720120515,-0.9491751415814697,-0.7555012073409214,-0.6618378201010225,-0.987683147610668,-1.4114193375851092,-0.8988875157703591,-0.7721633847208305,-1.3487461487432777,-1.1914065591353329,-0.9086981406971592,-0.8043196796627419,-1.177872156200122,-0.4268169607844199,-0.6911477328523322,-0.6755175792917918,-0.5748556767243431,-0.7538744226738222,-0.7349373157963145,-0.5661239694879191,-0.8548626847228943,related,9
CHEBI:26607,related,,SFA,Mistral-Small-3.1-24B-Instruct-2503,-1,-1.0060480749641314,-0.9617753381993636,-0.7930662932410696,-1.0878065243775898,-1.956356858533502,-1.2037933891162549,-0.9738933212532966,-1.774556986872083,-4.071477137546723,-1.1676966296523783,-0.1410858022625463,-3.255517936008255,-1.679037668181863,-1.0530633813620875,-0.9201629739949406,-1.523626154549046,-2.390231193109248,-1.3010100691458306,-0.8813511334286315,-2.01839096862393,-0.7711638791895662,-0.7122788559687678,-0.6297488257773731,-0.848385947790469,-1.1953588866069584,-0.8023041598872868,-0.702984094825121,-1.187545303258518,-1.8264363229261664,-1.0341973822355457,-0.901036196323652,-1.647672543919774,-0.3459721922984577,-0.6452606022836576,-0.6415223295810033,-0.5024105320625073,-0.5735953108236609,-0.6897046464008002,-0.5489339383187941,-0.7118361144311068,related,9
CHEBI:26078,related,,orthophosphoric acid,Mistral-Small-3.1-24B-Instruct-2503,-1,0.8400407227639147,0.7492667948433318,0.5350654678228421,0.9106702221272402,0.6766365265865246,0.3939561685194731,0.2286989328076185,0.6366357344156304,0.3798230304331459,0.0624290047187649,-0.0266924755375978,0.2704084952375681,0.2011781695089934,-0.4044978871562916,-0.4055297851389473,0.0541712748530773,-0.4746034322628746,-0.6920216538552706,-0.5951209980951144,-0.6217918112652455,0.1812936376106032,-0.3318070797698608,-0.3287562895699966,0.0024603524119916,0.6837907903486056,0.0651388377449108,-0.031083438038945,0.6076207328914688,0.4886012637315876,-0.2095808452187516,-0.2529718290215044,0.3715061086659119,-0.9708508029696146,-0.7577898520117096,-0.6234602909813717,-1.0285094532422947,0.2161626006284022,-0.3121064874995362,-0.3352861272253099,0.0112971082570546,exact,9
CHEBI:26078,related,,acidum phosphoricum,Mistral-Small-3.1-24B-Instruct-2503,-1,-0.1298155139181346,-0.5174985745080539,-0.4701991964569099,-0.3160963328210155,0.5809089615736387,0.1964635287180324,0.120971906689379,0.502564363937294,-2.602579265771132,-0.8935698091272845,-0.1111081468311939,-2.254415320418362,0.7178421677523622,0.1610917128101807,0.0787167677460687,0.6372594700313932,-1.2805770188818983,-1.0064360522559976,-0.755679604638173,-1.2671493751669052,0.6819587035668715,0.1250273522293229,0.0450834826502094,0.5834785209230485,0.9732779285029528,0.5816914162265256,0.4371442823861191,1.0494371936646034,-0.3219710000217076,-0.6792036281007614,-0.6113490573852698,-0.4548044504398968,0.0897162633133703,-0.3066863775111621,-0.3745981582659549,-0.0814944870827949,-0.277487501724469,-0.573412479793396,-0.4831441982782409,-0.4621894298268165,related,9
CHEBI:26078,related,,acide phosphorique,Mistral-Small-3.1-24B-Instruct-2503,-1,0.6421310265871258,0.2844083069598205,0.1541157910772705,0.5944822640522291,0.3665275798291033,-0.0863819088860825,-0.1274463294509012,0.2295513265836904,-0.8484134159128346,-0.6318179296953015,-0.0659317682866017,-0.9158524294388736,0.6867984325075815,0.1350595151935781,0.0317978177774325,0.5983762811655707,-1.228110998309731,-1.0004356091578657,-0.7606556215916522,-1.2282580103184104,1.0928809170866889,1.1445822986405232,0.9311026832020262,1.2589231289603144,1.1885616514785349,1.5142608072614154,1.3257073857006605,1.4973949680416991,-1.3779590764062803,-0.961501020335476,-0.849167496765596,-1.3199076180267295,0.2788356455116772,-0.2025912809791025,-0.2983503547428462,0.121757352424753,0.563724546139246,0.000319781675062,-0.1356251480326637,0.4158964838954289,related,9
CHEBI:26078,related,,[PO(OH)3],Mistral-Small-3.1-24B-Instruct-2503,-1,-0.9643143388143242,-0.921075759200777,-0.7687086769531255,-1.0545420252247948,-1.5148966340190104,-1.0763904822583967,-0.8709957301410141,-1.463519639500557,-1.220572201478528,-0.6899604004257222,-0.0865049918342763,-1.2221511582341198,-2.20879798626415,-1.2790512646542669,-1.0651785939090808,-1.8982956066095649,-1.7078142205880804,-1.121671565485857,-0.8223766688124643,-1.5712362698103124,-1.2023008246245237,-0.7959330894078136,-0.6971073669942962,-1.1786940082063144,-1.3951227278556164,-0.9263267472622404,-0.8088792311785328,-1.336755669957831,-0.9900054008625152,-0.7893177923402008,-0.7281215073490057,-1.0201013207875609,-1.4313033260426653,-0.8941885811182552,-0.8926439787360962,-1.3768920017986597,-1.3950704157639515,-0.8230580531165032,-0.6171266128141761,-1.3228853535275242,related,9
CHEBI:26078,related,,Phosphorsaeureloesungen,Mistral-Small-3.1-24B-Instruct-2503,-1,-0.8042887828211692,-0.8216821687507696,-0.6998430413184664,-0.9243206003986116,-0.5192863154588686,-0.7111958892524982,-0.6077873129809822,-0.6704016318799787,-1.5856446930029429,-0.8220719014370227,-0.0940000879358326,-1.5084644121653037,-0.2423106663677434,-0.6263505978423948,-0.5746759030931313,-0.3720992262346083,-1.945590312256104,-1.1995115924780344,-0.8790951291986911,-1.731869046592768,-1.5005439912201353,-0.8451657431127351,-0.7220848485091435,-1.3948153887714865,-1.059241483401886,-0.8762965613602626,-0.7640148217872615,-1.0833161901175543,-1.1574019444845614,-0.8705133763883408,-0.7787760472393074,-1.1515717127215606,-1.2916841985488257,-0.8680199991961896,-0.8680132584560523,-1.2740816283674286,-1.0224467995191049,-0.7808607398130603,-0.5830856687653464,-1.0577735597703686,related,9
CHEBI:26078,related,,Phosphorsaeure,Mistral-Small-3.1-24B-Instruct-2503,-1,-0.5139644497269796,-0.7287183573290306,-0.6493905063436943,-0.6758016658860984,-0.3258261188091816,-0.6063036720123858,-0.5398919680016995,-0.4951670617590173,-2.9109406229157746,-1.0429507461742038,-0.1248004870640644,-2.469988100103973,-0.0855746149580627,-0.5712132135283748,-0.5625252282672581,-0.2271322630129457,-1.43083123117453,-1.060727394426677,-0.8054155219367304,-1.376560814851168,0.464022642078318,-0.1102924460858413,-0.1521625124628232,0.3117287478193629,0.4602325696910623,-0.1979505468086242,-0.2079075234532827,0.3252903492151273,-0.5929141000868304,-0.7647707620454322,-0.7190572401926109,-0.6930129437052016,-0.2591067264839421,-0.5575524321525266,-0.616578194004658,-0.4228139074413942,-0.2919967270929976,-0.5548964736822197,-0.4669254517456019,-0.4749139223983358,related,9
CHEBI:26078,related,,Phosphate,Mistral-Small-3.1-24B-Instruct-2503,-1,-0.5519250673453759,-0.7415303634696058,-0.6530016726690651,-0.7092973992366512,-2.47551846233627,-1.279099104783783,-1.0126549244494834,-2.118301876862489,-2.119277694398509,-0.8845272573404963,-0.0999940335197509,-1.9077184832557232,-0.3767750902530651,-0.6753595829404568,-0.6179466090244708,-0.4923487270218544,-2.506689336137105,-1.326692456701508,-0.9143988617178292,-2.0907762261072693,0.5650936395190261,-0.0260885819094036,-0.1077306043110395,0.4332627676710598,0.4318300118648356,-0.3050335841399358,-0.2993275808097748,0.2918585846342072,-0.4077056387309331,-0.7799916216325621,-0.7013561561229557,-0.531705145547415,-0.3787636179052902,-0.6183930420338712,-0.6193911075617848,-0.5319782562519902,0.0174907571104185,-0.483364763472299,-0.4276880355698393,-0.1899621920308943,related,9
CHEBI:26078,related,,Orthophosphoric acid,Mistral-Small-3.1-24B-Instruct-2503,-1,0.5922176811647833,0.2100340811714645,0.0605027012791172,0.5229097679804225,0.6766365265865246,0.3939561685194731,0.2286989328076185,0.6366357344156304,0.3798230304331459,0.0624290047187649,-0.0266924755375978,0.2704084952375681,0.2011781695089934,-0.4044978871562916,-0.4055297851389473,0.0541712748530773,-0.4746034322628746,-0.6920216538552706,-0.5951209980951144,-0.6217918112652455,0.1812936376106032,-0.3318070797698608,-0.3287562895699966,0.0024603524119916,0.6315188305662639,-0.0051808629944703,-0.066102170631301,0.5381547885352962,0.4886012637315876,-0.2095808452187516,-0.2529718290215044,0.3715061086659119,-0.9708508029696146,-0.7577898520117096,-0.6234602909813717,-1.0285094532422947,0.2161626006284022,-0.3121064874995362,-0.3352861272253099,0.0112971082570546,exact,9
CHEBI:26078,related,,H3PO4,Mistral-Small-3.1-24B-Instruct-2503,-1,-0.8953880078606579,-0.9023650205798772,-0.7569043477582663,-0.9989862639367408,-1.9595360772625137,-1.187185442434597,-0.9548781254885788,-1.7767291932843936,-2.551074419654566,-0.994131270823724,-0.1193036120866814,-2.2180193672357813,-2.3527923863668647,-1.364859257570987,-1.1265319508689668,-1.9972018236208848,-0.6719711802447553,-0.7811662970998947,-0.5907346412552031,-0.7905205785236827,-0.6031147062456271,-0.646528143980633,-0.5777022899868518,-0.7124917503314193,-2.140345134034922,-1.0786825784533831,-0.9235852214597818,-1.8619415992830843,-0.9749446433998704,-0.858711586562627,-0.7641293006907873,-1.0081021425414316,-1.3932139441425642,-0.8918688842109863,-0.8690690179554802,-1.3490682654103672,-0.253874276669727,-0.5833759976047518,-0.476329877754468,-0.4413604241888242,related,9
CHEBI:26078,exact,,trihydroxidooxidophosphorus,Mistral-Small-3.1-24B-Instruct-2503,-1,-0.6776379793582981,-0.7976284020541476,-0.673832564400076,-0.8179996863279854,-0.8432342600105549,-0.8235874064913453,-0.686414751565598,-0.9459205779799736,-1.1397708231511172,-0.7106958963402253,-0.0780099906071913,-1.1570112403592123,-0.4327635725465147,-0.8689738315560851,-0.7713847916957923,-0.5414053664889782,-1.2454822643467842,-1.0041866488824414,-0.7254119093596527,-1.2411755188666818,-1.427359618438747,-0.8433376390662237,-0.7273674590846326,-1.3425820730101408,-0.6222057891395647,-0.7719703894931487,-0.681952288826158,-0.7317823226369427,-0.3403650161536771,-0.6507108895513818,-0.6201489288113539,-0.4714304941193147,-1.2113484227603142,-0.8546256163515512,-0.8626466051451595,-1.2138649851790568,-1.8471351111728824,-0.91420378866232,-0.6656795962055994,-1.6244408172824538,related,9
CHEBI:26078,exact,,trihydrogen tetraoxophosphate(3-),Mistral-Small-3.1-24B-Instruct-2503,-1,-0.8095497350834111,-0.8384849115021407,-0.7212553005214418,-0.9286723567778696,-0.5995107239729773,-0.7211057032912548,-0.6293556241600019,-0.7405675099999754,-0.4297809644837464,-0.3802186278788165,-0.0667981561950552,-0.5484871526823195,-0.8803896618987499,-0.9009208012690858,-0.7829377866347352,-0.9155008258739218,-1.3286845566083467,-1.0208405379977274,-0.7814659562124832,-1.302491550855715,-1.745329965940822,-0.8918731144009181,-0.7765154845334509,-1.5661737561363918,-0.6675393864968575,-0.7710463058024533,-0.7003516508922707,-0.7696112527609836,-0.8291859337673171,-0.74936815972288,-0.6868521073058844,-0.8904081171064341,-1.8636211347886504,-0.9970204355223768,-0.945950442448572,-1.6820952978870714,-1.9983637795420912,-0.9551280322985208,-0.6821712454655678,-1.721300630511298,related,9
CHEBI:26078,exact,,tetraoxophosphoric acid,Mistral-Small-3.1-24B-Instruct-2503,-1,0.3789276776078816,-0.0795158459850886,-0.1295243879232099,0.2427436671197145,0.5624921683696216,0.2133364516409117,0.1441236046067751,0.4777422621278332,0.3392541606092525,0.0041047284511869,-0.0194486389615028,0.224417616130424,0.2806112246795864,-0.3576362232272264,-0.3760493863869332,0.136494410745688,-0.3290145469230976,-0.606603803594888,-0.5196157273391667,-0.4917637811128364,-1.2792711336706375,-0.813277217319505,-0.7258169442620306,-1.235325437994358,0.4085750608797819,-0.2312577557059815,-0.2672627354248365,0.2648320385766844,0.6836550568521296,5.906614505976286e-06,-0.0576436121497562,0.6111107632828856,-1.3692026425667565,-0.8625985318677575,-0.7874121004320972,-1.331443333810676,-0.8514399072666066,-0.7279522530184053,-0.5658498161337856,-0.9298792443736972,related,8
CHEBI:25235,related,,monomethoxybenzenes,Mistral-Small-3.1-24B-Instruct-2503,-1,1.106773157732737,2.147848540876039,1.9948660747272429,1.4938239301408838,1.2667256149601351,4.031765612004202,4.833250164020662,1.9255291605976737,1.2063351469168409,1.4179289541724809,0.1195163662440402,1.465643689496545,1.4259063566022223,2.142171636620952,2.085149468522783,1.8585330729260496,0.8279908591328305,0.6293784518216611,0.3647136158127724,0.8358603533891517,1.0235246944249112,0.8572122045935955,0.6937393138855633,1.118984353516418,0.7943230585609171,0.4061223698547337,0.2902733180619686,0.7632760311840953,0.958238349082814,0.4414827638188189,0.321551174540475,0.99771955950679,0.7467893769756697,0.3073313133948984,0.1521840132650204,0.7120006997743196,1.171978333257156,2.692527789335651,2.6932855640226903,1.6553195740827285,related,9
CHEBI:24621,related,,hormones,Mistral-Small-3.1-24B-Instruct-2503,-1,1.0398275923394154,1.338576845534402,1.0880607890807763,1.3177839159696958,1.3204687001039377,6.55929589941773,11.49353975223308,2.26376766418358,0.7275559804363633,0.1212702417074455,0.05590226743967,0.6987593298580317,0.9082426517924614,0.9865770745671368,0.9112314503775208,0.891360876793394,0.5158072323584644,0.0330689169029408,-0.0965303124011865,0.4011199318633747,1.1695389957286495,1.5560929767774827,1.4013990221554276,1.4386146871152363,1.216724055607379,1.772997332906839,1.5898085485604156,1.5724364152508812,0.1026846882074333,-0.5715438300572052,-0.4387473916252739,-0.0483399950880753,1.1199911153241966,1.2050106974033503,1.0494039199728946,1.367178916250727,1.1295389264560096,1.863079990958584,1.509254191902274,1.4814524602892083,exact,9
CHEBI:24621,related,,endocrine,Mistral-Small-3.1-24B-Instruct-2503,-1,-0.990403572809385,-0.9911835873779477,-0.7948285748612002,-1.0753691199046769,-2.824649329253156,-1.3622380715850295,-1.063574739596863,-2.338552555688776,0.649762611353868,0.0045589590075794,0.0472069050144231,0.5967358157848496,-1.4172759096827725,-1.0663867412939474,-0.9229267859151516,-1.330983557039674,0.6837914157711386,0.2722596115493011,0.139805715130598,0.6236565618274026,-0.1666523499101221,-0.5400643403979722,-0.5173703105860181,-0.3345013866153178,-0.7235498339724044,-0.8442487013348039,-0.741196061678489,-0.815874688228044,0.7168493279730269,-0.1538490984653348,-0.1839778374321056,0.6543481936910482,0.3277511305159832,-0.3605998563880035,-0.4122264999323367,0.1769506500683262,0.1785014649316223,-0.3312870402377176,-0.3377578984681625,-0.0281987876270415,related,9
CHEBI:23449,related,,peptido ciclico,Mistral-Small-3.1-24B-Instruct-2503,-1,0.0349690242654584,-0.4355177973909209,-0.4103724192839356,-0.1476835855076219,0.0005928257414582,-0.4669659826284765,-0.4734406218149102,-0.1761886966753345,-0.9897971626264922,-0.7923752381301316,-0.1067046668193293,-1.034169687621955,0.5412925956644856,-0.0795014923086965,-0.1437748821313258,0.4237857609704787,-1.2264125513505166,-0.991207592943652,-0.7720149977343416,-1.2269928347428396,-0.9068863666112352,-0.7289494544828616,-0.6340801649285154,-0.9549909216130672,0.9804368735261066,0.5608949195586197,0.4429685146466753,1.062059379173821,-0.8169271663268478,-0.823454436605188,-0.7358686211749942,-0.8803751413991139,-0.900724191102864,-0.8154423435619779,-0.7534290669221864,-0.9729004700803232,-0.0856610733760884,-0.4374496276093135,-0.4055824407831752,-0.2883273253382898,related,9
CHEBI:23449,related,,peptide cyclique,Mistral-Small-3.1-24B-Instruct-2503,-1,0.3678259350780181,-0.1480915630693107,-0.2154864420594656,0.2291091421134235,0.1574687103387564,-0.3540698800137831,-0.3790743883954935,-0.0097449166758831,0.0208608463270431,-0.4101886358777777,-0.0787452122059449,-0.1154634113548389,0.7132253336176074,0.132793803469558,0.026695078833411,0.6314368113533915,-0.0761706808955309,-0.4808866423792719,-0.4613829955671034,-0.2526589459145787,0.0547174854141124,-0.4047228053290676,-0.3691193688856351,-0.1247240446175339,0.9942915808895172,0.6029221178753863,0.4816499538646386,1.086807871669209,-1.288454727416043,-0.9790086139489288,-0.8598059771701819,-1.252224365376711,-0.3667279422672559,-0.7032276126322724,-0.5062200224073896,-0.5211553664869114,0.0444936649820701,-0.3861277789053389,-0.349961253100174,-0.1635728434977771,related,9
CHEBI:23449,related,,cyclic peptides,Mistral-Small-3.1-24B-Instruct-2503,-1,0.9888623345643872,1.2449690639552478,1.0163913558926785,1.2008860134702006,0.7563157930518384,0.4391095507585599,0.2767108593973774,0.7556939287317029,0.9457197788909266,0.4484086772205058,0.0172133098032339,1.0114451252542218,1.2407984608281954,1.2981748460181717,1.1096761652209917,1.4354090994781905,1.1398265851941771,1.6619760390799296,1.3977259184572048,1.4108975793160303,1.2414942227533738,2.4123568837022984,2.346794310034633,1.6494572327420365,1.0462654891391143,0.7706375470615647,0.6311547108254429,1.1838143677535016,1.1406340679692153,0.7615439269669613,0.6032776963088339,1.306036169405113,1.14573956894327,1.5775215841304409,1.3597081882457505,1.4258773332339847,1.1859684505553831,3.11515532496208,3.351622181691115,1.730824629913411,exact,9
CHEBI:23449,related,,Zyklopeptid,Mistral-Small-3.1-24B-Instruct-2503,-1,-0.2884234563705586,-0.6193190796544031,-0.547600705218126,-0.4695798011392562,-0.4252609603761229,-0.6809813387718622,-0.6088790359482537,-0.5863530371322007,-0.7779803560433658,-0.767904471072431,-0.1100707515493673,-0.8559200133175102,-0.3084887018655485,-0.6609943037686314,-0.6204324287630307,-0.4317258092485459,-0.5505732792668159,-0.7428841528069929,-0.6119834329557546,-0.6877067515591911,-2.093557189008284,-0.9517803723886252,-0.794804853502322,-1.802217561469301,-0.5643776758186358,-0.7740670463416289,-0.6546746714815109,-0.6830059323140583,-1.235145071096701,-0.9058595633174464,-0.807795918209461,-1.211509672657063,-1.8709329006728164,-1.0794009207772557,-0.9436404097996516,-1.687103383319021,-0.8631059065244376,-0.7215289142255011,-0.559778371149537,-0.9387453385500106,related,9
CHEBI:23449,related,,Cyclopeptid,Mistral-Small-3.1-24B-Instruct-2503,-1,-0.2816287839166285,-0.6198185086524034,-0.5526279840503253,-0.4631589647839102,-0.3476978079891084,-0.6436017381267248,-0.5691720875703401,-0.5154378459365226,-0.6364399742525995,-0.7048867468138672,-0.1048601150970563,-0.7333098220536274,0.5138229854524384,-0.1855230096135496,-0.2352322858489526,0.3920974923517573,-1.3579946514617602,-1.0571206201190728,-0.7774259323822956,-1.3238784622126707,-1.3968526923365383,-0.8397488575801808,-0.7315172885635493,-1.3206617339119622,0.6093035942303184,-0.1225319755388243,-0.1445636989730326,0.5093336137867047,0.1150035716033757,-0.4744260884586485,-0.4424748762827992,-0.0357996124296849,-0.0011067636993013,-0.4502599163512466,-0.5174354839981131,-0.1741170486690859,-0.5232815609282779,-0.6468685158936988,-0.5221038136010553,-0.6707983270225417,related,8
CHEBI:23116,related,,cloro,Mistral-Small-3.1-24B-Instruct-2503,-1,-0.61894711017346,-0.8107553306574938,-0.6971766152266181,-0.7676632974384604,-0.2745617992205836,-0.6098150126113291,-0.5624332564575619,-0.4471608428626852,0.0437676680090584,-0.294833242187339,-0.0449023753802974,-0.0921044158822977,0.1576456788215432,-0.3704702262596102,-0.3917672089919202,0.0099367817757858,-1.2658333756214413,-1.0335606050363069,-0.7866298939195582,-1.2562574218429594,-1.520882702564939,-0.8565580225923544,-0.7326445493941207,-1.4092456607902952,-0.4108293545884553,-0.6748297302503878,-0.6338982707444425,-0.5504401549077057,-1.705284588986353,-1.052236773342762,-0.927297349106468,-1.560856048940518,-0.6432382251573625,-0.8648886093604944,-0.8641177987194946,-0.7618384854182032,-1.3653021995933474,-0.8210809331461904,-0.6112366594401327,-1.3023124120809504,related,9
CHEBI:23116,related,,chlorum,Mistral-Small-3.1-24B-Instruct-2503,-1,-0.2342558798272093,-0.6116374166738411,-0.5651835493493698,-0.4180224017293819,0.5349997695754818,0.0858698202489794,-0.012292734987992,0.4412171967992558,-1.2037537506069744,-0.8294035154326073,-0.1114121877337175,-1.208649935086989,0.6823781813928465,0.1201233196115421,0.0364155624936831,0.5928902018595521,-0.2553395481006902,-0.5933543657138992,-0.5430154010234894,-0.4239473432530899,0.0113912384066935,-0.4191724993543302,-0.4167269600178712,-0.1669626631017091,-0.3325828764839808,-0.6562117972953775,-0.6000131950362507,-0.4810285870160953,-0.7442543073738834,-0.8439276560179266,-0.7600396086932589,-0.8204452125589566,-0.1000686697294963,-0.6171775349277311,-0.6160767492960754,-0.2718644159517946,-0.5157013446730789,-0.671668763829533,-0.5360150421059823,-0.6645701951531978,related,9
CHEBI:23116,related,,chlorine,Mistral-Small-3.1-24B-Instruct-2503,-1,0.6971113496871767,0.3480519553739314,0.1917384978036878,0.676642801606682,0.8893964601859264,0.8507880629198851,0.6684313133903803,0.9741966851265046,1.169669453879275,1.1999215112307675,0.118174319897705,1.3938243711328344,1.2435440703411376,1.4052079266263466,1.2652657702394148,1.4407543072306783,-0.7249558105754615,-0.8504289305292114,-0.6743897721138795,-0.8344826429651002,0.6825827840701778,0.1225168449446888,0.0361445705346153,0.5843130969611322,-0.1424537243170588,-0.5569367370880575,-0.5323060915096347,-0.3064028176067034,-0.023293428336424,-0.5311034931108379,-0.5103788366558941,-0.1739151201163617,0.7153354869544134,0.0540225544991513,-0.0905269004622933,0.666841218631586,0.8475244370547071,0.3399099240188115,0.1024012651182015,0.8341065831339876,related,8
CHEBI:23116,related,,chlore,Mistral-Small-3.1-24B-Instruct-2503,-1,-1.1124212342244724,-1.0147213332959075,-0.8159843253895174,-1.1713812070036729,-0.6424721108183914,-0.809055828433014,-0.6908135736707797,-0.7775911684812173,0.2300706602508734,-0.2501172981392084,-0.0518466692416193,0.1039067694633454,0.281033059076712,-0.2463539852550582,-0.2605139594784393,0.1369374121127671,-0.3295677306655389,-0.6388602535961431,-0.5418500221407432,-0.4922676381024593,-0.0233777658189484,-0.4369533863419029,-0.4156842223687056,-0.2004198846235202,-0.3442382815661013,-0.625372915104899,-0.5715880861923169,-0.4914528876614079,-0.0383331696520336,-0.5849079235472504,-0.5743498742581992,-0.1885988689878527,-0.1308741659634102,-0.6538187089974183,-0.6500328096755944,-0.3016679434992299,-0.2748326199931553,-0.5712738501677977,-0.4786960098024849,-0.4598550681586322,related,9
CHEBI:23116,related,,Cl,Mistral-Small-3.1-24B-Instruct-2503,-1,-0.3433196542923708,-0.7158924851430453,-0.6172142453815761,-0.520984657394978,-1.7261469434832877,-1.1741446377486648,-0.9452056440260302,-1.6147849550937878,1.039355612222009,0.839944240937856,0.0897051535599429,1.1615667409970447,-1.2428101176071047,-1.0133358273333604,-0.858251031221544,-1.1992509607285844,-0.5300709068125851,-0.7648163125475725,-0.6355667295300835,-0.6700417635862754,-0.313704883861043,-0.5663754624627076,-0.5288342547808925,-0.466484570945459,-1.912563429380208,-0.990625712784661,-0.8565348725385147,-1.705939993872054,-2.1202405922372805,-1.151873974940547,-0.9882928198682552,-1.853575189651416,-0.2728709756366335,-0.6778161984470431,-0.7081049931472421,-0.4355533990514961,-0.9831679662076176,-0.7532964194972931,-0.5804876979339668,-1.0287786761061195,related,9
CHEBI:23116,related,,Chlor,Mistral-Small-3.1-24B-Instruct-2503,-1,-0.7254676623080704,-0.8612642314824439,-0.7287959110694734,-0.8585110398507996,-0.1274347939403385,-0.5599383296705801,-0.5123917218536781,-0.3052519192183142,0.5007264521752789,0.0471125500496978,-0.002653341689234,0.4118597589323609,0.5112518433697639,-0.070562640741049,-0.1620319824152005,0.3891503906645502,-1.0042963135163692,-0.9587409140244078,-0.7304336008206578,-1.058016741229606,-0.349920568302759,-0.5726768498437461,-0.5117442288126168,-0.4982079224983455,-0.4832571002390383,-0.7035778671878054,-0.6274054112304981,-0.6135454982553565,-1.8266274232399065,-0.996678694568342,-0.8580661850682795,-1.6478085570554102,-0.160166266775269,-0.6565015517596524,-0.6814576491887849,-0.3297473444857179,0.0539501008631305,-0.4286243923851118,-0.3864372370424855,-0.1542647197933939,related,9
CHEBI:23116,related,,17Cl,Mistral-Small-3.1-24B-Instruct-2503,-1,-0.5342921518868088,-0.7671054271108804,-0.6435193290796649,-0.6937787879939861,-0.8252958250715772,-0.8493059565153277,-0.7148161805644276,-0.9311766278838473,-0.1368679823519186,-0.3356428372468669,-0.0575321951706106,-0.2724333856119713,-1.024927736916207,-0.8983364473474784,-0.7688764603789707,-1.030442219746991,-1.27463893714663,-1.0377805553693775,-0.7831610226828564,-1.262766033340181,-1.8888449027913432,-0.914070668718482,-0.7752920472025662,-1.6644656812390968,-2.3400333411394985,-1.040657488002258,-0.8843851247760065,-1.9959924915840688,-1.185109534986421,-0.9602509996545152,-0.8612224442952451,-1.1730117291173314,-1.4218319155812544,-1.0003266541510007,-0.9643472995660914,-1.3699885756910977,-2.1910694923355947,-1.0168811502080397,-0.7194536244756807,-1.8422164253807625,related,9
CHEBI:23116,exact,,chlorine,Mistral-Small-3.1-24B-Instruct-2503,-1,0.6971113496871767,0.3480519553739314,0.1917384978036878,0.676642801606682,0.8893964601859264,0.8507880629198851,0.6684313133903803,0.9741966851265046,1.169669453879275,1.1999215112307675,0.118174319897705,1.3938243711328344,1.2435440703411376,1.4052079266263466,1.2652657702394148,1.4407543072306783,-0.7249558105754615,-0.8504289305292114,-0.6743897721138795,-0.8344826429651002,0.6825827840701778,0.1225168449446888,0.0361445705346153,0.5843130969611322,-0.1424537243170588,-0.5569367370880575,-0.5323060915096347,-0.3064028176067034,-0.023293428336424,-0.5311034931108379,-0.5103788366558941,-0.1739151201163617,0.7153354869544134,0.0540225544991513,-0.0905269004622933,0.666841218631586,0.8475244370547071,0.3399099240188115,0.1024012651182015,0.8341065831339876,related,8
CHEBI:22653,related,,asparagina,Mistral-Small-3.1-24B-Instruct-2503,-1,0.2608075843680457,-0.2071138753591247,-0.2380726924933277,0.101615818591601,0.3630346326275656,-0.0259632454421238,-0.1166559736062768,0.2253597794784857,0.114535934640595,-0.3497107576583635,-0.068344532917657,-0.0189569537783346,1.0398893857241671,1.005333699878386,0.8904185331479098,1.087129568551816,-0.2109660006357207,-0.6038785796677433,-0.4930216204626548,-0.3823968397975433,0.3854942234514327,-0.2067443418983915,-0.2259695597432343,0.2217395961042005,1.1714377550733397,1.5678075403686862,1.3907247736129758,1.4545042960461014,0.5979424117851503,-0.0150675200193056,-0.1097128743410519,0.502975492094063,-0.0924745272786268,-0.5187197933373985,-0.5590225271334739,-0.2644732132815158,-0.4755014299446053,-0.6604190935620582,-0.525262611817446,-0.6313359303564188,exact,9
CHEBI:22653,related,,N,Mistral-Small-3.1-24B-Instruct-2503,-1,-1.8490539716035204,-1.236284540525927,-0.940913750739047,-1.7103511597802208,-3.054519112939592,-1.3671882399731916,-1.0735661294893153,-2.479475579565848,-0.4259424429626627,-0.5700208678930148,-0.0792440935183478,-0.5449827378443931,-1.2669738566991535,-0.9491666666944188,-0.8129179684137298,-1.217669169344069,0.2229245320977142,-0.291857331505656,-0.2935011958519486,0.0575246892167352,-1.281160869210509,-0.8375309948282162,-0.7214817714812853,-1.236707964469404,-2.6114147660749047,-1.1407783452699702,-0.953203684317898,-2.1746213379352546,-2.4109911665094,-1.1458687548878572,-1.0032946222569576,-2.051616042377107,-1.3365856470416346,-0.9088499570431176,-0.8442586109882624,-1.3073943301752702,-1.2673744745777482,-0.8227532282247245,-0.6146460891894577,-1.2339316010093384,related,9
CHEBI:22653,related,,Hasp,Mistral-Small-3.1-24B-Instruct-2503,-1,-1.530065200711,-1.1062354858664238,-0.8949849503166365,-1.4846123301436558,-2.3292658586898467,-1.2875889604916042,-1.0171558500161255,-2.0235744779115654,-1.580270608932318,-0.8504295339432147,-0.1038425652408325,-1.5043360857377706,-1.130838067595706,-0.7925596701660909,-0.6932376636182572,-1.1131312661381478,0.1978648763903243,-0.3178167522429447,-0.3323066985794362,0.0301676614420973,-2.276748015333631,-0.9755859459363024,-0.8163429916846043,-1.923295531537039,-1.501513669914598,-0.9709180885477482,-0.8161525051182331,-1.4145710816484685,-1.2496848236119116,-0.8627912719318559,-0.7789750727291817,-1.2226447899093966,-1.881759003777021,-1.067559383382876,-1.0143265811169095,-1.694509881779266,-3.1144799294763725,-1.1059713599643584,-0.7647483030258011,-2.390032945689419,exact,9
CHEBI:22653,related,,DL-Asparagine,Mistral-Small-3.1-24B-Instruct-2503,-1,0.3980769320229638,-0.0806187315787181,-0.1399849171957818,0.2664564541978885,0.286490321220635,-0.1060237288786598,-0.1367105610153782,0.1352603479607382,-0.2365263766699107,-0.4883272835509331,-0.0811165881198656,-0.3684320258357367,0.9124585384759676,0.717666001406141,0.5466711606053107,0.8973391177597418,-1.50956267514269,-1.1053055402858971,-0.7877053933175038,-1.432785140887003,1.028505168691395,0.8433051488564809,0.6627995576007857,1.1284972025937388,0.9488829609849948,0.696578564659632,0.5584191458491737,1.0072264566538145,0.2684566347888876,-0.2278482771982142,-0.2376084498746764,0.1247496863667794,0.5475959426811892,0.0401084698322296,-0.0703373914945194,0.4415775334845297,0.8166927201555826,0.2924354114743044,0.0703919345173161,0.7824065176340348,related,9
CHEBI:22653,related,,Asparagin,Mistral-Small-3.1-24B-Instruct-2503,-1,0.3159651960668637,-0.1480776393780413,-0.2063894076980373,0.1664649905542853,0.987049106593346,1.3119056355508678,1.0858540167620891,1.1560184700080691,0.303288514759059,-0.2740077904291605,-0.0578864437386817,0.1842116973964687,1.243911025311841,1.7273635220932342,1.6656589496066498,1.4414702274776443,-0.6775700047629797,-0.8346200729538095,-0.634525333243338,-0.795191364191987,0.5812585035001571,-0.0263604129495369,-0.0822832662164736,0.4533723475433585,1.1204693120491154,1.3214914991152855,1.1925962552425575,1.33646103972009,1.2492841269086394,1.4390622206818573,1.25050645775127,1.5234937168722749,0.147062297307896,-0.4056921216758367,-0.4512363185159407,-0.0214353214323316,-0.1833359525125149,-0.5611145912737266,-0.465166759016616,-0.3782160319850841,exact,9
CHEBI:22653,related,,Asn,Mistral-Small-3.1-24B-Instruct-2503,-1,-0.2922222991300259,-0.6721465577523957,-0.5859827178365723,-0.4731639437801385,-1.755697214683847,-1.1099654769405178,-0.9051834436519052,-1.6355770271748191,-0.6749510363189999,-0.6349854647843136,-0.0872987493671519,-0.7669701160106542,-1.6598356026055203,-1.0030699828515284,-0.8599945416270653,-1.5096818492012187,0.9142486272217836,0.7283258561116147,0.4634081077860981,0.9753528618501623,0.6899819981300974,0.104095047652849,0.0429645068762244,0.5942367347044536,-0.577311318322307,-0.7137363704124203,-0.6334415183022737,-0.6939671230684611,-1.8333809376523296,-0.9880599053727672,-0.8674238127197418,-1.6526134481429864,0.8506696394081975,0.4788772009064888,0.2813406114248636,0.869361067623766,0.4314753150799402,-0.20306958383815,-0.2455442022846972,0.2520676958864775,related,9
CHEBI:22653,related,,ASN,Mistral-Small-3.1-24B-Instruct-2503,-1,-1.3650088200092974,-1.044374805737094,-0.8267788008333938,-1.3634489619694017,-1.755697214683847,-1.1099654769405178,-0.9051834436519052,-1.6355770271748191,-0.6749510363189999,-0.6349854647843136,-0.0872987493671519,-0.7669701160106542,-1.6598356026055203,-1.0030699828515284,-0.8599945416270653,-1.5096818492012187,0.9142486272217836,0.7283258561116147,0.4634081077860981,0.9753528618501623,0.6899819981300974,0.104095047652849,0.0429645068762244,0.5942367347044536,-1.7765100399790217,-0.9796930155899076,-0.8201593373609379,-1.611006796814049,-1.8333809376523296,-0.9880599053727672,-0.8674238127197418,-1.6526134481429864,0.8506696394081975,0.4788772009064888,0.2813406114248636,0.869361067623766,0.4314753150799402,-0.20306958383815,-0.2455442022846972,0.2520676958864775,related,9
CHEBI:22653,related,,2-amino-3-carbamoylpropanoic acid,Mistral-Small-3.1-24B-Instruct-2503,-1,-1.2669737868862718,-0.997143361493074,-0.8118645630805429,-1.289910640747384,-1.0612996216403938,-0.8671466164930889,-0.7576912245983948,-1.1209431384428026,-1.0383617335855404,-0.6981524557739797,-0.0938089017897468,-1.074235466058584,-1.916518147324852,-1.1384107518922106,-0.9679781472197012,-1.693860104282947,-3.373197646821562,-1.456850333515359,-0.9582251226460864,-2.600490191640331,-0.6442336630390363,-0.679012549362095,-0.606902031308325,-0.7461705967099638,-1.535547811557877,-0.9023288896874389,-0.7578708342672065,-1.4392389979000877,-1.8009813701379311,-0.8687670163316957,-0.758071979557852,-1.6295296394018584,-2.062459275023253,-1.0014130873398794,-0.9320337924816428,-1.8166522345390936,-1.5890981512971298,-0.907648458571878,-0.659907115743188,-1.4546994236976487,exact,9
CHEBI:22653,related,,"2,4-diamino-4-oxobutanoic acid",Mistral-Small-3.1-24B-Instruct-2503,-1,-1.9785997935968496,-1.1710847579197845,-0.93396594875961,-1.7991963692851656,-1.313639042338056,-0.9604392766469144,-0.8112870874696566,-1.3147589385114042,-1.4139160751348434,-0.7712457710705682,-0.0981336934414897,-1.375320200774235,-2.380428068276033,-1.2948008731059597,-1.0678820586011748,-2.016059042410145,-3.423306153866372,-1.4638692021906168,-0.9511635242288587,-2.628589337851281,-1.4614908511811198,-0.863527070480121,-0.7388756776158366,-1.3670032938257393,-1.7749439443056,-0.9360890609692224,-0.7971086322210558,-1.6099058278627956,-2.119799741897144,-0.9057508571952052,-0.7910727698435147,-1.853270805216765,-2.2124741494360936,-1.0162148289340116,-0.9306330001017952,-1.91604396918278,-2.281954685598236,-1.0056629194599296,-0.7159826115986316,-1.898340706429545,related,9
CHEBI:21547,related,,acetylaspartic acid,Mistral-Small-3.1-24B-Instruct-2503,-1,-0.1818646655185671,-0.5961980862369434,-0.5464758865879561,-0.3673226211285562,0.0462651682739706,-0.3361622026379171,-0.336397831099116,-0.1287383223161291,0.6532674655239612,0.1946524477075479,0.0033956203106026,0.601243845574562,-0.0482918261154062,-0.5215688883452003,-0.5330065800849655,-0.1918088642480981,-1.2280396894679315,-0.9604502830628006,-0.6918969372649105,-1.228204900122292,0.4405779798069434,-0.1419803960602018,-0.1921813553988128,0.2844855625482341,0.2664403601093999,-0.2138192841087557,-0.1687847085221066,0.1057693019287698,-1.0189065130169397,-0.7439821728298524,-0.619268177829865,-1.0430460460334725,-0.328428386416241,-0.5009406571573364,-0.518265821772792,-0.4864857285895233,0.5876091935051001,0.0327898521812692,-0.1081548552977992,0.4471329499805125,exact,9
CHEBI:21547,related,,acetyl-L-aspartic acid,Mistral-Small-3.1-24B-Instruct-2503,-1,1.10380096651811,1.9395715978794608,1.7695840894059127,1.4852913707457134,1.1924278789765146,2.597692535135527,2.5322553952080704,1.6525491798242138,1.3996682446956157,3.028626863982724,0.3142844592186215,1.925646419973836,1.422364176310242,2.618432546398388,2.8057136952117894,1.8487326250422755,0.9868518325432112,1.0884885097128838,0.8840751691958917,1.1023035385478304,1.1265998992101802,1.3386332514948496,1.1445150920046796,1.3339671968149964,1.0412642578112865,0.9966424352340172,0.8236839506430375,1.1741682905648765,1.2871889474510838,2.450584521586704,2.4217082149223192,1.6084767150301935,1.1218483667679844,1.808322697765841,1.8079022540987029,1.3713175349649078,1.0973072690054655,1.541301715015209,1.125323848828723,1.3772881357824704,exact,9
CHEBI:21547,related,,NAA,Mistral-Small-3.1-24B-Instruct-2503,-1,-2.1976617577300868,-1.257243547615691,-0.9802892733030442,-1.9461219087300947,-1.8980779119837008,-1.1712928558476092,-0.9390651945970578,-1.734577179499723,-0.6239461139497662,-0.559485249340495,-0.0713431199206891,-0.7223395822657495,-1.842399181688146,-1.0576991524545256,-0.9116840783309024,-1.6411548822761122,-3.025806900064398,-1.3980253616380054,-0.9389597927859634,-2.4017940319750366,-0.2201547980799243,-0.5305104988664805,-0.4957259657978575,-0.3831363041666543,-0.7837619518240532,-0.7296228231647269,-0.6307098934394407,-0.8650479732885601,-2.835190853222635,-1.0949823533984533,-0.9127436239887192,-2.3319221774159264,-1.8684086686297003,-1.0114370842643416,-0.8850879681641642,-1.6853749834719078,-0.5017308358307877,-0.6577481715049025,-0.5106066919097765,-0.65305976234308,related,9
CHEBI:21547,related,,N-acetylaspartic acid,Mistral-Small-3.1-24B-Instruct-2503,-1,0.2484815076325777,-0.2891354490397873,-0.304979366051352,0.0873590663597693,0.6760906079821046,0.3854481502276015,0.265921415932049,0.6358451101775134,1.1249672653130076,1.2725720411057433,0.1036307999124965,1.3104921501098905,0.4407813357202366,-0.1229552100511359,-0.2097097226062031,0.3095769291460541,0.1083506711925468,-0.2855455707464468,-0.2761962120617489,-0.0653636885849544,0.6938580666795783,0.1286961987558886,0.0317135429609256,0.5994565824519879,0.9140782073076712,0.6596393463497531,0.5942031007255107,0.948983609937101,0.6574405902849894,0.5212559473409598,0.5797064776153744,0.5775198447273439,0.423495373440524,0.0826485364776047,-0.051184629447123,0.2886156655962132,0.6323881987065918,0.0830890840444329,-0.0746490328721591,0.5072779390014017,exact,9
CHEBI:21547,related,,L-N-acetylaspartic acid,Mistral-Small-3.1-24B-Instruct-2503,-1,0.5800793217691866,0.0995493929326751,-0.0140125915828296,0.5058990918409527,0.8683160811879398,0.8136296454693583,0.5966899506873312,0.9376276703473808,1.0116619917953338,0.9478380173905456,0.0901599979427083,1.1159258014531612,0.8680791026105993,0.4098766058627414,0.2227332419168811,0.8352521866375608,0.4215369435000879,0.0234145121022861,-0.0715162948501046,0.2852059966774709,0.8122165884583706,0.3121590773544391,0.2037505837163094,0.7667396439724765,0.9159680415816384,0.6744539841288126,0.5664655671617673,0.9520901972245392,1.0406680764838323,1.3723966235512386,1.2377517172536072,1.1302348650270182,0.6990484355133743,0.5200505794728841,0.3392535410523042,0.6438592100078228,0.6847536123072622,0.1605308518993856,-0.0235625465911419,0.5805164683770387,exact,9
CHEBI:21547,related,,(S)-2-(acetylamino)succinic acid,Mistral-Small-3.1-24B-Instruct-2503,-1,-0.0719749347579724,-0.5359000798541678,-0.4942797309488605,-0.258106689452726,0.4404564518908184,0.0288947165731123,-0.0492951141081616,0.3200426611646312,0.7408026127559642,0.5077643105997849,0.0233611142925686,0.7165634929735814,0.2235009905281492,-0.3218371245186616,-0.3522464837755087,0.0770909586963879,-0.164915614951476,-0.4687618108314119,-0.4264570519109176,-0.3386866761571027,0.0677189724138283,-0.3894601232473327,-0.3739458867074455,-0.1119261199250618,-0.3692717561979825,-0.6274310060606688,-0.5689422251357292,-0.5137404066475955,0.1912452655715026,0.1693683214171674,0.1054627286708151,0.0429300855993631,-0.4602810860096529,-0.4547056389546689,-0.5037068744265403,-0.6044083540913792,-0.1937186299305447,-0.5483147788366471,-0.4594226993847807,-0.3875998631086214,exact,9
CHEBI:21547,related,,(S)-2-(acetylamino)butanedioic acid,Mistral-Small-3.1-24B-Instruct-2503,-1,-0.4968147326062291,-0.7616558520563117,-0.6526866166890004,-0.6605615410866053,0.4912113509893746,0.0917836008248369,-0.0279295973579541,0.3842777483267862,0.5678178354488413,0.2718603522056436,0.00128803485932,0.4935105347786468,0.3321294910073792,-0.1889511885215594,-0.262484765747119,0.1910767494191279,-0.4522643169138191,-0.6294579737659971,-0.5112610922073373,-0.6021652963320699,0.1045549343088609,-0.3696233920577561,-0.3712740310395653,-0.0753469615733948,-0.8492073000762134,-0.7130266414571484,-0.6242426123340433,-0.9178668754926386,-0.1398954108168909,-0.0221410189042139,-0.0614126328287332,-0.2861727852893301,-1.0364944187609249,-0.6614526637872034,-0.6434076528884233,-1.0799003832119871,-0.5198717536434342,-0.6503918907901867,-0.5247451740740668,-0.6679982234368198,exact,9
CHEBI:21547,exact,,(2S)-2-acetamidobutanedioic acid,Mistral-Small-3.1-24B-Instruct-2503,-1,-0.6661677546427615,-0.8283817113031151,-0.7004662642033909,-0.8082172911683774,0.2942543243600246,-0.1375250687040474,-0.1771806894979269,0.1442518722355364,0.6684445193344138,0.4474926015654379,0.0113388431332619,0.6208580019879062,-0.0844352525378651,-0.4739775335236677,-0.4641621488631521,-0.2260578025797529,-0.5431982163255964,-0.6813887863869936,-0.5345776889632619,-0.6813626991177794,-0.2897673463110061,-0.5598868372937134,-0.5215945027335945,-0.445353827841362,-0.8426766688861089,-0.7063721721153272,-0.624479805372785,-0.9126247032814092,-0.2087643471564604,-0.0525365655568654,-0.0775492391177931,-0.3508573597968324,-1.0732033724324062,-0.6686687239883056,-0.6414768078463072,-1.1083699364299582,-1.301882260952845,-0.8350031429592424,-0.6175848071449339,-1.258153094802912,exact,9
CHEBI:18259,related,,beta-D-GalpNAc-(1->3)-alpha-D-Galp-(1->4)-beta-D-Galp-(1->4)-beta-D-Glcp-(1<->1')-Cer,Mistral-Small-3.1-24B-Instruct-2503,-1,0.7137702207266344,0.2270476171989091,0.0713886753226355,0.702298186688367,0.8614730730198761,0.8336092997924545,0.6220291138025036,0.9259327579232588,1.0427819564271632,1.346006606644857,0.1153286268596978,1.1672927059639275,1.1344220645720664,0.7810493624033766,0.6132624154428425,1.2417794958601287,0.9119170441823534,0.8415533868384836,0.5911430102973786,0.9714325344444924,0.3869268323825448,-0.1653210768460913,-0.1981935974725974,0.2233500049644835,-0.2078974416442792,-0.6422120471349068,-0.5821748611856777,-0.3675285272476751,0.7561045581493928,0.8585910495584289,0.7846018215875614,0.706556657394759,0.3651349284380172,0.1917767669096808,0.0533181006984785,0.2199541628466807,0.2527576555366702,-0.3046278699109399,-0.3160219643980688,0.0503499772982072,exact,9
CHEBI:18259,related,,beta-D-GalNAc-(1->3)-alpha-D-Gal-(1->4)-beta-D-Gal-(1->4)-beta-D-Glc-(1<->1')-Cer,Mistral-Small-3.1-24B-Instruct-2503,-1,0.7359591055488159,0.2639281450972057,0.0987140669740737,0.7370673694401337,0.9119049249784056,0.9729112867115176,0.7055680117604861,1.0141991109471058,1.0638880520015837,1.3943304055848396,0.1244986616463423,1.2029684174263493,1.1627328862906148,0.8453187768269769,0.6712615333828125,1.290998703173511,0.9307360957953272,0.8860163406763726,0.5765419491372451,1.003336776747547,0.5236441976815138,-0.0410301110533191,-0.1150026426471865,0.3825772130134118,0.0405605178000833,-0.5165700115928067,-0.4871496814410567,-0.1289964848833477,0.9352623241495368,1.1744200196218495,1.1074340662534,0.9624177856427556,0.344510001030502,0.1791142272082529,0.0338947494642076,0.1961379434386576,0.4499211959835889,-0.1563302135680283,-0.2253561885165722,0.2740786287456884,exact,9
CHEBI:18259,related,,a globoside Gb4Cer (d18:1(4E)),Mistral-Small-3.1-24B-Instruct-2503,-1,-2.273926446173903,-1.255489466809195,-0.9708382351384376,-1.9963624034672385,-0.5974497453440576,-0.7455543884661806,-0.6004553795384968,-0.7387819190912626,-0.904824749985315,-0.6247308854069988,-0.0607913570620986,-0.9633689443161086,-0.3252297937600195,-0.7197288118575669,-0.6652689751798042,-0.4466710050742683,-2.479767007046964,-1.2910445994448254,-0.8573608675913789,-2.074133573137149,-0.6201729066693337,-0.6564236686969949,-0.5855521714648633,-0.7264984913633314,-1.4849128926838366,-0.9468950016557096,-0.8021701013031197,-1.4025000344191534,-1.4500312645521187,-0.5589092476848131,-0.4012777570783133,-1.3738196827519584,-1.592841309009169,-0.8883770190250129,-0.6344736417457649,-1.4931299752308378,-0.9751501717778502,-0.7879960644831531,-0.6028099387059183,-1.0228329992225018,related,9
CHEBI:18259,related,,VT2vp1 Receptor,Mistral-Small-3.1-24B-Instruct-2503,-1,-3.5599765511326127,-1.4294172887998462,-1.0792185119271531,-2.787250691416548,-2.368914459238738,-1.2478010541252411,-0.9944892069556612,-2.049408102908483,-1.2595096804133223,-0.6866152050013682,-0.0888475698468483,-1.2532960138884393,-1.905383152658589,-1.3828579164329482,-1.1487211031066726,-1.6859657160882893,-3.636188977124536,-1.4871357711257749,-0.9729950708536376,-2.746490005414264,-2.790647314948983,-1.020809164347796,-0.856278643642405,-2.2537379619036595,-3.165744339484238,-1.1473622580502174,-0.95705936998302,-2.5290102274104,-3.072330213902836,-1.0307033575640436,-0.8488827513343697,-2.484798018208456,-4.151449660892349,-1.2453328028760375,-1.1082952631838556,-3.0803153549756144,-2.901014279972791,-1.0899422409163957,-0.7582657917703755,-2.267387388706639,related,9
CHEBI:18259,related,,Slt-iiv receptor,Mistral-Small-3.1-24B-Instruct-2503,-1,-4.038057853314188,-1.4880737115247695,-1.1225532259709747,-3.0601241610959247,-1.321649990166216,-1.004357186855782,-0.8085422395500599,-1.3207738429547005,-1.61408300353823,-0.8705513153239792,-0.0840463110108676,-1.530270997041084,-1.6238592717500782,-1.2177347854765723,-1.0280865353291289,-1.4834796916346555,-3.2267681814981533,-1.4243400369020656,-0.9363099846454348,-2.5175845609278187,-2.325518898858774,-0.9691533727094056,-0.8186195508621961,-1.9552112277993705,-2.410580834200135,-1.0522968602454457,-0.8864109774291942,-2.042801567197459,-2.669691383431232,-0.8521812533117604,-0.6596046418296517,-2.223674096059212,-3.360395657664291,-1.1747563530318088,-0.9933353759796266,-2.627856990926188,-2.8136002994227933,-1.0678499539092974,-0.7441473604800742,-2.216539319042228,related,9
CHEBI:18259,related,,N-acetyl-D-galactosaminyl-(1->3)-D-galactosyl-(1->4)-D-galactosyl-(1->4)-D-glucosylceramides,Mistral-Small-3.1-24B-Instruct-2503,-1,1.071847303775592,1.5856406783098522,1.418271571089451,1.398130129952502,1.1495907410311108,2.302732999675043,2.246686032896604,1.5285277589981832,1.4872853655674811,5.2602287518773085,0.7217036189234735,2.229533324707955,1.4663049863121913,2.7669356862418475,2.9912709782082443,1.9782892809805923,1.2966455326803112,2.9942109092228364,2.894709793742204,1.83891974784592,0.9472819088418232,0.6527153607004237,0.4819693625732785,0.9815538690650736,1.1581575410199658,1.428215843165226,1.3103206472030642,1.4224590561658086,1.3141795452157148,2.876386408287712,2.8856890480758945,1.672836973993505,1.1796612156943014,2.584111844520461,2.520403235451176,1.508109096123345,1.119965871863331,1.7044100231224746,1.3364039432236874,1.4487437507828116,related,9
CHEBI:18259,related,,"N-Acetyl-galactosaminyl-1,3-D-galactosyl-1,4-D-galactosyl-1,4-D-glucosylceramide",Mistral-Small-3.1-24B-Instruct-2503,-1,0.7902629509759236,0.4364866630573852,0.3039133509777694,0.8253085348934683,0.7760837930434669,0.668430314340582,0.452237641850197,0.7864556001283355,1.240446956977275,2.1115191284670254,0.2323593227247446,1.5357343657632012,1.2065594324121776,1.0720746379477748,0.9357046063719222,1.3703581305480144,0.928817239688734,0.8993263149425595,0.5885860243490119,1.000055933871952,1.098041655922683,1.2160272628967277,1.0289933791889772,1.2700661441758123,1.1116174669384724,1.1627764728818897,1.008870515731176,1.3171938836209296,0.8766155439784313,1.0648769904804911,0.9216348213468756,0.8751121293727956,0.9067074477898932,1.2248344140057823,1.0125307693842525,0.9604377812705152,1.123167726312855,1.7552363588889546,1.3817522200087269,1.4594943713697108,exact,9
CHEBI:18259,related,,"N-Acetyl-D-galactosaminyl-1,3-D-galactosyl-1,4-D-galactosyl-1,4-D-glucosylceramide",Mistral-Small-3.1-24B-Instruct-2503,-1,0.8231447716766938,0.5192755620820014,0.3723348631423661,0.8811695761799174,0.8607283561754397,0.8817050989658243,0.6366504588995096,0.9246650562239508,1.2746711440463472,2.312904345983498,0.249233494714013,1.6097605404139468,1.2378792029809027,1.1926605845549134,1.060960606246693,1.4297477211441156,0.9551042718246656,0.9751333093814524,0.6570649877196331,1.045575005255921,1.100413237896247,1.2260630482783574,1.0375047874155614,1.27522604922386,1.1376421362025035,1.304601951148791,1.1402674025895196,1.3748063868522382,0.9121694885385516,1.1283946561405438,0.9625949219772912,0.9275774042720948,0.9300117356328657,1.296451525274,1.1282580088899494,0.9998298437447444,1.1251610806623331,1.7804408710489972,1.4187579006158408,1.466281083179556,related,9
CHEBI:18259,related,,Globotetraosyl ceramide,Mistral-Small-3.1-24B-Instruct-2503,-1,-2.3464527785566545,-1.25292533660526,-0.9822901961401054,-2.0437290493861973,-0.8719101295772922,-0.7722050558474471,-0.6614889433513185,-0.9693756215202992,-1.2056233653602757,-0.688579531607542,-0.0731946138817764,-1.2101522599942998,-1.66011532386109,-1.183699809780738,-1.0037654484664968,-1.5098851820959334,-1.9916018022084576,-1.1950578121875757,-0.77097818916256,-1.762320697815901,0.1184942534360316,-0.358314542301513,-0.3433172967633597,-0.0613781205820769,-1.0957786870964883,-0.8605300901775224,-0.7360699521046967,-1.111511614994173,-3.080579540361809,-1.0115914052086512,-0.8389968201817712,-2.490071828719528,-1.7153141024463294,-0.825888482740958,-0.7898582555207205,-1.579465099399275,-0.1709129636531605,-0.563278368470024,-0.4723870876395663,-0.3669463322492024,related,9
CHEBI:18259,related,,Globoside I,Mistral-Small-3.1-24B-Instruct-2503,-1,-3.5503793283193463,-1.4215437027438955,-1.0853987062381256,-2.781674494455387,-1.1343494327345365,-0.908942942857208,-0.7605224334215672,-1.1779524236483818,-1.3407039934181972,-0.7202347408715022,-0.0857957050239038,-1.3177493783362373,-2.079157218232562,-1.2306096973775047,-1.017404214356434,-1.8082579795792657,-3.431832962646346,-1.453316229587199,-0.9317948691161118,-2.6333574084049785,-0.3988072547000877,-0.585236225606423,-0.5245510400109554,-0.5405772394556216,-1.2097085796895914,-0.9281286456514004,-0.8036058837228144,-1.1984073806752464,-3.138897393394432,-1.0878876905957635,-0.8881582139883486,-2.527273704940902,-2.272202154874307,-1.0384133712973762,-0.881818649615281,-1.9551396566311268,-0.3568104141409396,-0.6131130349433066,-0.4965101151404407,-0.5310916201085334,related,9
CHEBI:18259,related,,Globoside GL-4,Mistral-Small-3.1-24B-Instruct-2503,-1,-2.830188544164794,-1.3407898565946288,-1.02289785440013,-2.35033206168016,-0.6044038009665054,-0.7431178925597232,-0.6350952904640438,-0.7448032696446968,-1.396461847488392,-0.7745104454100123,-0.0714870249070429,-1.361640590262595,-1.087702838427879,-1.038914440529102,-0.8960825373305571,-1.0796030700357238,-2.508016112769367,-1.2932806240846546,-0.8304656578292128,-2.0915950090465527,-0.3507720711954482,-0.5747002546567425,-0.5159073634751392,-0.4989503097641316,-1.295490338747073,-0.9280614656900822,-0.7973643753666787,-1.2628658199392404,-2.1245347286989644,-0.9160496117825094,-0.7432541007455011,-1.8565393874574376,-1.709709463755299,-0.9127623393016348,-0.7447128694573041,-1.5755463008166926,-0.6164619755594094,-0.733717282568334,-0.5617496428430243,-0.7463985636355283,related,9
CHEBI:18259,related,,Gbose4Cer,Mistral-Small-3.1-24B-Instruct-2503,-1,-3.48855566530688,-1.4359642495933604,-1.08576438680641,-2.745654292322448,-1.9719695093754133,-1.165960658057651,-0.9260297309007036,-1.785215756452428,-1.45879683538607,-0.6421262503246423,-0.0880253790741074,-1.4103672056876326,-2.1784132136843937,-1.284200628257201,-1.0519907476442314,-1.8772799019994528,-4.195937454759344,-1.5491996510624422,-1.0078242447823358,-3.04599396513614,-0.658279847870917,-0.6620804489656553,-0.6082033639370068,-0.7576097475480826,-1.5262666254568371,-0.9513746435133856,-0.8180816992474795,-1.4325225192458433,-3.457288355372658,-1.0546919040645697,-0.8938134904911492,-2.7280291513307087,-1.5451582726149824,-0.8293872553578918,-0.765313321154589,-1.459107173707534,-1.3387239695963065,-0.8572659468102896,-0.6335810639460967,-1.2838612470013608,related,9
CHEBI:18259,related,,GbOse4Cer,Mistral-Small-3.1-24B-Instruct-2503,-1,-3.8144406150667423,-1.473516953014557,-1.1155054429736706,-2.9336486379687625,-1.9719695093754133,-1.165960658057651,-0.9260297309007036,-1.785215756452428,-1.45879683538607,-0.6421262503246423,-0.0880253790741074,-1.4103672056876326,-2.1784132136843937,-1.284200628257201,-1.0519907476442314,-1.8772799019994528,-4.195937454759344,-1.5491996510624422,-1.0078242447823358,-3.04599396513614,-0.658279847870917,-0.6620804489656553,-0.6082033639370068,-0.7576097475480826,-1.544753975111686,-0.9647462753042024,-0.8249812171697566,-1.4458934646202664,-3.457288355372658,-1.0546919040645697,-0.8938134904911492,-2.7280291513307087,-1.5451582726149824,-0.8293872553578918,-0.765313321154589,-1.459107173707534,-1.3387239695963065,-0.8572659468102896,-0.6335810639460967,-1.2838612470013608,related,9
CHEBI:18259,related,,Gb4Cer,Mistral-Small-3.1-24B-Instruct-2503,-1,-3.793098544022202,-1.4759810936590128,-1.1150785359214173,-2.9214744225983083,-2.066822672754477,-1.1875439943825044,-0.9346650947589088,-1.8495159085464687,-2.375196704080551,-0.8161179358793685,-0.1054694282955899,-2.0927963832549485,-2.033056452298146,-1.2800222719962415,-1.0627003382628806,-1.775999908015557,-4.0834293893923554,-1.5427598281644408,-0.9955234751576144,-2.986938541314528,-0.4931316414591051,-0.6137782077227164,-0.5656917283533822,-0.6209356785089081,-1.7227518998453075,-0.9933221333510583,-0.8427081337561666,-1.5731037702408843,-3.491367504033264,-1.1091271937222746,-0.9361740973060304,-2.749296582496405,-1.4564019561196282,-0.8065693030933618,-0.7630287955463961,-1.3951372448128283,-2.0215187859423325,-0.9798531994928136,-0.7023662850631188,-1.735973519048192,related,9
CHEBI:18259,related,,Gb4 Globotetraosyl ceramide,Mistral-Small-3.1-24B-Instruct-2503,-1,-2.2616087124313182,-1.240351707911883,-0.9606518762321812,-1.9882783255910743,-0.6905533288998523,-0.7298670315976916,-0.6219915199169948,-0.8185914722184766,-1.3786685645521797,-0.7515510608515836,-0.0852934116849358,-1.3476660749220015,-1.2768382288245597,-1.128784395001901,-0.9799381546253588,-1.2251715707796087,-1.5180981274186398,-1.0686106295302944,-0.704702147802407,-1.4388367569511886,0.1470954711884121,-0.3418310923271702,-0.3262226860617113,-0.0324910006102585,-0.9591108467242409,-0.8089465200763475,-0.6907998480179584,-1.0051802008419974,-2.2390248327761832,-0.8622283033166146,-0.7082612337662546,-1.9351236244404864,-1.4070246603252194,-0.7388603381769516,-0.7199896663492079,-1.35917577294466,-0.3041080447053717,-0.6104247251737738,-0.4912218272071927,-0.4854931056311555,related,9
CHEBI:18259,related,,Gb4 Globoside,Mistral-Small-3.1-24B-Instruct-2503,-1,-3.3521018452062914,-1.4149290813751985,-1.0724613934003189,-2.665527737174822,-1.1665462055053135,-0.9409683992117034,-0.7742277987008035,-1.2028388558100491,-0.9885868006670168,-0.5956288983774126,-0.0788615588004275,-1.033167502619596,-1.4155001097352609,-1.1440797598938763,-0.9804560455540964,-1.3296568847229833,-3.077283240347354,-1.393165653734642,-0.8948917459040516,-2.431682816772969,-0.2632387908030006,-0.5402896149412917,-0.4880928104396807,-0.4217804027718329,-1.1386234929956804,-0.90116760409997,-0.7746178845697442,-1.1443682794849777,-2.788166979857279,-0.992020362335396,-0.8070746326274,-2.301301373105313,-1.644915122296252,-0.8863554274412648,-0.7693326068323245,-1.530020237023418,-0.8114329810255015,-0.7751302591999418,-0.5873401344617919,-0.899308514516684,related,9
CHEBI:18259,related,,GalNAcbeta1-3-Galalpha1-4Galbeta1-4Glcbeta1-1Cer,Mistral-Small-3.1-24B-Instruct-2503,-1,-0.2652334124023973,-0.7093552154701367,-0.611040328433169,-0.4476113903244308,-0.0774572270224714,-0.4357212336745869,-0.4043704038914689,-0.2555311787526256,0.5328739737011621,0.4423735130598723,0.0128064826166867,0.4506810157690658,0.1371596803956966,-0.5751816500499757,-0.5703427573871663,-0.0106749448021167,0.1032877434248125,-0.3020723075142189,-0.2963345662259479,-0.0706695233551178,-0.2308755960008296,-0.5267902450088764,-0.4841380915475836,-0.3927947173929108,-0.5050613434901599,-0.691510160501314,-0.5913279366313031,-0.632338715082257,-0.7794109001307542,-0.3126920712205943,-0.2826132474718169,-0.8495349625016159,-0.7324427697725224,-0.5053994609166249,-0.4950837435951192,-0.8362551102656836,-0.1592036193874712,-0.5207742472719348,-0.4505354946901577,-0.356281752018367,exact,9
CHEBI:18259,related,,GalNAc-1->3-Gal-1->4-Gal-1->4-Glc-Cer,Mistral-Small-3.1-24B-Instruct-2503,-1,0.1610114844972655,-0.4607317605902579,-0.4312997742342449,-0.0115282418951548,0.3596504032135368,-0.1080074646345123,-0.1817463454993443,0.2213056096638886,0.838023734485925,0.9336168251351789,0.0673323674327351,0.8515587699616343,0.2910792704956365,-0.444984075283887,-0.4415019931507041,0.1475065444751061,0.2638017854405352,-0.1728333305769998,-0.1665797221374707,0.1027627102836762,0.4582674865289367,-0.1006939993799059,-0.1579254262356684,0.3050101691695911,-0.2983163280367837,-0.6127183342621261,-0.5421083398157654,-0.4502030991002838,-0.0694170286124994,-0.0337291179714139,0.0157466784054467,-0.2187507397265403,0.1780715335962669,-0.0439226367218616,-0.0629379207875298,0.0115868561240068,0.4131940420037531,-0.1820145881195843,-0.2430142682618975,0.2304952133489035,exact,9
CHEBI:18259,related,,CTH/Gb4,Mistral-Small-3.1-24B-Instruct-2503,-1,-3.5610242919888564,-1.4439414031291988,-1.085220083710266,-2.7878592032963336,-1.779842658733961,-1.1424947695299106,-0.913655606029412,-1.652502330869076,-1.46802521994132,-0.7715990172995754,-0.0944110327114551,-1.4175510842327463,-1.817506242456212,-1.2143905142680766,-1.0202673868458652,-1.6233694455019276,-3.1117340544322825,-1.404576435348014,-0.9212040853997414,-2.4515968050983767,-0.7121131613898213,-0.6683036763229138,-0.5859771782164054,-0.8011517502068864,-2.602147646701471,-1.1110566589165654,-0.9303991687707308,-2.168583235326198,-3.055670274275084,-1.060067035351201,-0.8823846460968316,-2.474138529622002,-3.2541148369760897,-1.2285129137371895,-0.9835334956735649,-2.5650154969251924,-1.827227884290015,-0.9488961954213868,-0.679473376050393,-1.6115527305150468,related,9
CHEBI:18259,related,,(Gal)2 (GalNAc)1 (Glc)1 (Cer)1,Mistral-Small-3.1-24B-Instruct-2503,-1,-0.6522787572405142,-0.876818357255648,-0.716773822331276,-0.7963365526820536,-0.6084574213293393,-0.781291934641564,-0.6612407965752766,-0.7483086173650811,-0.4549380203079088,-0.5032806630645669,-0.0402717392329234,-0.5713867611747319,-0.4194422061044701,-0.8291974397082963,-0.7549545399121266,-0.529784654580534,-0.4609121346374523,-0.6658371659979183,-0.5260051163824058,-0.6097764982408944,-0.4026026985897874,-0.5928029102672414,-0.5287523597567299,-0.5438455168640965,-0.7272822056970853,-0.7602036540775651,-0.6768967855491789,-0.8189394160409496,-1.465505991236599,-0.5188419844872357,-0.4284341881976311,-1.3853290528526512,-0.7862994872554512,-0.701548197734969,-0.4440829147425026,-0.8805004294689669,-0.0196208258081594,-0.5245111822931671,-0.4543142235927255,-0.2257855720587631,related,9
CHEBI:18259,exact,,"N-[(2S,3R,4E)-1-{[2-acetamido-2-deoxy-beta-D-galactopyranosyl-(1->3)-alpha-D-galactopyranosyl-(1->4)-beta-D-galactopyranosyl-(1->4)-beta-D-glucopyranosyl]oxy}-3-hydroxyoctadec-4-en-2-yl]alkanamide",Mistral-Small-3.1-24B-Instruct-2503,-1,0.3477714659351126,-0.2432197891865299,-0.2578956536575292,0.2046835251123601,0.4957045018359947,0.1765057598332738,0.0834590815846943,0.3900532985551809,1.1168664993718316,1.6942096659624282,0.1547632964827914,1.2958358035540554,0.9243600021463282,0.3448601659941132,0.1999282276927743,0.9143103965895252,0.731164256339657,0.4596983676895899,0.2544103276378738,0.6908804699513317,-0.698109570717825,-0.674235434924566,-0.6009689419565911,-0.7898702757658382,-0.1194943784773398,-0.5996659216875334,-0.5420073027973207,-0.2846861759671218,0.8089606566908564,0.926401811932372,0.7714041010752141,0.7788501743880146,-0.8578050975960534,-0.5183094894384691,-0.5629707317392738,-0.9384906457715648,0.2836012407117559,-0.273770295068532,-0.3042222306366514,0.0838108724450052,related,9
CHEBI:18258,related,,liotironina,Mistral-Small-3.1-24B-Instruct-2503,-1,-1.6320555077100525,-1.0692499503284556,-0.8692667965138505,-1.5579346514568533,-0.4192372183925017,-0.63288181248397,-0.5726768924789818,-0.5808983231381497,-0.7257312046709574,-0.512582453083701,-0.0748595620057556,-0.811006953973448,-1.73278960907463,-1.032015438869602,-0.8749635809101853,-1.5625120890287318,-2.105276739532158,-1.2141275735842858,-0.852431047010468,-1.836727004959932,-1.3307199348460128,-0.8279029829986683,-0.7076867512469189,-1.2728347306102046,-0.3108291919059924,-0.5533431131915224,-0.5006194543363627,-0.461490596300702,-2.6619838336929256,-0.9765340447475704,-0.8417655317980619,-2.2185995548080286,-1.6832654344415352,-0.9689260396350864,-0.8551967737857591,-1.5570156023038124,-0.9198109810309096,-0.7501124838940412,-0.5774564041307397,-0.9815387210127896,related,9
CHEBI:18258,related,,liothyroninum,Mistral-Small-3.1-24B-Instruct-2503,-1,-0.9098206902991246,-0.8574686490378144,-0.7056196161675155,-1.0106843353097987,-0.1679267338980491,-0.4942847175006169,-0.4696693427327842,-0.3449515348165522,-1.7326588357315849,-0.7725916435104047,-0.1005921106782096,-1.620501576598045,-1.3151264579050257,-0.8743560942479498,-0.7659023732282407,-1.254202794716656,-1.2766507108349614,-0.9922354908497352,-0.7089911294955163,-1.26425159408493,-0.5338604053235732,-0.6387319339504495,-0.5626895022432704,-0.6550987768886872,0.1167438758557391,-0.3350947872207222,-0.3092285057322496,-0.0519765291116674,-2.3715507009905603,-0.9312188772615178,-0.8004828144204729,-2.025055535611698,-1.78506039954476,-1.0251920050616778,-0.8119814048931422,-1.6279831714687183,-0.1663065245442319,-0.5083794768411305,-0.4412685851948894,-0.3627558280004183,related,9
CHEBI:18258,related,,liothyronine,Mistral-Small-3.1-24B-Instruct-2503,-1,-0.9202536028995212,-0.8598117784859739,-0.7134467421527594,-1.0191187898440677,-0.3075584242851767,-0.5764890565725602,-0.5245596010883193,-0.4781408218716733,-1.0541291515441122,-0.679084380266773,-0.0961168826155233,-1.087183286039361,-0.7541362650308769,-0.7125290563013765,-0.6597291914354361,-0.8129439740699198,-1.4063658158154655,-1.0122018191079083,-0.7483331372732479,-1.3589379974715872,-0.3713309791346543,-0.5828769031093086,-0.5316273739009205,-0.5168269009567388,0.1095327412345125,-0.3486771265856099,-0.3172182566243595,-0.0593548825900769,-1.7738021157975876,-0.8876513014488637,-0.7601602500525572,-1.6101009428977189,-0.5377273274117939,-0.6115168830447317,-0.6111716218080623,-0.6718780426856492,0.1298379214068401,-0.3710643192498006,-0.3561020989383306,-0.0782520936267034,exact,9
CHEBI:18258,related,,Triiodothyronine,Mistral-Small-3.1-24B-Instruct-2503,-1,-0.1154127272041658,-0.5061529343567146,-0.4642256035626108,-0.3017636889368498,-0.1160629133669017,-0.4563641785379914,-0.4360679750411993,-0.2940097758518894,-3.990928030209594,-1.119833474280563,-0.1325962138450672,-3.201902500757006,-0.6399186635637113,-0.7288847238421331,-0.6456576872239826,-0.7182663223583615,-1.2146249837137302,-0.957512846518898,-0.7111345554271338,-1.2182014589277657,0.6384700663248932,0.055085609228577,-0.0272396514020064,0.5262148788945408,0.7069699033239596,0.2255651463324144,0.1484438849041812,0.6392191484095163,-1.3948252675235415,-0.814345876333376,-0.681974198541105,-1.3325701209574814,-0.5430374366205916,-0.6743807392994347,-0.6208580582032532,-0.6764583191914452,0.4311012063811643,-0.1737700263160751,-0.2210317645461307,0.2516238503798751,exact,9
CHEBI:18258,related,,Tresitope,Mistral-Small-3.1-24B-Instruct-2503,-1,-2.235563974398301,-1.194399850458123,-0.9455385069425636,-1.9711469268130704,-1.021096560375207,-0.9333078174096548,-0.7959137604508411,-1.0892345750486183,-1.7680701011675894,-0.9150697837515412,-0.118348736367794,-1.6472388771768256,-1.456013822421533,-0.9563417006953812,-0.8139344828465082,-1.3598546895830137,-2.2534565127906347,-1.2480479053996842,-0.8662646376637106,-1.9320286626301089,-2.6028165774837286,-1.004905210133233,-0.8438628015354528,-2.134377137284796,-1.6738347526640882,-0.9714473823981692,-0.8297497666554854,-1.5384112662012013,-2.466963031035753,-0.9610121689966208,-0.8078134278471696,-2.0891548634682904,-2.135641272829476,-1.1097348771628488,-0.9433226993476036,-1.8653572632775108,-2.075267111698478,-0.9372303676565072,-0.6776190452218279,-1.7698781057256088,related,9
CHEBI:18258,related,,Tertroxin,Mistral-Small-3.1-24B-Instruct-2503,-1,-1.954555288107571,-1.1466764776089942,-0.9239112736989188,-1.7828206867258647,-1.175275467286658,-0.9366419794520364,-0.7547111312047654,-1.2095613801166665,-1.5622695055006792,-0.7996809396634544,-0.1108620382195176,-1.4904903216954954,-1.559169943080964,-0.9644292715078828,-0.8466450684748271,-1.4361080757064957,-2.296909527934198,-1.2393618263470028,-0.8376539146420763,-1.959628262017284,-2.05930844202123,-0.9381784883956216,-0.7885086538034621,-1.7793595792593695,-1.922006077050285,-1.0222434970487122,-0.8520033764745676,-1.7124779559615066,-2.355770507052659,-0.9439634415447627,-0.780957772983752,-2.014402962755546,-2.4156780458551506,-1.1061254786407184,-0.9813012303708342,-2.048002194532819,-1.0287194413705818,-0.7569123095938297,-0.5855549860294647,-1.0623837543993435,related,9
CHEBI:18258,related,,T3,Mistral-Small-3.1-24B-Instruct-2503,-1,-2.72565501483519,-1.3087164039522503,-1.0245491731448708,-2.28536007489804,-1.848633838780253,-1.1710930307020917,-0.936089257048839,-1.70041485891025,-2.081782066363929,-0.8137142323568012,-0.1064953255320627,-1.8802883981748268,-1.8044035746239389,-1.149499746707029,-0.9659729710157864,-1.6139904818515067,-3.0508254991659034,-1.399419581117488,-0.928134232680552,-2.416340713010641,-0.5386184011656606,-0.6389076013693942,-0.5642203308633845,-0.6590695749922966,-1.1175967932095978,-0.8364541644509914,-0.7377840110434304,-1.1282708487647868,-2.8010901996673883,-1.0702212829442526,-0.9248189222411908,-2.309727196576393,-0.6671437248803291,-0.6988884149388661,-0.675714242937659,-0.7819236283089883,-1.154937008181622,-0.8816490037154704,-0.6443251139203724,-1.1540177896987691,related,9
CHEBI:18258,related,,"O-(4-hydroxy-3-iodophenyl)-3,5-diiodo-L-tyrosine",Mistral-Small-3.1-24B-Instruct-2503,-1,0.1141176072492214,-0.3557540072197786,-0.3568031804009791,-0.0630060777904177,0.7746502713595987,0.5704018524028703,0.4297488758719543,0.7842070689567957,0.5150437448990962,0.3186587805557166,0.005004154832635,0.4290823369955094,0.7519067287381126,0.1418385416249966,0.0361275376715454,0.6806690974948948,0.1402430104686844,-0.2299676392781015,-0.2657855973062281,-0.0317068822193895,-0.3198270337344284,-0.5662178402916042,-0.5185831775396234,-0.471867894419493,-0.1097345159064758,-0.4601090160920615,-0.4382881110789317,-0.2754102651817627,0.3316937324705938,0.3207187985403082,0.20647990205646,0.1934665728974982,-0.2620734676277911,-0.298608299270564,-0.3640425347572347,-0.4255639221701338,-0.9265697061847964,-0.7425653073182676,-0.5753951767175737,-0.9866065062288536,related,9
CHEBI:18258,related,,Liothyronine,Mistral-Small-3.1-24B-Instruct-2503,-1,-0.9164352931566598,-0.8673457323090213,-0.7019673041781674,-1.0160339913418606,-0.3075584242851767,-0.5764890565725602,-0.5245596010883193,-0.4781408218716733,-1.0541291515441122,-0.679084380266773,-0.0961168826155233,-1.087183286039361,-0.7541362650308769,-0.7125290563013765,-0.6597291914354361,-0.8129439740699198,-1.4063658158154655,-1.0122018191079083,-0.7483331372732479,-1.3589379974715872,-0.3713309791346543,-0.5828769031093086,-0.5316273739009205,-0.5168269009567388,0.1311135477688845,-0.3328590812373252,-0.3027339722639113,-0.0372166771704136,-1.7738021157975876,-0.8876513014488637,-0.7601602500525572,-1.6101009428977189,-0.5377273274117939,-0.6115168830447317,-0.6111716218080623,-0.6718780426856492,0.1298379214068401,-0.3710643192498006,-0.3561020989383306,-0.0782520936267034,exact,9
CHEBI:18258,related,,L-triiodothyronine,Mistral-Small-3.1-24B-Instruct-2503,-1,0.350511443847825,-0.1378365173587447,-0.1896152668622135,0.2080054660325923,0.4344893984678269,0.0193139857387044,-0.0926470660205781,0.3126079419649401,-1.09040421902083,-0.7749363780867561,-0.0840283988872715,-1.1168618246510509,0.0053429840612656,-0.3703427464311331,-0.3508559861038937,-0.1403803151613271,-0.3706891627696719,-0.5960150150624091,-0.4816083686370292,-0.5295068879320857,0.6150101918535599,0.0270576913762224,-0.0461218137209655,0.496019505446402,0.8193520481492139,0.4365399269216471,0.3333705567343151,0.8004414460350742,0.4173931813522253,0.2781119045333567,0.343204195348007,0.2892870227858503,-0.3449241820534257,-0.5272815345653012,-0.5455581604483226,-0.5014613262471567,0.5413254973165315,-0.0464734074416787,-0.1404501847959643,0.387098871663634,exact,9
CHEBI:18258,related,,L-T3,Mistral-Small-3.1-24B-Instruct-2503,-1,-1.0455750894963416,-0.928772157951795,-0.7586212643742533,-1.1190613175040465,-0.8058182568837227,-0.8840634799430649,-0.7424363585844469,-0.9151043685548674,-1.0707012966433085,-0.7626616111869855,-0.0805685660953239,-1.1007606560280725,-0.8372265834697535,-0.8438885281846339,-0.7384244541796496,-0.8806752222700541,-1.9142144218645103,-1.16813364300459,-0.7853044708507553,-1.710989830729316,-0.2893212485472167,-0.5497847307241696,-0.5111244715405625,-0.444958784991419,-0.8113775883668373,-0.7056063173645782,-0.6088995137451839,-0.8874136908306454,-1.8063810536831948,-0.9105161003222734,-0.7711195987542019,-1.633382514682083,-0.4244750224742393,-0.5860455435790979,-0.5916544705407688,-0.5727781628590416,-1.0336850248303355,-0.8137437732844475,-0.6138303673513801,-1.0660294148994651,related,9
CHEBI:18258,related,,"L-3,5,3'-Triiodothyronine",Mistral-Small-3.1-24B-Instruct-2503,-1,0.9700356758741208,1.2220706552701883,1.01386508293745,1.1604653634414823,1.1420930964711182,2.0978289690098384,1.912552634682961,1.5083675759102029,-0.287642906342244,-0.4581917145267231,-0.0519078298362383,-0.4168053483455102,0.9630155957454558,0.7161607288376256,0.562550066444488,0.9704385870645366,0.7976737969982544,0.6394227308928478,0.3476794845174034,0.7892733858651908,0.6530357477853641,0.0694990722262711,-0.0265314860048739,0.5452024332968138,1.156499705818682,1.6080503680193352,1.419275864752245,1.4185276927967867,1.3008176744296935,2.889768561120566,2.750209123252465,1.6405332574912086,0.2875757364091948,0.0529479499841279,-0.0937212710924496,0.1315329398585682,0.6704559518580413,0.114404877437496,-0.0425216801468159,0.5601856168307067,exact,9
CHEBI:18258,related,,"L-3,3',5-triiodothyronine",Mistral-Small-3.1-24B-Instruct-2503,-1,1.0043003476452754,1.3699044186884124,1.1194202020928783,1.2350667519221286,1.2013629279985008,2.7028121764952564,2.705714630162796,1.6807011226043285,-0.2046952041203991,-0.3986904660724446,-0.0464923288008532,-0.338018602258809,1.0299795537753813,0.8893422878392643,0.7415004347719308,1.0716733689434383,0.8220441339015866,0.6926545690360281,0.3736595806545533,0.8266301075963999,0.6564371956961331,0.0740480939809966,-0.0182398482683114,0.5496637893605181,1.259959468029648,2.6487629552123964,2.573770876682186,1.702065944186443,1.3010698681941173,2.9175240091792745,2.813085927639611,1.6411347107675285,0.3030606954253187,0.057255917403483,-0.0880351657965891,0.1489435360138158,0.6542831038069558,0.0925659156490342,-0.0598490115956052,0.5374967831454889,exact,9
CHEBI:18258,related,,"4-(4-hydroxy-3-iodophenoxy)-3,5-diiodo-L-phenylalanine",Mistral-Small-3.1-24B-Instruct-2503,-1,-0.0622414430609477,-0.4953497790580988,-0.4462365889549161,-0.2482330535533812,0.5491719097328992,0.1647473624447969,0.0256681847824482,0.4599681049920784,0.428241742192626,0.2217794231950454,-0.0008548692014513,0.3262349171577652,0.7367256050170897,0.1233434879549322,0.0183137874323277,0.6612244264126766,0.1568233966239661,-0.216823184330492,-0.2634107599055728,-0.0140459891626883,-0.985336822713332,-0.7513792671333006,-0.6439836671297001,-1.0154518176201963,-0.9306275581134952,-0.7549248791224965,-0.6707126759645456,-0.9827123059302,0.368658691367714,0.383571453322675,0.2826962565417026,0.2344000600805517,-0.4224797996953278,-0.3867893451173317,-0.4524314536039601,-0.5710072460488892,-1.097061102450981,-0.773825902037378,-0.591466397506891,-1.1122628543135815,related,9
CHEBI:18258,related,,"3,5,3'TRIIODOTHYRONINE",Mistral-Small-3.1-24B-Instruct-2503,-1,-0.1456804101348779,-0.5080182849310141,-0.4840816411186987,-0.3318038726086115,1.000964206838867,1.2621568778512298,1.0438788642056072,1.1838967476178086,-0.833458422150273,-0.6907753906167026,-0.0719784285947952,-0.9031841958070328,0.6055744241150172,0.1044294061961341,0.0388711142736118,0.4994523859721557,0.5366791142656541,0.1916969840954913,0.0213220322894485,0.427582265793078,0.795633388978375,0.2854965252422174,0.1574629562905306,0.742293384667004,0.2875910101909056,-0.2929743238011142,-0.3004393475669418,0.128819545298099,1.0125939252778682,1.449659172805293,1.3569449133613432,1.0839978857243058,0.1501083898413757,-0.0747979298295375,-0.1939499834507319,-0.0182088850610447,0.7444458802719605,0.2176084718818505,0.0319413951552811,0.6684149528243432,exact,9
CHEBI:18258,related,,"3,5,3'-Triiodothyronine",Mistral-Small-3.1-24B-Instruct-2503,-1,0.8825997199597482,0.8680555765435273,0.6472565381633814,0.9876531102894406,1.096859507866767,1.7669144809572672,1.5559182527196942,1.3942902539929118,-0.6180293874744163,-0.6047708463348241,-0.0622029187430735,-0.7171357108514839,0.7675645662826832,0.3505924096415102,0.2541571585541038,0.7008959236535695,0.6683562928326298,0.3901393562665901,0.1643202837821286,0.6022209972553149,0.8167387952010979,0.3219666126423467,0.191230002354705,0.7734697193073754,1.1078418757028874,1.2799798872973518,1.1035878333425544,1.309072994589622,1.220737356768183,2.381932968587939,2.202031567152745,1.4630000568328323,0.2421731588701597,0.008982559247634,-0.1054486555045474,0.0811440651288319,0.754582935978794,0.2092850101586149,0.0285676033092002,0.6838685231926324,exact,9
CHEBI:18258,related,,"3,5,3'-Triiodo-L-thyronine",Mistral-Small-3.1-24B-Instruct-2503,-1,1.1622269456789076,2.797560333103449,2.8393894203180405,1.671127324884581,1.2627473204929325,3.78565733676172,4.286395568058547,1.907844014574352,1.5283445378194735,7.033285450258691,0.993908050179984,2.436154911850485,1.5341498820005803,4.678441706710756,6.043569104371982,2.2319173253602904,1.3928951821171105,5.5551271298255225,8.444112500272123,2.296731939528753,1.317168832668004,5.126240141457955,6.276396442429078,1.9970925069654328,1.2733673019595595,2.860406275276048,2.9047937035686853,1.7470973927095208,1.5197091545119612,8.723550402994677,12.404140116669987,2.434260013117795,1.3572660678675537,6.775479580419472,8.530798602601438,2.1482701603126624,1.2024865106333391,3.9720947487406137,5.41606719730212,1.849301944336264,exact,9
CHEBI:18257,related,,Orn,Mistral-Small-3.1-24B-Instruct-2503,-1,-1.8485353155459503,-1.1364239541210444,-0.9097771381110392,-1.7099923526654397,-1.2305406014555855,-1.017623584288289,-0.8518924453384833,-1.2518817747734263,0.7743706258533652,0.410437448431605,0.0075276199993775,0.7622873728482904,-0.2907360265138927,-0.4197413368984678,-0.4264329601940402,-0.4158172760061276,-0.5737270441115759,-0.78977524494561,-0.6365225287193872,-0.7075489433899848,-0.6635695101015616,-0.682312073964869,-0.6034700352769528,-0.7619091253990017,-0.5340759059000381,-0.7659976272691597,-0.671885599168286,-0.6572050102740152,-3.2362383214908195,-1.1710210891033552,-0.9050249803059744,-2.589061568454821,0.1222889364406805,-0.3649326295053325,-0.3554840071043599,-0.0475378764981771,-0.7615428769807324,-0.7666564106547266,-0.5807153235343561,-0.860816469552425,related,9
CHEBI:18257,related,,DL-Ornithine,Mistral-Small-3.1-24B-Instruct-2503,-1,0.318277595594314,-0.1396427394290906,-0.2266688208563799,0.1692226429237321,0.2483342605831167,-0.1626271203829224,-0.200294696456975,0.0915286724723938,-0.146191425541188,-0.370826713883696,-0.0544105616003777,-0.281513299021749,0.6814218869100421,0.3201752759897789,0.202110310612644,0.5917049414194282,-0.4846147614766659,-0.7176544477792018,-0.5844488267647999,-0.6305508586403012,1.1869295827214543,1.7784593101672197,1.6520060045005658,1.484689431787154,0.6916122986285439,0.1320890203277876,0.0815046095807502,0.6182261986289181,0.5955773621222673,-0.0196423130871203,-0.0618156461173434,0.5000586490752694,0.5007443086846645,0.0456970946592859,-0.002799869385233,0.3826336811307487,1.02779993682088,0.9121723851632092,0.5468967613662782,1.1928572184775932,exact,9
CHEBI:18257,related,,"2,5-Diaminovaleric acid",Mistral-Small-3.1-24B-Instruct-2503,-1,-1.407624827656499,-0.9960096226566962,-0.8210208661175562,-1.39504155330126,-1.0500085028519637,-0.8686230433103912,-0.7280142243221595,-1.1120620665741456,-1.2728590684223289,-0.6829049884846853,-0.0891682040529305,-1.2639380805555898,-1.0660811635134602,-0.8705118602037354,-0.7778303754517107,-1.062720378164291,-1.58200165404058,-1.0996130497511574,-0.7908614498922829,-1.4838791303833654,-0.343958907138938,-0.5792269266715463,-0.523279838494852,-0.4930057671420691,-1.6755720954561864,-0.933215247229596,-0.7997744066104729,-1.5396467826173197,-1.324397226322514,-0.8004365578238646,-0.6832358427699072,-1.2795039173851228,-1.889441791023514,-0.9528912121580848,-0.9238063342110948,-1.699759674186745,-1.696969427520196,-0.9467112098040906,-0.6868883769795014,-1.5263852239023596,exact,9
CHEBI:18257,related,,"2,5-Diaminopentanoic acid",Mistral-Small-3.1-24B-Instruct-2503,-1,-1.5735613941073756,-1.054502984546296,-0.8457009139188196,-1.5160210487233472,-1.3175311391308766,-0.9508959559505296,-0.787246959421351,-1.3176822699397608,-1.194668531281907,-0.6686310249716491,-0.0918344122927156,-1.2013442684631337,-0.9156947436504164,-0.8688132092221599,-0.7686655044040492,-0.9438106965826166,-1.6959964007153792,-1.1330965951801757,-0.7790640448696187,-1.5631030531194106,-0.7332185676125442,-0.7011955349545351,-0.6204300286109133,-0.8180959127544376,-1.5012029787135703,-0.888682973712876,-0.7603692205001069,-1.4143454018606354,-1.4805735911657203,-0.8302830465427088,-0.7113691808121277,-1.3965135886938609,-2.0879553769257533,-0.9777946349757224,-0.9349338758365884,-1.8336689273001872,-1.7351568954552536,-0.9511235174793702,-0.6896000511073387,-1.551507251210409,exact,9
CHEBI:18257,exact,,"2,5-diaminopentanoic acid",Mistral-Small-3.1-24B-Instruct-2503,-1,-1.323647737541605,-0.9980216205262769,-0.801013241523564,-1.3325721118912237,-1.3175311391308766,-0.9508959559505296,-0.787246959421351,-1.3176822699397608,-1.194668531281907,-0.6686310249716491,-0.0918344122927156,-1.2013442684631337,-0.9156947436504164,-0.8688132092221599,-0.7686655044040492,-0.9438106965826166,-1.6959964007153792,-1.1330965951801757,-0.7790640448696187,-1.5631030531194106,-0.7332185676125442,-0.7011955349545351,-0.6204300286109133,-0.8180959127544376,-1.5050955888135844,-0.8896786706376119,-0.7600185558947793,-1.417172269090064,-1.4805735911657203,-0.8302830465427088,-0.7113691808121277,-1.3965135886938609,-2.0879553769257533,-0.9777946349757224,-0.9349338758365884,-1.8336689273001872,-1.7351568954552536,-0.9511235174793702,-0.6896000511073387,-1.551507251210409,exact,9
CHEBI:17933,related,,calcifediolum,Mistral-Small-3.1-24B-Instruct-2503,-1,0.220675702851806,-0.2154162624650396,-0.261673351658726,0.0554983704073243,-0.4679179374165119,-0.6514755238007729,-0.5880444485864366,-0.6247352332179625,-0.3295121936736309,-0.4104415629037733,-0.0713308534131821,-0.4560150865487736,-0.2870042255171851,-0.4254473659649784,-0.3986374156016437,-0.4124651547197595,0.5305184625090128,0.0780664245797932,-0.0479390838231943,0.4197395654176474,0.5112245773302189,-0.0790583722470647,-0.1751709326595857,0.3676254192376276,0.0526004134367564,-0.4322333011080443,-0.4125634774478856,-0.1169579366090931,0.5108598071800308,-0.1189158025812182,-0.1664400577907579,0.3977328676272595,-0.2651352874637201,-0.5813715502345718,-0.6290668469083314,-0.4283996731276828,0.447562505139306,-0.1954666155905588,-0.2336679806938073,0.2712500840922185,related,9
CHEBI:17933,related,,calcifediol,Mistral-Small-3.1-24B-Instruct-2503,-1,-0.0153079365967086,-0.4001918448724124,-0.4075594434554683,-0.2001376034970683,-0.1682435685930752,-0.4694368543069785,-0.4108108169420886,-0.3452601723813215,-0.0898066463097898,-0.2961155004401311,-0.0542977136999017,-0.2262750763372497,-0.1459075819939481,-0.2967476910572248,-0.32680360311262,-0.2835899148484815,0.7876948808943718,0.5057401447057729,0.2691539170827581,0.7741877881514572,0.6549832896850788,0.0771703898821368,-0.0418302805376393,0.5477555589511284,0.5718118917147111,-0.0199652696119556,-0.0510421508803711,0.4615720702326762,-0.1884832765197603,-0.5885956637440573,-0.529415060784899,-0.3319270060525714,0.1978629139739683,-0.3064744618232916,-0.4142888343879402,0.0328724078670405,0.8845668743655114,0.455865122383395,0.2022769066298644,0.899111217930096,exact,9
CHEBI:17933,related,,Rayaldee,Mistral-Small-3.1-24B-Instruct-2503,-1,-1.5385451577273297,-1.0635308119449731,-0.8526335380080461,-1.4907522029170182,-1.6773660487836444,-1.1273413057557211,-0.9156944875611605,-1.5802703371684057,-1.975774755910654,-0.9009476583553166,-0.1094905397354611,-1.802268479887963,-0.4390673347218137,-0.3800056331075617,-0.3891628724742527,-0.5468933786729153,-0.8293022548674466,-0.8765488511981003,-0.6596343278887941,-0.919545596513668,-2.164097491284348,-0.9470338859666988,-0.8071471395828235,-1.84907185604601,-2.788332814632776,-1.120524801262785,-0.948099362152024,-2.289126448299013,-0.8351129759788859,-0.7992799508872187,-0.7022262186206257,-0.8952512739706597,-2.4516799857937968,-1.2706959920226333,-0.9936066567595748,-2.0710790920802364,-1.686513992410404,-0.8938511650653332,-0.6456162890194066,-1.5194841586672374,related,9
CHEBI:17933,related,,Calcifediol anhydrous,Mistral-Small-3.1-24B-Instruct-2503,-1,-0.3864897757168961,-0.6258684575229352,-0.5690958906347288,-0.5608400770542344,-0.1221930434711566,-0.452640941601568,-0.438664137885248,-0.300075105771209,-0.5660958153728409,-0.6305500947013749,-0.0764895887515191,-0.6712151191280313,-0.5936806990632398,-0.6177393002995872,-0.6124446288677396,-0.6793888049827183,-0.0168827811245852,-0.4484795366737899,-0.4162395959184231,-0.1937842838839825,-0.1001092433257104,-0.4830067736413894,-0.4508677697632584,-0.2729544809204716,-0.0359070289263287,-0.4597201078161724,-0.4542516951962716,-0.2043535913007386,-0.3664807557045117,-0.5995212519638018,-0.5656177678069058,-0.4949152158917169,-0.4161359777891793,-0.6430035529117798,-0.6427396783758837,-0.565370649716183,0.7616842930995597,0.1993946810145146,0.0033376668267618,0.6947929262652468,related,9
CHEBI:17933,related,,Calcifediol,Mistral-Small-3.1-24B-Instruct-2503,-1,-0.5928050372234727,-0.7198662218095144,-0.6324903812609347,-0.7450123829658182,-0.1682435685930752,-0.4694368543069785,-0.4108108169420886,-0.3452601723813215,-0.0898066463097898,-0.2961155004401311,-0.0542977136999017,-0.2262750763372497,-0.1459075819939481,-0.2967476910572248,-0.32680360311262,-0.2835899148484815,0.7876948808943718,0.5057401447057729,0.2691539170827581,0.7741877881514572,0.6549832896850788,0.0771703898821368,-0.0418302805376393,0.5477555589511284,0.4792242828835374,-0.1083438962432822,-0.1462014684760141,0.3479146267118054,-0.1884832765197603,-0.5885956637440573,-0.529415060784899,-0.3319270060525714,0.1978629139739683,-0.3064744618232916,-0.4142888343879402,0.0328724078670405,0.8845668743655114,0.455865122383395,0.2022769066298644,0.899111217930096,exact,9
CHEBI:17933,related,,"3-{2-[1-(5-HYDROXY-1,5-DIMETHYL-HEXYL)-7A-METHYL-OCTAHYDRO-INDEN-4-YLIDENE]-ETHYLIDENE}-4-METHYLENE-CYCLOHEXANOL",Mistral-Small-3.1-24B-Instruct-2503,-1,-2.868500262733689,-1.297358062845125,-1.0195193058305798,-2.3739801503512368,-1.7617186270005931,-1.0877653480948843,-0.8712007342288378,-1.6398032150073456,-1.3810858247962068,-0.6639376271272563,-0.0915025926329837,-1.3495662874677203,-2.381079044755869,-1.2813180625523417,-1.06609028905068,-2.016502766700101,-2.611601929415495,-1.3199521784361457,-0.8908370409153041,-2.15512263569626,-2.352100126609136,-0.9718329598130286,-0.8173844431982143,-1.9725524680879487,-2.127872431692356,-1.086686132544646,-0.9185495081256668,-1.853488145261479,-3.10646630165948,-1.0690314521212625,-0.9122890689055416,-2.5066027891780363,-2.302677377756785,-1.0370048218670824,-0.9722196762591409,-1.9749867618559247,-1.7403732607461868,-0.8971153805788802,-0.66064169822208,-1.5549288266162284,related,10
CHEBI:17933,related,,25-hydroxyvitamin D3,Mistral-Small-3.1-24B-Instruct-2503,-1,-1.5035476930812703,-1.0616260425457265,-0.8661209825836037,-1.4653602735944773,-1.333618265459702,-0.9787660792155408,-0.812950745510291,-1.3297450804775202,-0.8322549875406451,-0.6803481836888596,-0.0853384460049035,-0.9021634555684253,-1.6686761048349903,-0.9879324663657292,-0.859769762376801,-1.516105216553156,-2.148541758638251,-1.230993194477109,-0.8648184332591922,-1.864746087751012,-0.1218843666516159,-0.4968271500690747,-0.4570589823230686,-0.2932283662630136,-0.1388983079483437,-0.5421436891533786,-0.51271040614081,-0.3030493176286435,-1.2132335384481434,-0.7943131070857756,-0.7131860034182044,-1.1946850239131213,-0.6398940287547298,-0.6879938294291049,-0.6418321093466951,-0.7590202069793427,-0.4249255459540799,-0.6672131333983577,-0.5275341633006798,-0.5890188296749808,exact,9
CHEBI:17933,related,,25-hydroxycholecalciferol,Mistral-Small-3.1-24B-Instruct-2503,-1,-1.4286297027386785,-1.042128258837216,-0.8474035467075607,-1.4105323078893268,-0.9075765528808551,-0.8434409247565297,-0.7110738466221144,-0.9983562051444342,-0.0141241946669521,-0.1848920660899852,-0.0517698494405017,-0.1508522742219656,-1.2685010610359315,-0.9148063093847332,-0.7893597127498483,-1.2188313142123794,-1.1800250693232217,-0.9746952619316104,-0.7335234293145181,-1.1922861753006864,-0.3812497138127363,-0.5977398321522308,-0.5290688274033004,-0.5254190391031279,0.0896122162888341,-0.3939262148979771,-0.3636334938233566,-0.0796397644116615,-1.085135234791745,-0.7549163690195195,-0.65335487123636,-1.0952316711240917,-0.3314001317017785,-0.5507182620267056,-0.4788045898425214,-0.4891884887351154,-0.1815330065904138,-0.5860376492832629,-0.4841816485612338,-0.3765833033100996,exact,9
CHEBI:17933,related,,25-Hydroxyvitamin D3,Mistral-Small-3.1-24B-Instruct-2503,-1,-1.6059878264466063,-1.084943452055367,-0.8803185478745436,-1.5393014242686984,-1.333618265459702,-0.9787660792155408,-0.812950745510291,-1.3297450804775202,-0.8322549875406451,-0.6803481836888596,-0.0853384460049035,-0.9021634555684253,-1.6686761048349903,-0.9879324663657292,-0.859769762376801,-1.516105216553156,-2.148541758638251,-1.230993194477109,-0.8648184332591922,-1.864746087751012,-0.1218843666516159,-0.4968271500690747,-0.4570589823230686,-0.2932283662630136,-0.2240281047611495,-0.5763576842304604,-0.5387830117923753,-0.3824246897438875,-1.2132335384481434,-0.7943131070857756,-0.7131860034182044,-1.1946850239131213,-0.6398940287547298,-0.6879938294291049,-0.6418321093466951,-0.7590202069793427,-0.4249255459540799,-0.6672131333983577,-0.5275341633006798,-0.5890188296749808,exact,9
CHEBI:17933,related,,25(OH)D3,Mistral-Small-3.1-24B-Instruct-2503,-1,-1.329684588141981,-1.020587894814812,-0.825916731666693,-1.3370921218313865,-1.81296275614294,-1.10623641343102,-0.8917971021341331,-1.6756266250543437,-0.4053562834795782,-0.3326554445199389,-0.0694285972110254,-0.5261410439861666,-1.7874347740646117,-1.003775560884396,-0.8725063325038993,-1.6018260855190418,-1.4982180866746553,-1.067793667568206,-0.7909120266421839,-1.4247287511694504,-0.1463056521603401,-0.5089983687724712,-0.4633542212257597,-0.3158101268266108,-0.6591747802119733,-0.7479552750653662,-0.6685577858468317,-0.7626576723226077,-1.0351343997614535,-0.7473487814308821,-0.6724706977856996,-1.055883183866582,-0.4978049998989627,-0.6206790694742459,-0.6495749107708181,-0.6372565036473048,-0.4251985163011869,-0.6678164883621178,-0.5298184892693362,-0.5892487784405972,related,9
CHEBI:17933,related,,"(5Z,7E)-(3S)-9,10-secocholesta-5,7,10(19)-triene-3,25-diol",Mistral-Small-3.1-24B-Instruct-2503,-1,-3.3875463552210068,-1.369996050627027,-1.0560425422882054,-2.686425374737686,-1.696849829416499,-1.0732927538792558,-0.8858922452475253,-1.5940848771518252,-1.3276059142675496,-0.6067980902140073,-0.093175412642424,-1.30739580489423,-2.4569772914977324,-1.1945822130564263,-1.014186712545024,-2.0680918660894583,-2.702767042344621,-1.3251138104786655,-0.9264981123419972,-2.210399563074659,-0.5035622666657978,-0.6444479462793735,-0.5717930295175371,-0.6297146239714357,-0.8419097264331785,-0.8188080596532282,-0.6966306052483229,-0.9120086661171468,-3.0271699351571475,-1.0386073304832093,-0.8742646544511736,-2.455875836591398,-1.3536190304716325,-0.8485077011682098,-0.7844680105828751,-1.3199688350333367,-1.7063309171935668,-0.9139254296877884,-0.6560294705674533,-1.5325558543790945,related,9
CHEBI:17933,related,,"(3beta,5Z,7E)-9,10-secocholesta-5,7,10(19)-triene-3,25-diol",Mistral-Small-3.1-24B-Instruct-2503,-1,-3.217843622732788,-1.3486577799651456,-1.0412780379127835,-2.585814630393477,-1.733725349828287,-1.088533688030706,-0.8916289761245474,-1.6201255153958298,-1.4046457416277385,-0.6170453860760738,-0.0940158790704724,-1.3680581608789286,-2.427065751583878,-1.199983772788674,-1.0141347364421138,-2.0477946777120613,-2.7591723362076888,-1.3338582934836083,-0.936776598969484,-2.2443126523459167,-0.5430626453835996,-0.6578262699910096,-0.5833198815179117,-0.6627747723312601,-0.6977730652992196,-0.7752201992813287,-0.6594468599091443,-0.794647498386199,-3.056153401283094,-1.047083461107887,-0.8826810547002275,-2.474447813153968,-1.4775551779139635,-0.8749343324559966,-0.8073243584873713,-1.4104604087929806,-1.6448460235467337,-0.9029004193720516,-0.6524850216439911,-1.491882089266843,related,9
CHEBI:17933,related,,"(3S,5Z,7E)-9,10-secocholesta-5,7,10-triene-3,25-diol",Mistral-Small-3.1-24B-Instruct-2503,-1,-3.4053204063091806,-1.3741531671734375,-1.0603460846823098,-2.696882196933407,-1.6428722244739278,-1.0603135919895983,-0.8741231301150442,-1.555717551411599,-1.2140558743885954,-0.5731996697176434,-0.0908717588476919,-1.2169236144817508,-2.3383079037230368,-1.1597000946423202,-0.982378453426935,-1.987302639587676,-2.699452261637961,-1.3244140844258043,-0.9296157084672968,-2.208399820704869,-0.5682224832003195,-0.6674383935203971,-0.5949315201325697,-0.6836829383088003,-0.6415824006178273,-0.7573505070700735,-0.6429559154739035,-0.7479942878913145,-2.80464021789974,-1.0179462315936936,-0.8577483695859761,-2.312040371580774,-1.208179371316776,-0.8155558828342621,-0.7563285798787298,-1.211472987928107,-1.628077181637598,-0.8990220993950874,-0.6518636433246076,-1.480728506468856,related,9
CHEBI:17933,exact,,"(3S,5Z,7E)-9,10-secocholesta-5,7,10(19)-triene-3,25-diol",Mistral-Small-3.1-24B-Instruct-2503,-1,-3.360638117424582,-1.365611713494063,-1.053012468248604,-2.6705661196197954,-1.6979005091772108,-1.0739140995726764,-0.8865171161092639,-1.5948287399455958,-1.2881946815737364,-0.5925142901373809,-0.0921756750784457,-1.2761413970602302,-2.418838547422073,-1.1799368848267688,-1.0002517004707412,-2.042204188616531,-2.761460701767241,-1.3338505297879586,-0.938665679065374,-2.245683952903024,-0.6174818684966368,-0.6788577392076396,-0.5970667839380491,-0.7242921688365039,-0.6942021551435765,-0.7733343247462046,-0.657907637996683,-0.7916983235202256,-2.973154771669305,-1.0346593439608425,-0.8687280097143424,-2.421167173390937,-1.3407812624086828,-0.8459706968285231,-0.7841357649739157,-1.3104948166147297,-1.7084522425186262,-0.912360735947081,-0.6589116224327357,-1.5339530312785976,related,9
CHEBI:17883,related,,hydrochloric acid,Mistral-Small-3.1-24B-Instruct-2503,-1,-0.8045766160756385,-0.912523129950166,-0.7491401086396716,-0.9245588195755216,-0.5220485238172211,-0.7403288229831678,-0.6601755537219735,-0.6728405409904814,-1.995721097664763,-0.820094785443196,-0.1138037672365631,-1.817003063305732,-0.2174310374444561,-0.7964283199286925,-0.719469018700801,-0.3494492342833634,-0.0988512143356244,-0.4679031045566455,-0.413572156599945,-0.2748778620817673,-0.2584275522610577,-0.5334280605891207,-0.4925337832595708,-0.4174872729573007,-0.0998180845413931,-0.4326747255745188,-0.4188634504182732,-0.2659580588526999,0.7538299267935223,0.1323899089696932,0.0739410414230006,0.7034981990794654,0.0842188562299489,-0.457835925729509,-0.4864044956811443,-0.08718572743199,-0.3014572910700445,-0.5937271518684474,-0.4824283462606274,-0.4831809514625491,related,9
CHEBI:17883,related,,cloruro de hidrogeno,Mistral-Small-3.1-24B-Instruct-2503,-1,-1.674233508230888,-1.1349838661281897,-0.8908813289588062,-1.5879318029324134,-1.2715551633489643,-1.015238969310987,-0.8208937250283548,-1.283027240122865,-2.078146169825887,-0.8950915949663296,-0.1187112977679484,-1.877624019105404,-0.8681593312178147,-0.8827215851634407,-0.7845032418348986,-0.905657180029104,-2.1459919273254355,-1.2260187715328967,-0.905402079060928,-1.8630992657510392,-2.076784027181304,-0.9321681646254276,-0.7889176625908274,-1.7910320580837285,0.9302296647175234,0.6091245426686676,0.4680690376847253,0.9757366203560256,-1.470346547521202,-0.8509621875458501,-0.7453148203459644,-1.3889245124612188,-0.3756746327287669,-0.7593444618468648,-0.7725326768824714,-0.5292037779374426,-1.1753556029548164,-0.794759406158595,-0.5949135754035555,-1.1686462055282534,related,9
CHEBI:17883,related,,chlorure d'hydrogene,Mistral-Small-3.1-24B-Instruct-2503,-1,-0.5120316563757134,-0.7695793720039733,-0.6270966056056037,-0.6740874712299721,-0.95224636210141,-0.921602281932581,-0.7619124244657829,-1.034359334097443,-2.0310349953501325,-0.9118830802952632,-0.1130274588127821,-1.843027411542575,-0.8847701868615226,-0.8992356549184133,-0.7855622784914157,-0.9190219024373122,-0.4487464140517315,-0.674693035976554,-0.5816587357913774,-0.5990641808959537,0.3093788400429987,-0.2346041767294738,-0.2598270688212034,0.1377142362891553,0.5767311690643153,0.1209878614786575,0.0399979372150288,0.4677781972634836,-1.689888550666354,-0.9480409234441932,-0.8382197751133034,-1.5497371064625205,-0.0485431673959872,-0.6222030159495622,-0.6141454205278919,-0.2213638801839792,0.0530269553981508,-0.4088591301298059,-0.3789116931819123,-0.1551749314656603,related,9
CHEBI:17883,related,,[HCl],Mistral-Small-3.1-24B-Instruct-2503,-1,-0.3615045977800406,-0.7151261280936487,-0.6145198795541456,-0.537832973128633,-0.7275274718760232,-0.8560581876860353,-0.7367065616582148,-0.8498177539485091,-2.09844041848345,-0.93528854444176,-0.1136420182673791,-1.8924853426296493,-0.9761849771023176,-0.995827062956364,-0.8768793257069567,-0.9919599520656392,-0.5259198678702813,-0.7128933754241763,-0.5831052148578177,-0.6664542061447256,-0.8300442203497735,-0.7164690954445617,-0.6352897926692807,-0.8949590521668798,-2.1536677521367307,-1.0250248123317585,-0.8691948728743846,-1.870960254568524,-0.1314757558174106,-0.4178462301848045,-0.421901645050085,-0.278185061093587,-0.6230200629813774,-0.8444551897660886,-0.850509164735431,-0.7447676273120588,-0.3222840513339033,-0.58745322781859,-0.4674190090192999,-0.5012985489076728,related,9
CHEBI:17883,related,,Wasserstoffchlorid,Mistral-Small-3.1-24B-Instruct-2503,-1,-1.761247447755254,-1.1514309677744348,-0.8943279035302572,-1.6492404226418824,-1.666605317487133,-1.1111093529669376,-0.8864467771998967,-1.5726240217923697,-2.334493713066553,-1.002279480264488,-0.1146650645984269,-2.0635976615247342,-1.0329913266686408,-0.9795427937747276,-0.8773299267043781,-1.0367819131132914,-1.7542017026153751,-1.1419539471609057,-0.8317495410954658,-1.6030198231102406,-2.0914301431490565,-0.933776565329206,-0.8010903652555802,-1.800800059537888,0.2378824566826594,-0.3268793136964424,-0.3010472920005129,0.0749625980115224,-1.137707859722034,-0.825353849831164,-0.7021103120997831,-1.1362787975664537,-1.5351728653144323,-1.059132816394021,-1.0234736713564252,-1.4519523693924674,-2.115164643395941,-0.955983488977484,-0.681835809902826,-1.794908627963363,related,9
CHEBI:17883,related,,Hydrogenchlorid,Mistral-Small-3.1-24B-Instruct-2503,-1,-0.4804047608544525,-0.7749912837641195,-0.6496983972893262,-0.6459148091598556,-0.4160145125484862,-0.6883257698756737,-0.5877908269372651,-0.577976475062327,-1.5200677053766096,-0.83869449923343,-0.1071525016441891,-1.4579233788831425,-0.2395445794568826,-0.7071205443003683,-0.6321885650675455,-0.3695874574234414,-0.1213307864942841,-0.4894222912723341,-0.4506626109447904,-0.2967399107573,0.5802970924627662,-0.003735935118443,-0.085558876365619,0.4521707401469927,0.9042323134462338,0.6466030515336323,0.4969326738739216,0.9328972591255555,0.3488121173522793,-0.2305279750713163,-0.2469804717499313,0.212350145582183,0.3404394892056643,-0.359423351024957,-0.4242288536709769,0.1914641867770098,-0.000582563130449,-0.4564202589870458,-0.4081245903697382,-0.2074712658882265,related,9
CHEBI:17883,related,,Hydrochloride,Mistral-Small-3.1-24B-Instruct-2503,-1,-1.079183445827354,-0.9921917814495718,-0.8240226192035438,-1.1454491996334062,-0.4573754182506435,-0.7230798441579358,-0.6323833717360279,-0.61528875113822,-3.018596450206384,-1.0032654931572127,-0.124760603721358,-2.54439799337759,0.8462493773333262,0.1783731541588613,0.0608023373992658,0.8053673755027475,-0.8563153406653323,-0.8667136277490356,-0.6520883807245099,-0.9412528914903534,-1.3768345781058644,-0.8384367390298864,-0.7334566778673178,-1.3062297204729514,0.6106389140247613,0.0937480354524964,0.0182517526465787,0.511054776030081,-0.4133506735741441,-0.584517612502247,-0.5389095727620558,-0.5367165762300473,-0.3862912767594421,-0.7721645935012313,-0.7676228462283925,-0.5387301591501404,-0.9780744117722828,-0.7605131967279892,-0.5795493180670724,-1.0250025749148115,related,9
CHEBI:17883,related,,HCl,Mistral-Small-3.1-24B-Instruct-2503,-1,0.2345855577362612,-0.3494742834143681,-0.3648798810974197,0.0713853239344061,-0.5920146325242348,-0.8033427782573139,-0.6849373043087642,-0.7340688347239631,-2.448318537822794,-0.9742784425164106,-0.116270751092238,-2.145040356283196,-1.0360621172605322,-0.951194661902002,-0.824046751849102,-1.0391942557855358,-1.0821914992488857,-0.9689805749232256,-0.7352813854867265,-1.118095001264494,-0.8369262196110968,-0.7167828221449735,-0.6427905483050461,-0.9003694854324062,-1.5497535755145744,-0.9332049825862752,-0.8010628963767005,-1.449504106524612,-1.129681157797354,-0.8880697434134784,-0.7892031372229489,-1.1300329242184473,-0.6007773680537343,-0.8235681813978714,-0.8272819410933103,-0.7258971673884183,-0.379286864763401,-0.614168539086494,-0.4855121535974182,-0.5503286391959638,related,9
CHEBI:17883,related,,Chlorwasserstoff,Mistral-Small-3.1-24B-Instruct-2503,-1,-1.5384526895562076,-1.0993532536466268,-0.8608651227067349,-1.4906852950905367,-1.5267515321912368,-1.084317929293312,-0.8856567766524196,-1.4721354712325847,-2.0873862923906006,-0.9759216467665084,-0.1216572004388965,-1.8843935894464647,0.2342057550641397,-0.3805279422239728,-0.3947191770932123,0.0881405887446635,-1.046325312697945,-0.9443600356152246,-0.7264100953584195,-1.0905464154579922,-0.8628086369258557,-0.7164678156324984,-0.6373603544461464,-0.9206570001593328,0.0503260886082365,-0.4526591144823875,-0.4208328915222845,-0.1192357461039983,-0.7191971951365029,-0.755841378136815,-0.6835502026814212,-0.7995976765445373,-1.1107222821800276,-0.9750847676609044,-0.9577403932916372,-1.137274175104333,-1.626125624259983,-0.8973871198438004,-0.6512754028679235,-1.4794287392704897,related,9
CHEBI:17883,exact,,chloridohydrogen,Mistral-Small-3.1-24B-Instruct-2503,-1,-0.4980223808260671,-0.7779819597132623,-0.6649422970128447,-0.6616369448794622,-1.0752442309996677,-0.943742410353082,-0.7866118301949707,-1.131885387256826,-2.056734308726251,-0.9653712680239136,-0.1179795937760295,-1.861917013645028,-0.6975264984845734,-0.997077827590096,-0.8626234447392866,-0.7662542587805712,-0.51264345805169,-0.7128036691906878,-0.6021744897155062,-0.6549548983337096,-0.1532876716363919,-0.4885097929308604,-0.4637480271962002,-0.3222365196170541,0.5666035329195315,0.0795672493409724,0.0367618959954187,0.4550206604948129,-0.2947712182819342,-0.6138442451973366,-0.5600718266469444,-0.4300874176931626,-0.3217192621668379,-0.709651359308256,-0.7205383483585599,-0.4803759319842249,-1.1056563143068592,-0.7933802213899245,-0.5968625806198367,-1.1184915804500335,related,9
CHEBI:17883,exact,,chlorane,Mistral-Small-3.1-24B-Instruct-2503,-1,-0.0341540622703692,-0.523498694704688,-0.4714981006659885,-0.2195485129332351,-0.369543870833408,-0.6749822439210444,-0.5799785194772221,-0.5355626461346716,-2.0224377693365483,-0.8233691154040284,-0.1116152270028634,-1.836699019269107,-0.4400006945189489,-0.7229188944692051,-0.6536129525486751,-0.5477053586843055,-0.0760539936998597,-0.4567878665418961,-0.4501784878471594,-0.2525442080342706,-0.9381596072863644,-0.7432406273257126,-0.6570535495132098,-0.979190321194928,-0.7883819544472082,-0.7175653807982164,-0.6309320396956174,-0.8687977388946315,0.1436744836356222,-0.4392595205595633,-0.3866709584366289,-0.0064221857906893,-0.6228127485399999,-0.8475119140570994,-0.833855277385579,-0.7445921827125924,-1.663717098336991,-0.9100318507941524,-0.6615056417662174,-1.5044026344734658,related,9
CHEBI:17634,related,,grape sugar,Mistral-Small-3.1-24B-Instruct-2503,-1,-0.8652538128160764,-0.935248801421984,-0.7787865380659444,-0.9744478634940889,-0.5096601319305756,-0.7587120453918358,-0.6534745021947614,-0.6618889781757955,-1.598834367112686,-0.8779393502742269,-0.1087427027708389,-1.518586522686975,-0.920938186161484,-0.7810223161629551,-0.6755429051029441,-0.9480020073615908,-1.1258757279097973,-0.9731416050675268,-0.7535946121846842,-1.1513923336201386,-0.3988532716049628,-0.6112162014631565,-0.547955259038121,-0.5406168828522825,-0.7552069025159572,-0.7781177800383579,-0.6725024850495295,-0.8417987409442456,-1.142338743283889,-0.8211605780020007,-0.7212863024195443,-1.139878836239396,-0.5193764249629734,-0.7279389104635597,-0.6622813690393208,-0.6560048131264858,-1.3369829451140027,-0.8671238069384855,-0.6485735597932297,-1.2826498298300524,related,9
CHEBI:17634,related,,dextrose,Mistral-Small-3.1-24B-Instruct-2503,-1,-0.9653168884591178,-0.9244651143725554,-0.7788052049879004,-1.0553443710714254,-1.3148729892262827,-1.0343497992063146,-0.8486341445243568,-1.3156859551652302,-3.434242732785214,-1.1750033224571277,-0.1216388616262883,-2.828255155570594,-1.874284128439428,-1.0961491949418567,-0.9417314077499752,-1.663873503377312,-1.0928921472667346,-0.9704728642880872,-0.7013231208714075,-1.1262771122270692,0.6854327897324433,0.0864865638325317,0.0008323736018047,0.5881291562515967,0.5563091346996553,-0.1428372510458208,-0.153617653419374,0.4421297008862535,-0.5960171586339774,-0.6841022556189358,-0.6172838452300816,-0.6956634415627837,0.1446174166544108,-0.414512580933238,-0.3707434623812766,-0.024022248026179,0.2308266295964244,-0.3528778765579092,-0.34351451059781,0.0268639613940054,exact,9
CHEBI:17634,related,,Traubenzucker,Mistral-Small-3.1-24B-Instruct-2503,-1,-1.4846459474550553,-1.0684960085982596,-0.8712194686477431,-1.451588583585693,-1.1599928525853989,-0.9720887033236418,-0.8081049782259678,-1.197785130325146,0.4524855423952192,-0.1408901614660407,-0.039625569876006,0.3545907291940695,-1.6352250466908849,-1.0033345416913302,-0.8675497975480816,-1.491768459303853,-1.580657590416367,-1.091456597114526,-0.8089217453543255,-1.482936524295046,-3.4369096777776216,-1.0921261586466295,-0.9068727422479704,-2.654628171121006,-1.9244471639538967,-0.9795805575809194,-0.8369800794590802,-1.7141670906786006,-2.3991312171149968,-0.9855122594627445,-0.8718868371916926,-2.04363872994044,-3.3768742962442584,-1.2660043225696245,-1.1297945604580062,-2.637552702824883,-2.8404984568587874,-1.041816651804212,-0.7251552885035669,-2.232226130805829,related,9
CHEBI:17634,related,,D-(+)-glucose,Mistral-Small-3.1-24B-Instruct-2503,-1,0.3644574517014406,-0.1907808482359844,-0.2522663848229359,0.2249882384280108,0.2591144057702548,-0.2725782347826833,-0.2943002078118696,0.1038083950528007,1.3761483525520917,2.0714600044489915,0.207023863708516,1.858983495948306,0.4131925470523024,-0.0479433390102572,-0.1107369431049692,0.2790272521847892,0.7050220027613175,0.3931136004411528,0.2646669533464151,0.653509076155628,1.1689738625001835,1.5867338635138597,1.3701628746528005,1.437157535320456,1.1404628208858487,1.2691637612234057,1.078986176523876,1.3812340709344797,0.6325164173962975,0.5084617794967558,0.495310753040714,0.5460144525575409,0.7720924619844737,0.4863824376792183,0.4691323428182352,0.749114565717383,1.0283056285792256,1.0609949148582096,0.6652348232352883,1.1940626284679317,exact,9
CHEBI:17634,related,,D(+)-glucose,Mistral-Small-3.1-24B-Instruct-2503,-1,0.4373307135382505,-0.0805385419039762,-0.1436984784592411,0.3158678957506579,0.3561186282307458,-0.1676270507778374,-0.2071027546480487,0.217081904749316,1.1162268740692407,0.7939112317028975,0.0505667018172883,1.294684015501418,0.548324124561816,0.1322573030452213,0.0363661558139606,0.4319576164771797,0.6741517568843001,0.3434290678605746,0.1797231493176793,0.6102435718743777,1.16606414895308,1.563161902022797,1.3323656036782558,1.4296925673989052,1.1409484287866676,1.2728249906928233,1.1254491324128288,1.3823445019116265,0.7027284321557062,0.6019780182848268,0.5820043570472238,0.6358563278102249,0.8930103971113036,0.7500258233390206,0.6745837031201444,0.9377186646209136,0.9737156872538336,0.8155342183831523,0.4622154292296384,1.0720715574163764,exact,9
CHEBI:17634,exact,,D-gluco-hexose,Mistral-Small-3.1-24B-Instruct-2503,-1,-0.2991963459309441,-0.6616084139733424,-0.588661365572547,-0.4797332727342889,0.1007001644797049,-0.3937193995415906,-0.3600730432700655,-0.071128328509237,-0.2989167833663691,-0.5193108265555634,-0.0537256943332928,-0.4273989854991856,-0.3502220483718598,-0.6275245787653887,-0.5600515312899292,-0.4688812941552711,0.4249835375203765,-0.0024151122460467,-0.1341716628950168,0.2893459373258414,0.2362157643415526,-0.3219137920745821,-0.3172376336027498,0.0595806195558523,0.3781305850289536,-0.2763769340990885,-0.2969059753967193,0.2299005093295447,0.5334927312942661,0.3505428263749849,0.2515967952393315,0.4246727026685105,0.3322384158557279,-0.079022680096448,-0.1850198084141541,0.182073916248122,0.1606464177660406,-0.3746012509349131,-0.3697177472656245,-0.0466887190484097,related,8
CHEBI:17368,related,,purin-6(1H)-one,Mistral-Small-3.1-24B-Instruct-2503,-1,-2.323663893496292,-1.24252603732123,-0.9685610032142504,-2.02888806100698,-0.7541113005888381,-0.8260342803066263,-0.6986887574545269,-0.8721109108369071,-3.4656488354510246,-1.1626342552287716,-0.1183625764341284,-2.8495097571399293,-1.725568049924614,-1.1222814680040094,-0.9409047314780624,-1.557300298232138,-1.8852392624801533,-1.167119522870326,-0.8412791442359047,-1.6916248972095589,-0.7876691161447734,-0.6995148236664976,-0.6196553896436807,-0.8614930366921986,-1.1618148379080828,-0.8287574752262198,-0.7157588130745924,-1.162062481443357,-0.9258567888966024,-0.6685696600686639,-0.6148477331420686,-0.9687872378265142,-1.6495868460010843,-0.9253326426783915,-0.894189193781594,-1.5333164976341307,-1.5648817082163615,-0.8828433243717851,-0.6467474512562396,-1.438454899757056,exact,9
CHEBI:17368,related,,Purine-6-ol,Mistral-Small-3.1-24B-Instruct-2503,-1,-1.0259669704726857,-0.9124075648443803,-0.7416902692579112,-1.1035868528704469,-0.5325483324237111,-0.7424232128120011,-0.6362101809735984,-0.6820961496549183,-3.5533728491795658,-1.1869364774684117,-0.118726705709247,-2.9087532972548207,-1.2741917299175445,-1.0093273973667956,-0.874278065421989,-1.2231596928526116,-1.0619851665318203,-0.9368723550958382,-0.7233407705797789,-1.102598283911241,-0.4734033196376448,-0.6093242905738089,-0.5589323029186867,-0.6042742178356796,-1.4680315963634338,-0.9249880118932912,-0.8041401935317385,-1.3901985333695457,-1.049124799968113,-0.6995648781420789,-0.6230819270690159,-1.066923988338363,-0.8403184819045616,-0.7566535718242251,-0.7757515438230215,-0.9243866617165374,-0.4553609656385011,-0.6296078401293773,-0.5137301362909322,-0.6145529726648122,exact,9
CHEBI:17368,related,,Hyp,Mistral-Small-3.1-24B-Instruct-2503,-1,-0.2496292347132529,-0.6197175957440113,-0.5485411096560241,-0.4327419028961723,-0.0053089970090279,-0.4777492266199262,-0.4511485845233503,-0.1822637257370737,-2.68794865404385,-1.0755437795027707,-0.1136189884656571,-2.3144846720531,-0.4193570201291282,-0.6953995599494377,-0.6530546664761034,-0.5297102417712751,-1.5822090979439956,-1.130290690736541,-0.8413413875899011,-1.4840245949865811,-1.5600853024685488,-0.8583607384680261,-0.7293440585259551,-1.4369574240570424,-1.8928903972941404,-1.0304888900024058,-0.8738202584223252,-1.6922979681215555,-0.9771019753304274,-0.9015143501571417,-0.822389214154947,-1.0098227259566228,-0.6827552171934316,-0.7664168251158577,-0.7831732709511513,-0.7949831784906132,-2.2166900040637696,-0.9851555587466594,-0.6932153938606674,-1.8580941982959744,related,9
CHEBI:17368,related,,9H-purin-6(1H)-one,Mistral-Small-3.1-24B-Instruct-2503,-1,-2.379203892368922,-1.2432746064551203,-0.9680228187685048,-2.0649909769145,-0.7776782106982795,-0.8265715481144957,-0.6984757752788212,-0.8917659219812484,-3.668441614299404,-1.1797886515993288,-0.1223920150341422,-2.986201996707773,-1.820836686453712,-1.1661876281277723,-0.971168992985684,-1.6257514745432908,-2.089817846979716,-1.210032939665876,-0.8590633020119889,-1.8266760325940323,-0.6989876949604419,-0.677747863609294,-0.598004947435696,-0.7905786245573728,-1.1701190999701954,-0.843997249632814,-0.7146742482606032,-1.1683831250743069,-1.1736772397468065,-0.7351077255798679,-0.6666226429014482,-1.164176093264654,-1.557388394901481,-0.9050205281320808,-0.8747035606984184,-1.4678561205282858,-1.3683513144913713,-0.8354455667319493,-0.6223722568950586,-1.304424146145664,exact,9
CHEBI:17368,related,,6-oxopurine,Mistral-Small-3.1-24B-Instruct-2503,-1,-0.7140259428182179,-0.796355520817354,-0.6609595375745327,-0.8488606126431536,-0.4509797061226166,-0.6477029009935057,-0.5640567974998425,-0.609545401946462,-3.490686586916701,-1.1354096158237377,-0.120840557306838,-2.866437259428536,-0.5466420683041463,-0.7670091763907971,-0.6861968088654576,-0.6394955215996958,-0.7498750094732473,-0.8190951346761786,-0.6531536157796013,-0.8549759996818773,-0.8203757263610124,-0.716175092842265,-0.6373545335132659,-0.8873464101193267,-0.9658779620306128,-0.8230649319560595,-0.6990867208595735,-1.0105021020282654,-0.4978966781068597,-0.5475318146708217,-0.5134939396435346,-0.6110413721513147,-1.3401614637167027,-0.8678319857940701,-0.8484038384443569,-1.3100369269744232,-0.1268986882331668,-0.5058177024563376,-0.4441484663049804,-0.3266419110148311,exact,9
CHEBI:17368,related,,6(1H)-purinone,Mistral-Small-3.1-24B-Instruct-2503,-1,-1.2555689156149863,-0.9937083231090564,-0.8091654500699901,-1.2812750932997838,-0.3620563214965412,-0.6165559146872346,-0.550817055382793,-0.5286786524422831,-3.408096701557121,-1.1726277294507723,-0.1183019563942771,-2.8105416584730016,-1.1573603933800332,-0.9537460295605098,-0.833287415663171,-1.1336475320491834,-1.0856985977410036,-0.9539026820708764,-0.7376073478174985,-1.1207785160947443,-1.2699551824159194,-0.8056644845982731,-0.6988164087993565,-1.228504488508841,-1.0557696519363342,-0.8179862114726175,-0.6917756752607241,-1.0806284199248342,-1.0228834522826715,-0.6917166030282356,-0.6205073069958744,-1.046195075729453,-1.3715989115581255,-0.8688263221947863,-0.852276378790686,-1.3332052462942303,-1.497286200485521,-0.8885260695156257,-0.6469315412952973,-1.3928055130856547,related,8
CHEBI:17368,exact,,"1,7-dihydro-6H-purin-6-one",Mistral-Small-3.1-24B-Instruct-2503,-1,-1.9447905101872345,-1.152960753785679,-0.9219014908433676,-1.7761556519788204,-0.6954036953340018,-0.7713496590826285,-0.6402278909153735,-0.8227026119642528,-3.5865545663097733,-1.158726740356778,-0.1192342677610763,-2.931116176681534,-1.3898791990073156,-1.096466604260804,-0.9412221937815832,-1.31048446004749,-2.111342312833067,-1.2186543352626524,-0.8537920884099083,-1.840664964067863,-0.5690891982929673,-0.6457193617194917,-0.5919497713059186,-0.6844011561722577,-1.1700868892026348,-0.8553288668882009,-0.7309207402484011,-1.1683586238100223,-2.179562332851544,-0.937553899670687,-0.7937835479568973,-1.8944159748883127,-1.552610869343808,-0.9056744214396056,-0.87565865544421,-1.4644403292823718,-1.0865545821533564,-0.7572081508451707,-0.5843073888520436,-1.104635737867516,related,9
CHEBI:17272,related,,pseudoacetate,Mistral-Small-3.1-24B-Instruct-2503,-1,-0.0145577624866308,-0.4597264732566539,-0.435875281673613,-0.19936216888833,-0.4704137871954675,-0.7102273800710517,-0.6075712652640726,-0.6269678546042314,-0.9262175608728704,-0.5861447921840697,-0.0828261500685691,-0.9812798174521442,-1.170123136406855,-0.8795366388010473,-0.7970587360076279,-1.143493716200573,0.1800225398225984,-0.3235939097637795,-0.358930440504407,0.0108577615868589,-1.0458056978542285,-0.7510803387879299,-0.6776072819273117,-1.061514297484515,-0.7303597610584457,-0.7783058800721752,-0.683667680950098,-0.8214647847942896,0.0105767807228422,-0.5479814294759264,-0.5350165726886493,-0.1406137365047363,-1.2162846510972485,-1.0280445230545574,-0.8911999856324238,-1.2175882982301678,-1.345148834987285,-0.8842159461778891,-0.6499615866481406,-1.2883287626405635,related,9
CHEBI:17272,related,,"propanoic acid, ion(1-)",Mistral-Small-3.1-24B-Instruct-2503,-1,-0.3132695844260279,-0.6291816330660882,-0.5475143404940703,-0.4929485047191587,-1.0080543086522575,-0.9112710839149776,-0.7428895486784353,-1.0788957393792369,-1.4472982043446685,-0.763116480325962,-0.0972846710584562,-1.4014053856213726,-1.529963439977451,-1.0579111452728311,-0.9070047683770756,-1.414609117470194,-0.9937404440561124,-0.9461268873137348,-0.6851505387438862,-1.0498039591570565,-0.1471689445079972,-0.4929418509038759,-0.4702302514789265,-0.3166054278625309,-0.6532785788234423,-0.7092161629096043,-0.6277626647795433,-0.7577490047076484,-0.8961717255829997,-0.7323202769271168,-0.650311662683892,-0.9448561975918028,-1.0995237279587275,-0.9078517602579926,-0.7897267035396074,-1.1286671086297202,-0.5201467880385343,-0.6835723055689671,-0.5291954496851362,-0.6682241698184814,related,9
CHEBI:17272,related,,propanoate,Mistral-Small-3.1-24B-Instruct-2503,-1,0.6030364571860263,0.2011081417218305,0.0774115311536299,0.5381975093919605,0.7215625991633505,0.4090467201883848,0.2498101020902524,0.7028371498256225,-0.756982404097121,-0.6200970493288966,-0.0681949036680384,-0.8379177865216383,-0.5624325993872302,-0.7215754812314562,-0.6749061883291052,-0.6529267053587203,-1.4929455541295118,-1.0958667966262392,-0.7897743789258574,-1.420979335739016,0.1948994292536791,-0.3227532321731283,-0.3260504988686906,0.0164946775430149,0.1796547667514849,-0.392380355525886,-0.3447459578912861,0.013220463723787,1.183765555404586,1.0159921857403689,0.8220608053587162,1.3884313811099127,-0.0198215387366083,-0.5251697016830861,-0.5347478582511229,-0.1928458781823289,-0.2745018563022375,-0.5937925989938801,-0.4938317351357302,-0.4595641052144203,exact,9
CHEBI:17272,related,,propanate,Mistral-Small-3.1-24B-Instruct-2503,-1,-0.0133786194924769,-0.4556441301858091,-0.4472163644047601,-0.1981428871366947,0.1358641562938516,-0.3122490274561034,-0.3167897757170733,-0.033268587098894,-0.6018898168879229,-0.5149172216239882,-0.0650003137396782,-0.7029120119969311,-0.7681145463981541,-0.74266044650159,-0.6915389613325783,-0.8244037379240273,-1.4626587442308503,-1.0949449701784828,-0.8050159570805359,-1.3993783492850964,-1.1349050742324258,-0.7784821706761327,-0.6767381196925905,-1.1285761108157806,0.0474377205398904,-0.488538220398538,-0.4283161644013756,-0.1221260223358656,1.0740397629855165,0.6666588845803018,0.4984461436112939,1.186856994167104,-1.070937211124936,-0.9454482751218632,-0.8615610595236614,-1.1066178885076778,-1.0982252255191722,-0.8161367209398965,-0.6189597449197661,-1.1131070363275113,exact,9
CHEBI:17272,related,,methylacetate,Mistral-Small-3.1-24B-Instruct-2503,-1,0.1557366272468851,-0.3217656151992116,-0.3172159000804369,-0.0173699753607414,-0.5363169568721465,-0.7305700845314145,-0.6450939747783213,-0.6854123358382886,-1.42347466336616,-0.7411889461961841,-0.0993542390193205,-1.38279977145705,-1.0108417444358773,-0.903071839458096,-0.8148405770656473,-1.0193497387376234,-1.2674194571329722,-1.03585773752009,-0.7669375078616844,-1.2574305281437064,-0.6529867628952817,-0.6684442628031886,-0.5885897055289616,-0.7533029441623025,-1.0512682991025482,-0.850549194717614,-0.7538340948056952,-1.077141387566138,-0.2654810630335537,-0.6964393747374712,-0.6521485893555379,-0.4032913904566124,-0.7964450270900308,-0.8299587098921646,-0.8213376994688738,-0.8887799257537211,-0.9326782562208102,-0.7908929664028035,-0.594758453298896,-0.9911808771794492,related,9
CHEBI:17272,related,,metacetonate,Mistral-Small-3.1-24B-Instruct-2503,-1,-0.0053019071321672,-0.4278219321421626,-0.4271544350412535,-0.1897769307318046,-1.2389305084287767,-0.9561052107829168,-0.79502802653714,-1.258270808457133,-1.3472284024162855,-0.8380852780896666,-0.0794515926006366,-1.3229005140391026,0.1415438912900947,-0.2837166179115162,-0.3232832742113337,-0.0062746010328548,-1.396319912617772,-1.0784977181535802,-0.7751989329067727,-1.3516805682689776,-1.7703045952230445,-0.8910566255535278,-0.7660358389649837,-1.5833875389244398,-0.3467527600920034,-0.670222439571121,-0.5570314677212722,-0.4936977972096352,0.3135025465948955,-0.3272910151475185,-0.3449968643195407,0.1735336646508082,-1.5729133870511125,-1.0192111466439953,-0.9892634589610476,-1.4789396364067573,-1.956902731489744,-0.9617698105360372,-0.6910308432150972,-1.6949251098289313,related,9
CHEBI:17272,related,,ethylformate,Mistral-Small-3.1-24B-Instruct-2503,-1,0.0547982326005184,-0.4030410677738129,-0.4013585004180182,-0.1267176758554615,-0.8777397326546473,-0.8629882299997313,-0.7245243232178047,-0.9741268936067315,-1.439586139700494,-0.7551644340092031,-0.0946220161462911,-1.3953880800945575,-1.09896172135155,-0.8628674120845918,-0.7494392008178524,-1.088373872012417,-2.171373553257918,-1.2561451674095905,-0.8669736229307418,-1.879467310179519,-0.512293689137102,-0.6339062928874017,-0.568113365434712,-0.6370475635629462,-1.8887645649277385,-1.016011767523784,-0.8579867682335937,-1.6894333906521328,0.718709990107062,0.0276140693292952,-0.0507111287395658,0.6567959238307172,-0.8858297208059739,-0.8220171442654592,-0.8051697629994097,-0.9609919908796531,-1.1841721839579702,-0.843712771714055,-0.627750704005998,-1.1749464056841092,related,9
CHEBI:17272,related,,ethanecarboxylate,Mistral-Small-3.1-24B-Instruct-2503,-1,0.0469321808105086,-0.3973528873676116,-0.4039207497192047,-0.1350539588053622,-1.4990471337114546,-1.0396523321298914,-0.8597477882377965,-1.4519760155962689,-2.7424645882274863,-1.042938311399705,-0.1285655681482433,-2.3526831478036248,-0.8439734765360136,-0.9082102912884588,-0.8034512516352785,-0.8861347077022004,-2.8928267144790936,-1.3866042805000556,-0.9514113109347524,-2.323823079077431,-0.7469951162001567,-0.7034435330973905,-0.6128723346143139,-0.8291186935059066,-1.132107132398799,-0.9028432397461152,-0.7730064779219009,-1.1393851522820762,0.8763848551086482,0.2776506365849825,0.1664847260435475,0.8747761532232617,-1.3679623303054125,-0.9586273182139236,-0.9341777376903664,-1.3305311039495944,-1.2450507635067871,-0.8360796571011273,-0.6258073166930056,-1.2181876096905149,exact,9
CHEBI:17272,related,,carboxylatoethane,Mistral-Small-3.1-24B-Instruct-2503,-1,0.197273607814531,-0.2589582037047294,-0.2790346841789847,0.0289962492520991,-1.7041214962895983,-1.090720111545637,-0.8836439521805491,-1.5992307975758702,-2.519261335185212,-0.9995977273824432,-0.1177500648486413,-2.1954782393562784,-0.8097053702149511,-0.7825510056833173,-0.7136122385939381,-0.8583436546709888,-2.33245590513404,-1.288797056721402,-0.8932438212109437,-1.9820924766231005,-1.1032165404984238,-0.7786466266172412,-0.6661696308743803,-1.104832766339877,-1.277409904864699,-0.9071048482847422,-0.7749790656360952,-1.2493461410768136,-0.297246724903654,-0.6420564964679926,-0.5991574865700777,-0.4323435403830237,-1.6348796735788178,-1.0394808921982763,-0.978503052971987,-1.522932110038214,-1.547071038082635,-0.8897165257098233,-0.6559848070360046,-1.4264708759387317,related,8
CHEBI:17272,related,,EtCO2 anion,Mistral-Small-3.1-24B-Instruct-2503,-1,-0.2428880964636564,-0.5887645899808992,-0.5264594908288007,-0.4262960909842599,-0.9135047785225936,-0.8931831875180023,-0.7610993180499067,-1.003152834776,-2.2649435054498785,-0.94112814471953,-0.1173257060338256,-2.0135035412293045,-2.11347201302088,-1.2149959086535675,-1.0206526979635973,-1.832185715509029,-1.1473764241492153,-1.001781871918218,-0.7546706972212027,-1.1676795018963109,-2.2241550665688603,-0.9565930617947924,-0.8070141564635694,-1.8887324184133647,-1.6802251243093718,-0.9394629907702364,-0.8009172527547038,-1.5429545622066694,-0.442643272560552,-0.6754227751559113,-0.6277769991935682,-0.5626216742864973,-1.7519122501232816,-1.0567949610225875,-0.9924532138261124,-1.6049811616984806,-2.5911759076105234,-1.055558525034872,-0.7405420013127189,-2.085378412934611,related,9
CHEBI:17272,related,,CH3-CH2-COO(-),Mistral-Small-3.1-24B-Instruct-2503,-1,-1.0664012854809397,-0.9823786430189264,-0.7925899307075546,-1.1354331448634831,-1.853312586421264,-1.1991938696426203,-0.9680554251039496,-1.7036572725443755,-1.9694928041572304,-0.9308808660414,-0.1055904085372934,-1.7976225966106445,-2.422370284241115,-1.3610607080111592,-1.136697210817569,-2.0446044592561994,-1.829430369839405,-1.191476050429548,-0.8196805489713831,-1.6540967534893958,-2.2344674169208742,-0.9591759066716616,-0.8097569937367503,-1.8955216899822067,-2.2431884066186525,-1.065731538103598,-0.8911243675883913,-1.931276757046312,-1.037939322269262,-0.7782217795180182,-0.7221593251402532,-1.0580986928067302,-1.7510436741016486,-1.0381005941041015,-0.9815235423991356,-1.60437706251804,-2.532742192909707,-1.051154608948302,-0.7366742309404345,-2.0504715343495743,related,9
CHEBI:17272,exact,,propanoate,Mistral-Small-3.1-24B-Instruct-2503,-1,0.6030364571860263,0.2011081417218305,0.0774115311536299,0.5381975093919605,0.7215625991633505,0.4090467201883848,0.2498101020902524,0.7028371498256225,-0.756982404097121,-0.6200970493288966,-0.0681949036680384,-0.8379177865216383,-0.5624325993872302,-0.7215754812314562,-0.6749061883291052,-0.6529267053587203,-1.4929455541295118,-1.0958667966262392,-0.7897743789258574,-1.420979335739016,0.1948994292536791,-0.3227532321731283,-0.3260504988686906,0.0164946775430149,0.1796547667514849,-0.392380355525886,-0.3447459578912861,0.013220463723787,1.183765555404586,1.0159921857403689,0.8220608053587162,1.3884313811099127,-0.0198215387366083,-0.5251697016830861,-0.5347478582511229,-0.1928458781823289,-0.2745018563022375,-0.5937925989938801,-0.4938317351357302,-0.4595641052144203,exact,9
CHEBI:17203,related,,prolinum,Mistral-Small-3.1-24B-Instruct-2503,-1,-0.5275301561550043,-0.7608058040335998,-0.6602609574862395,-0.687809108032864,-0.3128281307568609,-0.6184809914374224,-0.5494861838668671,-0.4830614368027541,-0.3402418888819538,-0.4677150396821324,-0.0784185603304437,-0.4660052284356621,-1.1779033189720938,-0.8255766011121016,-0.7154492086241642,-1.149487631895683,-1.7272318342973678,-1.1347996410039176,-0.8512256101499853,-1.5845679609095922,-0.5164199983759039,-0.6330806057206645,-0.5767462000841442,-0.6405079779710817,0.1740407153775355,-0.4231529139406548,-0.4038623307510662,0.007340404410328,-1.5775635984813796,-0.8940725151193794,-0.793417517171068,-1.4680005323496348,-1.283659699912752,-0.9237741818036708,-0.7156595695344476,-1.268102611141505,-1.4059799414322576,-0.8600724960620217,-0.6400836956900398,-1.3304007775801583,related,9
CHEBI:17203,related,,proline,Mistral-Small-3.1-24B-Instruct-2503,-1,0.1421007006287604,-0.3932482638126078,-0.3959881573610989,-0.0324103569103281,0.262043573587996,-0.2352968236658904,-0.2582570499034954,0.1071552055708447,-0.3101252354197119,-0.4151929556455224,-0.069742735608614,-0.437904783158755,0.4422655375213855,0.0671030215149527,-0.0210518336145597,0.3112297339270556,-0.4676929572303461,-0.7087449977417412,-0.5486385233155646,-0.6157325744938368,1.0722250313727455,1.0430396380935734,0.8896563894759311,1.2154291052995947,0.7308674387352857,0.1340170461697689,0.0297485286682621,0.6723474072326138,-1.498052671780245,-0.9706453926912944,-0.8517430550516387,-1.4094611583962886,0.7479381849318542,0.3457517087020456,0.3584644431388472,0.7136701771247033,0.9113969182177286,0.5178098585320544,0.2410262788857058,0.9484524037484352,related,9
CHEBI:17203,related,,prolina,Mistral-Small-3.1-24B-Instruct-2503,-1,-0.5303076775356911,-0.8184289804631671,-0.7031403992185591,-0.6902624304155157,-0.6032521689745356,-0.7838784344520545,-0.6514014908574917,-0.7438067866559156,-0.261639559278372,-0.451441859971192,-0.071624874444754,-0.3922681056547592,-0.5813377426937517,-0.5929049556938154,-0.5469942574560752,-0.6689547288087081,-1.4633631891528651,-1.0669831752046774,-0.8132625867186475,-1.3998820030162415,-0.2749936380160998,-0.5532974459043143,-0.5221514326427006,-0.4322462550269845,0.6650282221101692,0.071833429720195,-0.0008299610786222,0.5824094456758588,-1.353836449590564,-0.8679847962041128,-0.7769047998677623,-1.3017473606061607,-0.2067076439871117,-0.490075687624852,-0.4802692414558431,-0.3738589540490684,-0.2258001278895802,-0.5475546802436587,-0.46982164030074,-0.416397856627364,related,9
CHEBI:17203,related,,PROLINE,Mistral-Small-3.1-24B-Instruct-2503,-1,-2.924784178471735,-1.329554708804696,-1.035156463225097,-2.408566262590889,0.262043573587996,-0.2352968236658904,-0.2582570499034954,0.1071552055708447,-0.3101252354197119,-0.4151929556455224,-0.069742735608614,-0.437904783158755,0.4422655375213855,0.0671030215149527,-0.0210518336145597,0.3112297339270556,-0.4676929572303461,-0.7087449977417412,-0.5486385233155646,-0.6157325744938368,1.0722250313727455,1.0430396380935734,0.8896563894759311,1.2154291052995947,0.4926382327819731,-0.1740857172323128,-0.2043176303612539,0.3640291027190019,-1.498052671780245,-0.9706453926912944,-0.8517430550516387,-1.4094611583962886,0.7479381849318542,0.3457517087020456,0.3584644431388472,0.7136701771247033,0.9113969182177286,0.5178098585320544,0.2410262788857058,0.9484524037484352,related,9
CHEBI:17203,related,,P,Mistral-Small-3.1-24B-Instruct-2503,-1,-1.623393395349107,-1.2043936603042595,-0.9257912548981372,-1.5517509817854842,-2.232221255336853,-1.2733362261608687,-0.993568758480211,-1.9598446348911207,-0.4448044620392449,-0.4990773465056731,-0.0665097066225067,-0.5621765983942297,-1.4160267884097302,-0.9648322843620676,-0.8339205624465585,-1.3300503874206775,-1.4298112986494038,-1.0756072642599164,-0.7948944855300695,-1.3758275957969364,-1.621326957367348,-0.8911027517348215,-0.7644660383054378,-1.4799854243329282,-1.918648410330518,-1.006628378431265,-0.837193870790362,-1.710153886749498,-2.252477121869217,-1.081629162645657,-0.9435529031581116,-1.9443017369385047,-1.2084095618344437,-0.9226134156045008,-0.8198742761141969,-1.2116467786771494,-1.2200432740326068,-0.798032957860986,-0.599748804373063,-1.2004799189274389,related,9
CHEBI:17203,related,,L-pyrrolidine-2-carboxylic acid,Mistral-Small-3.1-24B-Instruct-2503,-1,-1.0248997626330474,-0.9546870603709002,-0.7987996876668785,-1.102742935734333,-0.6704312195431946,-0.7783142619270867,-0.6693973643365793,-0.8014876904847945,-0.3617401494282997,-0.3809129412598147,-0.068054599632494,-0.4859520239015132,-1.3700312763006164,-0.999394546152154,-0.8686576552903861,-1.2955912059632533,-0.1917536699558549,-0.5001818054346738,-0.4130782086669734,-0.3642353004016194,-0.5668975005839153,-0.6465003052297593,-0.5801779083097057,-0.6825847094002369,-1.156863349790918,-0.8151192660927465,-0.7318008409333366,-1.1582899385516108,-0.0736334542049134,-0.1034306025240125,-0.1040820400722591,-0.2228207086137412,-0.3022874651133188,-0.4346795261426374,-0.479201085728937,-0.4626173084782193,-0.4738682519699488,-0.6310072722834161,-0.5107268661766257,-0.6299783448167475,exact,9
CHEBI:17203,related,,L-alpha-pyrrolidinecarboxylic acid,Mistral-Small-3.1-24B-Instruct-2503,-1,-0.5738956438537814,-0.7779477310192857,-0.6834814765589308,-0.7285373006461275,-0.6779746808850661,-0.7773378700437917,-0.6587560914490511,-0.8079088106856305,-0.3962348879941959,-0.3988676433459246,-0.0669159199684673,-0.5177668260697655,-1.157720386035444,-0.9233244096426806,-0.8055982948875327,-1.1339254924110822,-0.4120353257691715,-0.6267259282762334,-0.52039736691313,-0.5665309769339484,-0.3994480686233486,-0.6002581915083374,-0.5487411302466657,-0.541129258546873,-1.1408468514198322,-0.8179534605467182,-0.7304450228022946,-1.1460673577449667,0.0359642863415223,-0.0344466307845197,-0.0123057225140311,-0.1154356922285966,-0.1965949885121988,-0.3874471763057782,-0.4318208894634404,-0.3643256140932771,-0.5845677899557611,-0.6628162345221361,-0.5333411258543134,-0.7207174999512855,exact,9
CHEBI:17203,related,,L-Prolin,Mistral-Small-3.1-24B-Instruct-2503,-1,0.8674891693495242,0.7591339771489275,0.5733866198488565,0.959857732853954,0.7732237386763563,0.5280292997340723,0.3889622630107583,0.7819723019695322,0.2639230795447936,-0.205184727266919,-0.0194214883520345,0.1407862599040338,0.6344950627435849,0.2944129229403793,0.1755579057363352,0.534229979502523,0.6269258557473676,0.2671621201853101,0.0344173145883387,0.5457426600075457,0.0025898398155792,-0.4313078458610404,-0.4057214267253781,-0.1754681812949196,0.9819764666692568,0.7203862462724253,0.563474755147528,1.0647884104137606,1.0830175677504466,1.35463967401759,1.2107940398792814,1.2024206963700967,0.1784339764299854,-0.1922300174624747,-0.2955974394976454,0.0119751757523928,0.2690466062873759,-0.2898338163658701,-0.3058645232212232,0.0679571930484014,exact,9
CHEBI:17203,related,,L-(-)-proline,Mistral-Small-3.1-24B-Instruct-2503,-1,0.3853490011302902,-0.1750355489200629,-0.2290910375660008,0.2506675233973917,0.5712750124890951,0.1319113450927188,0.0172490890418591,0.489543433826914,0.1394982549634872,-0.2987461983144302,-0.0045434993067971,0.0072141144985078,0.4388134577802475,-0.0897165684696197,-0.1070432528603207,0.3073869867868807,0.7602777116596245,0.5035332608209495,0.3334879640942831,0.7333401501479028,1.2236324378668482,2.181018504529099,2.014161457753392,1.591402363585739,1.149487544040108,1.217602001543319,1.0974481877699291,1.4020600494052382,0.5508554899786879,0.3323019855063913,0.2419293503278617,0.4455312771356622,0.8313636607742729,0.6800764181353455,0.663208595127411,0.8390652983502935,1.1471839567382784,1.8854898931658373,1.5244050716015844,1.5468974027467008,exact,9
CHEBI:17203,related,,2-Pyrrolidinecarboxylic acid,Mistral-Small-3.1-24B-Instruct-2503,-1,-1.209546185873826,-0.993766154891151,-0.8220877292017211,-1.246251500807206,-1.1108368815188496,-0.9316388853662548,-0.7709254369760139,-1.1596864803188065,-0.3875672339238283,-0.3934404435536791,-0.0698122754525707,-0.5097943598225284,-1.6524842167526996,-1.037505283867735,-0.9025694883808164,-1.5043358743811768,-0.9100022550440596,-0.8450369505934016,-0.6655375366017934,-0.9840275215716828,-0.8030885823279272,-0.7152169753534176,-0.6274560222623803,-0.8737011811330365,-1.2188760087760813,-0.8237767034815885,-0.7372626681915535,-1.2053345987396549,-0.1986756190842904,-0.2157062055785504,-0.2131331319561557,-0.3414526803692493,-0.5561861763456073,-0.5685943227191372,-0.614833705896348,-0.6877752313889576,-0.9573591101000593,-0.7668872404800283,-0.5842990628682119,-1.009606521516773,exact,9
CHEBI:17203,related,,(S)-pyrrolidine-2-carboxylic acid,Mistral-Small-3.1-24B-Instruct-2503,-1,-1.2060414336134904,-0.9929501807731688,-0.8150477297946961,-1.2435726472530115,-0.995849960448752,-0.8855376520591679,-0.7617715375227909,-1.0691975897762047,-0.3447635240685601,-0.3974253978774222,-0.0659896918471415,-0.4702082365975394,-1.629647413045784,-1.0352178085073518,-0.9036045707841664,-1.4877020982997304,-0.4278118667987183,-0.6316713707287847,-0.5243010658119241,-0.5805506878397626,-0.465651562843682,-0.6112581609234133,-0.5560805059063875,-0.5977068300534507,-1.259951261115615,-0.8543147133725328,-0.7596687694805302,-1.2362581351742896,-0.6176139378246103,-0.3426777063537588,-0.2909623282820623,-0.7140654307451729,-0.4719057071518527,-0.5093275967079445,-0.5509197857340115,-0.6146167999808541,-0.8271806351899783,-0.7364383551372655,-0.5702463596989339,-0.9113727700150174,exact,9
CHEBI:17203,related,,(S)-2-pyrrolidinecarboxylic acid,Mistral-Small-3.1-24B-Instruct-2503,-1,-1.0647973450991517,-0.9457253273654022,-0.7824589158463819,-1.1341745799144385,-0.9726915185980944,-0.8780220248793515,-0.7451071250776689,-1.0507315625253923,-0.3384126836694301,-0.3836480994520817,-0.0663849261546151,-0.4643037511858611,-1.5119846941527726,-0.9835714121887216,-0.8646706319548645,-1.4013397494767543,-0.6836161301979436,-0.7513926907516467,-0.6044728009203056,-0.8002285096083285,-0.2460193410597317,-0.5393475131151764,-0.4952712023274955,-0.4063896185383492,-1.168941164432441,-0.8321887676080127,-0.7421290213487471,-1.167487045282242,-0.6962524500499759,-0.3613600164502289,-0.2963858443681701,-0.7804224086437233,-0.5117594064358141,-0.5273514527089327,-0.5622436549956495,-0.6493957661149434,-0.8933395655175189,-0.7509472556748508,-0.5739472325952076,-0.961623354463336,exact,9
CHEBI:17203,related,,(S)-2-carboxypyrrolidine,Mistral-Small-3.1-24B-Instruct-2503,-1,-0.8423919265679862,-0.8749455481544659,-0.7311842287244825,-0.95572692373872,-0.6238976768224863,-0.7452385282687974,-0.6508625435904296,-0.7616297877914758,-0.1892118075055768,-0.3422425502903857,-0.0611421436722272,-0.3231417782783742,-1.5791034613109636,-1.0054341261274962,-0.8932416153632583,-1.4507410959166245,-0.1195502263233012,-0.4591487596781545,-0.4161568479475923,-0.2950139888887614,-1.4779439863514685,-0.8559410921945458,-0.7383892308453424,-1.3787373900713662,-0.7272928067091939,-0.7574282715064526,-0.6394835239561998,-0.8189481175765214,-0.5456619815897183,-0.2931138972188021,-0.2265123082196948,-0.6524476085017564,-0.7438243326041418,-0.6188270798007834,-0.6622814977841198,-0.8456473028169297,-1.6488533727256225,-0.9088822911751174,-0.6677792241857563,-1.4945436393879528,related,9
CHEBI:17203,related,,(2S)-pyrrolidine-2-carboxylic acid,Mistral-Small-3.1-24B-Instruct-2503,-1,-1.4006765050836374,-1.045483160855776,-0.8457471443297694,-1.3899056152943392,-0.963328587426698,-0.8848270645193531,-0.7547960761376231,-1.0432420173638428,-0.4575677192805943,-0.4568918120977215,-0.0734323138866948,-0.573773757460728,-1.6405540847252529,-1.00982874460023,-0.8902933559954183,-1.4956513143158612,-0.4958275366310719,-0.6651912690538364,-0.5428123728899064,-0.6403344675066326,-0.4516422675967012,-0.6073699807026546,-0.5602503350851087,-0.5858080072740957,-1.360911223125137,-0.8710507152639659,-0.7710666934917967,-1.3114979431726994,-0.7553156431809442,-0.3950048380005891,-0.3476076708438346,-0.8296177755455287,-0.5518776103518775,-0.5388311171554381,-0.5763696710521827,-0.6840707683858546,-0.9317530467078372,-0.7690353436363675,-0.5922819988948121,-0.990488395714298,exact,9
CHEBI:17203,related,,(-)-proline,Mistral-Small-3.1-24B-Instruct-2503,-1,0.3255339136544459,-0.2006947715884715,-0.2772476527216963,0.1778972227478487,0.3456048416230047,-0.1290442507564667,-0.2080780645281229,0.2045515511954809,-0.105041812888408,-0.3377547344380742,-0.0538347930620818,-0.2412783098620587,-0.0004115743018533,-0.3101826029118323,-0.3132014207573086,-0.1459337493094549,-0.1800006763029711,-0.5316698280200751,-0.4422345194778097,-0.3530728251733251,1.1056249376021032,1.2079313352151924,1.007128028036268,1.2866543628721334,0.9305803135795756,0.3763678310710998,0.2790592660003312,0.976322602605346,0.5107410415119009,0.3042462368507348,0.2674937629633284,0.3975922327947585,0.6597423323056029,0.3613174428452831,0.3105683468164688,0.5894551105490982,0.8268158435384617,0.1972766817470879,0.0038953058579541,0.7991589311156059,related,9
CHEBI:17203,related,,(-)-2-pyrrolidinecarboxylic acid,Mistral-Small-3.1-24B-Instruct-2503,-1,-1.0715920175530815,-0.9504535568134868,-0.7905841355874454,-1.139503521793572,-1.0167097976492203,-0.904436562489664,-0.7621791828072502,-1.0857599934018622,-0.3731233246389084,-0.4608359597266098,-0.0691560665366043,-0.4964765378377394,-1.479150415233979,-0.9788293557229466,-0.8526715853950798,-1.3770358076508442,-0.7509424812262394,-0.7791042857362818,-0.6203254445090359,-0.855851321580991,-0.4310692883725332,-0.6059946893312345,-0.5506818011695171,-0.5682634562703371,-1.1579507689945148,-0.8359754656281014,-0.7466540697165468,-1.1591186883755615,-0.590432728493845,-0.3291104889656951,-0.2671756828814208,-0.690892285725183,-0.4533238993079809,-0.5017485236547438,-0.5292239693369964,-0.5982846700425982,-0.9870127716070382,-0.7844966727394912,-0.5911083814821785,-1.0316265435349214,exact,9
CHEBI:17203,related,,(-)-(S)-proline,Mistral-Small-3.1-24B-Instruct-2503,-1,-0.6066544054095249,-0.828721515206298,-0.7049279402609417,-0.757030239985129,-0.1821314893917193,-0.5598296952495642,-0.5157247149584249,-0.3587588770012727,-0.4396751443299004,-0.5795777124826221,-0.0620387340610472,-0.5575074621664118,-0.5838564626377543,-0.7991323711101206,-0.7115783096657123,-0.6710858623444643,-0.3323314885037515,-0.6030966124995637,-0.4839853900996158,-0.4947837897227038,1.0104661616753503,0.8023627230614826,0.6184996696892698,1.0943838984736858,0.7203157621061596,0.0211506211586113,-0.0311190559694779,0.6576491579382,0.1088429080363908,-0.0265792117846346,-0.0838966009968894,-0.0420771349906651,0.1230138221081174,-0.1874595424063192,-0.2607350695134506,-0.0467775377418926,0.7197882469326355,0.1189496122463417,-0.0462369439503493,0.6314863531994525,related,9
CHEBI:17196,related,,alpha-aminosuccinamic acid,Mistral-Small-3.1-24B-Instruct-2503,-1,0.1181354535718718,-0.356038926065817,-0.3543302929732534,-0.0586350161338795,-0.2839216241694796,-0.5243738665078175,-0.4838462729514362,-0.4559785463982746,0.3329783665001378,-0.0982489460034923,-0.0411195644170735,0.217364339149221,-0.8197753354154612,-0.8094991796043409,-0.71285075911619,-0.8665263212103977,-0.37029588370278,-0.6107733779360778,-0.536099714246746,-0.5291527274185258,-0.1627926344755969,-0.5247830909763624,-0.4956109217880733,-0.3309641588039013,-1.009406940942042,-0.7762231223104311,-0.6638510582412325,-1.044590201667882,0.2245724760410887,0.0738938770354138,0.0024230343029893,0.0779775022999244,-0.535109446431366,-0.5793431619554023,-0.6034186676195603,-0.6696178501323222,-0.7947281246041566,-0.7132107089322541,-0.564145115850007,-0.8864664299846935,related,9
CHEBI:17196,related,,N,Mistral-Small-3.1-24B-Instruct-2503,-1,-2.240225621671769,-1.3054755102018192,-0.9838475092076082,-1.9742170557361776,-2.9764620711750367,-1.3578960642940088,-1.0528455473164204,-2.431962375336253,-0.9265246733827788,-0.6636809724887597,-0.0809495126127626,-0.9815365162754336,-1.4523774460991266,-0.9982028073151844,-0.8675254592554598,-1.35715011849032,-1.5887867983814616,-1.11177570252473,-0.8391720379922355,-1.4886345413366904,-1.2458868199462376,-0.8325295028229784,-0.7220910583670251,-1.2108400689695902,-2.5769673888250098,-1.1232418979360237,-0.942716460575095,-2.152155687838284,-2.5592534857509883,-1.1072541752061906,-0.9662268153950732,-2.1506677743868354,-1.498049282760196,-0.9032121327143154,-0.8753164876454441,-1.425259596558938,-1.0881542193481226,-0.7617984791400468,-0.5838976068123605,-1.1057979296543397,related,9
CHEBI:17196,related,,L-aspartic acid beta-amide,Mistral-Small-3.1-24B-Instruct-2503,-1,0.603677477139216,0.2061180177439482,0.0656195533885412,0.5391071221579377,0.5853182444127519,0.2342702034919652,0.1080565095865252,0.5085507935619146,0.8228805477191715,0.4995676425023813,0.019491110099603,0.8299991471837095,-0.0426818381815934,-0.3925233053100331,-0.3860023236162249,-0.1864639584315405,0.5272123252983284,0.1226443233040568,-0.0431464285190146,0.4155418523836157,-0.2326561840059974,-0.551324231418309,-0.5025165072036978,-0.3943961070785775,-0.1504648276212464,-0.4981847917048959,-0.4471458211780362,-0.3139463729631347,0.3452339961326128,0.1891291773652626,0.1399755287756591,0.2083928089065731,-0.288983596995962,-0.473957227049718,-0.5480706659883948,-0.4504045864367235,-0.2099487553134429,-0.5344655543418282,-0.4629938315507882,-0.4022057248254176,related,9
CHEBI:17196,related,,L-Asparagin,Mistral-Small-3.1-24B-Instruct-2503,-1,1.02263824600247,1.4732154210227708,1.2727298007097094,1.2770070056483662,1.2070519745077193,2.8948330747942927,2.898289927624366,1.6991242056723492,0.8285998447238662,0.359827354686024,0.0261041784305134,0.8381173164155997,1.284720841172018,1.9334002640213803,1.863707547610045,1.5234841491478666,0.7152753498624269,0.423884256582424,0.1837831244955575,0.6680842584799601,0.6841127510810256,0.0855223113493686,0.0244791311334029,0.5863606938096295,1.1651697027985397,1.6690623613373592,1.484797072781205,1.4392544347232192,1.4288627045970954,3.943656264352943,4.055925120303763,2.001833395535967,0.0590887715480874,-0.3432127684352364,-0.4033220262969922,-0.1130593235136905,0.1066849790545921,-0.4020024505996414,-0.3699178553981337,-0.1016981124588798,exact,9
CHEBI:17196,related,,L-2-aminosuccinamic acid,Mistral-Small-3.1-24B-Instruct-2503,-1,0.2192135933490315,-0.2786889986035041,-0.3148385005438306,0.0538343281203073,-0.2084963294182662,-0.4888938817566152,-0.4627173950840535,-0.384226123381089,0.5680483622576572,0.1663852010053774,-0.0146121902943276,0.4937953432880312,-0.6798262452715895,-0.6934858352179994,-0.6450833152427707,-0.751561699792334,-0.2519361715602798,-0.540818004907203,-0.4637338012197361,-0.4207797054012852,-0.185389596904272,-0.5337595844977274,-0.4932714991231323,-0.351617614775971,-0.7177800292667063,-0.6589045662947508,-0.5648016542119689,-0.8111325835011911,0.3658156465466787,0.2274766280815094,0.1588642687352883,0.2312308956469413,-0.4325817320094798,-0.5158945717406115,-0.5462264767966754,-0.5799643261721321,-0.6702582904313982,-0.6837173386529838,-0.5478056913021627,-0.7892729967837228,related,9
CHEBI:17196,related,,Aspartamic acid,Mistral-Small-3.1-24B-Instruct-2503,-1,0.2259255311235369,-0.2421946828529196,-0.2693219989123752,0.0614824448010575,0.1771916701041311,-0.2043407443044227,-0.2421159742795543,0.0119105253626635,-0.0813275700963834,-0.2967510311273913,-0.0556619588000084,-0.2178995774946031,-0.5164645269913275,-0.6788411636855449,-0.5845945783661698,-0.6137142571667852,-0.4605577513024509,-0.6701313025420254,-0.5325827236721198,-0.6094649306403519,-0.1794709102053344,-0.5282301527190016,-0.4844914500535507,-0.3462208553603271,-0.6399400592034713,-0.7384983072688687,-0.6431209859141485,-0.7466226886634708,-0.8663732728249274,-0.7536295684283596,-0.6794060750381954,-0.9207125641826792,-0.5594395833204644,-0.6448295565319044,-0.6625992870449635,-0.6905700020652223,-0.8816967867996118,-0.7614369972986461,-0.5811267975902247,-0.9528300358319052,related,9
CHEBI:17196,related,,Asn,Mistral-Small-3.1-24B-Instruct-2503,-1,-0.8074730251049101,-0.8942836393763812,-0.7292650473337741,-0.926955139324672,-1.8269834679534696,-1.1276657753839967,-0.9157731643997442,-1.6853841494771915,-1.0080534234441827,-0.6620546046270436,-0.0872213393039135,-1.0492643509771102,-1.835155711722357,-1.042338307077825,-0.9157632378328217,-1.635984031618637,-1.2166475617720311,-1.019473127385621,-0.7448395371546463,-1.2197112780605948,0.5688183466789178,-0.0440108205983973,-0.1056083802865505,0.4378788536047445,-0.7263130285516226,-0.7398547483696861,-0.6616670904211035,-0.8181438189520664,-1.608061937810489,-0.8603066388819229,-0.7662019418688043,-1.4903026612540375,0.0223254871954175,-0.4200843563850777,-0.3766002939052999,-0.1504996741161377,0.350807159383871,-0.2352010311068922,-0.281230995189567,0.1585810245890803,related,9
CHEBI:17196,related,,ASPARAGINE,Mistral-Small-3.1-24B-Instruct-2503,-1,-1.3676417295133425,-0.9935399093791568,-0.7974989951010037,-1.3654072661879022,0.7114044750318888,0.5213082532284059,0.396683038489089,0.6876662959223839,-0.4254917803698024,-0.5482615416830399,-0.0866808464888817,-0.5445711200782172,0.8365201560341836,0.5619708221764824,0.4475023323046914,0.7921800217122645,-1.452424844995686,-1.0888590691403814,-0.7741389614360881,-1.3920547920552069,1.194657380300482,1.8226965971002007,1.668129695725023,1.5059962157535929,-0.2934288537235053,-0.5499623183197164,-0.5098693272552268,-0.4457843837703505,0.3473400095645952,-0.1749842956619339,-0.2017527296960738,0.2107213607914359,0.4347682749097663,-0.0772269362202416,-0.0623973260499329,0.3021049299011519,0.9887404086086756,0.789493170908892,0.434725181040699,1.104156441228687,related,9
CHEBI:17196,related,,2-Aminosuccinamic acid,Mistral-Small-3.1-24B-Instruct-2503,-1,-0.2123791619887395,-0.5838909522406716,-0.5346323131212749,-0.396954219203006,-0.4098113862154752,-0.5924302251335747,-0.5356420909973322,-0.5723454036142396,0.3603725714722909,-0.054069099848052,-0.0363371432602862,0.2482718601145864,-1.1211264568587735,-0.8462966978232388,-0.7624689247878749,-1.1056001533411974,-0.4640994237784716,-0.6565821183451057,-0.5607621830185459,-0.6125774214874963,-0.2685467076735958,-0.5653218500089934,-0.5227272139987053,-0.4265103262636933,-0.9923087316046484,-0.7440699257785193,-0.6436174632460854,-1.0312299929130777,0.142194067138645,0.0221956261044691,-0.0217354557599492,-0.0079457209156586,-0.6998343527760092,-0.6359374812215538,-0.6493893439056515,-0.8092195593196299,-0.9601801476948292,-0.7592237674162863,-0.5842408812398969,-1.011706859807839,related,9
CHEBI:17196,related,,(S)-Asparagine,Mistral-Small-3.1-24B-Instruct-2503,-1,0.6098582443668267,0.218257414752217,0.0607543109280855,0.5478998110070764,0.670486982591643,0.456717390055782,0.2771618692679571,0.6277481147850376,0.6860784732241324,0.1876217523639755,0.0097134086798708,0.6438412423400331,0.6081275460875233,0.2727959887391041,0.2082006287205693,0.5025035693690878,0.0210470400905405,-0.3814417153465153,-0.3589589484391599,-0.1554912994349027,1.187678022959423,1.7516886345557916,1.6200162925553208,1.4867292576345978,1.0584692927322354,0.9834824264691386,0.8165355036638573,1.207658411743025,0.9930401110781116,1.134206146025048,0.978275519205675,1.0524894343989322,0.198015182856773,-0.1859843540966249,-0.1131047257740378,0.0330368187346882,0.730839159888479,0.1278378636959304,-0.0351386943670042,0.647923824539848,exact,9
CHEBI:17196,related,,(S)-2-amino-3-carbamoylpropanoic acid,Mistral-Small-3.1-24B-Instruct-2503,-1,-0.782065830778048,-0.8416823849610359,-0.6971464013621999,-0.9058827829680336,-0.2331814796277997,-0.4826340594760885,-0.4747520819704856,-0.4078864672977801,0.2186974912122666,-0.0832279721044447,-0.0395842518743823,0.0916097363757328,-1.187030504772426,-0.9307333130392278,-0.7922643354819605,-1.1565112991397295,-0.6620462859907206,-0.7471384385042926,-0.5851100329535459,-0.7822258405469112,-0.3406875235378162,-0.58945973245327,-0.5426790241619327,-0.4901478326208471,-1.1477073371790067,-0.8128905755164176,-0.6929096789991446,-1.1513064393187316,-0.4533228964877386,-0.2619200314785801,-0.2439493810453803,-0.5720252064602456,-1.4710440746999454,-0.8231142459891593,-0.7914367232594536,-1.4057490587451218,-1.345533779938026,-0.8502827228628181,-0.6331863068767485,-1.2885962860571316,related,9
CHEBI:17196,related,,(2S)-2-amino-3-carbamoylpropanoic acid,Mistral-Small-3.1-24B-Instruct-2503,-1,-0.9908276749476124,-0.9125319479277274,-0.7496679668400424,-1.0757067891423724,-0.3467783661290327,-0.5662242357279652,-0.5316904700107072,-0.5145881856582486,0.0606800229563234,-0.1843797696777286,-0.0508470708037415,-0.0747603449468805,-1.4003537975906997,-0.9732947037069134,-0.8389958548619746,-1.3183298554562617,-0.622400730824429,-0.7305391223453488,-0.579933095045302,-0.7488986975594815,-0.4434356660239727,-0.6275546545255322,-0.5661292963197952,-0.5788196269997966,-1.2109786624864434,-0.8142950522852795,-0.6985247444884987,-1.199367659725356,-0.5462582536683952,-0.3039457634349463,-0.2921126129560203,-0.652961923598006,-1.4478806177016328,-0.8180917985779381,-0.7983258449562659,-1.3889505677439151,-1.502827137323392,-0.8856399672477189,-0.6479361316879844,-1.3965647338133598,related,9
CHEBI:17196,related,,"(2S)-2,4-diamino-4-oxobutanoic acid",Mistral-Small-3.1-24B-Instruct-2503,-1,-1.6176005772905635,-1.0895424871010055,-0.8743652965258645,-1.5476111840292128,-0.4619850524410231,-0.6383788381908153,-0.5763119552486212,-0.6194223117999097,-0.2583290557567797,-0.3217255964725202,-0.0546229066101941,-0.389133827885371,-1.644272370639334,-1.082766568942536,-0.9237968122659962,-1.498359230845392,-0.6799966662581421,-0.7558816810872948,-0.580143191379244,-0.7972139098194855,-0.8746616028286885,-0.7499360983524551,-0.6570127505390431,-0.929916209657873,-1.3527451819516705,-0.8141984929158814,-0.6976361379433894,-1.3054516420529556,-0.952450034857984,-0.4199198060877266,-0.3568501250588132,-0.9901254160991872,-1.779556558564882,-0.8723210777977649,-0.844364166438174,-1.624171048173775,-1.8602779367698816,-0.9400097238611156,-0.6820037534559226,-1.6329315585005444,related,9
CHEBI:17053,related,,L-Asparaginsaeure,Mistral-Small-3.1-24B-Instruct-2503,-1,0.2478328399359118,-0.2615943649477499,-0.2740398392195715,0.0866110923062222,0.0950095648592361,-0.3181312020372186,-0.3481326553957685,-0.0772066496827335,0.5064734585793637,-0.0118464650268885,-0.0071018253772527,0.4187602080245211,-0.161996673538687,-0.3993708187495255,-0.4033550190049785,-0.2985036790528338,-1.1337153787597076,-0.9596630253864656,-0.7301014364438432,-1.1573386700220103,-0.1249366945733323,-0.5173659653252182,-0.4825564653435654,-0.2960597075215098,0.1182904004298832,-0.3205001180978096,-0.3056403806720049,-0.0503916677370709,0.2955200559467341,0.0737056628380528,0.0123656727129862,0.153962190354636,-0.7692403682396273,-0.7331027643792546,-0.5413623476627931,-0.8665396767854691,-0.2246834779252337,-0.5064027429922134,-0.4345446430372073,-0.4154004234361311,related,9
CHEBI:17053,related,,D,Mistral-Small-3.1-24B-Instruct-2503,-1,-2.518469301071137,-1.3588965620756963,-1.0294305461345656,-2.1545471031447425,-2.9316920862788485,-1.3959501211242171,-1.0822274162342205,-2.4045553536343447,-3.556413955762642,-1.1147844789481551,-0.1256031995245346,-2.910803882380825,-1.609814234065586,-0.9787516133716724,-0.844501801903848,-1.4732229787456168,-1.808504466082368,-1.1661964783357788,-0.8260195530634606,-1.6399461769161434,-1.2601083253826424,-0.8336920206109862,-0.715266778512679,-1.2212849769192462,-2.8238749502484963,-1.1226473629978753,-0.9529649932954538,-2.3119613188546366,-2.091160598459253,-0.9976533871092598,-0.8682514997504203,-1.833468855715784,-1.789706387663766,-1.034835147398424,-0.959498317561278,-1.6311989414439123,-1.1587467247651575,-0.7546295978430709,-0.5795208896828825,-1.1567511777450477,related,9
CHEBI:17053,related,,Asp,Mistral-Small-3.1-24B-Instruct-2503,-1,-1.127045805499252,-1.0015683585121384,-0.7920201190280949,-1.182740232179364,-1.549585373790618,-1.1163971506738473,-0.898262537217758,-1.4886865200036723,0.0782908856798834,-0.2472609571175218,-0.0536395835157717,-0.0566097641932917,-0.5187891212030606,-0.5993061219553335,-0.5550606862348608,-0.6157055245293871,-1.6948273678846733,-1.1312885974682438,-0.831008948963026,-1.56229770471345,0.1209038659094922,-0.3783014096845997,-0.3779602239447548,-0.0589561917126932,-0.960737286620434,-0.8138682138208444,-0.7235568798368612,-1.0064598502159263,-0.8128280401597473,-0.6426240426518928,-0.586974352140548,-0.8770154501331712,-0.0675117239046354,-0.4980668922412444,-0.4828410595464259,-0.2400519715739013,-0.957757987374754,-0.750851157706999,-0.5733796216801268,-1.0099035672114598,related,9
CHEBI:17053,related,,ASPARTIC ACID,Mistral-Small-3.1-24B-Instruct-2503,-1,-1.3824053506695082,-1.02567057806153,-0.8386054605337143,-1.376372340608616,0.6947962798786456,0.4186457097533897,0.2659493159991625,0.6631206527944981,0.0156557126221448,-0.2427655069708718,-0.0480607378812581,-0.1207503603666202,1.0311111347843698,1.0242905741557276,0.8419766341430267,1.0734317134453562,0.5984152842717012,0.2224081353219063,0.0488859175167269,0.5077242318038871,1.2283242606391152,2.209416914304397,2.074497207287904,1.6061930720374673,-0.1363821984975018,-0.5142182744959122,-0.468278930829661,-0.3006740154924918,-0.0542375054817246,-0.4751789015676635,-0.4384391990428029,-0.204059049871439,0.7455955317442895,0.3323181865604205,0.2912550261294544,0.710267308848441,1.080324282117031,1.4345420104426017,0.9979006721319224,1.3281095132111107,related,9
CHEBI:17053,related,,2-Aminosuccinic acid,Mistral-Small-3.1-24B-Instruct-2503,-1,-0.3255525556982661,-0.658749094835213,-0.5951299711666529,-0.5044379608177917,-0.1547237351607115,-0.4759011692485073,-0.4630811969631747,-0.3320628061698743,0.5507299876387717,0.2351428584820052,-0.008756240515914,0.4724822640110661,0.0811507207043283,-0.2988505069180485,-0.321278463416831,-0.0663877778919406,-0.4629368735697473,-0.6493397315112077,-0.5358920636493678,-0.6115560644546323,-0.4286231666191716,-0.6230892773630659,-0.5602715776718614,-0.5661717423685979,-0.3898625912939095,-0.5716865057010849,-0.510166043189755,-0.5319703314434104,0.4799553185907735,0.29438912876354,0.1812487772789006,0.3613884244334161,-0.4737493759253434,-0.546176938025067,-0.5941602547814864,-0.616233177681214,-0.0273398492909043,-0.4281306534415932,-0.3936090436875952,-0.2331738995784115,exact,9
CHEBI:17053,related,,(S)-2-aminosuccinic acid,Mistral-Small-3.1-24B-Instruct-2503,-1,-0.4174798227814087,-0.7029033538384079,-0.6242952817588518,-0.5891541465771257,-0.1238199275056657,-0.4364248621383443,-0.425817247794652,-0.3016827727124977,0.7679397360782191,0.5145936923373782,0.0183265347192151,0.7534585702671149,0.0306481333133039,-0.31109942899751,-0.3176904582378093,-0.1158553611302149,-0.3687076413172551,-0.5980889749523765,-0.4985789973085638,-0.5277220771540335,-0.1072403423613576,-0.5036848468253682,-0.4609122332115093,-0.2796085757353673,-0.4723270490238838,-0.6204240937082866,-0.5501284160436586,-0.6040898480583046,0.0998020548303546,0.0254316683191617,0.0322094274509753,-0.0512674515079968,-0.6546255070080543,-0.6004153464110308,-0.6255858713306712,-0.7714192351970622,-0.0268934989123646,-0.4414861635935231,-0.3989371560030367,-0.2327472493692473,exact,9
CHEBI:17053,related,,(S)-2-aminobutanedioic acid,Mistral-Small-3.1-24B-Instruct-2503,-1,-0.7721856414561611,-0.8569557854208236,-0.7275255630972604,-0.8976563816647172,0.1213285881039042,-0.2703535820315244,-0.2942602297251461,-0.0489817690523461,0.6141618059289791,0.3228206789666151,0.0070996458570448,0.5513883907709608,0.1421913866122847,-0.24219900848791,-0.2690843430176214,-0.005624228633133,-0.2142462073584781,-0.5067989556135186,-0.4281808820105202,-0.3854871513056421,-0.2402425081254092,-0.5630687838997094,-0.5036809917432297,-0.4012102260033443,-0.923221527961965,-0.7203223183099255,-0.637023036324077,-0.9768522684117802,0.1721288804786443,0.0796633413923114,0.0832074601258343,0.0230044598347155,-1.0182779132603077,-0.707818199381213,-0.6800890794269118,-1.0657017009331484,-0.4599632766514432,-0.6091016543768013,-0.5006641768922678,-0.6183959806000787,exact,9
CHEBI:17053,exact,,(2S)-2-aminobutanedioic acid,Mistral-Small-3.1-24B-Instruct-2503,-1,-1.0718325738478796,-0.9571704065683188,-0.7909509140490161,-1.1396920594204636,0.2282556383414627,-0.1932578042006994,-0.2284884067907971,0.0688115999494766,0.4757506620054607,0.1813232787912533,-0.0075954770118673,0.3820660797899563,-0.0675323891998362,-0.3400856437178501,-0.3531111581279169,-0.2100808168562345,-0.2433121234505797,-0.5258093764399228,-0.4452977485876004,-0.4127388577706763,-0.1923130494104827,-0.544117329047528,-0.4834983009718334,-0.3579190594149366,-0.9431538771134568,-0.7148661458648372,-0.6254243703388849,-0.9926067245844888,0.0030769487168618,-0.0320961024230689,-0.0475143326185441,-0.1480158088381921,-0.9718552056942188,-0.6942367023090404,-0.6799404819650758,-1.029300531758054,-0.6568197899593664,-0.6813130515813813,-0.5289911359315504,-0.7786137641704273,related,9
CHEBI:17033,related,,Biliverdine,Mistral-Small-3.1-24B-Instruct-2503,-1,-0.2756127907984603,-0.6102804981963418,-0.5498449534858301,-0.4574630052696167,0.3898646294735258,-0.0638246376305839,-0.135907087272155,0.2577448987370542,0.8532619798866978,0.5194033336993293,0.0279274260148853,0.8734678209985193,0.6790829585197659,0.377949649051115,0.2737757639996835,0.5888084196301702,0.8921385645160829,0.752155774189013,0.460560954969109,0.938532147045698,1.0868587874280318,1.1437416427588494,0.983292809187556,1.2460639630445838,0.8496505562179321,0.4790544147044906,0.3732102610347954,0.8465240714732654,1.2002871794599892,1.2154818639650011,1.0788892353864008,1.4212656758349154,1.0169615569787005,0.9960976099862796,1.404213239526541,1.1562476520509737,0.5993009933628467,-0.0166573413458606,-0.1370145259787915,0.4626318526912523,exact,9
CHEBI:17033,related,,Biliverdin IXalpha,Mistral-Small-3.1-24B-Instruct-2503,-1,-0.3507386607137244,-0.6436575380484869,-0.5705535408536544,-0.5278689593000969,0.2833483771616261,-0.1958434739829637,-0.2098144306112597,0.1316307384426122,0.1255038537131198,-0.2369100361331375,-0.0351603476560081,-0.0074823857394459,-0.1101966382155326,-0.3092271940481635,-0.2997156549807495,-0.2502758835621348,0.2007345170542386,-0.2632578588316239,-0.2955649682159026,0.0332862716228778,0.7136343069309085,0.1771167265966616,0.0755849576324421,0.6263233330614608,0.36459064617892,-0.1178647319885053,-0.1394778828954891,0.2145233828270362,0.4253260437366546,-0.2061354007812487,-0.230916699938222,0.2983246489987414,0.8398842843148842,0.5719121459037634,0.3853276491521617,0.8523721411857901,0.5824815822778766,-0.0351541429825477,-0.1583829284804796,0.4403795173554549,exact,9
CHEBI:17033,related,,Biliverdin IX alpha,Mistral-Small-3.1-24B-Instruct-2503,-1,-0.102666719826912,-0.5073157301877922,-0.4709188744568666,-0.289021112384995,0.6042731906649385,0.1924581832419553,0.0877282391745329,0.5344830755576875,0.6095882156185161,0.2190078777708698,-0.0079764800563602,0.5456197603431054,0.3998547986919228,0.064157629394854,-0.0536644026912275,0.2643737108017331,0.3952066938842781,-0.0645459720154568,-0.1449301192866855,0.2538094011220297,0.6406598625089505,0.0822531429715143,-0.0139675878888734,0.5290574954384637,0.2555364036932819,-0.2017148347629734,-0.2033715027169323,0.09396449324002,0.4510820650498612,-0.154968391798774,-0.1929784930332187,0.327874566478363,0.8877245937335639,0.6824080842509171,0.5084976779305914,0.9290332941966758,0.5703970972894148,-0.0496028594827741,-0.1657585822092887,0.424566683052241,exact,9
CHEBI:17033,related,,BILIVERDINE IX ALPHA,Mistral-Small-3.1-24B-Instruct-2503,-1,-1.6495236490591771,-1.0931548234311328,-0.8706162863613414,-1.5703806322565377,0.0967863241293824,-0.3635653399542526,-0.3695736534756914,-0.0753102614063396,0.6677183021587286,0.2621325126476341,-0.0039725252245505,0.6199159911781906,0.0440395324562306,-0.2376914388909747,-0.2731839515611317,-0.1028070749453669,0.2057801578300216,-0.254309440288204,-0.2808524388855609,0.0387784566211195,0.5525952960329449,-0.0161308782347901,-0.0763984693404411,0.4178487813879429,-0.5059966789431223,-0.6091220907916943,-0.5532966573524214,-0.6331428283160042,0.0956433014553864,-0.4355553414200406,-0.4189848272630446,-0.055486220392785,0.6160368736763262,0.1503869903178454,0.2507586001547379,0.5306018912303719,0.1387804093375819,-0.3917556859352633,-0.3735869725989315,-0.0691340692168528,exact,9
CHEBI:17033,related,,"8,12-bis(2-carboxyethyl)-2,7,13,17-tetramethyl-3,18-divinylbilin-1(19)(21H,24H)-dione",Mistral-Small-3.1-24B-Instruct-2503,-1,-2.603845232992775,-1.2713050881511234,-0.9887558298217508,-2.2087908433792047,-1.4144740136969878,-1.010645036922237,-0.8255929839573977,-1.3898927068202542,-0.5809888478395439,-0.420076221567672,-0.0652124746315484,-0.6844291216841769,-2.467140224084793,-1.2029222042447605,-0.997894509670882,-2.074978232705865,-2.6338718967967454,-1.3066573967454038,-0.9095831448457604,-2.168679628662218,-1.140530926082158,-0.7690766388965601,-0.6832501839131259,-1.1327792886812096,-0.9922899759678412,-0.7952392639743108,-0.699507356409522,-1.0312153167169595,-2.829768442913717,-0.9993479469080064,-0.8331232929518775,-2.328396604289723,-2.3223829728484,-1.0299551656198649,-0.9734728520483378,-1.9877844402716232,-1.582171722243792,-0.8742327534425939,-0.637829700422109,-1.4500589395916252,related,9
CHEBI:16831,related,,meglutolum,Mistral-Small-3.1-24B-Instruct-2503,-1,-1.4538547417209249,-1.0552931061269628,-0.8559938979513696,-1.4290660775064536,-1.188277338117104,-0.9467942109273614,-0.7978544566669337,-1.2195549529016525,-1.7122806891703115,-0.8110177289279683,-0.1104160710777018,-1.6050723484961995,-1.5728226338213336,-1.1066379719325286,-0.9208508503687812,-1.4461338741005694,-2.4925701854608886,-1.296741480059479,-0.9029056036545824,-2.0820548891332344,-1.4061188236363913,-0.8442566582279246,-0.7279576522572924,-1.327329118557802,-1.2852142884327695,-0.9153475645690634,-0.7985651565137419,-1.2551861601387173,-2.267518329427644,-0.9775120831820044,-0.8413772122752764,-1.9545504743801008,-1.9620761927535468,-0.9687853501768612,-0.9420514404460822,-1.749139201238575,-2.23616842497604,-0.9944007290225064,-0.7043570199955058,-1.8701356999769745,related,9
CHEBI:16831,related,,meglutol,Mistral-Small-3.1-24B-Instruct-2503,-1,-1.2982189904831278,-1.0133676305969486,-0.8386044378601256,-1.3134817707935271,-1.4250941884253625,-1.0152214754968782,-0.8408328709223543,-1.3977345007485185,-0.0846769437476759,-0.2910256249908461,-0.0576051316809285,-0.2212102301878506,-1.5280496223679674,-1.068974310272824,-0.885993571175905,-1.413197890990306,-2.448434334135249,-1.2864732898000852,-0.9040148882356752,-2.054696127115564,-1.3970287735510605,-0.8426481973246626,-0.7190640588156476,-1.3207885084083075,-1.0104083288550654,-0.8418479428195311,-0.7341273262729385,-1.045371491618276,-2.544408021608554,-1.0142202277510264,-0.8574323014004441,-2.1408046109669217,-1.9986085717111648,-0.9814890949356164,-0.9406312494058392,-1.7738056409373282,-2.0777413892303827,-0.9762764463024196,-0.6948907678478143,-1.7714337536362026,related,9
CHEBI:16831,related,,beta-hydroxy-beta-methylglutaric acid,Mistral-Small-3.1-24B-Instruct-2503,-1,1.042477883078634,1.5666574132655862,1.3677782886688197,1.3242075925305192,0.7196033493213141,0.4734122699020514,0.3239931004253755,0.6999015495792456,1.2812621325735258,2.000403178135438,0.191933967065416,1.6244967711510525,0.9783150788264487,0.3793205984082397,0.2368316196749069,0.9931009120139896,0.9621184688089018,1.0254603500083257,0.6838823130904417,1.0579372232380353,0.8034984766620302,0.3113142536872539,0.183086544787057,0.75384263321397,0.9592682832702636,0.6300191686412966,0.5179321981006927,1.025048794862823,1.1109011073902764,1.6502037431093846,1.5290683023176166,1.2517244345997194,1.1200726113459794,1.8238830733560505,1.6668804887579232,1.3673602225751262,0.8801802563678636,0.4519469860271383,0.1836377980564901,0.8912333987454917,exact,9
CHEBI:16831,related,,beta-Hydroxy-beta-methylglutaric acid,Mistral-Small-3.1-24B-Instruct-2503,-1,0.9965323260216428,1.305865252475815,1.1351052824487649,1.2177454751386043,0.7196033493213141,0.4734122699020514,0.3239931004253755,0.6999015495792456,1.2812621325735258,2.000403178135438,0.191933967065416,1.6244967711510525,0.9783150788264487,0.3793205984082397,0.2368316196749069,0.9931009120139896,0.9621184688089018,1.0254603500083257,0.6838823130904417,1.0579372232380353,0.8034984766620302,0.3113142536872539,0.183086544787057,0.75384263321397,0.8111040529975238,0.2871504620815514,0.2056738434869567,0.7881069976073447,1.1109011073902764,1.6502037431093846,1.5290683023176166,1.2517244345997194,1.1200726113459794,1.8238830733560505,1.6668804887579232,1.3673602225751262,0.8801802563678636,0.4519469860271383,0.1836377980564901,0.8912333987454917,exact,9
CHEBI:16831,related,,Dicrotalic acid,Mistral-Small-3.1-24B-Instruct-2503,-1,-0.8462373510377179,-0.8628873198076965,-0.721010974816212,-0.958882209479952,-0.5786904911093872,-0.6977248057452767,-0.6030501974344981,-0.7224887635010622,-1.1156801943507086,-0.7721525747393491,-0.101087857023107,-1.1374526332290336,-0.4358618028516171,-0.7277168405977904,-0.6482007645844721,-0.5441035427851458,-1.878754479624425,-1.1458532983980143,-0.8042686641983446,-1.687279864213895,-2.117826352517421,-0.9492588342963127,-0.810816554718807,-1.8183714122091723,-1.152324077952282,-0.8560591881378496,-0.74732450994169,-1.1548289562463832,-1.514804495957826,-0.7709211468105069,-0.6582291903214789,-1.4218430707380203,-2.7539894785972447,-1.1185610961864103,-0.9652702343342162,-2.2615382707450165,-1.0336550961344333,-0.8065768589023723,-0.6004137381218716,-1.0660074519401972,related,8
CHEBI:16831,related,,3-Hydroxy-3-methylpentanedioic acid,Mistral-Small-3.1-24B-Instruct-2503,-1,0.615174816581623,0.1940505725222069,0.0620358732377357,0.5554954871525826,1.0630226496158544,1.590951825093185,1.4291795070395557,1.3159145009850015,1.1732874547635448,1.4654622330655276,0.1518959430247554,1.4007635371650131,1.3170612052530122,1.697243237919921,1.556118345608155,1.5922626271516438,0.253861765068543,-0.1454969475386622,-0.2148798743851019,0.0916906384340909,0.5113831645147885,-0.0651052210593911,-0.1257657809072039,0.3678156792406762,-0.0337024261389843,-0.450611700200295,-0.4390137140353331,-0.2022067839324554,1.0356002525626846,1.4795088470481357,1.3563562653566963,1.1217976006324737,-0.3275176326289486,-0.4208265091888508,-0.4603741321679898,-0.4856569792554521,-0.0065466298069357,-0.4760684351035705,-0.4152071005967522,-0.21322269627739,exact,9
CHEBI:16831,related,,3-HYDROXY-3-METHYL-GLUTARIC ACID,Mistral-Small-3.1-24B-Instruct-2503,-1,-0.4526608332708975,-0.6944464137596519,-0.6164357261122754,-0.6210070120638443,1.252921562168998,3.558524136252901,4.14663326818202,1.8661989944535773,1.402840586073026,3.094895925621446,0.3352899952600301,1.9349863087250685,1.3598229266828017,1.9564930891547605,1.814805759671824,1.6894733887540958,0.8305579774375973,0.6886140455727198,0.5129320864225384,0.8398592080240945,1.015372856772034,0.8380411486414474,0.6662316709837024,1.1035705998543317,-0.0157883466004673,-0.4923285417411026,-0.477389446217153,-0.1847068012253165,1.4283304584547354,4.350672957078356,4.722259921301951,1.999994094561544,0.7481926812805795,0.5930857492524503,0.4827136104148152,0.714040214292609,0.6186813719954378,-0.0068434383736824,-0.1479087014084708,0.4886382606920009,exact,9
CHEBI:16831,related,,(S)-Meglutol,Mistral-Small-3.1-24B-Instruct-2503,-1,-0.5287350233772147,-0.7371531132977877,-0.6454354877389911,-0.6888735543371174,-1.2591613355729432,-0.94953214475399,-0.7961452132454817,-1.2736388224337436,-0.27049617605847,-0.3434588070551738,-0.0546641585114137,-0.4006416286894237,-0.881895979289651,-0.8522678540479474,-0.7300388997108179,-0.91671188096862,-1.3167392451700048,-0.9972169185041376,-0.7021087931269813,-1.2937438899708746,-1.2462218686503284,-0.8095741716440681,-0.6855153720120056,-1.2110863896285504,-0.6785375288282477,-0.7561359166085019,-0.6789006507730407,-0.7787362675144225,-0.4846437980368587,-0.2251171675104142,-0.2197540270731767,-0.5994794989742493,-1.6926460554751708,-0.8858703300666719,-0.8535146038025437,-1.5635968376709684,-2.091497237081376,-0.9800919395830888,-0.6990274723700473,-1.7800743069680214,related,9
CHEBI:16831,related,,(S)-3-Hydroxy-3-methylglutaric acid,Mistral-Small-3.1-24B-Instruct-2503,-1,0.9360136461459848,1.0389889942926347,0.8165780211068147,1.0905469851964185,1.1215229145187986,1.978201449587904,1.823611734458476,1.454993278839214,1.3632954246154934,2.671103796656745,0.2776872668281854,1.824277539123775,1.3529503023933207,1.912084346355372,1.869100821891717,1.6733037059645903,1.0755643534892476,1.4363410459528034,1.0643949595357054,1.2729436559193337,1.0248485361263189,0.8709808199979139,0.6726925777604188,1.1215057455040272,0.9940122849935804,0.6757311750008306,0.5536110730958618,1.086304677314235,1.2102498106499473,2.235668665345231,2.0825602220981043,1.4414402507104058,0.7980618127152215,0.7092051567460539,0.5124798686965095,0.7879835668574511,1.074081052949457,1.2644962906700157,0.8391863712497907,1.3108086679833837,exact,9
CHEBI:16831,exact,,3-hydroxy-3-methylpentanedioic acid,Mistral-Small-3.1-24B-Instruct-2503,-1,0.6968276879291491,0.3394312346171328,0.2029242635193257,0.6762091629806272,1.0630226496158544,1.590951825093185,1.4291795070395557,1.3159145009850015,1.1732874547635448,1.4654622330655276,0.1518959430247554,1.4007635371650131,1.3170612052530122,1.697243237919921,1.556118345608155,1.5922626271516438,0.253861765068543,-0.1454969475386622,-0.2148798743851019,0.0916906384340909,0.5113831645147885,-0.0651052210593911,-0.1257657809072039,0.3678156792406762,-0.0216270578848711,-0.4424158316906724,-0.42579319526409,-0.1904214692036565,1.0356002525626846,1.4795088470481357,1.3563562653566963,1.1217976006324737,-0.3275176326289486,-0.4208265091888508,-0.4603741321679898,-0.4856569792554521,-0.0065466298069357,-0.4760684351035705,-0.4152071005967522,-0.21322269627739,exact,9
CHEBI:16375,related,,DCY,Mistral-Small-3.1-24B-Instruct-2503,-1,-1.6062367257342876,-1.1107684944753036,-0.8775752020807066,-1.5394796810706382,-1.1281004896196467,-0.9891522365259032,-0.828382341812124,-1.1731055103627566,-0.2709079685216302,-0.4412168176064071,-0.0699168233293017,-0.4010305489276734,-1.0252856818318263,-0.8372974984057093,-0.7505599747416076,-1.0307237981751507,-1.2506921315461046,-1.0127291102706262,-0.7168936412630154,-1.2450417381195105,-2.559057163082485,-1.0011696499441127,-0.8311667623330532,-2.1063486231726114,-1.381926506436641,-0.8768517073278094,-0.7614232387199724,-1.3270270470146983,-1.7640247199501038,-0.9786987413705404,-0.8529100190429371,-1.603097203005426,-1.5952318589814656,-1.0331684061062936,-0.9606622525021494,-1.4948295088274164,-2.274066926192043,-1.000226183990414,-0.711014140400971,-1.893491628829653,related,9
CHEBI:16375,related,,D-Zystein,Mistral-Small-3.1-24B-Instruct-2503,-1,0.6584506159160016,0.2887749329296059,0.0954527394841842,0.6184862299546984,0.7346825064488063,0.4831200209806186,0.3421710462646083,0.7226145989306874,-0.1730606913360042,-0.4545749270642701,-0.0559693972645598,-0.3075643228035066,0.8379683176149955,0.520293159801542,0.3471862477894032,0.7941378675543624,-1.310956746362298,-1.0265143757712123,-0.7512774770092077,-1.2895027165466812,-1.0047460686406584,-0.7575685201028606,-0.6481860192183264,-1.0302869166795106,0.6000851987394605,0.0925444290231616,0.0375800618080473,0.4974899111805994,-0.3006689356371747,-0.2810987018966208,-0.2928980215768574,-0.4354602866398665,-1.107677619401316,-0.8573232627548517,-0.8410433702211244,-1.1349357750228355,-0.3669583060997377,-0.5939928193207935,-0.4941202006778638,-0.5397921491027567,exact,9
CHEBI:16375,related,,D-Cystein,Mistral-Small-3.1-24B-Instruct-2503,-1,0.6917773962372071,0.3464597155347416,0.2065466438974439,0.6685063507743034,0.8874240088982639,0.8130565990355146,0.6296088548644417,0.9707392827863496,0.7084041672244917,0.2145671205110975,0.0199937381272452,0.6732482036450523,1.160057719026513,1.2851990635072712,1.1465941481136843,1.2862828949651814,0.5597161919147429,0.167673623941514,0.0449259621461755,0.4571522588353232,0.1482721348552188,-0.3521967453074701,-0.3220605150267042,-0.0312959615921424,0.9054750782503442,0.6108367805193083,0.5341249116771529,0.9349186729603474,0.4795271756883792,0.2954585653028993,0.2060078041982547,0.3608883989396023,0.6359118947079625,0.187460724017641,0.0281749960194201,0.5571604127451376,0.5987725970765756,0.0045960456095542,-0.1251153490137305,0.4619283607357414,exact,9
CHEBI:16375,related,,D-Amino-3-mercaptopropionic acid,Mistral-Small-3.1-24B-Instruct-2503,-1,-0.6086066657441852,-0.7749438530530812,-0.660424436632089,-0.7587210504688693,0.1705971597360878,-0.2482169707579756,-0.3001535696113931,0.004650412891856,-1.5785099075127311,-0.7499354290014806,-0.0997299706334841,-1.5029830099304515,-0.6753568484018495,-0.7374766408893129,-0.6569845665635383,-0.7478445384045537,-0.4584357730404299,-0.643658754057078,-0.5419069704452432,-0.6075987253893936,-0.1483497915297926,-0.5059967120198128,-0.4644536456234369,-0.3176929488984453,-1.5540559555057076,-0.8871961886046615,-0.7707453583370754,-1.4526094260252014,-0.2865793196666043,-0.1991924717150819,-0.1398500342059803,-0.4226120146051466,-0.2471875758595096,-0.4988992813953747,-0.5378757362630371,-0.4117423063365864,-0.5837246263505198,-0.6638216568407608,-0.541838185625817,-0.7200358737629193,exact,9
CHEBI:16375,related,,(S)-2-amino-3-mercaptopropanoic acid,Mistral-Small-3.1-24B-Instruct-2503,-1,-0.8922371375484496,-0.8827206830893755,-0.7322070153758301,-0.9964277347203648,-0.0276737990108703,-0.3828799871484032,-0.3789710020221267,-0.2051707320425403,-1.5588985800943054,-0.7324161371851154,-0.0984084105448859,-1.487894526761105,-0.9035663904111164,-0.787392268042575,-0.6889797007830174,-0.9341029516857048,-0.5314063269408222,-0.677393585984406,-0.5476850689324642,-0.6711951165687609,0.0351698084671619,-0.4317655977689545,-0.4107994888252961,-0.1438579322020837,-1.3367657871229646,-0.8438587142181727,-0.735281419758126,-1.2936004577378468,-0.9291773401281846,-0.4198819372088104,-0.312543401830293,-0.9714567609887588,-0.7123725872150377,-0.672898931700554,-0.6386742204197247,-0.8196373801709356,-0.9469650804180664,-0.7704952310292416,-0.5894407718205175,-1.001857787820873,related,9
CHEBI:16375,related,,(2S)-2-amino-3-sulfanylpropanoic acid,Mistral-Small-3.1-24B-Instruct-2503,-1,-0.9407572031593036,-0.8995333146138399,-0.7468158997169488,-1.0356423833495552,-0.0960518514646282,-0.445493070902032,-0.4346319079781288,-0.274125698544728,-1.6385861945073372,-0.760075442621265,-0.1030441074368585,-1.5490074892997798,-0.9696227901652844,-0.8642955657477579,-0.7395326181389137,-0.9867578365665156,-0.4846839094444711,-0.6597934993802601,-0.5387068761562797,-0.6306112789916436,-0.0404679118625683,-0.4585957661330087,-0.4446778901725676,-0.2167272778545569,-1.121453115229702,-0.8182353373135386,-0.7128110303011135,-1.1312270746534303,-0.9994245447151876,-0.4516145121266005,-0.3985938758844209,-1.0275909031970154,-1.283684720621194,-0.8275018173017721,-0.7924079208156698,-1.2681212661413674,-1.4464187697159496,-0.8761295790671686,-0.6524022411828727,-1.3581472529199088,related,9
CHEBI:16375,related,,(2S)-2-amino-3-mercaptopropanoic acid,Mistral-Small-3.1-24B-Instruct-2503,-1,-1.0955955033273514,-0.947897118003565,-0.783576543886059,-1.1582740975017718,-0.0344414812833028,-0.4051171706547456,-0.4050215093489162,-0.212067354558437,-1.6827638287490372,-0.7599547261504376,-0.1029965215699094,-1.582667497556537,-0.9242489718569828,-0.7809962141521907,-0.6780725568867849,-0.9506467191064344,-0.4663337674881759,-0.6464029589622947,-0.5257040340379521,-0.6145395389477978,0.1473369648627567,-0.3685731795889288,-0.3564270030922669,-0.0322457788187704,-1.3834497903303933,-0.8422090836347219,-0.7348072299631001,-1.328150941655004,-1.021218289190826,-0.4497329487018704,-0.3677355688866774,-1.044876804377009,-0.8098225275779457,-0.7024357276308798,-0.6549765297417509,-0.8996705644608479,-1.124988187811609,-0.8153127750651861,-0.6128771717747087,-1.132465388997683,related,9
CHEBI:16199,related,,uree,Mistral-Small-3.1-24B-Instruct-2503,-1,0.2673144235675067,-0.3515719975540801,-0.353343114414988,0.1091756174778562,-1.1115683969176595,-1.0201315670644853,-0.8274635687954727,-1.1602559486061543,-0.7129779536016101,-0.59396865571981,-0.0866858165533816,-0.7999836797134664,0.2570306818802627,-0.123756385668871,-0.1514418609336008,0.1118305503409793,-0.5885808919457226,-0.779034489366936,-0.6252447562543318,-0.7202193008833778,-1.2227996443738929,-0.8065469376000212,-0.7011873615804304,-1.1938380361389047,0.5906205335826962,-0.0404665039614718,-0.0637722498182476,0.4853986069404813,-0.5186014929175048,-0.7669875550891715,-0.6890564383328885,-0.6290401044723947,-0.0898444933826701,-0.6105356948832219,-0.5829833663606118,-0.2619093413725802,-0.2125391355449676,-0.5346924700102819,-0.4546900536064652,-0.4045298465273765,exact,9
CHEBI:16199,related,,ur,Mistral-Small-3.1-24B-Instruct-2503,-1,0.6101641541058761,0.0816635944991175,-0.0346526363111287,0.5483360418181045,0.0684288423689214,-0.4531682517615249,-0.4328043470715392,-0.1054242788613035,0.370911764559806,-0.106943540235458,-0.0276393755301839,0.2602464701190287,0.3414155814155608,-0.0469590562232993,-0.0892204042082917,0.2010204321678728,-0.0687502396004393,-0.5114072268484556,-0.4999610498984653,-0.2453537069354885,-1.7877111550258056,-0.9178848241123972,-0.7844253333329221,-1.5953573064061817,-0.096467756983855,-0.5718632715590821,-0.5036515565428433,-0.2627582583386819,-1.2428482221065578,-0.9027554500955106,-0.751949360909157,-1.2174119293074828,-0.4787492283494591,-0.75550303470023,-0.7730214259683001,-0.6206129574444116,-0.2735828389332443,-0.5589174053834093,-0.4685201874335954,-0.4587555194782457,related,9
CHEBI:16199,related,,carbonyldiamide,Mistral-Small-3.1-24B-Instruct-2503,-1,-0.99148051414072,-0.9483451032412976,-0.7755141426316187,-1.076226522897979,-2.7653725087251475,-1.309936722860593,-1.0343214570395085,-2.3017065289847705,-1.526117206057371,-0.7935717444496422,-0.1025772331834018,-1.4626010606982784,-1.933726533439828,-1.1259995696967966,-0.9579577999314224,-1.7060442320498492,-1.4964699396135812,-1.0859849474245868,-0.7969123720871121,-1.4234859651547762,0.1232126975582264,-0.3678620564944058,-0.3677331429585074,-0.056633548035285,-1.8674752862263515,-0.9930114193655456,-0.8491819142799961,-1.6746323387990705,-1.3187639214218343,-0.932913987722212,-0.8360637130133113,-1.2752373219620858,-0.8379207831584243,-0.8392104222154989,-0.8244092373379577,-0.9224489148118108,-1.540360818056589,-0.8724404352348677,-0.6456606766037426,-1.421947752290201,exact,9
CHEBI:16199,related,,carbamide,Mistral-Small-3.1-24B-Instruct-2503,-1,-0.9038074781785842,-0.9184386310909772,-0.7768797226614994,-1.005814718916795,-2.2839639331904897,-1.2410901515403467,-0.9892990670470287,-1.9939137091335328,-1.2280445028474232,-0.7742835349382702,-0.0986812449682809,-1.2281401548104744,-1.5075140686391575,-0.9486557498638432,-0.8297161350585232,-1.398035960088646,-0.6575019679815249,-0.801232058430576,-0.6326737122796843,-0.7784215099721498,0.3013570666997686,-0.2590689377975547,-0.2759569239390396,0.1290268557920222,-1.0667111196260672,-0.7758589297064162,-0.6815896680629082,-1.0890938318840528,-1.2108782637373698,-0.932963107484408,-0.8424031200043405,-1.1928733705004004,-0.3402231483758471,-0.6987567029613135,-0.7321794059752562,-0.497200240611663,-1.204068574588873,-0.8216884393270294,-0.6144648465080822,-1.1891285072342672,exact,9
CHEBI:16199,related,,Karbamid,Mistral-Small-3.1-24B-Instruct-2503,-1,-1.7520013258924874,-1.1358958636215082,-0.9041934514507796,-1.6427618000140836,-1.7786125946238598,-1.145782484829322,-0.93338701452339,-1.6516414645378208,-0.4317829685896896,-0.5843812482072975,-0.0678920482878761,-0.5503138081442224,-1.286868877421066,-0.8704677497981897,-0.7744022273079972,-1.232790733530047,-0.8678198338089164,-0.8960260164377627,-0.6865141159670037,-0.9504598008738692,0.1296041033708811,-0.3684097252181237,-0.3700147941472333,-0.0501935942066212,-0.9792287135876324,-0.793950284583852,-0.6872546228758207,-1.0209837349847894,-1.3908307333440124,-0.954443929162598,-0.8553875251134401,-1.3295737504033698,-1.1105678686650706,-0.9143128607710528,-0.8975660911076643,-1.1371556107933154,-1.870575988220188,-0.934111091655549,-0.6809875148753506,-1.6395745383801597,related,9
CHEBI:16199,related,,Harnstoff,Mistral-Small-3.1-24B-Instruct-2503,-1,-1.44634535287667,-1.0731606525183588,-0.8751180878131926,-1.423556495332333,-2.1304241315584664,-1.2168765011514155,-0.9804121350871629,-1.8922041442532456,-1.6714995730441446,-0.896909203724614,-0.1155445383757625,-1.5740995565257565,-1.5751980119799052,-1.0004685794229138,-0.8673253739358776,-1.4478766778968792,-1.2968267913161118,-1.040778966056578,-0.7709550306041111,-1.2791208884683276,0.0442560555025032,-0.4199380624750111,-0.4154570805153104,-0.1349799655096535,0.3799718992859625,-0.230359981831009,-0.2342370146894654,0.2319990853917501,-1.511719032324476,-0.9304092851797764,-0.8318830671390861,-1.4195644564295469,-1.0035307077045337,-0.982571149398541,-0.8921682289436101,-1.054172153313331,-2.3843268219552938,-0.9791345123134608,-0.693406112397302,-1.9609105816848555,related,9
CHEBI:16199,related,,H2NC(O)NH2,Mistral-Small-3.1-24B-Instruct-2503,-1,-1.377538604820996,-1.0695165918221334,-0.8536823138043752,-1.372760721085872,-2.915247744362494,-1.412826481312821,-1.1009675823777263,-2.394459545918135,-0.4818765596012006,-0.5202413322198474,-0.0663777726314239,-0.5957796233529191,-2.461431739866992,-1.3620939739117053,-1.133639782503361,-2.0711108004602243,-1.4989419794626158,-1.0902541428102914,-0.797834598726472,-1.4252432737103984,-2.299608338974092,-0.9708025674617629,-0.8072322657302055,-1.9382713422294984,-2.8420520164335525,-1.1072505332143132,-0.9337504435291156,-2.3236187272650004,-1.675742728721154,-0.9075860153672574,-0.7998668108153936,-1.5395034438750668,-1.7245231529077905,-1.034465730422369,-0.9871149449783528,-1.5858975943693234,-2.3721159140272454,-1.0252342087858537,-0.720102173840076,-1.9534822263032057,exact,9
CHEBI:16199,related,,E927b,Mistral-Small-3.1-24B-Instruct-2503,-1,-1.0576237617184443,-0.9710134672426411,-0.8099356377086753,-1.1285409546308256,-2.56777637681637,-1.3427512001788922,-1.0560264869125142,-2.177281557672272,-0.849654950946624,-0.6136822419956207,-0.0715712882948341,-0.9169027605185478,-2.1413878257335752,-1.1817109647418147,-0.9793638376162211,-1.851600040100492,-1.2313587919225797,-1.006005298651767,-0.7525759025261197,-1.2306762085743033,-2.445735781015023,-0.9854065529930396,-0.8373818269311745,-2.033348465279998,-2.841661002179241,-1.1065470818480432,-0.9337132185409038,-2.323368107138126,-1.9894996302780903,-1.0259042239103504,-0.9122163340276808,-1.7627203708578911,-2.4434824868307805,-1.183302813240817,-1.1127489703918731,-2.065832304080337,-3.383004059199813,-1.1421509179490974,-0.7812598125170447,-2.541495145298467,related,9
CHEBI:16199,related,,Carbamide,Mistral-Small-3.1-24B-Instruct-2503,-1,-1.0494983818996495,-0.9586650702225936,-0.7905965013338131,-1.1221504917394431,-2.2839639331904897,-1.2410901515403467,-0.9892990670470287,-1.9939137091335328,-1.2280445028474232,-0.7742835349382702,-0.0986812449682809,-1.2281401548104744,-1.5075140686391575,-0.9486557498638432,-0.8297161350585232,-1.398035960088646,-0.6575019679815249,-0.801232058430576,-0.6326737122796843,-0.7784215099721498,0.3013570666997686,-0.2590689377975547,-0.2759569239390396,0.1290268557920222,-1.3837119615144626,-0.8661871042471899,-0.7349000037742016,-1.3283443508570338,-1.2108782637373698,-0.932963107484408,-0.8424031200043405,-1.1928733705004004,-0.3402231483758471,-0.6987567029613135,-0.7321794059752562,-0.497200240611663,-1.204068574588873,-0.8216884393270294,-0.6144648465080822,-1.1891285072342672,exact,9
CHEBI:16199,related,,1728,Mistral-Small-3.1-24B-Instruct-2503,-1,-1.752903064373276,-1.18893464794781,-0.9413144506735716,-1.6433940068609465,-3.9492486433589233,-1.494066696247624,-1.155273556787266,-3.0023602089118384,-0.7180264522293999,-0.5956561111196221,-0.0832626561432203,-0.8043502391375257,-0.8867569040075969,-0.7473981666106223,-0.6440987337457662,-0.9206180321821298,-0.7967486881491722,-0.8592353289761862,-0.648602893172912,-0.8932174386280032,-2.8415893597132342,-1.0359675405915116,-0.8546587546378394,-2.285860373851325,-2.5863800682493188,-1.1078904384997534,-0.9411912492986116,-2.158300118952417,-1.4676193358826637,-0.9821567045374272,-0.8566370086049302,-1.386899074694186,-2.283827490893891,-1.1365363034612268,-1.0685976358928315,-1.9627186510454988,-2.114378241110514,-0.9424989393157776,-0.6772532522532257,-1.7944163714240473,related,10
CHEBI:16134,related,,spirit of hartshorn,Mistral-Small-3.1-24B-Instruct-2503,-1,-1.2724690381986492,-1.0297262801271356,-0.8160814967032765,-1.2940654334238344,-2.093921357846709,-1.2237520224034917,-0.979072158555134,-1.867745158085416,-1.50174409532429,-0.7914525359640582,-0.1007991736396004,-1.443735682017513,-1.7489835448967128,-0.970438598135476,-0.8582276500548698,-1.5741852935721397,-1.004132087092832,-0.9543174712325846,-0.7422873640207285,-1.057889100701134,-1.933436614682828,-0.9121036062646894,-0.7829766250289922,-1.6947078353093783,-2.284555798388024,-1.0899390070166988,-0.9131426192162776,-1.958986546522586,-1.171674840807184,-0.922589035012602,-0.8192972943938274,-1.16262697483573,-2.6450764793809345,-1.2036287748784265,-1.065734514197525,-2.193582812956431,-2.595337028364909,-1.0202069396068416,-0.7078725262259445,-2.0878567815163795,related,8
CHEBI:16134,related,,amoniaco,Mistral-Small-3.1-24B-Instruct-2503,-1,-0.8301068695475272,-0.91179286370584,-0.7666447463523951,-0.945629230760244,-0.8416539693135497,-0.8860932763354976,-0.7595041445623685,-0.9446239309811834,0.4300797990188437,-0.0400027041337474,-0.0378100630358293,0.3283750922387352,-0.7011125004080997,-0.7257916051068929,-0.647730446676784,-0.769225385844696,-0.4092110634591294,-0.7024199310067715,-0.5862082685640683,-0.5640150081529223,-2.2731526118733885,-0.9604189320851582,-0.8118408072225509,-1.9209375836402736,0.4489482000327411,-0.1651725955209505,-0.1998900073331659,0.3119509653069295,-1.2617075259589374,-0.9709741779606048,-0.8644080689443727,-1.2318348587318153,-2.4013283121249143,-1.1572023113220125,-1.0459017378432525,-2.038779496250244,-1.663460124361832,-0.897621759171393,-0.6563341743514306,-1.504232359000391,related,9
CHEBI:16134,related,,ammoniac,Mistral-Small-3.1-24B-Instruct-2503,-1,0.9128785268809712,0.8432205801798099,0.6559976276366883,1.0450355921071062,0.8091215755561885,0.5569870444088216,0.3939581556180863,0.8390849847055398,0.7659750626908989,0.266890356755764,-0.0043788887660368,0.7507679591077122,0.9249341883839692,0.7907597473035026,0.6263036170725415,0.9151327564830972,-0.008064254355433,-0.4656450529649716,-0.4358742357284317,-0.1849260595740792,1.1337526756307683,1.3996804659674242,1.22717038812918,1.3506224745853972,0.9288356316252486,0.5455066204177335,0.3963737077480945,0.97340921101685,-0.2226863226983536,-0.7113105153814995,-0.650517648515509,-0.363796320701485,0.3313498232673413,-0.3416076195396514,-0.0071156640217516,0.1810585619483819,-0.0307290160958155,-0.4841753280906819,-0.4119125924521245,-0.2364111787659138,related,8
CHEBI:16134,related,,[NH3],Mistral-Small-3.1-24B-Instruct-2503,-1,-1.2940203793146756,-1.0433262899616784,-0.850134301137513,-1.31032173776516,-2.4426670531735635,-1.3218897217696195,-1.046713370818548,-2.097157803480389,0.5622932739454168,0.0399318039781019,-0.0291964640768237,0.4866941098770124,-1.6705305379905098,-1.053497197744652,-0.9167535419140924,-1.5174518583318537,-0.3920904588053698,-0.6882712757237298,-0.5382718721753265,-0.5487225173718927,0.1734475651768963,-0.3354330605574369,-0.3415763696913663,-0.0055990969649505,-2.1567408224545064,-1.0922799567737047,-0.9298384303220584,-1.8730389688724047,-1.252382221646516,-0.9658467867241968,-0.8586660288933671,-1.2247080270045896,-0.6872968332143649,-0.7839382467806916,-0.7411636887045568,-0.7987740254533102,0.0907912934945932,-0.4673891411040595,-0.4161843799473829,-0.1176611828594169,related,9
CHEBI:16134,related,,R-717,Mistral-Small-3.1-24B-Instruct-2503,-1,-1.59519477465342,-1.1297857834066138,-0.8986153662876777,-1.5315652442126877,-1.6104704410181336,-1.1206957940768845,-0.908663311114113,-1.5325407298012754,0.2047735180186826,-0.2647508099932331,-0.0537909111775438,0.076616982352918,-1.2993269167668573,-0.8866295316123636,-0.7883530474485856,-1.2422401868572897,-0.5430253464060836,-0.7604935270856037,-0.5745982125449478,-0.6812138567942612,-2.3254538667039504,-0.9720938942941716,-0.8275068538548089,-1.9551687558314623,-3.149030009104545,-1.1688263087440798,-0.9895974737205414,-2.51850026460261,-1.373500232001552,-0.984607713257806,-0.8666120419705109,-1.316555305500047,-2.5827012829895466,-1.156378789301402,-1.0791558489913966,-2.154335116364116,-2.9780373269127867,-1.0850369777987388,-0.7423581564319869,-2.3118838514114906,related,9
CHEBI:16134,related,,NH3,Mistral-Small-3.1-24B-Instruct-2503,-1,-0.1369077531182309,-0.6122886520676873,-0.5444926928431466,-0.3231285229770135,-2.3134481971629186,-1.2937686649329423,-1.021760275848047,-2.013235648656289,0.22111128778137,-0.2218737688996491,-0.0142209795901378,0.094215761233361,-1.259296880219425,-1.000549243249477,-0.8613106877896052,-1.2118238187729835,1.1575414301962623,1.669330393570403,1.3158973555329847,1.451671281765326,0.609760461647807,0.0341663891967409,-0.0389007109735704,0.4893258266067727,-1.8974802278059093,-1.0530768684727538,-0.9011864156418372,-1.6954832424734396,-1.14815435104141,-0.9504739802998732,-0.8511845537880469,-1.1443963429318793,0.6920197610732962,0.139574607434914,-0.0189676397865993,0.6340226196658962,0.0976325805682098,-0.454732040168173,-0.4105160412039866,-0.1108029866564017,related,9
CHEBI:16134,related,,Ammoniak,Mistral-Small-3.1-24B-Instruct-2503,-1,-0.0402597425620314,-0.5460704934047435,-0.4928258859412515,-0.2258086603502422,0.6813502192306629,0.2815020045558778,0.1638848941954541,0.6434756903908697,0.6309313804988306,0.0655169173940616,-0.0251410459153127,0.572649773725465,0.908829534016812,0.7269533502316874,0.5888201231754377,0.8921920524783804,0.5078876291707792,0.0129439366152724,-0.1262737615119955,0.3911584434061058,0.4553513077968508,-0.1129035255226544,-0.1643727562803899,0.3016135754592424,0.1173717819575535,-0.4180306650616343,-0.4100674295878915,-0.0513331635712722,-0.2128331709720216,-0.6892345185467357,-0.6319391666058176,-0.3546435530908201,-0.1427161098303642,-0.6749508080720202,-0.3740193095983455,-0.3130497048556664,0.0193695567962714,-0.4723099481041572,-0.4073149335285574,-0.1881350579008892,related,9
CHEBI:16134,exact,,azane,Mistral-Small-3.1-24B-Instruct-2503,-1,-0.8315168353447819,-0.906644520104784,-0.7581099372383618,-0.9467895051938509,-1.3670054980037023,-1.0621555355057668,-0.8727580085590321,-1.3546778427276724,-0.1354778941491761,-0.3773301023776681,-0.0604586453935821,-0.2710778025913892,-1.0422012411565649,-0.7418341005147647,-0.6855071890495419,-1.0440137974992971,-0.5668597865589257,-0.7798466240615763,-0.6501586935127468,-0.7016756330509809,-2.0889252642733545,-0.945798059346316,-0.79829171787886,-1.7991304064719382,-1.941702349816744,-1.0057365848238604,-0.8681613280926305,-1.726094864812434,-1.3454334120096696,-1.0081518888606391,-0.8941987767280608,-1.2954073673761568,-2.051571692464019,-1.1453520743813306,-1.0108611942424364,-1.8093696939419992,-2.351037855920209,-0.9978675353296868,-0.7048548848434805,-1.9406376323823848,exact,9
CHEBI:16113,related,,Cholesterin,Mistral-Small-3.1-24B-Instruct-2503,-1,-0.6880479487282659,-0.812367461434718,-0.6962534044399297,-0.8268551106311328,1.161548921101471,2.254375391640404,2.143725010527443,1.561548967186855,0.4035615189496369,-0.1004477635877822,-0.0375274091730115,0.2976477772246892,0.2275702590425574,-0.4497873246884052,-0.4412147221896431,0.0812867988760877,-0.095765486272319,-0.5205575719691359,-0.4762163211774798,-0.2718645484075559,-0.1443725618505862,-0.4967514387910681,-0.4627531089176094,-0.3140285550464056,0.3340581003813438,-0.3687920587509479,-0.3670896379122764,0.1801923594715039,-0.0864547701392819,-0.6375492214396722,-0.6081698174622191,-0.2351677339051631,0.0172091097577,-0.5126917262629156,-0.4088780563321847,-0.1556725880204464,-0.2743326043667912,-0.6013810992910881,-0.4983663124057281,-0.4594152080256589,exact,9
CHEBI:16113,related,,Cholest-5-en-3beta-ol,Mistral-Small-3.1-24B-Instruct-2503,-1,-2.105789415350092,-1.22160768024711,-0.972890121213614,-1.8849881624583689,-1.0569299431381587,-0.9459965577011716,-0.7845695686725478,-1.117508389453425,-0.0672800591638514,-0.5385849162304464,-0.0775817393895391,-0.2039830288944455,-0.9509039911798232,-1.0529417357580997,-0.8994450182752503,-0.9718904472426774,-3.3319119882938915,-1.4442231582867844,-0.9745976491824876,-2.5772358164581304,-0.5328138059664135,-0.641331162589089,-0.5885315841471984,-0.6542247746080336,-0.2842797725425879,-0.6706007528876861,-0.6163702741262751,-0.4374977697689294,-2.3048254116485944,-1.0628897654151177,-0.932157636231686,-1.9799100605065767,-1.2164169034132997,-0.8627701362782949,-0.7655679727196548,-1.2176880112885575,-0.5009841664692307,-0.6585566804306043,-0.5173039790395226,-0.6524434041950912,exact,9
CHEBI:16113,related,,"(3beta,14beta,17alpha)-cholest-5-en-3-ol",Mistral-Small-3.1-24B-Instruct-2503,-1,-2.406847008788472,-1.2710008236122476,-0.9970556476490944,-2.08287623910978,-1.509272041626672,-1.048032486611827,-0.8610703044402496,-1.4594263302865491,-1.1222554039143455,-0.6604259650053051,-0.0921521730144477,-1.1427972894586176,-1.260696715141149,-1.1301669752140984,-0.943360942647956,-1.212890102567358,-4.104752893964273,-1.53734676614511,-1.0036517030247831,-2.9981734866605656,-0.5961148124346238,-0.6582353942642115,-0.6001667391320288,-0.706729445750196,-0.6396000113535276,-0.791268788589379,-0.6985428772073542,-0.7463386403407201,-3.3522858198128778,-1.1643156426833885,-1.0006990375007336,-2.662242292235605,-1.9863105360731808,-1.0053249053371025,-0.8760111693307499,-1.7655145572178077,-1.418360101295752,-0.8833509241818603,-0.6454386562131624,-1.3389137575200245,related,9
CHEBI:16113,exact,,cholest-5-en-3beta-ol,Mistral-Small-3.1-24B-Instruct-2503,-1,-1.758682672693088,-1.15178897805267,-0.9238232403132828,-1.647444168176609,-1.0569299431381587,-0.9459965577011716,-0.7845695686725478,-1.117508389453425,-0.0672800591638514,-0.5385849162304464,-0.0775817393895391,-0.2039830288944455,-0.9509039911798232,-1.0529417357580997,-0.8994450182752503,-0.9718904472426774,-3.3319119882938915,-1.4442231582867844,-0.9745976491824876,-2.5772358164581304,-0.5328138059664135,-0.641331162589089,-0.5885315841471984,-0.6542247746080336,-0.2694628194647085,-0.6674829415824657,-0.6143853504020967,-0.4240356508517509,-2.3048254116485944,-1.0628897654151177,-0.932157636231686,-1.9799100605065767,-1.2164169034132997,-0.8627701362782949,-0.7655679727196548,-1.2176880112885575,-0.5009841664692307,-0.6585566804306043,-0.5173039790395226,-0.6524434041950912,exact,9
CHEBI:16015,related,,glutamic acid,Mistral-Small-3.1-24B-Instruct-2503,-1,0.6992756610909507,0.3341830323079584,0.1814552048639776,0.6799549176188969,0.8401705991131212,0.7497240446292963,0.5540795506296937,0.8900497560398694,0.8595196859156551,0.4810484408516112,0.0259077826369525,0.8825287877508404,1.16703969262088,1.2072887258962042,1.0894623291312855,1.2986203357643773,0.3291919933702865,-0.1244063864053944,-0.2055672315693074,0.1768027409302068,1.2135573978341905,2.019888925768491,1.8485024889168984,1.5606156573583287,0.7765133582185458,0.1933060658436939,0.1104476708053288,0.7372958883670764,-0.0643316097775548,-0.4884439576567359,-0.4566161614145871,-0.2138356486541183,0.7318949066787794,0.3165570431177441,0.3763979644448942,0.6904854946681502,1.0640265591623537,1.2885253275924544,0.8783734790883438,1.2837235134994325,related,9
CHEBI:16015,related,,acidum glutamicum,Mistral-Small-3.1-24B-Instruct-2503,-1,-0.3931857227550421,-0.7026557529349358,-0.609739599908919,-0.5669784905231156,0.3584568372178134,-0.089156406618493,-0.131971450027399,0.2198773826342236,-0.1229636366495694,-0.2558882993807462,-0.0599573919453233,-0.2588529416576445,0.2632181324353833,-0.2971213499258967,-0.3291543916443013,0.1182833950664854,-1.0463598866818475,-0.9224535839288208,-0.7177659190751499,-1.0905730643450842,0.6305627647863525,0.0336951332289202,-0.0460262460663556,0.5159849218643497,0.3745608980670154,-0.2476246758340242,-0.2642386587719644,0.2258371653105585,-0.7175530481916923,-0.7021603206468758,-0.6471566851102419,-0.7982263656292347,-0.1337258118484255,-0.402923152223932,-0.4687371349370314,-0.3044125380213228,-0.7046107571950034,-0.716781465371576,-0.5517206305874154,-0.8163704852745354,related,9
CHEBI:16015,related,,acido glutamico,Mistral-Small-3.1-24B-Instruct-2503,-1,-0.146198370943041,-0.557499722318803,-0.520354071395976,-0.3323152965990628,0.1076200516546499,-0.3340191301034634,-0.3271496624933725,-0.0637189617414035,-0.0035265039585021,-0.4001947893289999,-0.0577516467342481,-0.1401682564853176,0.4371089191774931,-0.1118873147979866,-0.1666235175483912,0.3054914639289922,-0.8221151879636974,-0.8372512723658622,-0.6783393729525412,-0.9137489300445554,1.074188165777418,1.0263685117601211,0.8285290904323305,1.2194901894731376,0.5043772227672573,-0.1591970241713756,-0.2033567095188641,0.378225363924584,-0.7143258477527553,-0.7141625025966581,-0.643361571968275,-0.795533480235025,0.4757479060736222,0.0276693122171777,0.0733631618456943,0.3517967360479908,0.7139516352197318,0.223237748697355,0.0095148835962575,0.6228765426653609,related,9
CHEBI:16015,related,,acide glutamique,Mistral-Small-3.1-24B-Instruct-2503,-1,0.1571486787923606,-0.3431318521151292,-0.3572985745132075,-0.0158074725330999,0.3589546093734794,-0.1053261509933277,-0.1451158305173071,0.2204729170188115,-0.0813791403674708,-0.3244837761534587,-0.0538197128381196,-0.2179505733548317,0.3847641850697008,-0.0742033658978107,-0.1465210809647931,0.2478830513557188,-0.7966298400795071,-0.8376583839665119,-0.6633726257232095,-0.8931209763269077,0.1161477715923996,-0.3862323091445616,-0.3645729402312825,-0.0637345425497002,0.4207181125188959,-0.2808875918276279,-0.3191590948400302,0.2789064642534707,-1.0124296297492137,-0.7736636309551619,-0.7121480793241134,-1.037913237707074,-0.9233278991094576,-0.7479881998804752,-0.6698791793215091,-0.9909067238208588,0.3764085786681081,-0.1780525445684198,-0.2216520653039419,0.1877839744064682,related,9
CHEBI:16015,related,,L-Glutaminsaeure,Mistral-Small-3.1-24B-Instruct-2503,-1,0.2880356368916583,-0.2209873246778778,-0.2855936031119677,0.1334086716583719,0.5929735297646326,0.2177681606650958,0.1315827300447905,0.5189851269645491,0.4401113713036408,0.0072796625527699,-0.0181080456402095,0.3400832375681951,0.570305792131646,0.0805479002291725,0.0016829286677678,0.4576675346314164,-0.3100507167525316,-0.6109337872720523,-0.4990571883057059,-0.474443587552015,0.2487228548426102,-0.3127946532446785,-0.3269303997486527,0.072766749089081,0.1486998113945062,-0.4125409317251938,-0.3862200817508614,-0.0190479505988879,0.6477345515879047,0.4363342042849768,0.3482299948620406,0.5652018813622115,-0.7271083547326667,-0.6913982621103868,-0.4809691717282534,-0.8318452671388004,0.2836239452396816,-0.2559665881067803,-0.292825556426108,0.0838356942370786,related,9
CHEBI:16015,related,,L-Glutaminic acid,Mistral-Small-3.1-24B-Instruct-2503,-1,1.0028785626081027,1.3144503183554177,1.0973388782233136,1.2318773984591904,1.2331683167342458,3.2162112272485377,3.4312586334450668,1.789584710851526,1.1507362370403706,1.1779169317264069,0.1331475297495956,1.3580016404979864,1.3712353900908631,2.3020645067571164,2.2039612352800484,1.7168394614313516,0.9128937592276012,0.8572399929518862,0.528242338766697,0.9730736877695924,0.3451689631908696,-0.2465481145404518,-0.2682466722462949,0.1768562149733696,0.5859348862307152,-0.0519577032202263,-0.1024579931073911,0.4794379996161606,1.3657697874590038,2.9454306966742507,2.886892954895353,1.8072917985329569,0.326402156892262,-0.0657545376063663,-0.1857624961706853,0.1754125057811707,0.6706448122494234,0.1159269396614231,-0.0562261375129781,0.5604524774205764,related,8
CHEBI:16015,related,,L-Glu,Mistral-Small-3.1-24B-Instruct-2503,-1,0.3332192005986538,-0.2010304579117689,-0.2274883752469836,0.1871197649815965,0.2942985880306532,-0.1842363907837711,-0.2269117094099821,0.1443032263419633,0.0843584744408023,-0.2175803018033883,-0.0492093123586544,-0.0503346037742478,0.1728599759271944,-0.264446934488214,-0.2620754974928139,0.0253283102678269,0.419268025806481,-0.016196980877775,-0.1404832651269564,0.2824845021121472,0.42905321711822,-0.1745142471652792,-0.2141540564258003,0.2712140872045693,-0.6564890545673945,-0.758595413456178,-0.6835058795986625,-0.7604224992281803,0.2599612239105591,0.0201730937448092,-0.0418768678790229,0.1156383952189909,0.1682205232439201,-0.2200781159011276,-0.2749414912433671,0.0010534979353611,0.2830465278135708,-0.2840496963637788,-0.3116676104604292,0.0832045194969745,related,9
CHEBI:16015,related,,Glutamate,Mistral-Small-3.1-24B-Instruct-2503,-1,-0.0087781541668189,-0.4834550596009433,-0.4393414715160794,-0.1933807373803499,-0.0536744344492622,-0.4214431598263949,-0.4222332164041612,-0.2315792330600238,-3.587809186337719,-1.112403649492027,-0.1260276090352234,-2.9319612509914137,0.0494492514383982,-0.4415765854457914,-0.4291295233882039,-0.0975220632262815,-1.291383549725449,-1.031371004076315,-0.7613386821568344,-1.275114597518976,0.4179825385982642,-0.1774290549303002,-0.2260873991087055,0.2585383816181448,0.1348964781666986,-0.4721217444673409,-0.4444072542874013,-0.0333182804387926,-2.0312059296959024,-1.061755634156363,-0.931529312819259,-1.7918324645573338,-0.1454405075410169,-0.4974631418709688,-0.4991452543092143,-0.3156624268682503,0.5538093755916866,-0.0587921163583369,-0.1777185410082137,0.4030912492647343,related,9
CHEBI:16015,related,,Glu,Mistral-Small-3.1-24B-Instruct-2503,-1,-0.7031021841365285,-0.8633310505092772,-0.7255991784818869,-0.8396233819820376,-1.1861984987088077,-0.9921914844814675,-0.8251328118579117,-1.217958651804376,-3.5879290679753586,-1.11241284661525,-0.1260287122011492,-2.93204199784686,-0.6638325784011518,-0.7161551491218876,-0.6476849477766411,-0.7382463498543955,-1.2467960757350824,-1.0208918367181574,-0.7581174752928913,-1.2421508353196042,0.0801549458800788,-0.4086845681177686,-0.3948616128878173,-0.0996302880155193,-1.104595059589691,-0.9103449267217484,-0.809483116665142,-1.1182906846055802,-1.883088035371732,-0.9921140524489608,-0.8840342364534067,-1.6878696796815027,-0.4455832069933791,-0.6271553973143719,-0.594467574883682,-0.5914588823930037,-0.1636335823929773,-0.5512328131321819,-0.4718138607762601,-0.3603213124777189,related,9
CHEBI:16015,related,,GLUTAMIC ACID,Mistral-Small-3.1-24B-Instruct-2503,-1,-0.6958681140574183,-0.8068536096944565,-0.6936361224244016,-0.8334933579999733,0.8401705991131212,0.7497240446292963,0.5540795506296937,0.8900497560398694,0.8595196859156551,0.4810484408516112,0.0259077826369525,0.8825287877508404,1.16703969262088,1.2072887258962042,1.0894623291312855,1.2986203357643773,0.3291919933702865,-0.1244063864053944,-0.2055672315693074,0.1768027409302068,1.2135573978341905,2.019888925768491,1.8485024889168984,1.5606156573583287,-0.376909377690961,-0.6972865319546155,-0.6311198150421985,-0.5205129728009987,-0.0643316097775548,-0.4884439576567359,-0.4566161614145871,-0.2138356486541183,0.7318949066787794,0.3165570431177441,0.3763979644448942,0.6904854946681502,1.0640265591623537,1.2885253275924544,0.8783734790883438,1.2837235134994325,related,9
CHEBI:16015,related,,E,Mistral-Small-3.1-24B-Instruct-2503,-1,-2.652007940408467,-1.3744021317601651,-1.0475308445525666,-2.239179167086514,-2.9689201629444155,-1.3844781540046611,-1.078580635002776,-2.427353449082881,-1.371864367590804,-0.7511829772601406,-0.0861943781792888,-1.3423143289892698,-1.865094077027485,-1.0530945884195948,-0.8981490920677995,-1.6573325478351126,-1.2924553432264292,-1.0246366235412403,-0.7543955974903053,-1.2759037561468072,-1.586827969690973,-0.8904097961416721,-0.7642066389688842,-1.4557855148692265,-3.1438463180490794,-1.2001450566337677,-0.9882470736838124,-2.515238768931618,-1.4454355708178577,-0.8160865474499891,-0.723415504701745,-1.370397176958444,-2.339914625815087,-1.1329066784346924,-1.0118146336099598,-1.999146958128359,-1.3509111409724324,-0.8003048334606532,-0.6022739438706403,-1.2923316306325114,related,9
CHEBI:16015,related,,(S)-glutamic acid,Mistral-Small-3.1-24B-Instruct-2503,-1,0.833630523232017,0.6805361422395548,0.4452003882429295,0.8994109942734722,0.7088907644735566,0.4704432994855564,0.3101260012938445,0.683930856541223,0.9306043015235632,0.6775170057776124,0.0606744517748484,0.9882526854232032,0.8691078870820358,0.5617171669245932,0.4208802691852247,0.8366709209885629,0.577020470857985,0.2085782677541047,0.0398936730500792,0.4796229179647199,1.0948280786814042,1.120361280927733,0.915920155830472,1.2631138448289072,1.0509380890915774,0.8219316952758853,0.6289843643349433,1.1928917190526578,0.9168463143753208,0.9071855157866392,0.762149555666653,0.9345832526100356,0.5057377272123236,0.136165718403248,0.0524946937223343,0.3888435546617233,0.8591780520245788,0.4372355287762527,0.1773251154490855,0.8541967945867727,exact,9
CHEBI:16015,related,,(S)-2-aminopentanedioic acid,Mistral-Small-3.1-24B-Instruct-2503,-1,-0.483064089835961,-0.7344981553420933,-0.6370063797721983,-0.6482926824817177,0.0621107858034009,-0.317741386003553,-0.3170019809274596,-0.1120898799916518,0.538278076287793,0.2499006667705098,-0.0067278753256221,0.4572608333138169,-0.0039553927856671,-0.3777950217286188,-0.3765621281681406,-0.1493493906833952,-0.4219861505111333,-0.6323242369205335,-0.5335454323832953,-0.5753805331808741,-0.1801421485285128,-0.5339736605292406,-0.4776835787877811,-0.346833358538562,-0.8261753780766743,-0.7606686294657597,-0.6803113051158041,-0.8993511858066614,0.0417412830382111,-0.0326386676517768,-0.0530991447546329,-0.1096798158846431,-1.0793684749925396,-0.7138008744248188,-0.7285582132340755,-1.1131327826575028,-0.5960722774581206,-0.6567615416077933,-0.5191223142392104,-0.7300038488211082,exact,9
CHEBI:16015,exact,,(2S)-2-aminopentanedioic acid,Mistral-Small-3.1-24B-Instruct-2503,-1,-0.7652581763655073,-0.8494654407147938,-0.7146570182750365,-0.8918776906806609,0.0468996142196478,-0.348554792796993,-0.3682495555788775,-0.1280736066291769,0.4097707335296613,0.1215513513506276,-0.0207752848352731,0.3048139234265338,-0.1375614041502359,-0.4418543191748156,-0.4447066042529823,-0.2758302819091475,-0.4712843298082268,-0.6594917959193742,-0.5393702487518689,-0.6188829058478514,-0.3839327655804548,-0.6106427523380773,-0.5359096813188899,-0.5277396450402666,-0.969544281295233,-0.7898625403592615,-0.7005201371925078,-1.013382874709535,-0.0855417896122587,-0.1086235939364856,-0.1215483852540142,-0.2342899597222803,-1.1578434249503429,-0.733657884964949,-0.7500825825600858,-1.173305883115637,-0.8499037395476327,-0.7339745344274328,-0.5629140875075861,-0.9287101562886416,related,9
CHEBI:15756,related,,palmitic acid,Mistral-Small-3.1-24B-Instruct-2503,-1,-0.8038702426781972,-0.8778488944362087,-0.7443564245719021,-0.9239741776820573,-0.5417303261344675,-0.6787110048937076,-0.6211128354459545,-0.6901704157881279,-0.7949169567150972,-0.6021337824503596,-0.0931339721960155,-0.8703946097320433,-0.4269049890019686,-0.6122085230007946,-0.5416043861127896,-0.5362986076073398,-0.0982872262232135,-0.4683815006219549,-0.4176525151276177,-0.2743273337633745,0.2234572922361772,-0.319103133440188,-0.3317998674775151,0.0461990237876672,0.4937880348645163,0.0089777975446375,-0.0213053154296219,0.3654156807321832,1.086354736400615,0.6800258438772726,0.5253733466813101,1.208243484452305,-0.0015664298572519,-0.3719114005872178,-0.4469372460407084,-0.1745784708927268,-0.1567458542395126,-0.550341054386139,-0.4774730146634123,-0.3540380191329417,related,9
CHEBI:15756,related,,n-hexadecoic acid,Mistral-Small-3.1-24B-Instruct-2503,-1,0.7773855414607599,0.4886050625790969,0.3127219910396537,0.8039528253421792,0.7250042936936341,0.5088039715594905,0.3275425208279241,0.7080050787409917,-1.639203113496539,-0.7723305671426988,-0.0978998949781515,-1.5494785978291608,1.032767346728036,0.7779630929270202,0.622869174618073,1.0760083043262805,0.6990752775300735,0.4028160199264011,0.2118108794525878,0.6451033919672009,1.06718637044142,1.0197847508142746,0.8544237539770707,1.2050721629334702,0.8350142280771331,0.6279684526008499,0.5280545259653698,0.8241078119192388,-0.012452028951826,-0.4286529811389143,-0.4299320059393388,-0.163291199123382,0.300145425453122,-0.0801815803111236,-0.1873311169141448,0.1456567559714523,0.9957994527455796,0.8928525246091608,0.4935692143461464,1.119592568874633,exact,9
CHEBI:15756,related,,n-hexadecanoic acid,Mistral-Small-3.1-24B-Instruct-2503,-1,1.0065098502605,1.2854595427720668,1.0550614488455978,1.240040367102626,0.9509260685822452,1.1344939989848948,0.9085288103882996,1.086128306763199,-0.5954408390326192,-0.5098796897161721,-0.0782211038511647,-0.6972167599468168,1.2335707584588038,1.445893929693058,1.345429291343047,1.4214329122042295,1.075408770561686,1.4052133855749664,1.1560091282041325,1.2726261811953503,1.1748773369991623,1.6621651834289788,1.476902625752442,1.4524991738265527,1.165078371001912,1.9286503373308617,1.726676524884874,1.4390339084832002,-0.054042495187141,-0.4476404982206936,-0.4266852095752815,-0.2038699026766868,0.9263651460967754,0.9077966875215668,0.7098117193291885,0.9936023770235272,1.1014353649919593,1.579956918840809,1.1692860464319013,1.3897629374656892,exact,9
CHEBI:15756,related,,hexadecoic acid,Mistral-Small-3.1-24B-Instruct-2503,-1,0.9127665917264554,0.9034319964297658,0.7170977352390625,1.044819055780033,1.040531269047127,1.5071211205128328,1.3333608263319745,1.2664877582922596,-1.0113254416888442,-0.6479383489841223,-0.0890727795977346,-1.0519654661432043,1.3830008838390433,2.3103054240825545,2.259947537111218,1.7457710151870325,0.9140865616722404,0.8623955345110325,0.5583600880803529,0.975080072789416,1.2164104459364475,2.087948013848218,1.9747758056008693,1.5692055844305943,1.0575739149402974,1.2394346741883877,1.075521552227798,1.2058938641120338,1.129824437178973,0.8490571680950656,0.7070155493097416,1.2860715545920658,0.6711624985159614,0.3311223888506774,0.1309589432655983,0.6051124000560377,1.089229617183894,1.4347608637865223,0.9797688839912874,1.3534883790504295,related,9
CHEBI:15756,related,,cetylic acid,Mistral-Small-3.1-24B-Instruct-2503,-1,-0.5000733665765116,-0.7411591261731325,-0.6396200974299381,-0.6634625602731771,-0.6763858480761852,-0.7591319971514499,-0.6502837679803585,-0.8065572885702142,-1.2827120690221665,-0.7286599427258224,-0.1018104917516852,-1.2717813146580468,-0.0782633648051627,-0.4788015317223473,-0.4802816665745998,-0.2202320356749191,-0.6957861725316523,-0.7761012440716167,-0.6160566285298523,-0.8103463263187776,-0.3585325750043873,-0.5788839995012743,-0.536724668559431,-0.5057090582030374,0.0708635109123858,-0.2526030196527709,-0.2284681700216599,-0.0986029425790598,0.8917843146618857,0.2928046329611766,0.2369549763134995,0.8973276405368719,-1.0777199677448972,-0.8281266795429303,-0.8033866811600504,-1.111859745513531,-0.6670559199698757,-0.6865179921475048,-0.5401654406115033,-0.7867359558780754,exact,9
CHEBI:15756,related,,Pentadecanecarboxylic acid,Mistral-Small-3.1-24B-Instruct-2503,-1,-0.1897766037694343,-0.5832487441499885,-0.5170447247426304,-0.3750334588929546,0.6525136026495374,0.3627332431338401,0.2229251904884861,0.6019999003228649,-0.4381030207672748,-0.5241151950726797,-0.087533870303971,-0.5560754076351059,0.003572508237213,-0.4919222855169139,-0.4800151602731319,-0.1420898390232448,-0.3352745988834588,-0.5825431451703426,-0.5230292853386639,-0.4974610947360627,0.3425285055830354,-0.2324915384933921,-0.274225975168836,0.1739466828324921,0.0241301722255289,-0.2971085010275439,-0.2900289244160473,-0.1453470493417365,1.1741797486184478,1.0141545983647466,0.8426036298556631,1.3697189924286552,-0.0033836481675325,-0.3205828356997021,-0.371117678214286,-0.1764019316531193,0.6960098980384337,0.1659592639053908,-0.0055573427191124,0.5967098185420651,related,9
CHEBI:15756,related,,Palmitinsaeure,Mistral-Small-3.1-24B-Instruct-2503,-1,-1.7930307743930742,-1.1357359212857303,-0.9189370271443736,-1.671446550749395,-1.3512499609267794,-0.9932514324185794,-0.8141922551683524,-1.3429291031854445,-1.1908704193016009,-0.7212236266178045,-0.1012726718750613,-1.1982875118816971,-1.6940869174602895,-1.0872338929975929,-0.9342557148452292,-1.5345351239379028,-1.8724296014442467,-1.164657353519844,-0.8625597520219093,-1.6830380489117966,-0.1578342178990533,-0.5129414133583798,-0.4787360725468866,-0.3264142429648937,-0.632829226466041,-0.6179395593712307,-0.5556565789482887,-0.7406787378591186,-1.293073392287761,-0.8848648563546262,-0.8006959275518257,-1.255737457340659,-0.9971818816566967,-0.8488455437514528,-0.6591365313803483,-1.0491988420142628,-0.9429990121990428,-0.7576628969180838,-0.582565437237641,-0.9988968843846332,related,9
CHEBI:15756,related,,Palmitinic acid,Mistral-Small-3.1-24B-Instruct-2503,-1,-1.22539509135421,-0.9839791179843392,-0.814280383442331,-1.2583447603543991,-0.0093253427018588,-0.3416887187689978,-0.3654360311853148,-0.1863906994070576,-0.5064451755410903,-0.5999924209436399,-0.0821709542704468,-0.6179131819880456,-0.3789289029661561,-0.6313768704142324,-0.5701904931172334,-0.4942464744808077,0.331396084844076,-0.092296838029848,-0.150618325325945,0.1793360495662219,0.3469400435710631,-0.2304026901239179,-0.2538006428634213,0.1788097592921876,-0.0255999910381693,-0.3826926525477109,-0.3575747619508171,-0.1943039399638431,1.0667217450887718,0.6867686843647439,0.5696480518153428,1.1742773339526045,0.0238067131351898,-0.3481093860520503,-0.4485219320803578,-0.1490003842664091,0.089420249615079,-0.4285779341953866,-0.3950887032744636,-0.1190332784129547,exact,9
CHEBI:15756,related,,Palmitic acid,Mistral-Small-3.1-24B-Instruct-2503,-1,-1.245336234843786,-1.0123555826670625,-0.8383796499166137,-1.2735124673353209,-0.5417303261344675,-0.6787110048937076,-0.6211128354459545,-0.6901704157881279,-0.7949169567150972,-0.6021337824503596,-0.0931339721960155,-0.8703946097320433,-0.4269049890019686,-0.6122085230007946,-0.5416043861127896,-0.5362986076073398,-0.0982872262232135,-0.4683815006219549,-0.4176525151276177,-0.2743273337633745,0.2234572922361772,-0.319103133440188,-0.3317998674775151,0.0461990237876672,0.2319063399720793,-0.2047418380060454,-0.1961571669139673,0.0685606604892048,1.086354736400615,0.6800258438772726,0.5253733466813101,1.208243484452305,-0.0015664298572519,-0.3719114005872178,-0.4469372460407084,-0.1745784708927268,-0.1567458542395126,-0.550341054386139,-0.4774730146634123,-0.3540380191329417,exact,9
CHEBI:15756,related,,Palmitate,Mistral-Small-3.1-24B-Instruct-2503,-1,-1.3152804109291982,-1.027591120232863,-0.8429853098270403,-1.3262995477773531,-1.8692622624044524,-1.1362803667216566,-0.9248992825627624,-1.714695175248458,-1.2465659272231673,-0.8151147424865821,-0.1034109928972058,-1.242960016909548,-1.3217308282817712,-0.8863788803095846,-0.7805602904175838,-1.2591962527001488,-1.4795502962412552,-1.081800835050434,-0.7640565252277352,-1.4114390013081983,-0.6005274913376485,-0.6680339600456559,-0.5921220285667823,-0.710362952507535,-0.8924027548374578,-0.776904985873123,-0.6731430212497954,-0.9523853434280536,-0.1034020933590519,-0.603293774038956,-0.5705794620076928,-0.2514220202196381,-0.8237175992919201,-0.7572264965398604,-0.7391118143918939,-0.9109510827146308,-0.9389865029001708,-0.818920833932711,-0.6142419809897677,-0.9958989351383116,related,9
CHEBI:15756,related,,PALMITIC ACID,Mistral-Small-3.1-24B-Instruct-2503,-1,-2.108213750032058,-1.1867176918060438,-0.9338417915384728,-1.8866101800747863,-0.5417303261344675,-0.6787110048937076,-0.6211128354459545,-0.6901704157881279,-0.7949169567150972,-0.6021337824503596,-0.0931339721960155,-0.8703946097320433,-0.4269049890019686,-0.6122085230007946,-0.5416043861127896,-0.5362986076073398,-0.0982872262232135,-0.4683815006219549,-0.4176525151276177,-0.2743273337633745,0.2234572922361772,-0.319103133440188,-0.3317998674775151,0.0461990237876672,-0.5415190395939481,-0.5933296564005901,-0.5503431520743327,-0.6635583722235421,1.086354736400615,0.6800258438772726,0.5253733466813101,1.208243484452305,-0.0015664298572519,-0.3719114005872178,-0.4469372460407084,-0.1745784708927268,-0.1567458542395126,-0.550341054386139,-0.4774730146634123,-0.3540380191329417,exact,10
CHEBI:15756,related,,Hexaectylic acid,Mistral-Small-3.1-24B-Instruct-2503,-1,-0.079174242366736,-0.5116931333847354,-0.4778141348123602,-0.2653879167702019,0.778463936034288,0.6265140236616469,0.4205973456669424,0.7901952042055213,0.190465846614098,-0.3203021276872833,-0.0619424701220224,0.0612814112691343,0.7864226115739916,0.380622174979025,0.2840575315653804,0.7254952095379146,0.1860405738956415,-0.2219833747179403,-0.2738384417365088,0.0173553945144472,-0.1818729165788157,-0.5138574109128778,-0.4691295449093886,-0.348412140136196,0.5217897928867927,0.1289318682752971,0.0785565787920472,0.3994484462139736,1.0119174985918935,0.5571391208589733,0.4236251652817446,1.082898632328014,-1.370601657607362,-0.8942624075703227,-0.8634910359625909,-1.3324720729685486,0.04155342861569,-0.4028637041178489,-0.3520767167591027,-0.1664598553727903,related,9
CHEBI:15756,related,,Hexadecylic acid,Mistral-Small-3.1-24B-Instruct-2503,-1,0.3919045077882364,-0.126890699706526,-0.1473317386965649,0.2587857485630843,0.9836415805105652,1.232860802191888,1.015390429660403,1.1492764552883807,-0.7224437923155237,-0.5803661403761093,-0.0813434276264948,-0.8081677872816243,1.114564312714366,1.0098088522881703,0.8818539985700988,1.208117602745614,0.6210266697439896,0.2734254003810887,0.0765068263558581,0.5378211959351397,1.1022554353112477,1.1926896459347436,1.0000217514082452,1.279251535411075,0.7497498799567957,0.4393455103641856,0.3541707192844027,0.6989394789106408,1.0981135150406856,0.7523457779539848,0.6476454135048174,1.2289271225498752,0.4149625969843838,0.0167563415364485,-0.1085056456245366,0.2784553135526018,0.939329679710338,0.702378034112479,0.3940704273406721,1.0021505957038543,exact,9
CHEBI:15756,related,,Hexadecanoate,Mistral-Small-3.1-24B-Instruct-2503,-1,0.5842953141728122,0.1344904607747847,0.0483845465798105,0.5117906260335824,1.0335640119790528,1.4850962782160797,1.2651426761928384,1.2515611286538542,0.6263735691519092,0.1578932289363157,-0.0214873429171703,0.5668538580583379,0.8938535938229347,0.47243315594163,0.3478672375468707,0.8710859882481761,0.771112333865096,0.5230871259635804,0.2477158109144381,0.7493791901971328,0.3574182069026269,-0.2168391430705965,-0.2513158403499644,0.1904002542659983,0.5241330242940182,0.0502680895485627,-0.0228447466901857,0.4023198526480601,1.3515535858586158,2.0088259417897545,1.833924497466888,1.7685018419205707,0.6973627546417608,0.3563647494610912,0.2006220637999018,0.6414957001745653,0.8768008937909202,0.5105814605350392,0.2298960432352824,0.885198865104635,related,9
CHEBI:15756,related,,FA 16:0,Mistral-Small-3.1-24B-Instruct-2503,-1,-1.5741606990961496,-1.1120642841480262,-0.8992391293599219,-1.5164523523420392,-2.2977974950953794,-1.2412163350687762,-1.0025575040803916,-2.002987451900603,-0.9810229043390262,-0.7580703112800256,-0.1027843096137517,-1.0269005040644654,-1.896636846459545,-1.105508920004161,-0.9315992215686222,-1.6797590509256175,-0.5390126033993902,-0.7036669768900761,-0.5556116718579319,-0.6777570588489036,-0.1454081323627759,-0.5043945789417823,-0.4516010389619424,-0.3149830812499163,-1.131448238723129,-0.77600755855335,-0.682533320903099,-1.13888101002794,-4.010352946361476,-1.222977438531097,-1.024998608606251,-3.0685902007866126,-0.2078014063847235,-0.4252226256088189,-0.4902484192307731,-0.3748883762224517,-0.9835498150863682,-0.7450178178921095,-0.5793424337440959,-1.0290616086667546,related,9
CHEBI:15756,related,,CH3-[CH2]14-COOH,Mistral-Small-3.1-24B-Instruct-2503,-1,-1.465108743870906,-1.0903099143281385,-0.8780684268174451,-1.4373106934422988,-1.8612940251356709,-1.1690336009018436,-0.9506155237389928,-1.709183755431272,-0.9433650608621827,-0.6803129870541774,-0.1012333184625894,-0.9955941377314304,-1.8627924175014208,-1.2298262172055796,-1.0429385284309731,-1.6556934571922997,-1.2818648997822697,-1.0000916745773714,-0.7549894428271539,-1.2680994439327749,-2.816466601633913,-1.0304832718152137,-0.8651376868814783,-2.2700314978222056,-2.205065332285734,-1.0150857568975795,-0.8643087084659162,-1.9056501705202564,-1.2131553388312677,-0.833852111224374,-0.7440264469403486,-1.1946248834782642,-2.450920786011925,-1.0795945692755995,-1.020447440926324,-2.0705933587579133,-1.9441376266755088,-0.974680940282964,-0.6932583946689981,-1.6867777217140485,related,9
CHEBI:15756,related,,C16:0,Mistral-Small-3.1-24B-Instruct-2503,-1,-1.664374176391209,-1.1060265909842486,-0.8817773496484279,-1.580936427711132,-2.4827606200956165,-1.27473849739989,-1.0236598045516798,-2.1229529416103543,-1.92097114428196,-0.8588430762295659,-0.1159678405002919,-1.7616504623873208,-1.4555813397774895,-1.0164525354838976,-0.879239914312137,-1.3595330889859378,-0.2207936555600295,-0.5279682208407039,-0.457143396251059,-0.391646493991389,0.1747333763784068,-0.3467381906622725,-0.3397106908626546,-0.004279993484642,-0.4292612527953517,-0.56219770286213,-0.5214143217126959,-0.5666009513929675,-1.705015777803343,-0.9774605286689808,-0.8623169135056373,-1.5606620853733977,-0.1911819369600964,-0.4146321134151402,-0.4789051559644203,-0.3592110555603942,-0.1126608851757502,-0.4899393283974222,-0.4287623491061029,-0.31347513652975,related,9
CHEBI:15756,related,,C16 fatty acid,Mistral-Small-3.1-24B-Instruct-2503,-1,-1.1001653776791045,-0.986713726750048,-0.8123167049271033,-1.1618380843458638,-1.6745168661952845,-1.106327898472138,-0.9320839837551298,-1.5782469353435309,-0.8772662128806672,-0.6591772534306408,-0.0966849997345815,-0.9402083479783562,-0.6581423190674976,-0.7439294620291728,-0.6855700517105032,-0.7334998803716442,-0.0803779025616763,-0.4490700854944677,-0.4322065205625396,-0.2567929552003799,0.3606291220089129,-0.2202724598339944,-0.2327317710362242,0.1939633651056412,-0.206879744481858,-0.411210613526608,-0.3869167829958005,-0.3665865078938591,0.0341153541500187,-0.4706471536869758,-0.4498790293437126,-0.1172757690836818,-0.2416315488305952,-0.4632338235861108,-0.5167529036039906,-0.4065685983991801,0.3361379702958658,-0.2373343935959893,-0.2823255000236633,0.1420327000923708,related,8
CHEBI:15756,related,,C16,Mistral-Small-3.1-24B-Instruct-2503,-1,-1.871653053575791,-1.194156719002066,-0.9505945789844588,-1.7259607719267556,-3.18723635204115,-1.4101809250390829,-1.1026122550266215,-2.559494593808433,-2.08562251214886,-0.9010317880900174,-0.1150316728789109,-1.8831017961981704,-1.5889797103271628,-1.0716463411555164,-0.905008762738946,-1.4579792596331689,-1.7584413373914294,-1.1553833518660694,-0.8208937659540517,-1.605913614041227,-0.5906213067245324,-0.6621644246707687,-0.5586180687300659,-0.7022012023098506,-2.0507539420493552,-0.9527150066146888,-0.8173861600808111,-1.8009983714066546,-1.178921990301135,-0.9093061427152024,-0.8113967433950952,-1.1682314292803009,-0.5053669728675495,-0.66164497400348,-0.6493580602136579,-0.6438399116676883,-0.9481962850460384,-0.8007947766584578,-0.6079539217815788,-1.0027764809850748,related,9
CHEBI:15756,related,,16:00,Mistral-Small-3.1-24B-Instruct-2503,-1,-2.1642591952235257,-1.2352151321854974,-0.9678596669827068,-1.9239738328861151,-4.65254867008811,-1.5450252143411554,-1.1906336842521068,-3.390282787896643,-0.6247974082754767,-0.6667723652339583,-0.0993960635286547,-0.7230878506554963,-2.170648389167594,-1.1813014519606166,-1.0068995183186131,-1.8719009430025373,-1.5412778227513269,-1.0557469057921045,-0.7888719752377431,-1.455228715568806,-2.199847492254828,-0.9650973647861524,-0.8132983147891151,-1.872705316012648,-2.6147222818527736,-1.0977052559879883,-0.9236108006364137,-2.176775387416968,-3.0733680694430574,-1.1950798492332595,-1.033255131772541,-2.485461678767705,-2.094964749676462,-1.0023396313741375,-0.9739436413015042,-1.838338055647669,-1.294581207188733,-0.78920083902727,-0.5914670773889984,-1.2530399473419438,related,9
CHEBI:15756,related,,1-hexyldecanoic acid,Mistral-Small-3.1-24B-Instruct-2503,-1,0.4057942004398905,-0.1018796229653659,-0.2043710158455924,0.2760841169290095,0.5905165077669302,0.2734066265651221,0.1585458928458765,0.5156304629058471,-0.5313670863232052,-0.5053577960162673,-0.0825565021211486,-0.6402568321432036,0.6954308843741974,0.2210350858637454,0.120591475986794,0.6091259972916807,0.3226445451687351,-0.0900688475125222,-0.1344273380569166,0.1692921981134988,0.5351959620251641,-0.0628026418580627,-0.1233499007375967,0.3965797243325976,0.6268674326380183,0.1837684161425067,0.1077921473213703,0.5320869801014873,-0.1630317449647632,-0.4940638526978664,-0.4577035940808338,-0.3080316063900539,0.3046891861062074,-0.0672388055035811,-0.181630278686425,0.1507813828761227,0.4360734979968959,-0.1843008711584229,-0.2331663183088711,0.2575312783679813,related,9
CHEBI:15756,related,,1-Pentadecanecarboxylic acid,Mistral-Small-3.1-24B-Instruct-2503,-1,-0.2901177791752478,-0.633243490018682,-0.5640070515173764,-0.471178868370702,0.4094245125576371,0.004749121016133,-0.0699284123268904,0.281634956520678,-0.4263265260264327,-0.5012331224546972,-0.0763946571672357,-0.5453335143868244,0.1496791519352441,-0.3327737605895888,-0.344890035027428,0.0019060947228473,-0.4140298124655517,-0.6221299865628523,-0.5398543379658275,-0.5683066074510601,0.1341122388286466,-0.3661566197546236,-0.3601868596862075,-0.0456420503615814,0.0708129522392527,-0.2567374269986338,-0.2588387985061252,-0.0986539138549604,-0.3950588056917183,-0.5825064868266531,-0.5310983419080304,-0.5204549798403946,-0.1084498921802158,-0.3532790172790077,-0.3886395231053177,-0.2800012774193521,0.6140950573544434,0.0523794782609795,-0.0796918643602761,0.4824475942564958,related,9
CHEBI:15681,related,,monosialoganglioside GM3,Mistral-Small-3.1-24B-Instruct-2503,-1,-1.7719424693820631,-1.111086780896248,-0.8763811881737695,-1.6567237643282662,-0.5810240407627044,-0.678998785244876,-0.5835325059515444,-0.724519539344642,-1.380996154100958,-0.6638243341902428,-0.1000636814515557,-1.349495806985227,-1.588978891231246,-1.1186418766303377,-0.9527527466047818,-1.457978659654422,-1.8001829403318148,-1.144609401882105,-0.7830505053728541,-1.6343068113964074,-0.6253442940452992,-0.6630849864621532,-0.606826474595442,-0.7307349185851512,-0.7775782999148865,-0.7827600294559899,-0.6732704249429405,-0.8600239811817724,-2.789923538751348,-0.9336958226394928,-0.7824901293985378,-2.302447106141643,-1.8234764804093768,-0.8363406809808578,-0.7982016994108441,-1.654513769772946,-0.6421258322954422,-0.6942080663313924,-0.5464267631080078,-0.7669201746423642,related,9
CHEBI:15681,related,,ganglioside GM3,Mistral-Small-3.1-24B-Instruct-2503,-1,-2.2724128882150154,-1.214018413451322,-0.9433789500430562,-1.995369685559046,-1.0723344770725527,-0.8878344642486268,-0.7568295439286586,-1.1296044762745854,-1.13626827809764,-0.7069319338587291,-0.0774459049186355,-1.154171602415668,-1.5061908191856497,-1.076632499801336,-0.914485291690503,-1.3970577567627684,-2.4469174005915235,-1.2849915393791325,-0.8860154037817892,-2.0537532034994705,-0.7264035020310393,-0.6903566011891215,-0.6219725444656871,-0.8126321842992059,-1.0214566221283536,-0.8492637774900821,-0.7293354257304508,-1.0539828772594333,-2.524093716134682,-0.965176846381662,-0.809478467225009,-2.1272885910344663,-2.009394641681863,-0.9212464169437974,-0.8558270073131777,-1.7810670462172176,-0.7111506932616061,-0.7179851169733954,-0.5602306784487096,-0.8215051050609377,related,9
CHEBI:15681,related,,alpha-Neu5Ac-(2->3)-beta-D-Galp-(1->4)-beta-D-Glcp-(1<->1')-Cer,Mistral-Small-3.1-24B-Instruct-2503,-1,0.538400510322527,-0.0131373875743982,-0.1019517892978984,0.4485784240523117,0.7303982490653284,0.5215704956182107,0.3777642713504051,0.7161332716322286,1.3254651670979998,2.655735863159844,0.2722969064675236,1.7279900852904957,1.21748289555794,1.124561157061862,0.9596851724288364,1.3907999634284731,1.2003829179995489,2.0609602767194164,1.6971211498644798,1.5564429987105353,0.5863743663462734,0.0256209423755841,-0.0343456607102886,0.4597783905759088,0.0748327744845695,-0.4229206541363382,-0.4043553454221147,-0.0945985204380179,0.8442198864448764,1.0758400259379388,1.0509068674486466,0.828463099341222,0.6562444372653973,0.5266853051189059,0.5270039009865517,0.5846831905800118,0.2986156418266317,-0.2515630813690797,-0.2957927646650786,0.1002881857314177,exact,9
CHEBI:15681,related,,alpha-Neu5Ac-(2->3)-beta-D-Gal-(1->4)-beta-D-Glc-(1<->1')-Cer,Mistral-Small-3.1-24B-Instruct-2503,-1,0.5755581148759187,0.0432101761466893,-0.0508439931669582,0.4996006096707749,0.792073073363534,0.6525709831464228,0.4982584380223637,0.8117299891124348,1.3559224152610798,2.8725334068382504,0.3048706885068856,1.804858035573586,1.250277038776813,1.2416814784433547,1.0649704367446575,1.453948173121939,1.1989783499035065,2.05163319894915,1.6854641595079771,1.552851870976253,0.6321372274820797,0.0792701695405611,0.0001015621497297,0.5180175581302955,0.2482416841688917,-0.2979745904984205,-0.3116326199035945,0.0860963601093803,0.8895003971015112,1.141317776048366,1.1357764276711575,0.8939669793834164,0.622085451222858,0.468388611363811,0.3996419144568629,0.5386491823715568,0.4302260500320276,-0.1454860585004661,-0.2402920855737793,0.2505859515746119,exact,9
CHEBI:15681,related,,alpha-N-acetylneuraminosyl-(2->3)-beta-D-galactosyl-(1->4)-beta-D-glucosylceramides,Mistral-Small-3.1-24B-Instruct-2503,-1,1.0154855201039703,1.369380156341291,1.1982623176345548,1.2604659858960534,1.1657601822561927,2.481433915581682,2.4271428359311784,1.5734491827297254,1.3138056675990275,2.6626042258856883,0.3573281981913845,1.6998433018040997,1.4229846414671792,2.43615961748669,2.417762383853146,1.8504422179368456,1.2152648571956162,2.1868945041465824,1.8537462902861408,1.5952313778118028,0.875706986816067,0.4699716497008991,0.3298431234557444,0.8639319248215048,0.8813280113232322,0.4966962640258235,0.363988875002703,0.8960934930941375,1.2685046152414634,2.6603113499888464,2.624117761643052,1.5658650190686276,0.7150159367637385,0.7619318626780895,0.5558265414524831,0.6663877397634259,0.7270934287927343,0.1778660595638374,-0.0259468071204269,0.6423321199971431,exact,9
CHEBI:15681,related,,alpha-N-acetylneuraminosyl-(2->3)-beta-D-galactosyl-(1->4)-beta-D-glucosylceramide,Mistral-Small-3.1-24B-Instruct-2503,-1,1.042047523695744,1.5233765942657949,1.3962957149605426,1.3231619132134516,1.1940508802328984,2.793595751983838,2.803229787560308,1.6575951192053284,1.293871833559921,2.5201089610198726,0.3517650944932356,1.653163098207212,1.414459081617699,2.33859390912458,2.303903863081807,1.827206926030005,1.195084454966478,2.0410285251497067,1.7866562592989057,1.5429561477635956,1.0750427111100989,1.0975398209482772,0.9698225664551956,1.2212625642945805,1.1459476214583209,1.4592905889889485,1.2768694776865916,1.3938428983953168,1.3609468260881978,3.470592175046918,3.4839820710798106,1.7939651273281074,0.9222688986861116,1.281942310331512,1.0562848365398538,0.9866355761285268,0.742293078215004,0.1956931722778586,-0.0142877027058181,0.6651539595001248,exact,9
CHEBI:15681,related,,"alpha-N-Acetylneuraminyl-2,3-beta-D-galactosyl-1,4-beta-D-glucosylceramide",Mistral-Small-3.1-24B-Instruct-2503,-1,0.7374650157642271,0.4220980550403292,0.3087191565689787,0.7394527466808769,0.8706193451718796,0.9127195029691674,0.730518942836949,0.9415830194359932,1.0348763108400263,1.3589708552524795,0.1267135962944144,1.1541079771088951,1.169319236557192,0.9876269591989252,0.8230381466932875,1.3026692979995425,0.8278374370792628,0.6501724638710431,0.3706124576698139,0.835621638777189,1.0794934205130202,1.1114413846773754,0.9672536614763227,1.2305393202449486,1.0535475689952216,0.9973225319038598,0.8843567568344542,1.197988995417372,0.931418324232493,1.2631636886557291,1.080094485988636,0.9565747277881654,0.5205764370732572,0.4709770256527672,0.3847374547404585,0.4073973749876323,0.753475574230417,0.2174485337031013,0.0047727115774825,0.6821724056436685,exact,9
CHEBI:15681,related,,NeuAcalpha2->3Galbeta1->4Glc-Cer,Mistral-Small-3.1-24B-Instruct-2503,-1,-0.2942990091085268,-0.6511200137619654,-0.5765864059913549,-0.4751215653836094,0.1146346786158527,-0.2879877970124371,-0.3252247497342266,-0.0561878241565746,0.6363181647108426,0.5831727259875291,0.0362402651610612,0.5795166772666738,0.0328539586171085,-0.5542248838925823,-0.569714300248404,-0.1137094060933332,0.2363630074658489,-0.1784782452224116,-0.160979045039077,0.0723114992366169,0.1196017015930261,-0.3539081150663611,-0.3490342250722877,-0.0602652776141523,-0.1512635731105024,-0.5177405860453104,-0.4692778456647001,-0.3146975498757987,-1.077122217800018,-0.6060681944349534,-0.5222608471334531,-1.088946330475296,0.0488524422857322,-0.177116788283438,-0.2070912954957942,-0.1235325143578911,0.0002244796349104,-0.4171989934893463,-0.3809860403655343,-0.2066919961501426,exact,9
CHEBI:15681,related,,NeuAcalpha2-3Galbeta1-4Glcbeta1-1'Cer,Mistral-Small-3.1-24B-Instruct-2503,-1,-0.5272666566297778,-0.7652606836927083,-0.6529788664487551,-0.6875762742324389,0.0481141472172479,-0.3448362281972482,-0.3632239751779181,-0.1268006938321696,0.4356459246213536,0.3090628267230569,0.0017435770061819,0.3348656802834633,-0.1863954931588429,-0.7260570534853322,-0.6853731572098071,-0.3210096581354664,-0.0168676550066279,-0.3934420869109186,-0.3642528696236504,-0.1937691125688186,0.1942000483605771,-0.309159476018162,-0.3179842992188308,0.0157714417623067,-0.3132645705723152,-0.5784790655983209,-0.5216095092932723,-0.4636832860429876,-0.9603046976255376,-0.3493234724275252,-0.2950090340676311,-0.9964100430340808,0.174414220899416,-0.0453328795709021,-0.1429188508557056,0.0076714998153593,0.0763001285460055,-0.3763922863476043,-0.3659329346066691,-0.1321243830885519,exact,9
CHEBI:15681,related,,NeuAc-GM3,Mistral-Small-3.1-24B-Instruct-2503,-1,-1.5091771275291852,-1.0618755522602554,-0.8531920279912822,-1.4694539655222938,-0.4911221960490484,-0.7013751784015996,-0.6172003126819234,-0.6454373626593819,-0.1303097063101313,-0.3041767634429686,-0.0463488473429436,-0.2660337741525188,-1.6971343638185534,-1.225968040861706,-1.0313467565944203,-1.5367420881148544,-1.1171738883363165,-0.941562953571478,-0.653496928369527,-1.144781676323515,-0.2653688791022199,-0.5317470715018436,-0.4941068003040996,-0.4236793445378742,-1.4181342632934084,-0.8665501258998196,-0.752115575216519,-1.3536791539418909,-2.707628216941835,-0.9690581599289488,-0.8159280932444014,-2.248607125863526,-1.0445918348901724,-0.7534652617297282,-0.6931816096207424,-1.0861966429147158,-1.0685689839522017,-0.8072336967816703,-0.6173792429470898,-1.0915449530133092,related,9
CHEBI:15681,related,,Neu5Acalpha2->3Galbeta1->4Glcbeta-Cer,Mistral-Small-3.1-24B-Instruct-2503,-1,-0.1983233047288289,-0.5864479149247017,-0.5330651624519529,-0.3833409327704737,-0.1092253410882134,-0.4555445659982699,-0.4501746748657546,-0.2872302181569377,0.650779007517612,0.6421853307469788,0.0471878727848173,0.5980423077839696,-0.0738640006363047,-0.6505942201750224,-0.6339347412087789,-0.21607374962155,0.3288657013972059,-0.0883617581542909,-0.1184008090804727,0.1764279268434459,0.1178344242628223,-0.3541487803286228,-0.3522369145017708,-0.0620409494282084,-0.1898153768369651,-0.526448554162189,-0.4759167928988044,-0.350751586481516,-1.2422661237084398,-0.616997796168635,-0.5413599976568019,-1.2169661447387443,0.0327126555858094,-0.1862228913441006,-0.1705632803313555,-0.1399696814182826,-0.0276231398779774,-0.4432426233083736,-0.4069633658994421,-0.2334446501540106,exact,9
CHEBI:15681,related,,Neu5Ac-alpha2->3Gal-beta1->4Glc-beta1->1'Cer,Mistral-Small-3.1-24B-Instruct-2503,-1,0.0311875627411643,-0.4656039194507237,-0.4553393812741659,-0.1516636143416546,0.2930786191436777,-0.1372589551448849,-0.2225309039002769,0.1428882188087298,0.949461702366914,1.062251714832907,0.0835212937034858,1.0172278770769685,0.5783968215972909,-0.1882923171735485,-0.2290149086183809,0.4671943721160567,0.6168367350697954,0.2727459672923594,0.1604869230297475,0.5322125525519197,0.483920199624319,-0.0821735585801304,-0.1440902657627805,0.3351164692628953,0.0823468534133598,-0.3816683863744085,-0.3548139561058984,-0.0870028561880736,-0.0496012456962095,0.0204351264452321,0.086568283318899,-0.1995593888467229,0.1752141686921791,-0.0332830947315925,-0.0910081718552995,0.0085274113454691,0.2407825650918504,-0.2748028033679129,-0.3114477980935226,0.0374949993771913,exact,9
CHEBI:15681,related,,"N-Acetylneuraminyl-2,3-alpha-D-galactosyl-1,4-beta-D-glucosylceramide",Mistral-Small-3.1-24B-Instruct-2503,-1,0.6987333665535451,0.336966521330627,0.2387883235727793,0.6791244453133619,0.8226856726591809,0.7931048516454646,0.610087034831488,0.8611621238240473,1.019605352953863,1.3028739823416038,0.1225716858330048,1.1289031147616504,1.1359873568689736,0.9135892683157448,0.7735170273341071,1.2444622147107516,0.808480327841805,0.6098500476594649,0.3421919045675862,0.8057467595097522,1.0690525270713551,1.0665320770859397,0.9155173009301182,1.208897002518145,0.9988247367596292,0.8011316098878355,0.7183334836307934,1.095000345391845,0.8561013407339206,1.116049660613334,0.9469807696232648,0.8454495377736215,0.466297941933733,0.3996644247649978,0.3220951493304837,0.3402444372206972,0.7407966434199,0.1833472570570908,-0.0154341429027939,0.6628914545794511,exact,9
CHEBI:15681,related,,Hematoside,Mistral-Small-3.1-24B-Instruct-2503,-1,-3.3970469383667097,-1.3724637483447455,-1.0670456567574684,-2.692016615596151,-2.2509742971265223,-1.2325011293521744,-0.988159630826184,-1.9722161043020847,-1.2147990250861302,-0.6368255425083034,-0.0855052537602954,-1.2175200110405295,-2.635410784194131,-1.3218262408833612,-1.1008362213656886,-2.18829373277939,-3.669503171488667,-1.4914023189022574,-0.9848887320014024,-2.764730621465634,-1.2120693388280133,-0.7937198941422553,-0.6980706472712959,-1.1859164395912016,-1.8444331709459387,-0.9949206945735096,-0.8497996138845414,-1.6585748280017072,-3.319371845443719,-1.1045900692195298,-0.927622574448535,-2.641538073486017,-3.0324170626314,-1.1607052430903588,-1.0193178022411034,-2.4321371042824,-2.08290460528549,-0.956570388091488,-0.6829222064281573,-1.7746785737339243,related,9
CHEBI:15681,related,,GM3 (NeuAc),Mistral-Small-3.1-24B-Instruct-2503,-1,-1.492245023472804,-1.0630788230394017,-0.8467744926485701,-1.4571301370984324,-0.6647507151458517,-0.7763477253005596,-0.6746049648595688,-0.7966450324067026,-0.4884302174097562,-0.4675887355662601,-0.0593180107340697,-0.6016942088685068,-1.4462211211888425,-1.0782564937738033,-0.9212726827749694,-1.352568695953098,-1.3588244270754222,-1.036009995128914,-0.717876999453801,-1.324482347539992,-0.4437216553831966,-0.5981647902737953,-0.5380996006731228,-0.579063389171133,-1.2411324259667562,-0.8374006070646357,-0.7478188594391552,-1.2221133950840208,-2.189027907726736,-0.736129777898744,-0.590864885142703,-1.9009112814060785,-1.391353118311856,-0.9218798786888956,-0.7169782336968792,-1.3477047383510627,-1.190242549106109,-0.8444922437811997,-0.6368497182437791,-1.1792785558410703,exact,9
CHEBI:15681,related,,GM3,Mistral-Small-3.1-24B-Instruct-2503,-1,-4.132332282395127,-1.4800550882910162,-1.1266535196721097,-3.112875819414634,-1.7177220915069686,-1.0804363224616786,-0.8813392776198193,-1.6088411613760465,-2.6899167911060946,-0.8846357992797155,-0.115627594253442,-2.315865860541033,-2.472110907655584,-1.3030798311726632,-1.0843332321208767,-2.078344530952472,-3.004500682484432,-1.386185413726653,-0.9266855654963524,-2.389375643364469,-0.8954718923722125,-0.7237869126362093,-0.6393757630936705,-0.9461254134393297,-2.3905489986273167,-1.0748891019111722,-0.9119528030813456,-2.0295380043693605,-3.453587314130215,-1.1278603531332638,-0.96195067181309,-2.7257170402666384,-2.038377915463808,-0.9561892917834788,-0.9001375473319223,-1.8005317088530923,-1.5215103837462642,-0.8783785606081347,-0.6488212002133269,-1.409217380331347,related,9
CHEBI:15681,related,,(Neu5Ac)GM3,Mistral-Small-3.1-24B-Instruct-2503,-1,-1.2411543096611,-0.9979387969119876,-0.8090946277628981,-1.270336004941928,-0.6214010504879056,-0.7659013519043687,-0.6443134803592614,-0.7594790913824335,-0.2861604534748673,-0.4268180584387256,-0.0494167354239853,-0.4154103508761348,-1.403647791819905,-1.0717219204022332,-0.9047034199249592,-1.3207949885670378,-0.7471825604768337,-0.7963297143929589,-0.6027556705721284,-0.8527672750761326,-0.4828622655719747,-0.615717083109887,-0.5601058587098361,-0.6122721061689067,-0.978966542403563,-0.8040139205579289,-0.7079904958235631,-1.020778132481233,-2.0482905909928104,-0.6906571113577507,-0.5565446743703205,-1.8037225565095805,-0.7796404044229323,-0.671389403420372,-0.5940038886669015,-0.8750566886508537,-1.0480079698674736,-0.8365859403656355,-0.627589762641491,-1.0765259902659123,related,9
CHEBI:15681,related,,(N-Acetylneuraminyl)-D-galactosyl-D-glucosylceramide,Mistral-Small-3.1-24B-Instruct-2503,-1,0.439451919478795,-0.0453685372444794,-0.0799805732530578,0.3185698714879815,0.570873533230937,0.2900972019255487,0.139276840311511,0.4890025467069372,0.8344257459456593,0.8336020130041346,0.0551689895954874,0.8464172946376404,0.6687099278300587,0.028318215492655,-0.0613682699117102,0.5760035287278239,0.4367084398113395,0.0271443746336129,-0.0422739817688584,0.3034829165688479,0.7651933965559846,0.2511225307300051,0.141470013315166,0.6983294014749333,0.9677686640563844,0.7170986674892846,0.6191612298223848,1.03979793995313,0.4687566447065748,0.4764904758390214,0.4198624787759221,0.3483402247138474,0.202327323237423,0.0809722343020351,-0.0099051625767154,0.0376969505763111,0.5508794594652727,-0.0671269561504757,-0.1784538924680423,0.3993249878459629,exact,9
CHEBI:15681,related,,(Gal)1 (Glc)1 (Neu5Ac)1 (Cer)1,Mistral-Small-3.1-24B-Instruct-2503,-1,-0.6636433040461974,-0.8105269633790779,-0.6782771663525111,-0.8060607614939217,-0.4039903252499957,-0.6896762258306252,-0.6094522822676262,-0.5670526953758214,0.5547878752383613,0.0891063923911736,0.0183547619941003,0.4774611251001151,-0.2503124143784628,-0.7674898748174869,-0.6891309422319507,-0.3793563127608496,0.062814573518853,-0.3355712376502209,-0.3383546608982056,-0.1127287498963226,-0.148107917550449,-0.4936424139381232,-0.4618954787733508,-0.3174702214929677,-0.4419486256331165,-0.6207129354055037,-0.571071007143655,-0.5776843448160687,-1.1606550485465883,-0.3932499332945568,-0.363426808259824,-1.1540935064218842,-0.2793449052266809,-0.4635349686756109,-0.2367874368869825,-0.4415284594916559,-0.2494050967523493,-0.6018135027277253,-0.5044694866874032,-0.4374011674911808,related,9
CHEBI:15681,exact,,"(2S,3R,4E)-2-(acylamino)-3-hydroxyoctadec-4-en-1-yl 5-acetamido-3,5-dideoxy-D-glycero-alpha-D-galacto-non-2-ulopyranonosyl-(2->3)-beta-D-galactopyranosyl-(1->4)-beta-D-glucopyranoside",Mistral-Small-3.1-24B-Instruct-2503,-1,0.1140988355152343,-0.355110532935857,-0.3569713938369194,-0.0630264827517994,0.7925599737404492,0.7014683077412079,0.5014084056022496,0.8125053339353997,0.6107027492384336,0.587060364480194,0.0269748334617166,0.5470243396175173,0.7996776312467795,0.2100493464652741,0.0502389100950673,0.7429462992546304,0.441959363616544,0.0454214128165702,-0.102798504875642,0.3098411102238215,-1.309422474598811,-0.8072281539157059,-0.683345528559915,-1.2573402556168216,0.0376134364339052,-0.4650337165129053,-0.4555573235988557,-0.1319358379159036,0.4242522652474308,0.4077243301446983,0.3153221672959121,0.2970995962951989,-0.8522197605943926,-0.4967489974911239,-0.5514050881811294,-0.9339911092601236,-0.4762940243740121,-0.5840416541984691,-0.4863365894107558,-0.631994566848511,related,9
CHEBI:140325,related,,secondary carboxamides,Mistral-Small-3.1-24B-Instruct-2503,-1,1.180935411969996,3.093854293615822,3.2171495694290217,1.7416691022571291,1.11595501068709,1.9354666807341487,1.8003630838813016,1.440994599859963,0.7075070754192334,0.2988018300903226,-0.0021668755529655,0.6720597645826796,1.31487995282671,2.320038765715941,2.281196358312369,1.587505698477743,1.1002026387678248,1.4753827774895678,1.169904521950918,1.3241632352506556,1.017094497502362,0.8771950527324898,0.6848009021811139,1.1068100411178434,1.0185617826495823,1.0502085682189493,0.847052449153685,1.1312442562723004,0.7253139477522107,0.1022960319135489,0.0443231102944406,0.6655047311988896,1.0512577994789791,0.766620145519529,0.6993904295877963,1.222837945483655,1.0811762179262432,1.475318965277258,1.0809578877584385,1.3305008082850278,exact,9
CHEBI:139589,related,,retinoid carboxylic acid anions,Mistral-Small-3.1-24B-Instruct-2503,-1,0.3096530267013432,-0.1623369909091621,-0.2181874586583867,0.1589537813918253,0.1932523935417041,-0.2619927325458418,-0.2925786455469981,0.029675398700676,-0.0683641894149936,-0.3824764107332433,-0.0709175242448942,-0.2050588695737801,0.2099891842854605,-0.2260664791193878,-0.2660633936220981,0.0631983117402423,-0.6166960234805031,-0.8000830859494042,-0.6407706014863198,-0.7440773645921683,0.4683657251665316,-0.0866521597499087,-0.1360510270865358,0.3168124301056684,0.3141387986293702,-0.1528709810969548,-0.1646536201656332,0.1580439632992087,0.5068227519588253,-0.147713401343981,-0.1705913336877935,0.3929566646029387,0.670679956281721,-0.0611194350161339,-0.0311092914657548,0.6044483961377922,0.9470435430730996,0.7195067853695872,0.3940118379096635,1.0174452712855893,exact,9
CHEBI:139589,related,,retinoid carboxylic acid anion,Mistral-Small-3.1-24B-Instruct-2503,-1,0.3937093752486275,-0.0736310645342432,-0.1520097180584136,0.261026015211961,0.3867568538620197,-0.0639289574502974,-0.139275766711324,0.2539711626577174,-0.4992688259517934,-0.5706597389419239,-0.0860008951111089,-0.6114591419231185,0.417262225114669,-0.0683776676346428,-0.1422891802396977,0.283513263321757,-0.4214675407525946,-0.7064478813629452,-0.5631466259177872,-0.5749198955689667,0.7169646378068705,0.2069777759026445,0.0848366992285401,0.6308871114272596,0.388027445294759,-0.0938103916888848,-0.1245557417371216,0.2412012666770245,0.6377469942700676,-0.0171032346457122,-0.0267530439466257,0.5525921497815635,0.7739876019296167,0.0812915228092379,0.241530740255967,0.7519238233193056,0.974100632204574,0.8174287441639673,0.4750736249381697,1.0728811218945569,exact,9
CHEBI:139589,related,,retinoid carboxylate anions,Mistral-Small-3.1-24B-Instruct-2503,-1,0.4196755500986616,-0.0215381516051533,-0.1385211768214368,0.2935073145489902,0.1972174865632808,-0.2395910059103249,-0.2899424180126105,0.0340795638414544,0.2187494463361233,-0.1968704265760844,-0.0536583306570551,0.0916658073240532,0.3448996058974519,-0.0920452789677319,-0.1413511307974509,0.204759695888006,-0.7871954642220901,-0.8736621573348788,-0.6718898562691371,-0.8854556032344232,0.2116054672483414,-0.2798154750610447,-0.290352395466978,0.0338302086544697,0.1724733965104092,-0.2616963043526736,-0.2552326589711515,0.0057010438945332,0.6392753080323811,-0.0591383799553546,-0.1160485506747881,0.5545174519781466,0.5239370756557232,-0.2284733861654053,-0.1938471195773228,0.4116205154287089,0.9443618287178736,0.7064241204913067,0.3994844672296088,1.0121038785523826,exact,9
CHEBI:139589,related,,retinoid carboxylate anion,Mistral-Small-3.1-24B-Instruct-2503,-1,0.570505042186349,0.1851889642801034,0.0490316862464276,0.4925849073418414,0.5433104678749164,0.159284859365743,0.0268405247837301,0.4521931806504266,0.3565756140502926,-0.1141013897185217,-0.0405305383378425,0.2439692863255614,0.6296431480807232,0.186925637463415,0.0723071514061058,0.5283621415390951,-0.1994658292401245,-0.5927544961203648,-0.5136739827401454,-0.3715383208467115,0.4239852727019736,-0.1193672689261492,-0.1793490725375869,0.2654026141099693,0.1959301744567604,-0.2528817932862292,-0.2460408653020591,0.0303380959226339,0.7048764778817593,0.0298009933152041,-0.0253842960115668,0.6386597415359234,0.568656230415597,-0.183391637225441,-0.1029195776262911,0.4685871149499223,0.9829863588155016,0.8511568920592125,0.5272729011027394,1.0917484880070918,exact,9
CHEBI:139589,related,,retinoid anions,Mistral-Small-3.1-24B-Instruct-2503,-1,1.0756252890528513,1.8498356285492603,1.661727141764681,1.408037283260312,0.8915583910461045,0.8841594313172755,0.6633447467856787,0.9779949069455608,0.6453552774397463,0.0345138663794735,-0.0233142650683449,0.5910782899667038,1.193073018142908,1.3777771448877896,1.2703059233304022,1.34549834329007,0.6010472287962852,0.1426664362503362,0.0231659735706547,0.5112061616400411,1.0037906680284665,0.8320074595059914,0.659053455299977,1.0819920506008731,1.1452116665792462,1.5628583534022755,1.4265539693101146,1.3921424379985845,0.7795732406689867,0.0861568083184824,0.024908945830927,0.7383612318647816,1.1870887917146848,1.5132712432373825,1.2615820720834945,1.5269740824022702,1.1489750343844185,2.14614118574588,1.860592362512582,1.5539892047211823,exact,9
CHEBI:139589,related,,retinoates,Mistral-Small-3.1-24B-Instruct-2503,-1,0.1930124241994549,-0.2954323018097476,-0.3169342481876733,0.0242005316652615,-0.3859291945222578,-0.633474036081656,-0.5757029041728368,-0.5505782432902869,-0.542775276963819,-0.6874413061284004,-0.0946157706050391,-0.6504490444200798,-0.7055544575646286,-0.702988908566006,-0.6595929865587018,-0.772903135519152,-0.8179166097935278,-0.8850815421206921,-0.6747689932578315,-0.9103584343736124,-0.3963322297668045,-0.5907515338464712,-0.5375568807646629,-0.5384443626065707,-0.6650534491574016,-0.7355170734042562,-0.6680884963062371,-0.7675458977858183,0.0343035219781257,-0.5048820296194,-0.4837667710218851,-0.1170885488018797,-0.167588838653964,-0.6901360069147652,-0.6548853347817668,-0.336823283479567,-0.4342400785356046,-0.630225154417325,-0.499078231828072,-0.5968556916348672,exact,9
CHEBI:139589,related,,retinoate,Mistral-Small-3.1-24B-Instruct-2503,-1,0.2106738448837062,-0.2653077801785883,-0.3141045825571626,0.0441372599097872,-0.3576858664386812,-0.622292380700036,-0.566443903147787,-0.5246539509835283,0.174926646347726,-0.3482579246024364,-0.0582568180703761,0.0447052340554192,-1.0691675169277697,-0.9195650612508922,-0.8235105502632336,-1.065133443921667,-0.9119794547484886,-0.9224014806662008,-0.7083321681898322,-0.9855936775185212,-0.4505949076295436,-0.6105593580716928,-0.5570854941658696,-0.5849168689840151,-0.4515820915211478,-0.6539141544743834,-0.5945990485490661,-0.5860780236622121,0.1908747948865542,-0.4146873507657013,-0.3846005081250658,0.0425427186714412,-0.2262588255637688,-0.7148440312485091,-0.6260012175441254,-0.392210973028687,-0.6376979333379295,-0.715261794480551,-0.5491290468368875,-0.7633884425532199,exact,9
CHEBI:138675,related,,gaseous molecular entity,Mistral-Small-3.1-24B-Instruct-2503,-1,0.2068193821716844,-0.3362315408379763,-0.3555196549597176,0.0397727179634608,-0.216044450093888,-0.6277120358877301,-0.5379367760971336,-0.3914795977310569,1.034750848837232,1.126355468119196,0.0855161951396685,1.153899497327476,0.3731915884099149,-0.0328900886639414,-0.1107995715629167,0.2352994756565175,0.285207403224221,-0.1960018957343018,-0.2155044802662011,0.1267667942356668,0.3087216730047822,-0.2562169905190678,-0.2550117499665999,0.1370013829793684,1.2056757623340906,1.7113211077616373,1.5678395005619314,1.542263221419905,1.0489308435019558,0.5875376117771165,0.4561500880125979,1.1440801872895243,0.8246631150534784,0.3337668063734444,0.1657678954988064,0.8286703652220868,0.9311637898370552,0.744940208048222,0.4095491133870643,0.986186865253922,exact,9
CHEBI:138675,related,,gaseous molecular entities,Mistral-Small-3.1-24B-Instruct-2503,-1,-0.1554841220220025,-0.5937178834846115,-0.5587026145085895,-0.3414689859184415,-0.400170448130306,-0.7165465920998242,-0.6091737336113231,-0.5635750557379671,0.938301741762504,0.9316565539113452,0.0672769213446555,1.0000301165773413,0.3380548308691403,-0.0452026811977541,-0.110366504064636,0.1974178888238293,-0.1132361525130922,-0.5069061110279495,-0.4493376988130961,-0.288885766534408,0.1090467166516708,-0.3853379641847148,-0.3660320573102471,-0.0708533967306271,1.0254418395080342,0.7743975409048789,0.6447668264522401,1.1441076807451322,0.6764181710578935,-0.0154202991950779,-0.075115137760272,0.6017897366448863,0.5033557557686357,-0.108677629199922,-0.0945712815296076,0.3858792095620842,0.7073172689574382,0.2542368864763297,0.0310713510447038,0.6131487349013612,exact,9
CHEBI:138675,related,,gas molecular entities,Mistral-Small-3.1-24B-Instruct-2503,-1,0.6889998748565205,0.2899729947999762,0.1438765533522617,0.6642841643275657,1.1425372862886547,1.996930826561097,1.864855429674726,1.5095508605074794,-0.7648907436536427,-0.5841406089324659,-0.0795569383310352,-0.8447052814449211,1.4629675799993982,3.635929919179241,4.27476359618694,1.9677608520667949,0.7222592946107483,0.3699261424416108,0.1552629348520146,0.6780724575051315,1.198651723704642,1.8874222533572416,1.773975125825198,1.5172302575849403,1.1369004730861396,1.295676393374849,1.0834666669849375,1.3731225794154314,1.1330819399694494,0.790178930859794,0.6426045482892269,1.292060851022713,1.0521077886886263,0.9886266895652012,1.028845147690289,1.2245295208063756,1.0756115445364498,1.4786087527265197,1.0589860799349202,1.3150142493181327,exact,9
CHEBI:134251,related,,ortho-methoxyphenols,Mistral-Small-3.1-24B-Instruct-2503,-1,-0.8354039747789295,-0.8676375633810344,-0.725549377278327,-0.9499864480755384,-1.173394649562753,-0.96569129358568,-0.8030460158324381,-1.208113821291099,0.0902182427062945,-0.2141740033889607,-0.0577088354408391,-0.0442637442304394,-1.9416553819139568,-1.1588417628552832,-0.9959124473497084,-1.7116515879519263,-1.045419906494496,-0.937017205013943,-0.7050122085111001,-1.0898484834702988,-0.952205031508247,-0.743458647699821,-0.6642879248344995,-0.9900163469783516,-1.244198972584773,-0.8099101336178461,-0.7109780251120438,-1.2244209351002373,-1.451921251542482,-0.8027956737372548,-0.6923040716981074,-1.3752266017619712,-1.3011320180565626,-0.91253286422292,-0.8754288045693204,-1.281111141162456,-1.7146660590022955,-0.8907122242385491,-0.6481856892628897,-1.5380433400570346,exact,9
CHEBI:134251,related,,ortho-methoxyphenol,Mistral-Small-3.1-24B-Instruct-2503,-1,-1.0689465935597118,-0.9437663212148552,-0.7806969109156036,-1.1374295829579577,-1.3293386674099743,-1.011055758416257,-0.8353297036554862,-1.3265392121703066,-0.2580977592424253,-0.3617707123816504,-0.0679385695289607,-0.3889147550334411,-2.0758828823053586,-1.1833806213780806,-1.0126450388577428,-1.8059710953518928,-1.518703172136935,-1.082071893667599,-0.8009489668203986,-1.439265412111067,-1.1477867651574667,-0.7829058333597557,-0.6814354448059994,-1.138194922036063,-1.1752304187314584,-0.7988029073464391,-0.6969368743791872,-1.1722695579629483,-1.5133382531414077,-0.812217406874281,-0.7056831275006987,-1.4207603612670974,-1.5856982541876414,-0.9721918380848636,-0.9230698687753532,-1.4880482185365964,-1.90350219782046,-0.9338355129450872,-0.6726184053805662,-1.6607563417162203,exact,9
CHEBI:134251,related,,o-methoxyphenols,Mistral-Small-3.1-24B-Instruct-2503,-1,-0.72248712810056,-0.8274011414450567,-0.6912659576071203,-0.8559995631649389,-1.5810840230544627,-1.0781660435460871,-0.8749387721174591,-1.5114243332881685,0.2001956943277572,-0.1843010446821765,-0.0526540613959023,0.0717025762096008,-2.261393773270426,-1.2687179127269874,-1.073411195429714,-1.934551984454166,-0.7459551840482921,-0.8234074083992166,-0.6414300268430275,-0.8517599666795687,-0.7926260115013212,-0.7034035059871694,-0.6301806488713636,-0.865421434579226,-1.2783228150997397,-0.8116170355387848,-0.6945032082665322,-1.2500296084216216,-1.3768808991886072,-0.794178740969701,-0.6992379796865767,-1.3190971911923843,-1.273509870813868,-0.9046229299659068,-0.8350999473729885,-1.2605287675464585,-1.7089398738570307,-0.8909682972473529,-0.645734370477601,-1.534274144743996,exact,9
CHEBI:134251,related,,o-methoxyphenol,Mistral-Small-3.1-24B-Instruct-2503,-1,-1.024904629378896,-0.9295740929775634,-0.7657147886099968,-1.1027467846145045,-1.8726589167084824,-1.1481945020298028,-0.926871932627476,-1.7170427586069996,0.113519538476851,-0.1914571928210137,-0.0552395077414084,-0.0200183793296608,-2.367382532383953,-1.2832452297221055,-1.0863195396765652,-2.00716228416104,-1.3031149346383937,-1.0203963670148744,-0.7599165539208368,-1.2837442322882977,-0.9629619584040544,-0.7429611154933388,-0.6481186224994453,-0.99829012236784,-1.19318364046853,-0.7969052978466432,-0.6865084557146287,-1.1858967069330026,-1.4013803504081432,-0.7952927889045571,-0.7109203822591014,-1.3374837559235513,-1.765070998131674,-1.0019034731950147,-0.8922209794514747,-1.6141244831710653,-1.903609528316109,-0.934001958410583,-0.6724078302749061,-1.6608252454157693,exact,9
CHEBI:134251,related,,catechol monomethyl ethers,Mistral-Small-3.1-24B-Instruct-2503,-1,-0.6892124914848743,-0.8060580306339667,-0.6875488837966434,-0.8278444126352731,-1.6628374695943224,-1.1165115257313023,-0.8867754034538213,-1.5699438611932917,-0.0868444345444217,-0.3845264879827194,-0.0630685799065183,-0.2233511350585922,-1.577833862640003,-1.0931892978247328,-0.9489752656239824,-1.4498100549299706,-0.5676960447945694,-0.7516082761318447,-0.6012611370924991,-0.702391381472723,-1.4604161092540364,-0.8468229232368565,-0.7347483215484518,-1.366235946100703,-1.2083312635779493,-0.8215482614253331,-0.7287963553109491,-1.197365820402191,-1.1531576602786353,-0.8764801647696562,-0.8016577196353908,-1.148279725610772,-1.1923412628729266,-0.916191328173562,-0.9084283839484472,-1.1994991335599134,-1.4156138854407372,-0.8182446733971409,-0.6054644924310868,-1.3370267948680004,exact,9
CHEBI:134251,related,,catechol monomethyl ether,Mistral-Small-3.1-24B-Instruct-2503,-1,-0.6898500351910294,-0.8029530967424067,-0.6684984565255317,-0.8283859049903679,-1.657307616988242,-1.1121620650780402,-0.8839379648444519,-1.5660076871711692,-0.4062125808912897,-0.4646628213485512,-0.0764793464727814,-0.5269263809782109,-2.101133152130975,-1.2495923407700458,-1.0587404138099157,-1.823589900987608,-0.8109953303910297,-0.8636570329637787,-0.6738499963121242,-0.9047625244777516,-1.8465740021560604,-0.9052632733962542,-0.7649307692224319,-1.6356697108020744,-1.1177305290546595,-0.7897932519434369,-0.6946148485176931,-1.1283733993537124,-1.1021773750469763,-0.8661020916878064,-0.7840594530808245,-1.108573662233986,-1.3955058410358605,-0.9599111643051692,-0.9502731684605285,-1.350747117278544,-1.574426382149133,-0.8556350434468659,-0.6262775860702736,-1.444864315832005,exact,9
CHEBI:134251,related,,a guaiacol,Mistral-Small-3.1-24B-Instruct-2503,-1,0.9285883824799688,1.0033806744208495,0.8095228870379177,1.0757719598566038,0.6410733851810949,0.2405110840639628,0.0863541737500616,0.585783065794517,0.865907857033408,0.5182137570698363,0.0176161397884071,0.8918177808068605,0.7452372402359853,0.40887977142227,0.2897014503332871,0.6721066176522793,0.8214239630653339,0.5606764074847149,0.3369594731874773,0.8256701471736074,0.6495551964348099,0.1067173312369233,0.0123530056171151,0.5406481092725081,0.816418014182554,0.4730152812358827,0.3403550105561993,0.7960437488569367,0.8407634633789727,0.3503702022218997,0.2489891632710055,0.8235475552255366,0.7256433039551746,0.1156445380131544,0.2670675583262867,0.6815255869871557,0.8031283127559627,0.4106775778477279,0.1523529646574416,0.7602813009898853,exact,9
CHEBI:134251,related,,2-methoxyphenols,Mistral-Small-3.1-24B-Instruct-2503,-1,-0.6943879280700637,-0.8147296953315649,-0.6987700467299265,-0.8322378081362077,-1.8373473793255728,-1.1380609124378231,-0.9158296234316036,-1.692584782386236,0.0675527237106358,-0.2099703633394981,-0.0557020912219996,-0.0676880557102346,-2.12983263486202,-1.2031521770389937,-1.0355378100890258,-1.8435694089973755,-0.7496200263419657,-0.8240672679725435,-0.6527403979653771,-0.8547668837709027,-0.8254672496871949,-0.7075007236803313,-0.6265684545997331,-0.8913569881829717,-1.1182830048780092,-0.7526976941146489,-0.656846799364634,-1.128797023169456,-1.5510954719069991,-0.8261214274006111,-0.7375796466886156,-1.4485778732095471,-1.124467229643349,-0.8720055105326271,-0.8265186730322399,-1.1478151239628458,-1.8108094145277327,-0.9066167113965432,-0.6569782268817791,-1.6008983146695188,exact,9
CHEBI:134251,related,,2-methoxyphenol derivatives,Mistral-Small-3.1-24B-Instruct-2503,-1,-0.7308329019813518,-0.8278655914340796,-0.7053047617218952,-0.8630276346206303,-2.0168979116191146,-1.1827336520336145,-0.9475229083414192,-1.81576903558478,0.0687719372838053,-0.2502681182052464,-0.0584449537089657,-0.0664319646312452,-2.108636070728394,-1.1723332007684215,-0.9909480740170198,-1.8288178526797167,-0.8154791439283957,-0.8508223666064062,-0.6613553471906252,-0.9083886821842796,-1.216600672890716,-0.7979473630813321,-0.6982683836056465,-1.189263195299599,-1.248474034583165,-0.7991434743536324,-0.6936753218441433,-1.2276361479044742,-1.619497654283342,-0.8433252412905984,-0.750384883698081,-1.498643869106585,-1.0981626014194772,-0.8796888115728142,-0.8457851872207309,-1.1276197986247904,-1.781302816440273,-0.9017298776647698,-0.6547027367768343,-1.5816931774629617,exact,9
CHEBI:134251,related,,2-methoxyphenol derivative,Mistral-Small-3.1-24B-Instruct-2503,-1,-0.7711281671082201,-0.8460194998363586,-0.7119812778823532,-0.8967748431734622,-2.020216910360638,-1.1870417259849075,-0.9563474327067368,-1.818019144599456,0.0956319666121581,-0.2075603048754103,-0.0562772480323741,-0.0386456572020404,-2.099082545503394,-1.156112979256973,-0.9892489221888998,-1.82216047834312,-0.944118133659932,-0.900189649147203,-0.6893634308828311,-1.010961439706597,-1.2333854340201644,-0.7972843607516741,-0.6974993736011754,-1.2016407811238643,-1.264673196547506,-0.8012752651378611,-0.6931019032114939,-1.2398012174731967,-1.671000899452857,-0.8495727469553503,-0.762757081305812,-1.5360692116454078,-1.1652138107800016,-0.8941637223974928,-0.8697956518699493,-1.178915063960567,-1.7828198917153095,-0.9008069206183376,-0.6541619391518756,-1.582682421131398,exact,9
CHEBI:134251,related,,2-methoxyphenol,Mistral-Small-3.1-24B-Instruct-2503,-1,-0.9442591744220118,-0.9014132053613724,-0.7631264089180091,-1.0384576803401326,-2.094104624974225,-1.1957002667685137,-0.9630342644839828,-1.8678682328765333,-0.1560390382022556,-0.3132714432479284,-0.0618166373111537,-0.2910809692512917,-2.236678168304467,-1.215586501264319,-1.0409303514278985,-1.9175335221964347,-1.2246125433135884,-0.9927080843486494,-0.7369743035041776,-1.225651579178972,-1.072201907222593,-0.7614822337087244,-0.6694574336339276,-1.0814802383644524,-1.1218404599028993,-0.7643065061882094,-0.660449086977299,-1.131523911874342,-1.6190245466012445,-0.8345463554306758,-0.7428618569259217,-1.4982990124784417,-1.7063745607586591,-0.9933649465393076,-0.8952706651413899,-1.5732130839183158,-2.041643769888488,-0.956146053851929,-0.6835264036900619,-1.7486935421721237,exact,9
CHEBI:134251,related,,1-hydroxy-2-methoxybenzenes,Mistral-Small-3.1-24B-Instruct-2503,-1,-1.917885748637844,-1.1757730481626276,-0.9327573261416016,-1.7577472976196449,-2.3051553596428604,-1.238167434149147,-0.9863670791461504,-2.007807736535634,0.2197796971995623,-0.11538191962393,-0.0468968960927496,0.0927778709100311,-2.2108518692753973,-1.2416313903684255,-1.0478879163954131,-1.899714305395196,-0.9674318031802416,-0.9088027420479494,-0.6986594592149055,-1.029259142955808,-1.1303893326746808,-0.7814098841347739,-0.6670153638246868,-1.125199690450296,-1.5929930652491928,-0.8628176830073918,-0.7311447507645445,-1.480638034889487,-2.4626385922225293,-0.960616237739544,-0.8233134148853053,-2.086260943023069,-1.2622462627506186,-0.9073952951821144,-0.8778067242660006,-1.2521090181663674,-1.8455328939181248,-0.9042686099510826,-0.6647331036414968,-1.623404750112477,exact,9
CHEBI:133608,exact,,2-azaniumyl-3-(1-methyl-1H-imidazol-4-yl)propanoate,Mistral-Small-3.1-24B-Instruct-2503,-1,-1.1035456802956,-0.9471927724019268,-0.7592105743513972,-1.164472372301952,0.2867279472419045,-0.1281831156704193,-0.1976036455366741,0.1355350684778973,0.4893498194617482,-0.0769867479624037,-0.037963064081848,0.3982495899391242,0.1825642148008762,-0.2598285271982716,-0.2989906298193183,0.0351835577116331,-0.5664362552561191,-0.703381222403538,-0.4860736768900017,-0.7013130792003323,-1.6398991519919457,-0.8735550488788125,-0.7550405055077545,-1.492972402776405,-1.2499948720895078,-0.8235693330380086,-0.7041154260350796,-1.2287794656775344,-1.3455086791409123,-0.5661172967887413,-0.4113158369373654,-1.295464187689741,-1.5396415638421914,-0.8843140077378356,-0.8084585106484156,-1.4551556058044344,-1.1076620529442966,-0.8003653158570733,-0.6048595604852178,-1.1199436833167895,exact,9
CHEBI:11851,related,,alpha-keto-isovalerate,Mistral-Small-3.1-24B-Instruct-2503,-1,-0.1717689488805317,-0.5683315434669127,-0.5238748517172761,-0.357454818015591,-0.0398152462087455,-0.4164955441729179,-0.4066115891227372,-0.2175320260108914,0.6251682102784347,0.1417758483573416,-0.007174997249953,0.5653232390095116,-0.1044973688267942,-0.6251862173896227,-0.5754011284600759,-0.2449316345380364,0.0320891061994275,-0.3560770317610869,-0.2764867139321844,-0.1442479132633704,0.0288860289692152,-0.4145203458105071,-0.4127258241658583,-0.1499816439029205,-0.8043116060652509,-0.7453530305909537,-0.6605073964534497,-0.8817019657436302,0.4846287231943045,0.4534454804734978,0.3885630971037574,0.3668525730651595,-0.3605020751294773,-0.5107184586942002,-0.5508930181927149,-0.5155434555979967,-0.4095845092442729,-0.6423584615108149,-0.5209867225698182,-0.5760679554881696,exact,9
CHEBI:11851,related,,3-methyl-2-oxobutyrate,Mistral-Small-3.1-24B-Instruct-2503,-1,0.9350104012517844,1.008663197445088,0.8127577196671437,1.088541103173574,1.1797933189567238,2.503652065234866,2.469686099526148,1.6142201896381851,1.3074821517465185,2.153499822225296,0.3209945149616537,1.6848451415341337,1.3244920434097576,1.7552537035193423,1.608947003024419,1.6086053116405674,1.105334714503364,1.557828519193228,1.1910183542789636,1.335079275224069,1.0335639857876662,0.8906770557802476,0.6895834041962751,1.138236130818379,1.0014994536608643,0.7361782387813662,0.6044906814787822,1.0998567679555968,1.326265784751452,2.978467257549592,2.920327458389248,1.7028676661531352,1.1539177662169164,2.052415510120223,1.869292371724818,1.4451563482356766,0.6947879816264316,0.0776920307188762,-0.0776970256849058,0.5949437946065638,exact,9
CHEBI:11851,related,,2-Oxoisovalerate,Mistral-Small-3.1-24B-Instruct-2503,-1,0.0141025038152583,-0.4300392960122524,-0.4355524135529007,-0.169574356867664,0.2230713529885356,-0.2058779678105019,-0.2220478628717236,0.0629782031060327,0.8148690676204752,0.5273718684960994,0.0249399103644888,0.8186765703397152,0.3806240647584938,-0.1921555639922864,-0.2493538795815508,0.2433750522447396,0.1699204539010628,-0.2402962822306694,-0.2418436502718557,-1.4564311673371553e-05,0.1865437481213552,-0.3244600819029187,-0.351891797028106,0.0078669747869236,-0.5507565984528483,-0.6637205043766119,-0.5837324385968131,-0.6714290781439306,0.4260518339307817,0.3459566818901382,0.3279970188884902,0.2991529976806913,-0.0994138420456973,-0.3336344029366039,-0.4398270528987632,-0.2712277814401799,0.2965036047175419,-0.2987723076615042,-0.3175840532155586,0.0979627104730297,exact,9
CHEBI:11851,related,,2-Oxoisopentanoate,Mistral-Small-3.1-24B-Instruct-2503,-1,0.1482550483789078,-0.327787111710362,-0.3429292975194999,-0.0256329541227349,0.4411685533990021,0.0428231789879717,-0.056277442774352,0.3209315113757035,0.3965968383834597,-0.0015885662886905,-0.028818538303778,0.2896302372926321,0.4605850272474314,-0.1438404632188882,-0.152878743723017,0.331710295563093,0.2386254425374741,-0.179533796401665,-0.2036855997887789,0.0748090599786005,-0.4020679897612385,-0.5925410638126691,-0.543883811671277,-0.5433852577826119,-0.2732608359182156,-0.5513443958895713,-0.5025693198642632,-0.4274913582642803,0.4090781183403162,0.2978076643389833,0.3637267642623824,0.2798455797561192,-0.0165559788462222,-0.2634191419610632,-0.3623124147536459,-0.1895863018902095,0.105597225762151,-0.411217015927622,-0.3971414849317642,-0.1027939963310061,exact,9
CHEBI:11851,related,,2-Oxo-3-methylbutanoate,Mistral-Small-3.1-24B-Instruct-2503,-1,0.888509339918656,0.8359391568823343,0.6393808931206848,0.9986710371462848,1.0664449302555117,1.6073621998289025,1.403264338580908,1.3236114088901207,1.41391472450988,3.158876690077992,0.3787545846367007,1.9683170192467696,1.4792921616202024,3.180256632319077,3.4314318513995383,2.020575662286085,1.374382974611272,4.667222428358893,5.786096104084147,2.1741656012945447,1.1827538338327868,1.7443119205363145,1.5445519988908885,1.4733985293532634,1.2446010478717624,2.330036057834082,2.2961878898942323,1.653605116282159,1.3844990844483276,3.707955864360199,3.874406133199501,1.86082910549463,1.1989779174889867,2.4298801758875106,2.72879859330816,1.5578986923490528,1.1771327771082918,2.7223279833817604,2.642323910765658,1.6814923455076554,exact,9
